UniprotID.TF	UniprotID.Target	NCBI.GeneID.TF	NCBI.GeneID.Target	Name.TF	Name.Target	Detection.method	PubmedID	Organism	Source.database	Small-scale.evidence	TF.TFLink.ortho	TF.nonTFLink.ortho	Target.TFLink.ortho	Target.nonTFLink.ortho
Q9HCK0	P06681	57684	717	ZBTB26	C2	chromatin immunoprecipitation assay	27924024	Homo sapiens	GTRD	No	Mm:Q6P9Q3;Rn:D3ZG35	Dr:A2BF92	Mm:P21180;Rn:Q6MG73	-
Q9HCK0	P55735	57684	6396	ZBTB26	SEC13	chromatin immunoprecipitation assay	27924024	Homo sapiens	GTRD	No	Mm:Q6P9Q3;Rn:D3ZG35	Dr:A2BF92	-	-
Q9HCK0	O14641	57684	1856	ZBTB26	DVL2	chromatin immunoprecipitation assay	27924024	Homo sapiens	GTRD	No	Mm:Q6P9Q3;Rn:D3ZG35	Dr:A2BF92	Dr:F1QM97;Mm:Q60838;Rn:D3ZB71	-
Q9HCK0	Q5TC12	57684	64756	ZBTB26	ATPAF1	chromatin immunoprecipitation assay	27924024	Homo sapiens	GTRD	No	Mm:Q6P9Q3;Rn:D3ZG35	Dr:A2BF92	-	-
Q9HCK0	Q5VZK9	57684	55604	ZBTB26	CARMIL1	chromatin immunoprecipitation assay	27924024	Homo sapiens	GTRD	No	Mm:Q6P9Q3;Rn:D3ZG35	Dr:A2BF92	Mm:Q6EDY6	Rn:A0A0G2JXG7
Q9HCK0	P26640	57684	7407	ZBTB26	VARS1	chromatin immunoprecipitation assay	27924024	Homo sapiens	GTRD	No	Mm:Q6P9Q3;Rn:D3ZG35	Dr:A2BF92	Ce:Q9U1Q4;Dm:A0A0B4KF06;Dr:F1Q740;Mm:Q9Z1Q9;Rn:Q04462;Sc:P07806	-
Q9HCK0	Q9H553	57684	85365	ZBTB26	ALG2	chromatin immunoprecipitation assay	27924024	Homo sapiens	GTRD	No	Mm:Q6P9Q3;Rn:D3ZG35	Dr:A2BF92	Dm:Q9VZU8;Dr:F1QPS1;Mm:Q9DBE8;Rn:G3V6U3;Sc:P43636	Ce:Q19265
Q9HCK0	Q8NBR6	57684	54629	ZBTB26	MINDY2	chromatin immunoprecipitation assay	27924024	Homo sapiens	GTRD	No	Mm:Q6P9Q3;Rn:D3ZG35	Dr:A2BF92	Dr:F1RBY0;Mm:Q6PDI6;Rn:D3ZWA1	-
Q9HCK0	Q8N3J9	57684	144348	ZBTB26	ZNF664	chromatin immunoprecipitation assay	27924024	Homo sapiens	GTRD	No	Mm:Q6P9Q3;Rn:D3ZG35	Dr:A2BF92	Mm:E9QPD3	Rn:D3ZXN6
Q9HCK0	Q9H1C3	57684	83468	ZBTB26	GLT8D2	chromatin immunoprecipitation assay	27924024	Homo sapiens	GTRD	No	Mm:Q6P9Q3;Rn:D3ZG35	Dr:A2BF92	Mm:E9QLV1	Dr:Q29RA8;Rn:F1M570
Q9HCK0	Q6NT04	57684	91151	ZBTB26	TIGD7	chromatin immunoprecipitation assay	27924024	Homo sapiens	GTRD	No	Mm:Q6P9Q3;Rn:D3ZG35	Dr:A2BF92	-	-
Q9HCK0	Q14416	57684	2912	ZBTB26	GRM2	chromatin immunoprecipitation assay	27924024	Homo sapiens	GTRD	No	Mm:Q6P9Q3;Rn:D3ZG35	Dr:A2BF92	Dr:E7FDL9;Mm:Q14BI2;Rn:P31421	Dr:E7F7E9
Q9HCK0	Q9H329	57684	54566	ZBTB26	EPB41L4B	chromatin immunoprecipitation assay	27924024	Homo sapiens	GTRD	No	Mm:Q6P9Q3;Rn:D3ZG35	Dr:A2BF92	-	-
Q9HCK0	O15297	57684	8493	ZBTB26	PPM1D	chromatin immunoprecipitation assay	27924024	Homo sapiens	GTRD	No	Mm:Q6P9Q3;Rn:D3ZG35	Dr:A2BF92	Dr:Q6NYW2;Mm:Q9QZ67;Rn:B1WCA0	-
Q9HCK0	P62873	57684	2782	ZBTB26	GNB1	chromatin immunoprecipitation assay	27924024	Homo sapiens	GTRD	No	Mm:Q6P9Q3;Rn:D3ZG35	Dr:A2BF92	Dr:Q803H5;Dr:Q6PH57;Mm:P62874;Rn:P54311	-
Q9HCK0	Q9NVI7	57684	55210	ZBTB26	ATAD3A	chromatin immunoprecipitation assay	27924024	Homo sapiens	GTRD	No	Mm:Q6P9Q3;Rn:D3ZG35	Dr:A2BF92	Mm:Q925I1;Rn:Q3KRE0	-
Q9HCK0	Q0VAM2	57684	153020	ZBTB26	RASGEF1B	chromatin immunoprecipitation assay	27924024	Homo sapiens	GTRD	No	Mm:Q6P9Q3;Rn:D3ZG35	Dr:A2BF92	Dr:Q6DHR3	Rn:D3ZJN7
Q9HCK0	Q9NPH2	57684	51477	ZBTB26	ISYNA1	chromatin immunoprecipitation assay	27924024	Homo sapiens	GTRD	No	Mm:Q6P9Q3;Rn:D3ZG35	Dr:A2BF92	Ce:G5ED01;Dm:O97477;Mm:Q9JHU9;Rn:Q6AYK3;Sc:P11986	-
Q9HCK0	O00716	57684	1871	ZBTB26	E2F3	chromatin immunoprecipitation assay	27924024	Homo sapiens	GTRD	No	Mm:Q6P9Q3;Rn:D3ZG35	Dr:A2BF92	Rn:A0A0G2K0V6	Mm:A0A1Y7VML1
Q9HCK0	P69849	57684	408050	ZBTB26	NOMO3	chromatin immunoprecipitation assay	27924024	Homo sapiens	GTRD	No	Mm:Q6P9Q3;Rn:D3ZG35	Dr:A2BF92	Ce:H2KYE0	-
Q9HCK0	P50454	57684	871	ZBTB26	SERPINH1	chromatin immunoprecipitation assay	27924024	Homo sapiens	GTRD	No	Mm:Q6P9Q3;Rn:D3ZG35	Dr:A2BF92	Dr:A8WFU6;Mm:P19324;Rn:Q5RJR9	Dr:E9QEB4
Q9HCK0	P14735	57684	3416	ZBTB26	IDE	chromatin immunoprecipitation assay	27924024	Homo sapiens	GTRD	No	Mm:Q6P9Q3;Rn:D3ZG35	Dr:A2BF92	Ce:O16249;Ce:G5ED87;Dm:P22817;Dr:A0A0R4IL71;Mm:F6RPJ9;Rn:P35559;Sc:Q06010	Ce:Q10040;Ce:Q17593
Q9HCK0	A0AVK6	57684	79733	ZBTB26	E2F8	chromatin immunoprecipitation assay	27924024	Homo sapiens	GTRD	No	Mm:Q6P9Q3;Rn:D3ZG35	Dr:A2BF92	Dr:F1QZ88;Mm:Q58FA4;Rn:A0A0A0MY11	-
Q9HCK0	Q9H6D7	57684	54930	ZBTB26	HAUS4	chromatin immunoprecipitation assay	27924024	Homo sapiens	GTRD	No	Mm:Q6P9Q3;Rn:D3ZG35	Dr:A2BF92	Mm:Q8BFT2;Rn:Q6AYC0	Dr:F1RCL4
Q9HCK0	O94832	57684	4642	ZBTB26	MYO1D	chromatin immunoprecipitation assay	27924024	Homo sapiens	GTRD	No	Mm:Q6P9Q3;Rn:D3ZG35	Dr:A2BF92	Dr:E7F9L8;Mm:Q5SYD0;Rn:Q63357	-
Q9HCK0	Q9NRW7	57684	11311	ZBTB26	VPS45	chromatin immunoprecipitation assay	27924024	Homo sapiens	GTRD	No	Mm:Q6P9Q3;Rn:D3ZG35	Dr:A2BF92	Ce:H2KYN0;Dm:Q9VHB5;Dr:A8E7N5;Mm:P97390;Rn:O08700;Sc:P38932	-
Q9HCK0	Q8IYR0	57684	154313	ZBTB26	CFAP206	chromatin immunoprecipitation assay	27924024	Homo sapiens	GTRD	No	Mm:Q6P9Q3;Rn:D3ZG35	Dr:A2BF92	-	-
Q9HCK0	P45973	57684	23468	ZBTB26	CBX5	chromatin immunoprecipitation assay	27924024	Homo sapiens	GTRD	No	Mm:Q6P9Q3;Rn:D3ZG35	Dr:A2BF92	Dr:A1L223;Mm:Q61686;Rn:B2RYU7	-
Q9HCK0	C9JLR9	57684	65998	ZBTB26	C11orf95	chromatin immunoprecipitation assay	27924024	Homo sapiens	GTRD	No	Mm:Q6P9Q3;Rn:D3ZG35	Dr:A2BF92	Mm:Q4VA45	Dr:F1QE10
Q9HCK0	Q6H9L7	57684	145501	ZBTB26	ISM2	chromatin immunoprecipitation assay	27924024	Homo sapiens	GTRD	No	Mm:Q6P9Q3;Rn:D3ZG35	Dr:A2BF92	Mm:D3Z6A3;Rn:M0RD17	Dr:F1QYZ9
Q9HCK0	O76054	57684	23541	ZBTB26	SEC14L2	chromatin immunoprecipitation assay	27924024	Homo sapiens	GTRD	No	Mm:Q6P9Q3;Rn:D3ZG35	Dr:A2BF92	Mm:Q99J08;Rn:Q5EBD0	-
Q9HCK0	Q71RH2	57684	83723	ZBTB26	TLCD3B	chromatin immunoprecipitation assay	27924024	Homo sapiens	GTRD	No	Mm:Q6P9Q3;Rn:D3ZG35	Dr:A2BF92	Dr:E7FG14;Mm:Q7TNV1;Rn:B1WBX0	Dr:F1QF55
Q9HCK0	Q6IQ23	57684	144100	ZBTB26	PLEKHA7	chromatin immunoprecipitation assay	27924024	Homo sapiens	GTRD	No	Mm:Q6P9Q3;Rn:D3ZG35	Dr:A2BF92	-	-
Q9HCK0	A2A2V5	57684	400120	ZBTB26	SERTM1	chromatin immunoprecipitation assay	27924024	Homo sapiens	GTRD	No	Mm:Q6P9Q3;Rn:D3ZG35	Dr:A2BF92	Mm:Q8CD78;Rn:D3ZR22	-
Q9HCK0	O77932	57684	1797	ZBTB26	DXO	chromatin immunoprecipitation assay	27924024	Homo sapiens	GTRD	No	Mm:Q6P9Q3;Rn:D3ZG35	Dr:A2BF92	Dm:Q9VXA8;Mm:A0A0R4J288;Rn:Q6MG77;Sc:P53063	Ce:Q10660
Q9HCK0	Q6ZMG9	57684	253782	ZBTB26	CERS6	chromatin immunoprecipitation assay	27924024	Homo sapiens	GTRD	No	Mm:Q6P9Q3;Rn:D3ZG35	Dr:A2BF92	Dr:F1QPF3;Rn:F1LTP8	Mm:H3BL08
Q9HCK0	P49789	57684	2272	ZBTB26	FHIT	chromatin immunoprecipitation assay	27924024	Homo sapiens	GTRD	No	Mm:Q6P9Q3;Rn:D3ZG35	Dr:A2BF92	Dr:Q6PBZ7;Mm:O89106	Dr:A0A140LH01
Q9HCK0	O96013	57684	10298	ZBTB26	PAK4	chromatin immunoprecipitation assay	27924024	Homo sapiens	GTRD	No	Mm:Q6P9Q3;Rn:D3ZG35	Dr:A2BF92	Dr:F1QZR2;Mm:Q8BTW9;Rn:B5DF62	-
Q9HCK0	O75912	57684	9162	ZBTB26	DGKI	chromatin immunoprecipitation assay	27924024	Homo sapiens	GTRD	No	Mm:Q6P9Q3;Rn:D3ZG35	Dr:A2BF92	-	-
Q9HCK0	Q96CW9	57684	84628	ZBTB26	NTNG2	chromatin immunoprecipitation assay	27924024	Homo sapiens	GTRD	No	Mm:Q6P9Q3;Rn:D3ZG35	Dr:A2BF92	Mm:Q8R4F1;Rn:D4A9F4	Dr:B0UX66
Q9HCK0	O60333	57684	23095	ZBTB26	KIF1B	chromatin immunoprecipitation assay	27924024	Homo sapiens	GTRD	No	Mm:Q6P9Q3;Rn:D3ZG35	Dr:A2BF92	Mm:Q60575;Rn:O88658	-
Q9HCK0	Q16849	57684	5798	ZBTB26	PTPRN	chromatin immunoprecipitation assay	27924024	Homo sapiens	GTRD	No	Mm:Q6P9Q3;Rn:D3ZG35	Dr:A2BF92	Mm:A6MDD2;Rn:Q63259	-
Q9HCK0	Q9NQW6	57684	54443	ZBTB26	ANLN	chromatin immunoprecipitation assay	27924024	Homo sapiens	GTRD	No	Mm:Q6P9Q3;Rn:D3ZG35	Dr:A2BF92	Mm:Q8K298	Dr:F1QJH8;Rn:M0R9N8;Rn:D4A0V6
Q9HCK0	P11474	57684	2101	ZBTB26	ESRRA	chromatin immunoprecipitation assay	27924024	Homo sapiens	GTRD	No	Mm:Q6P9Q3;Rn:D3ZG35	Dr:A2BF92	Mm:O08580;Rn:Q5QJV7	Dr:F1QQS8
Q9HCK0	Q86Y56	57684	54919	ZBTB26	DNAAF5	chromatin immunoprecipitation assay	27924024	Homo sapiens	GTRD	No	Mm:Q6P9Q3;Rn:D3ZG35	Dr:A2BF92	Dm:Q8INF7;Mm:B9EJR8;Rn:G3V943	-
Q9HCK0	P0C7M3	57684	-	ZBTB26	SFTA3	chromatin immunoprecipitation assay	27924024	Homo sapiens	GTRD	No	Mm:Q6P9Q3;Rn:D3ZG35	Dr:A2BF92	-	-
Q9HCK0	Q12809	57684	3757	ZBTB26	KCNH2	chromatin immunoprecipitation assay	27924024	Homo sapiens	GTRD	No	Mm:Q6P9Q3;Rn:D3ZG35	Dr:A2BF92	Mm:Q53Z09;Rn:F1LN86	-
Q9HCK0	Q9UKS7	57684	22807	ZBTB26	IKZF2	chromatin immunoprecipitation assay	27924024	Homo sapiens	GTRD	No	Mm:Q6P9Q3;Rn:D3ZG35	Dr:A2BF92	Rn:A0A0G2JVA9	Dm:A1Z792;Mm:A0A087WQX2
Q9HCK0	Q9Y6N5	57684	58472	ZBTB26	SQOR	chromatin immunoprecipitation assay	27924024	Homo sapiens	GTRD	No	Mm:Q6P9Q3;Rn:D3ZG35	Dr:A2BF92	Ce:J7SF87;Ce:O62133;Dm:Q9VZF6;Dr:F1QYT2;Mm:Q9R112;Rn:B0BMT9	-
Q9HCK0	Q6IPR1	57684	144363	ZBTB26	ETFRF1	chromatin immunoprecipitation assay	27924024	Homo sapiens	GTRD	No	Mm:Q6P9Q3;Rn:D3ZG35	Dr:A2BF92	Ce:Q7YWR3;Dm:Q9VJG4;Dr:Q503U1;Mm:Q91V16	Dr:A3KNJ8;Rn:D4AD58
Q9HCK0	P40692	57684	4292	ZBTB26	MLH1	chromatin immunoprecipitation assay	27924024	Homo sapiens	GTRD	No	Mm:Q6P9Q3;Rn:D3ZG35	Dr:A2BF92	Ce:Q9XU10;Dm:A1Z7C1;Dr:B8A6F5;Mm:Q9JK91;Rn:A0A0G2K2L0;Sc:P38920	-
Q9HCK0	Q8NCD3	57684	55355	ZBTB26	HJURP	chromatin immunoprecipitation assay	27924024	Homo sapiens	GTRD	No	Mm:Q6P9Q3;Rn:D3ZG35	Dr:A2BF92	Mm:E9QKG8;Rn:D4A1W1	-
Q9HCK0	Q9ULV0	57684	4645	ZBTB26	MYO5B	chromatin immunoprecipitation assay	27924024	Homo sapiens	GTRD	No	Mm:Q6P9Q3;Rn:D3ZG35	Dr:A2BF92	Mm:G5E8G6;Rn:A0A0G2K318	-
Q9HCK0	C9JCN9	57684	440498	ZBTB26	HSBP1L1	chromatin immunoprecipitation assay	27924024	Homo sapiens	GTRD	No	Mm:Q6P9Q3;Rn:D3ZG35	Dr:A2BF92	Mm:B2RXB2	Rn:D4A9E1
Q9HCK0	Q9NTI5	57684	23047	ZBTB26	PDS5B	chromatin immunoprecipitation assay	27924024	Homo sapiens	GTRD	No	Mm:Q6P9Q3;Rn:D3ZG35	Dr:A2BF92	Dr:A0A0R4IP12;Mm:Q4VA53;Rn:D3ZXE2	-
Q9HCK0	P52272	57684	4670	ZBTB26	HNRNPM	chromatin immunoprecipitation assay	27924024	Homo sapiens	GTRD	No	Mm:Q6P9Q3;Rn:D3ZG35	Dr:A2BF92	Dr:F1R2E0;Mm:Q9D0E1;Rn:F1M3D3	-
Q9HCK0	P35249	57684	5984	ZBTB26	RFC4	chromatin immunoprecipitation assay	27924024	Homo sapiens	GTRD	No	Mm:Q6P9Q3;Rn:D3ZG35	Dr:A2BF92	Dm:Q9VX15;Dr:A0A0R4IAU3;Mm:Q99J62;Rn:B4F778;Sc:P40348	-
Q9HCK0	Q8TAG9	57684	54536	ZBTB26	EXOC6	chromatin immunoprecipitation assay	27924024	Homo sapiens	GTRD	No	Mm:Q6P9Q3;Rn:D3ZG35	Dr:A2BF92	Dr:E7FGR3;Mm:Q3U9D6;Rn:F1M0F4	-
Q9HCK0	P08174	57684	1604	ZBTB26	CD55	chromatin immunoprecipitation assay	27924024	Homo sapiens	GTRD	No	Mm:Q6P9Q3;Rn:D3ZG35	Dr:A2BF92	Mm:E9QAP4;Mm:Q61475;Rn:A0A0G2QC50	-
Q9HCK0	Q9UHD1	57684	26973	ZBTB26	CHORDC1	chromatin immunoprecipitation assay	27924024	Homo sapiens	GTRD	No	Mm:Q6P9Q3;Rn:D3ZG35	Dr:A2BF92	Dm:Q9VCC0;Dr:F1R0C7;Dr:Q4QRD9;Mm:Q9D1P4;Rn:D4A4T9	-
Q9HCK0	O60232	57684	10534	ZBTB26	ZNRD2	chromatin immunoprecipitation assay	27924024	Homo sapiens	GTRD	No	Mm:Q6P9Q3;Rn:D3ZG35	Dr:A2BF92	Ce:G5EEN7;Dr:Q5XJ32;Mm:P56873;Rn:D3ZG88	-
Q9HCK0	Q86X55	57684	10498	ZBTB26	CARM1	chromatin immunoprecipitation assay	27924024	Homo sapiens	GTRD	No	Mm:Q6P9Q3;Rn:D3ZG35	Dr:A2BF92	Dr:Q6DC04;Mm:Q9WVG6;Rn:Q4AE70	-
Q9HCK0	Q14728	57684	10227	ZBTB26	MFSD10	chromatin immunoprecipitation assay	27924024	Homo sapiens	GTRD	No	Mm:Q6P9Q3;Rn:D3ZG35	Dr:A2BF92	Ce:Q19296;Dm:Q9V395;Mm:Q9D2V8;Rn:D3ZD83	Dr:F1QNT9
Q9HCK0	Q9UJ37	57684	10610	ZBTB26	ST6GALNAC2	chromatin immunoprecipitation assay	27924024	Homo sapiens	GTRD	No	Mm:Q6P9Q3;Rn:D3ZG35	Dr:A2BF92	Mm:P70277;Rn:Q6ZYN8	-
Q9HCK0	P35372	57684	4988	ZBTB26	OPRM1	chromatin immunoprecipitation assay	27924024	Homo sapiens	GTRD	No	Mm:Q6P9Q3;Rn:D3ZG35	Dr:A2BF92	Dr:B8JHS2;Mm:P42866;Rn:P33535	-
Q9HCK0	P50990	57684	10694	ZBTB26	CCT8	chromatin immunoprecipitation assay	27924024	Homo sapiens	GTRD	No	Mm:Q6P9Q3;Rn:D3ZG35	Dr:A2BF92	Ce:Q9N358;Dm:Q7K3J0;Mm:P42932;Rn:D4ACB8;Sc:P47079	Dr:A0A0R4IJT8
Q9HCK0	Q6UX15	57684	143903	ZBTB26	LAYN	chromatin immunoprecipitation assay	27924024	Homo sapiens	GTRD	No	Mm:Q6P9Q3;Rn:D3ZG35	Dr:A2BF92	Mm:Q8C351;Rn:D3Z895	Dr:F1QBT2
Q9HCK0	A6NNA2	57684	-	ZBTB26	SRRM3	chromatin immunoprecipitation assay	27924024	Homo sapiens	GTRD	No	Mm:Q6P9Q3;Rn:D3ZG35	Dr:A2BF92	-	-
Q9HCK0	P50151	57684	2790	ZBTB26	GNG10	chromatin immunoprecipitation assay	27924024	Homo sapiens	GTRD	No	Mm:Q6P9Q3;Rn:D3ZG35	Dr:A2BF92	Mm:Q9CXP8;Rn:Q3KRE3	Dr:A0A0G2L6W9
Q9HCK0	P55107	57684	2662	ZBTB26	GDF10	chromatin immunoprecipitation assay	27924024	Homo sapiens	GTRD	No	Mm:Q6P9Q3;Rn:D3ZG35	Dr:A2BF92	Mm:P97737	Ce:G5EBY8;Rn:A0A0G2KA01
Q9HCK0	O14628	57684	7748	ZBTB26	ZNF195	chromatin immunoprecipitation assay	27924024	Homo sapiens	GTRD	No	Mm:Q6P9Q3;Rn:D3ZG35	Dr:A2BF92	-	-
Q9HCK0	Q14012	57684	8536	ZBTB26	CAMK1	chromatin immunoprecipitation assay	27924024	Homo sapiens	GTRD	No	Mm:Q6P9Q3;Rn:D3ZG35	Dr:A2BF92	Dr:E7F1H0;Dr:X1WGN0;Mm:Q91YS8;Rn:Q63450	-
Q9HCK0	P26012	57684	3696	ZBTB26	ITGB8	chromatin immunoprecipitation assay	27924024	Homo sapiens	GTRD	No	Mm:Q6P9Q3;Rn:D3ZG35	Dr:A2BF92	Mm:Q0VBD0;Rn:A0A0G2JVU1	Dr:F1QN46
Q9HCK0	Q9UI36	57684	1602	ZBTB26	DACH1	chromatin immunoprecipitation assay	27924024	Homo sapiens	GTRD	No	Mm:Q6P9Q3;Rn:D3ZG35	Dr:A2BF92	Dr:F1QGB8;Mm:Q9QYB2;Rn:F1M0Y6	-
Q9HCK0	Q13487	57684	6618	ZBTB26	SNAPC2	chromatin immunoprecipitation assay	27924024	Homo sapiens	GTRD	No	Mm:Q6P9Q3;Rn:D3ZG35	Dr:A2BF92	Dr:E7F685;Mm:Q91XA5;Rn:Q68FX5	-
Q9HCK0	P23467	57684	5787	ZBTB26	PTPRB	chromatin immunoprecipitation assay	27924024	Homo sapiens	GTRD	No	Mm:Q6P9Q3;Rn:D3ZG35	Dr:A2BF92	Mm:B2RU80;Rn:A0A0G2K2W0	Dm:Q8IRS0
Q9HCK0	P02751	57684	2335	ZBTB26	FN1	chromatin immunoprecipitation assay	27924024	Homo sapiens	GTRD	No	Mm:Q6P9Q3;Rn:D3ZG35	Dr:A2BF92	Mm:P11276;Rn:A0A096P6L8	Dr:A0A0R4IDI3
Q9HCK0	Q969S8	57684	83933	ZBTB26	HDAC10	chromatin immunoprecipitation assay	27924024	Homo sapiens	GTRD	No	Mm:Q6P9Q3;Rn:D3ZG35	Dr:A2BF92	Mm:Q6P3E7;Rn:Q569C4	-
Q9HCK0	Q14CW9	57684	56970	ZBTB26	ATXN7L3	chromatin immunoprecipitation assay	27924024	Homo sapiens	GTRD	No	Mm:Q6P9Q3;Rn:D3ZG35	Dr:A2BF92	Dr:F1QMW7;Mm:A2AWT3;Rn:D4A5H7	-
Q9HCK0	P51805	57684	55558	ZBTB26	PLXNA3	chromatin immunoprecipitation assay	27924024	Homo sapiens	GTRD	No	Mm:Q6P9Q3;Rn:D3ZG35	Dr:A2BF92	-	-
Q9HCK0	O95185	57684	8633	ZBTB26	UNC5C	chromatin immunoprecipitation assay	27924024	Homo sapiens	GTRD	No	Mm:Q6P9Q3;Rn:D3ZG35	Dr:A2BF92	Mm:O08747	Rn:A0A0G2JTK0
Q9HCK0	M0R233	57684	-	ZBTB26	-	chromatin immunoprecipitation assay	27924024	Homo sapiens	GTRD	No	Mm:Q6P9Q3;Rn:D3ZG35	Dr:A2BF92	-	-
Q9HCK0	Q7Z5L3	57684	165257	ZBTB26	C1QL2	chromatin immunoprecipitation assay	27924024	Homo sapiens	GTRD	No	Mm:Q6P9Q3;Rn:D3ZG35	Dr:A2BF92	Dr:E9QE76;Mm:Q8CFR0;Rn:M0RB98	-
Q9HCK0	Q9Y2K9	57684	9515	ZBTB26	STXBP5L	chromatin immunoprecipitation assay	27924024	Homo sapiens	GTRD	No	Mm:Q6P9Q3;Rn:D3ZG35	Dr:A2BF92	-	-
Q9HCK0	Q9H8E8	57684	57325	ZBTB26	KAT14	chromatin immunoprecipitation assay	27924024	Homo sapiens	GTRD	No	Mm:Q6P9Q3;Rn:D3ZG35	Dr:A2BF92	Dm:Q9VJ73;Dr:Q1LXR5;Mm:Q8CID0;Rn:D3ZSX8	-
Q9HCK0	O60645	57684	11336	ZBTB26	EXOC3	chromatin immunoprecipitation assay	27924024	Homo sapiens	GTRD	No	Mm:Q6P9Q3;Rn:D3ZG35	Dr:A2BF92	Dm:Q9V8K2;Dr:B0V0Y6;Mm:Q6KAR6;Rn:Q62825;Sc:P32844	Ce:Q19262
Q9HCK0	P11171	57684	2035	ZBTB26	EPB41	chromatin immunoprecipitation assay	27924024	Homo sapiens	GTRD	No	Mm:Q6P9Q3;Rn:D3ZG35	Dr:A2BF92	Dm:Q9V8R9;Mm:P48193	Rn:A0A0G2K161
Q9HCK0	Q14526	57684	3090	ZBTB26	HIC1	chromatin immunoprecipitation assay	27924024	Homo sapiens	GTRD	No	Mm:Q6P9Q3;Rn:D3ZG35	Dr:A2BF92	-	-
Q9HCK0	Q9C0F3	57684	80818	ZBTB26	ZNF436	chromatin immunoprecipitation assay	27924024	Homo sapiens	GTRD	No	Mm:Q6P9Q3;Rn:D3ZG35	Dr:A2BF92	Dm:Q9VG72;Mm:Q8BPP0	Rn:M0RDB0
Q9HCK0	Q86XD8	57684	93550	ZBTB26	ZFAND4	chromatin immunoprecipitation assay	27924024	Homo sapiens	GTRD	No	Mm:Q6P9Q3;Rn:D3ZG35	Dr:A2BF92	Dr:B8A682;Rn:B1WC93	Mm:K3W4R9
Q9HCK0	P57764	57684	79792	ZBTB26	GSDMD	chromatin immunoprecipitation assay	27924024	Homo sapiens	GTRD	No	Mm:Q6P9Q3;Rn:D3ZG35	Dr:A2BF92	Mm:Q9D8T2;Rn:A0A096MJ11	-
Q9HCK0	O94819	57684	9920	ZBTB26	KBTBD11	chromatin immunoprecipitation assay	27924024	Homo sapiens	GTRD	No	Mm:Q6P9Q3;Rn:D3ZG35	Dr:A2BF92	Mm:Q8BNW9	Dr:A0A140LGG0;Rn:D4A5J1
Q9HCK0	Q8TB96	57684	81533	ZBTB26	ITFG1	chromatin immunoprecipitation assay	27924024	Homo sapiens	GTRD	No	Mm:Q6P9Q3;Rn:D3ZG35	Dr:A2BF92	Ce:P30639;Dm:Q9VUQ7;Dr:E7F1C8;Mm:Q99KW9;Rn:Q5U355	-
Q9HCK0	Q8WZA1	57684	55624	ZBTB26	POMGNT1	chromatin immunoprecipitation assay	27924024	Homo sapiens	GTRD	No	Mm:Q6P9Q3;Rn:D3ZG35	Dr:A2BF92	Dr:F1QNB2;Mm:Q91X88;Rn:Q5XIN7	-
Q9HCK0	Q86T29	57684	100289635	ZBTB26	ZNF605	chromatin immunoprecipitation assay	27924024	Homo sapiens	GTRD	No	Mm:Q6P9Q3;Rn:D3ZG35	Dr:A2BF92	Mm:E9QAH2	Rn:F1M278
Q9HCK0	O95084	57684	11098	ZBTB26	PRSS23	chromatin immunoprecipitation assay	27924024	Homo sapiens	GTRD	No	Mm:Q6P9Q3;Rn:D3ZG35	Dr:A2BF92	Mm:Q9D6X6	Rn:A0A0G2JU46
Q9HCK0	A0A087WT10	57684	100526739	ZBTB26	CENPS-CORT	chromatin immunoprecipitation assay	27924024	Homo sapiens	GTRD	No	Mm:Q6P9Q3;Rn:D3ZG35	Dr:A2BF92	-	-
Q9HCK0	Q53H96	57684	65263	ZBTB26	PYCR3	chromatin immunoprecipitation assay	27924024	Homo sapiens	GTRD	No	Mm:Q6P9Q3;Rn:D3ZG35	Dr:A2BF92	-	-
Q9HCK0	Q93063	57684	2132	ZBTB26	EXT2	chromatin immunoprecipitation assay	27924024	Homo sapiens	GTRD	No	Mm:Q6P9Q3;Rn:D3ZG35	Dr:A2BF92	Dm:Q9Y169;Mm:P70428	Rn:A0A0G2KAH7
Q9HCK0	Q5TEA6	57684	80343	ZBTB26	SEL1L2	chromatin immunoprecipitation assay	27924024	Homo sapiens	GTRD	No	Mm:Q6P9Q3;Rn:D3ZG35	Dr:A2BF92	Mm:Q3V172	Rn:A0A0G2K489
Q9HCK0	Q96PN8	57684	81629	ZBTB26	TSSK3	chromatin immunoprecipitation assay	27924024	Homo sapiens	GTRD	No	Mm:Q6P9Q3;Rn:D3ZG35	Dr:A2BF92	Mm:Q9D2E1	Rn:Q6V9Y3
Q9HCK0	Q96JM3	57684	283489	ZBTB26	CHAMP1	chromatin immunoprecipitation assay	27924024	Homo sapiens	GTRD	No	Mm:Q6P9Q3;Rn:D3ZG35	Dr:A2BF92	Mm:Q8K327	Rn:B5DEG7
Q9HCK0	Q86UU1	57684	23187	ZBTB26	PHLDB1	chromatin immunoprecipitation assay	27924024	Homo sapiens	GTRD	No	Mm:Q6P9Q3;Rn:D3ZG35	Dr:A2BF92	Dm:Q9VX80;Mm:Q6PDH0;Rn:A0A0G2JV32	-
Q9HCK0	Q9H3S7	57684	25930	ZBTB26	PTPN23	chromatin immunoprecipitation assay	27924024	Homo sapiens	GTRD	No	Mm:Q6P9Q3;Rn:D3ZG35	Dr:A2BF92	Ce:H8ESG1;Mm:Q6PB44;Rn:F1M951	Dr:F1R1D1
Q9HCK0	P31644	57684	2558	ZBTB26	GABRA5	chromatin immunoprecipitation assay	27924024	Homo sapiens	GTRD	No	Mm:Q6P9Q3;Rn:D3ZG35	Dr:A2BF92	Mm:Q8BHJ7	Dr:E9QE70;Rn:P19969
Q9HCK0	Q9H8H0	57684	25926	ZBTB26	NOL11	chromatin immunoprecipitation assay	27924024	Homo sapiens	GTRD	No	Mm:Q6P9Q3;Rn:D3ZG35	Dr:A2BF92	Dm:Q9VW10;Mm:Q8BJW5;Rn:A0A0G2K1A9	Dr:F1QZM7
Q9HCK0	Q8IX07	57684	161882	ZBTB26	ZFPM1	chromatin immunoprecipitation assay	27924024	Homo sapiens	GTRD	No	Mm:Q6P9Q3;Rn:D3ZG35	Dr:A2BF92	Dr:F1R5J3;Mm:O35615;Rn:D4A168	Dm:M9PC12
Q9HCK0	Q8WYA0	57684	28981	ZBTB26	IFT81	chromatin immunoprecipitation assay	27924024	Homo sapiens	GTRD	No	Mm:Q6P9Q3;Rn:D3ZG35	Dr:A2BF92	Ce:A8DYR7;Dr:A9C3Q6;Mm:O35594	Rn:D4A562
Q9HCK0	Q96HJ9	57684	100996928;154791	ZBTB26	FMC1	chromatin immunoprecipitation assay	27924024	Homo sapiens	GTRD	No	Mm:Q6P9Q3;Rn:D3ZG35	Dr:A2BF92	Ce:Q8MNU8;Dm:Q0KI97;Dr:E7F208;Mm:Q9CR13;Rn:Q4G012	-
Q9HCK0	P09525	57684	307	ZBTB26	ANXA4	chromatin immunoprecipitation assay	27924024	Homo sapiens	GTRD	No	Mm:Q6P9Q3;Rn:D3ZG35	Dr:A2BF92	-	-
Q9HCK0	Q9H461	57684	8325	ZBTB26	FZD8	chromatin immunoprecipitation assay	27924024	Homo sapiens	GTRD	No	Mm:Q6P9Q3;Rn:D3ZG35	Dr:A2BF92	Dr:Q9YI00;Mm:Q61091	Rn:Q498S8
Q9HCK0	Q9UNW1	57684	9562	ZBTB26	MINPP1	chromatin immunoprecipitation assay	27924024	Homo sapiens	GTRD	No	Mm:Q6P9Q3;Rn:D3ZG35	Dr:A2BF92	Mm:Q9Z2L6;Rn:G3V7H2;Sc:P35842;Sc:P24031;Sc:P00635;Sc:P38693	Dr:F1RD51;Rn:M0R8T0
Q9HCK0	Q494W8	57684	89832	ZBTB26	CHRFAM7A	chromatin immunoprecipitation assay	27924024	Homo sapiens	GTRD	No	Mm:Q6P9Q3;Rn:D3ZG35	Dr:A2BF92	-	-
Q9HCK0	Q9NRX6	57684	56900	ZBTB26	TMEM167B	chromatin immunoprecipitation assay	27924024	Homo sapiens	GTRD	No	Mm:Q6P9Q3;Rn:D3ZG35	Dr:A2BF92	Dr:Q6AZW1;Mm:Q80X45;Rn:D3ZSX4	Ce:Q8WQE6
Q9HCK0	Q92820	57684	8836	ZBTB26	GGH	chromatin immunoprecipitation assay	27924024	Homo sapiens	GTRD	No	Mm:Q6P9Q3;Rn:D3ZG35	Dr:A2BF92	Dm:Q8IQM9;Dr:Q6NY42;Mm:Q9Z0L8;Rn:Q62867	-
Q9HCK0	Q4G163	57684	286151	ZBTB26	FBXO43	chromatin immunoprecipitation assay	27924024	Homo sapiens	GTRD	No	Mm:Q6P9Q3;Rn:D3ZG35	Dr:A2BF92	Mm:G3X9B2;Rn:Q66H04	Dr:F1QE49
Q9HCK0	Q9H237	57684	64840	ZBTB26	PORCN	chromatin immunoprecipitation assay	27924024	Homo sapiens	GTRD	No	Mm:Q6P9Q3;Rn:D3ZG35	Dr:A2BF92	Ce:Q22329;Dm:Q9VWV9;Mm:Q9JJJ7;Rn:D3ZVQ3	-
Q9HCK0	Q69YG0	57684	131616	ZBTB26	TMEM42	chromatin immunoprecipitation assay	27924024	Homo sapiens	GTRD	No	Mm:Q6P9Q3;Rn:D3ZG35	Dr:A2BF92	Dr:A0A0R4IAX4;Mm:Q9CR22	Rn:D3Z8L0
Q9HCK0	Q6IQ32	57684	22850	ZBTB26	ADNP2	chromatin immunoprecipitation assay	27924024	Homo sapiens	GTRD	No	Mm:Q6P9Q3;Rn:D3ZG35	Dr:A2BF92	Dr:F1QAC9;Dr:A3KQW9;Mm:Q8CHC8;Rn:A0A0G2JT49	-
Q9HCK0	Q9BRL6	57684	10929	ZBTB26	SRSF8	chromatin immunoprecipitation assay	27924024	Homo sapiens	GTRD	No	Mm:Q6P9Q3;Rn:D3ZG35	Dr:A2BF92	-	-
Q9HCK0	P84022	57684	4088	ZBTB26	SMAD3	chromatin immunoprecipitation assay	27924024	Homo sapiens	GTRD	No	Mm:Q6P9Q3;Rn:D3ZG35	Dr:A2BF92	Dr:Q8AY15;Mm:Q8BUN5;Rn:P84025	-
Q9HCK0	O43543	57684	7516	ZBTB26	XRCC2	chromatin immunoprecipitation assay	27924024	Homo sapiens	GTRD	No	Mm:Q6P9Q3;Rn:D3ZG35	Dr:A2BF92	Dr:A0A2R8QRN2;Mm:Q9CX47;Rn:D3ZPC8	-
Q9HCK0	Q96P11	57684	55695	ZBTB26	NSUN5	chromatin immunoprecipitation assay	27924024	Homo sapiens	GTRD	No	Mm:Q6P9Q3;Rn:D3ZG35	Dr:A2BF92	Ce:Q9NAA7;Dm:Q9VDZ4;Dr:F1RDI6;Mm:Q8K4F6;Rn:G3V660;Sc:P53972	-
Q9HCK0	Q96PQ0	57684	57537	ZBTB26	SORCS2	chromatin immunoprecipitation assay	27924024	Homo sapiens	GTRD	No	Mm:Q6P9Q3;Rn:D3ZG35	Dr:A2BF92	Dr:E7FD83;Mm:Q9EPR5;Rn:D3ZW09	-
Q9HCK0	Q8NFT8	57684	92737	ZBTB26	DNER	chromatin immunoprecipitation assay	27924024	Homo sapiens	GTRD	No	Mm:Q6P9Q3;Rn:D3ZG35	Dr:A2BF92	Dr:A0A0R4IG30;Mm:Q8JZM4	-
Q9HCK0	Q9NQX5	57684	56654	ZBTB26	NPDC1	chromatin immunoprecipitation assay	27924024	Homo sapiens	GTRD	No	Mm:Q6P9Q3;Rn:D3ZG35	Dr:A2BF92	Dr:B3DJ13;Mm:Q64322;Rn:Q6AY81	-
Q9HCK0	Q9NQ86	57684	55521	ZBTB26	TRIM36	chromatin immunoprecipitation assay	27924024	Homo sapiens	GTRD	No	Mm:Q6P9Q3;Rn:D3ZG35	Dr:A2BF92	Mm:Q80WG7;Rn:F1LY63	-
Q9HCK0	P55318	57684	3171	ZBTB26	FOXA3	chromatin immunoprecipitation assay	27924024	Homo sapiens	GTRD	No	Mm:Q6P9Q3;Rn:D3ZG35	Dr:A2BF92	Dr:Q1LV18;Mm:P35584;Rn:G3V7T9	-
Q9HCK0	P01699	57684	-	ZBTB26	IGLV1-44	chromatin immunoprecipitation assay	27924024	Homo sapiens	GTRD	No	Mm:Q6P9Q3;Rn:D3ZG35	Dr:A2BF92	-	-
Q9HCK0	Q5JTN6	57684	401551	ZBTB26	WDR38	chromatin immunoprecipitation assay	27924024	Homo sapiens	GTRD	No	Mm:Q6P9Q3;Rn:D3ZG35	Dr:A2BF92	Dr:F1QIF4;Mm:Q9D994;Rn:F1LZZ1	-
Q9HCK0	Q86UD5	57684	133308	ZBTB26	SLC9B2	chromatin immunoprecipitation assay	27924024	Homo sapiens	GTRD	No	Mm:Q6P9Q3;Rn:D3ZG35	Dr:A2BF92	Dr:E7FBR3;Mm:Q5BKR2	Rn:B2RYK8
Q9HCK0	A8MPS7	57684	150223	ZBTB26	YDJC	chromatin immunoprecipitation assay	27924024	Homo sapiens	GTRD	No	Mm:Q6P9Q3;Rn:D3ZG35	Dr:A2BF92	Dr:A2BIR6;Mm:Q14BV6;Rn:G3V683	-
Q9HCK0	O75820	57684	7743	ZBTB26	ZNF189	chromatin immunoprecipitation assay	27924024	Homo sapiens	GTRD	No	Mm:Q6P9Q3;Rn:D3ZG35	Dr:A2BF92	Mm:Q8BKP2;Rn:D3ZRX1	-
Q9HCK0	Q8TEZ7	57684	85315	ZBTB26	PAQR8	chromatin immunoprecipitation assay	27924024	Homo sapiens	GTRD	No	Mm:Q6P9Q3;Rn:D3ZG35	Dr:A2BF92	Mm:Q80ZE5;Rn:Q6AY03	Dr:Q801G3
Q9HCK0	P60660	57684	4637	ZBTB26	MYL6	chromatin immunoprecipitation assay	27924024	Homo sapiens	GTRD	No	Mm:Q6P9Q3;Rn:D3ZG35	Dr:A2BF92	-	-
Q9HCK0	Q9NTJ4	57684	4123	ZBTB26	MAN2C1	chromatin immunoprecipitation assay	27924024	Homo sapiens	GTRD	No	Mm:Q6P9Q3;Rn:D3ZG35	Dr:A2BF92	Mm:Q91W89;Rn:Q5M9I2;Sc:P22855	Dr:X1WCE5
Q9HCK0	Q9HCM1	57684	55196	ZBTB26	RESF1	chromatin immunoprecipitation assay	27924024	Homo sapiens	GTRD	No	Mm:Q6P9Q3;Rn:D3ZG35	Dr:A2BF92	Mm:Q5DTW7	Rn:E9PU57
Q9HCK0	P50876	57684	9781	ZBTB26	RNF144A	chromatin immunoprecipitation assay	27924024	Homo sapiens	GTRD	No	Mm:Q6P9Q3;Rn:D3ZG35	Dr:A2BF92	Dr:Q5RFV4;Mm:Q925F3;Rn:D3ZYY5	-
Q9HCK0	P08183	57684	5243	ZBTB26	ABCB1	chromatin immunoprecipitation assay	27924024	Homo sapiens	GTRD	No	Mm:Q6P9Q3;Rn:D3ZG35	Dr:A2BF92	Mm:P21447	-
Q9HCK0	Q8WYP3	57684	54453	ZBTB26	RIN2	chromatin immunoprecipitation assay	27924024	Homo sapiens	GTRD	No	Mm:Q6P9Q3;Rn:D3ZG35	Dr:A2BF92	Dr:E7F662;Rn:D4A6C4	Mm:F8WGD2
Q9HCK0	O60241	57684	576	ZBTB26	ADGRB2	chromatin immunoprecipitation assay	27924024	Homo sapiens	GTRD	No	Mm:Q6P9Q3;Rn:D3ZG35	Dr:A2BF92	Mm:Q8CGM1;Rn:D3ZN99	-
Q9HCK0	Q96MN5	57684	127428	ZBTB26	TCEANC2	chromatin immunoprecipitation assay	27924024	Homo sapiens	GTRD	No	Mm:Q6P9Q3;Rn:D3ZG35	Dr:A2BF92	-	-
Q9HCK0	Q08378	57684	2802	ZBTB26	GOLGA3	chromatin immunoprecipitation assay	27924024	Homo sapiens	GTRD	No	Mm:Q6P9Q3;Rn:D3ZG35	Dr:A2BF92	Rn:D3ZLD5	Mm:A0A0R4J1H6;Rn:A0A0G2K5A4
Q9HCK0	Q9H0S4	57684	51202	ZBTB26	DDX47	chromatin immunoprecipitation assay	27924024	Homo sapiens	GTRD	No	Mm:Q6P9Q3;Rn:D3ZG35	Dr:A2BF92	Ce:P34580;Dm:Q9VIF6;Mm:Q9CWX9;Rn:G3V727;Sc:P38712	Dr:A0A0R4IH57
Q9HCK0	A4QPB2	57684	91355	ZBTB26	LRP5L	chromatin immunoprecipitation assay	27924024	Homo sapiens	GTRD	No	Mm:Q6P9Q3;Rn:D3ZG35	Dr:A2BF92	-	Dr:F1Q8F3
Q9HCK0	Q8IYB3	57684	10250	ZBTB26	SRRM1	chromatin immunoprecipitation assay	27924024	Homo sapiens	GTRD	No	Mm:Q6P9Q3;Rn:D3ZG35	Dr:A2BF92	-	-
Q9HCK0	Q9HAJ7	57684	79685	ZBTB26	SAP30L	chromatin immunoprecipitation assay	27924024	Homo sapiens	GTRD	No	Mm:Q6P9Q3;Rn:D3ZG35	Dr:A2BF92	Dm:Q9VXB3;Mm:Q5SQF8;Rn:D3ZJK3	Dr:Q6NYV5
Q9HCK0	Q8WWM9	57684	114757	ZBTB26	CYGB	chromatin immunoprecipitation assay	27924024	Homo sapiens	GTRD	No	Mm:Q6P9Q3;Rn:D3ZG35	Dr:A2BF92	Mm:Q9CX80;Rn:Q921A4	Dr:Q575S8
Q9HCK0	Q16880	57684	7368	ZBTB26	UGT8	chromatin immunoprecipitation assay	27924024	Homo sapiens	GTRD	No	Mm:Q6P9Q3;Rn:D3ZG35	Dr:A2BF92	Dr:E7FDZ0;Mm:Q64676;Rn:Q09426	-
Q9HCK0	Q12840	57684	3798	ZBTB26	KIF5A	chromatin immunoprecipitation assay	27924024	Homo sapiens	GTRD	No	Mm:Q6P9Q3;Rn:D3ZG35	Dr:A2BF92	-	-
Q9HCK0	Q06481	57684	334	ZBTB26	APLP2	chromatin immunoprecipitation assay	27924024	Homo sapiens	GTRD	No	Mm:Q6P9Q3;Rn:D3ZG35	Dr:A2BF92	-	Dr:A2BID8;Mm:Q60709;Rn:M0RBX7
Q9HCK0	Q9H773	57684	79077	ZBTB26	DCTPP1	chromatin immunoprecipitation assay	27924024	Homo sapiens	GTRD	No	Mm:Q6P9Q3;Rn:D3ZG35	Dr:A2BF92	Dr:Q7T009;Mm:Q9QY93;Rn:Q91VC0	-
Q9HCK0	O95295	57684	23557	ZBTB26	SNAPIN	chromatin immunoprecipitation assay	27924024	Homo sapiens	GTRD	No	Mm:Q6P9Q3;Rn:D3ZG35	Dr:A2BF92	Dm:Q9VQF9;Dr:Q1L8R9;Mm:Q9Z266;Rn:P60192	-
Q9HCK0	Q9UQ84	57684	9156	ZBTB26	EXO1	chromatin immunoprecipitation assay	27924024	Homo sapiens	GTRD	No	Mm:Q6P9Q3;Rn:D3ZG35	Dr:A2BF92	Dr:F1QQM4;Mm:Q9QZ11	Rn:A0A0G2K4W8
Q9HCK0	Q9HBM0	57684	55591	ZBTB26	VEZT	chromatin immunoprecipitation assay	27924024	Homo sapiens	GTRD	No	Mm:Q6P9Q3;Rn:D3ZG35	Dr:A2BF92	Mm:Q3ZK22;Rn:Q5XI52	Dr:F6NS72
Q9HCK0	O00422	57684	10284	ZBTB26	SAP18	chromatin immunoprecipitation assay	27924024	Homo sapiens	GTRD	No	Mm:Q6P9Q3;Rn:D3ZG35	Dr:A2BF92	Ce:Q09250;Dm:Q9VEX9;Dr:Q6PC41;Rn:G3V7F6	Mm:E9Q317
Q9HCK0	P08697	57684	5345	ZBTB26	SERPINF2	chromatin immunoprecipitation assay	27924024	Homo sapiens	GTRD	No	Mm:Q6P9Q3;Rn:D3ZG35	Dr:A2BF92	Mm:Q61247	Dr:F1RAP6;Dr:F6NQ58;Rn:F7FHF3
Q9HCK0	Q9NUY8	57684	55773	ZBTB26	TBC1D23	chromatin immunoprecipitation assay	27924024	Homo sapiens	GTRD	No	Mm:Q6P9Q3;Rn:D3ZG35	Dr:A2BF92	Ce:Q93534;Dm:Q9VPW9;Mm:Q8K0F1;Rn:D4AAH9	Dr:B7ZUZ8
Q9HCK0	Q16656	57684	4899	ZBTB26	NRF1	chromatin immunoprecipitation assay	27924024	Homo sapiens	GTRD	No	Mm:Q6P9Q3;Rn:D3ZG35	Dr:A2BF92	Dr:Q90X44;Mm:Q9WU00	Rn:A0A0G2KA43
Q9HCK0	P09960	57684	4048	ZBTB26	LTA4H	chromatin immunoprecipitation assay	27924024	Homo sapiens	GTRD	No	Mm:Q6P9Q3;Rn:D3ZG35	Dr:A2BF92	Ce:O44183;Ce:G5EFT4;Dm:A4V0U4;Dr:A5PMQ1;Mm:P24527;Sc:Q10740	Rn:P30349
Q9HCK0	Q13496	57684	4534	ZBTB26	MTM1	chromatin immunoprecipitation assay	27924024	Homo sapiens	GTRD	No	Mm:Q6P9Q3;Rn:D3ZG35	Dr:A2BF92	Mm:Q9Z2C5;Rn:A0A140TAI5	-
Q9HCK0	P24001	57684	9235	ZBTB26	IL32	chromatin immunoprecipitation assay	27924024	Homo sapiens	GTRD	No	Mm:Q6P9Q3;Rn:D3ZG35	Dr:A2BF92	-	-
Q9HCK0	Q86YE8	57684	126231	ZBTB26	ZNF573	chromatin immunoprecipitation assay	27924024	Homo sapiens	GTRD	No	Mm:Q6P9Q3;Rn:D3ZG35	Dr:A2BF92	-	-
Q9HCK0	Q8WVM8	57684	23256	ZBTB26	SCFD1	chromatin immunoprecipitation assay	27924024	Homo sapiens	GTRD	No	Mm:Q6P9Q3;Rn:D3ZG35	Dr:A2BF92	Ce:Q20364;Dm:Q24179;Mm:Q8BRF7;Rn:Q62991;Sc:P22213	-
Q9HCK0	O43240	57684	5655	ZBTB26	KLK10	chromatin immunoprecipitation assay	27924024	Homo sapiens	GTRD	No	Mm:Q6P9Q3;Rn:D3ZG35	Dr:A2BF92	Mm:Q99M20	Rn:Q6IE55
Q9HCK0	P02760	57684	259	ZBTB26	AMBP	chromatin immunoprecipitation assay	27924024	Homo sapiens	GTRD	No	Mm:Q6P9Q3;Rn:D3ZG35	Dr:A2BF92	-	-
Q9HCK0	Q969T7	57684	115024	ZBTB26	NT5C3B	chromatin immunoprecipitation assay	27924024	Homo sapiens	GTRD	No	Mm:Q6P9Q3;Rn:D3ZG35	Dr:A2BF92	Mm:Q3UFY7;Rn:Q6AYP7	-
Q9HCK0	P55854	57684	6612	ZBTB26	SUMO3	chromatin immunoprecipitation assay	27924024	Homo sapiens	GTRD	No	Mm:Q6P9Q3;Rn:D3ZG35	Dr:A2BF92	-	-
Q9HCK0	O94929	57684	22885	ZBTB26	ABLIM3	chromatin immunoprecipitation assay	27924024	Homo sapiens	GTRD	No	Mm:Q6P9Q3;Rn:D3ZG35	Dr:A2BF92	Mm:Q69ZX8;Rn:F1M8U2	Dr:B7ZVF6
Q9HCK0	Q92908	57684	2627	ZBTB26	GATA6	chromatin immunoprecipitation assay	27924024	Homo sapiens	GTRD	No	Mm:Q6P9Q3;Rn:D3ZG35	Dr:A2BF92	Mm:Q61169	Dr:A0A0R4IB15;Rn:F1M7P7
Q9HCK0	Q86US8	57684	23293	ZBTB26	SMG6	chromatin immunoprecipitation assay	27924024	Homo sapiens	GTRD	No	Mm:Q6P9Q3;Rn:D3ZG35	Dr:A2BF92	Mm:P61406	Dr:A0A0R4IZ84;Rn:D4A589
Q9HCK0	P51814	57684	7592	ZBTB26	ZNF41	chromatin immunoprecipitation assay	27924024	Homo sapiens	GTRD	No	Mm:Q6P9Q3;Rn:D3ZG35	Dr:A2BF92	-	-
Q9HCK0	Q9UP83	57684	10466	ZBTB26	COG5	chromatin immunoprecipitation assay	27924024	Homo sapiens	GTRD	No	Mm:Q6P9Q3;Rn:D3ZG35	Dr:A2BF92	-	-
Q9HCK0	Q9Y2L8	57684	23660	ZBTB26	ZKSCAN5	chromatin immunoprecipitation assay	27924024	Homo sapiens	GTRD	No	Mm:Q6P9Q3;Rn:D3ZG35	Dr:A2BF92	Mm:Q9Z1D8	-
Q9HCK0	O00321	57684	2116	ZBTB26	ETV2	chromatin immunoprecipitation assay	27924024	Homo sapiens	GTRD	No	Mm:Q6P9Q3;Rn:D3ZG35	Dr:A2BF92	Mm:P41163	Rn:D3ZEY9
Q9HCK0	Q6KF10	57684	392255	ZBTB26	GDF6	chromatin immunoprecipitation assay	27924024	Homo sapiens	GTRD	No	Mm:Q6P9Q3;Rn:D3ZG35	Dr:A2BF92	Dr:P85857;Mm:P43028;Rn:Q6HA10	-
Q9HCK0	Q8N4L8	57684	149473	ZBTB26	CCDC24	chromatin immunoprecipitation assay	27924024	Homo sapiens	GTRD	No	Mm:Q6P9Q3;Rn:D3ZG35	Dr:A2BF92	Rn:A0A0G2K9U0	Dr:A8WHY7;Mm:E9PUW8
Q9HCK0	P06576	57684	506	ZBTB26	ATP5F1B	chromatin immunoprecipitation assay	27924024	Homo sapiens	GTRD	No	Mm:Q6P9Q3;Rn:D3ZG35	Dr:A2BF92	Ce:P46561;Dm:Q05825;Mm:P56480;Rn:G3V6D3;Sc:P00830	Dr:A8WGC6
Q9HCK0	P10915	57684	1404	ZBTB26	HAPLN1	chromatin immunoprecipitation assay	27924024	Homo sapiens	GTRD	No	Mm:Q6P9Q3;Rn:D3ZG35	Dr:A2BF92	Dr:E7FBW8;Mm:Q9QUP5;Rn:P03994	-
Q9HCK0	Q16555	57684	1808	ZBTB26	DPYSL2	chromatin immunoprecipitation assay	27924024	Homo sapiens	GTRD	No	Mm:Q6P9Q3;Rn:D3ZG35	Dr:A2BF92	-	-
Q9HCK0	Q8N0Z8	57684	126789	ZBTB26	PUSL1	chromatin immunoprecipitation assay	27924024	Homo sapiens	GTRD	No	Mm:Q6P9Q3;Rn:D3ZG35	Dr:A2BF92	Ce:Q95XD5;Dm:Q0E8K6;Mm:A2ADA5;Rn:A0A0G2K730	Dr:F1QJL2
Q9HCK0	Q13395	57684	6894	ZBTB26	TARBP1	chromatin immunoprecipitation assay	27924024	Homo sapiens	GTRD	No	Mm:Q6P9Q3;Rn:D3ZG35	Dr:A2BF92	Mm:E9Q368;Rn:A0A0G2JYA7	-
Q9HCK0	Q9NPG8	57684	55146	ZBTB26	ZDHHC4	chromatin immunoprecipitation assay	27924024	Homo sapiens	GTRD	No	Mm:Q6P9Q3;Rn:D3ZG35	Dr:A2BF92	Dr:F1QAM1;Mm:Q9D6H5;Rn:F1LQN6	-
Q9HCK0	P0CG48	57684	7316	ZBTB26	UBC	chromatin immunoprecipitation assay	27924024	Homo sapiens	GTRD	No	Mm:Q6P9Q3;Rn:D3ZG35	Dr:A2BF92	Dm:P0CG69;Dm:Q9W418;Dr:F1QHN6;Mm:P0CG50;Rn:F1LML2	-
Q9HCK0	Q6P3R8	57684	341676	ZBTB26	NEK5	chromatin immunoprecipitation assay	27924024	Homo sapiens	GTRD	No	Mm:Q6P9Q3;Rn:D3ZG35	Dr:A2BF92	-	-
Q9HCK0	Q8IY17	57684	10908	ZBTB26	PNPLA6	chromatin immunoprecipitation assay	27924024	Homo sapiens	GTRD	No	Mm:Q6P9Q3;Rn:D3ZG35	Dr:A2BF92	Dr:F1R844;Mm:Q3TRM4;Rn:M0R715	-
Q9HCK0	Q9BUP0	57684	80303	ZBTB26	EFHD1	chromatin immunoprecipitation assay	27924024	Homo sapiens	GTRD	No	Mm:Q6P9Q3;Rn:D3ZG35	Dr:A2BF92	Mm:Q9D4J1;Rn:D4A9T5	-
Q9HCK0	Q6IQ19	57684	126731	ZBTB26	CCSAP	chromatin immunoprecipitation assay	27924024	Homo sapiens	GTRD	No	Mm:Q6P9Q3;Rn:D3ZG35	Dr:A2BF92	Dr:Q6P3G4;Mm:Q8QZT2;Rn:D3ZZM9	-
Q9HCK0	Q96EY9	57684	113179	ZBTB26	ADAT3	chromatin immunoprecipitation assay	27924024	Homo sapiens	GTRD	No	Mm:Q6P9Q3;Rn:D3ZG35	Dr:A2BF92	-	-
Q9HCK0	Q6ZVM7	57684	146691	ZBTB26	TOM1L2	chromatin immunoprecipitation assay	27924024	Homo sapiens	GTRD	No	Mm:Q6P9Q3;Rn:D3ZG35	Dr:A2BF92	Mm:Q5SRX1;Rn:A0A0G2K9L2;Sc:Q06336	Dr:E7FC90
Q9HCK0	Q92930	57684	51762	ZBTB26	RAB8B	chromatin immunoprecipitation assay	27924024	Homo sapiens	GTRD	No	Mm:Q6P9Q3;Rn:D3ZG35	Dr:A2BF92	Dm:O18338;Dr:A5PLC7;Mm:P61028;Rn:P70550	-
Q9HCK0	Q96JN2	57684	64753	ZBTB26	CCDC136	chromatin immunoprecipitation assay	27924024	Homo sapiens	GTRD	No	Mm:Q6P9Q3;Rn:D3ZG35	Dr:A2BF92	Rn:D4AAR7	Mm:E6Y2W6
Q9HCK0	Q06055	57684	517	ZBTB26	ATP5MC2	chromatin immunoprecipitation assay	27924024	Homo sapiens	GTRD	No	Mm:Q6P9Q3;Rn:D3ZG35	Dr:A2BF92	-	-
Q9HCK0	P16035	57684	7077	ZBTB26	TIMP2	chromatin immunoprecipitation assay	27924024	Homo sapiens	GTRD	No	Mm:Q6P9Q3;Rn:D3ZG35	Dr:A2BF92	Ce:Q21265;Dr:Q1RLX2;Mm:Q6PI17;Rn:P30121	-
Q9HCK0	O43653	57684	8000	ZBTB26	PSCA	chromatin immunoprecipitation assay	27924024	Homo sapiens	GTRD	No	Mm:Q6P9Q3;Rn:D3ZG35	Dr:A2BF92	Mm:P57096	Rn:D4A6I7
Q9HCK0	Q8NEF3	57684	153733	ZBTB26	CCDC112	chromatin immunoprecipitation assay	27924024	Homo sapiens	GTRD	No	Mm:Q6P9Q3;Rn:D3ZG35	Dr:A2BF92	Mm:D3Z1J2;Rn:D4A095	-
Q9HCK0	Q9UIC8	57684	51451	ZBTB26	LCMT1	chromatin immunoprecipitation assay	27924024	Homo sapiens	GTRD	No	Mm:Q6P9Q3;Rn:D3ZG35	Dr:A2BF92	Ce:P46554;Dr:F1R781;Mm:A2RTH5;Rn:G3V7V9;Sc:Q04081	Dm:Q9V3K7
Q9HCK0	Q8IXQ5	57684	55975	ZBTB26	KLHL7	chromatin immunoprecipitation assay	27924024	Homo sapiens	GTRD	No	Mm:Q6P9Q3;Rn:D3ZG35	Dr:A2BF92	Mm:Q8BUL5;Rn:Q5XHZ6	-
Q9HCK0	Q86SS6	57684	143425	ZBTB26	SYT9	chromatin immunoprecipitation assay	27924024	Homo sapiens	GTRD	No	Mm:Q6P9Q3;Rn:D3ZG35	Dr:A2BF92	Mm:Q9R0N9;Rn:Q925C0	Dr:E7F1D9;Dr:A2BFR9
Q9HCK0	P62891	57684	6170	ZBTB26	RPL39	chromatin immunoprecipitation assay	27924024	Homo sapiens	GTRD	No	Mm:Q6P9Q3;Rn:D3ZG35	Dr:A2BF92	Ce:P52814;Dr:Q6IMW8	-
Q9HCK0	Q96BJ3	57684	64853	ZBTB26	AIDA	chromatin immunoprecipitation assay	27924024	Homo sapiens	GTRD	No	Mm:Q6P9Q3;Rn:D3ZG35	Dr:A2BF92	Dr:Q6PBN2;Mm:Q8C4Q6;Rn:B1WBV1	-
Q9HCK0	Q9NVK5	57684	26127	ZBTB26	FGFR1OP2	chromatin immunoprecipitation assay	27924024	Homo sapiens	GTRD	No	Mm:Q6P9Q3;Rn:D3ZG35	Dr:A2BF92	Dr:Q7T338;Mm:Q9CRA9;Rn:Q6TA25	-
Q9HCK0	Q0VG06	57684	80233	ZBTB26	FAAP100	chromatin immunoprecipitation assay	27924024	Homo sapiens	GTRD	No	Mm:Q6P9Q3;Rn:D3ZG35	Dr:A2BF92	Dr:U3JAR8;Mm:A2ACJ2;Rn:D3ZX03	-
Q9HCK0	Q9H6F5	57684	79080	ZBTB26	CCDC86	chromatin immunoprecipitation assay	27924024	Homo sapiens	GTRD	No	Mm:Q6P9Q3;Rn:D3ZG35	Dr:A2BF92	Mm:Q9JJ89;Rn:Q5XIB5	-
Q9HCK0	Q58A45	57684	255967	ZBTB26	PAN3	chromatin immunoprecipitation assay	27924024	Homo sapiens	GTRD	No	Mm:Q6P9Q3;Rn:D3ZG35	Dr:A2BF92	Dr:E7EXP6;Mm:Q640Q5;Rn:D4ADM2	-
Q9HCK0	A0A1B0GWJ7	57684	-	ZBTB26	-	chromatin immunoprecipitation assay	27924024	Homo sapiens	GTRD	No	Mm:Q6P9Q3;Rn:D3ZG35	Dr:A2BF92	-	-
Q9HCK0	O94850	57684	23109	ZBTB26	DDN	chromatin immunoprecipitation assay	27924024	Homo sapiens	GTRD	No	Mm:Q6P9Q3;Rn:D3ZG35	Dr:A2BF92	Mm:Q80TS7;Rn:A0A0G2JU85	-
Q9HCK0	Q9NRY5	57684	10827	ZBTB26	FAM114A2	chromatin immunoprecipitation assay	27924024	Homo sapiens	GTRD	No	Mm:Q6P9Q3;Rn:D3ZG35	Dr:A2BF92	Mm:Q8VE88	Dr:E9QJA6;Rn:D3ZC89
Q9HCK0	P49069	57684	819	ZBTB26	CAMLG	chromatin immunoprecipitation assay	27924024	Homo sapiens	GTRD	No	Mm:Q6P9Q3;Rn:D3ZG35	Dr:A2BF92	Dr:A0A0R4ING6;Mm:P49070;Rn:Q6DGG9	-
Q9HCK0	O75807	57684	23645	ZBTB26	PPP1R15A	chromatin immunoprecipitation assay	27924024	Homo sapiens	GTRD	No	Mm:Q6P9Q3;Rn:D3ZG35	Dr:A2BF92	Mm:P17564;Rn:A0A0G2JSW4	-
Q9HCK0	Q9H246	57684	81563	ZBTB26	C1orf21	chromatin immunoprecipitation assay	27924024	Homo sapiens	GTRD	No	Mm:Q6P9Q3;Rn:D3ZG35	Dr:A2BF92	Dr:Q6AZ99;Mm:Q8K207	Dr:Q66I00;Rn:D3ZU88
Q9HCK0	P24928	57684	5430	ZBTB26	POLR2A	chromatin immunoprecipitation assay	27924024	Homo sapiens	GTRD	No	Mm:Q6P9Q3;Rn:D3ZG35	Dr:A2BF92	-	-
Q9HCK0	Q99805	57684	9375	ZBTB26	TM9SF2	chromatin immunoprecipitation assay	27924024	Homo sapiens	GTRD	No	Mm:Q6P9Q3;Rn:D3ZG35	Dr:A2BF92	Ce:O17388;Dm:Q9VIK1;Dr:B0S5D9;Mm:P58021;Rn:Q66HG5	-
Q9HCK0	Q4W4Y0	57684	122525	ZBTB26	C14orf28	chromatin immunoprecipitation assay	27924024	Homo sapiens	GTRD	No	Mm:Q6P9Q3;Rn:D3ZG35	Dr:A2BF92	Dr:A0A0G2L042;Mm:Q4KL13;Rn:D4A3H4	-
Q9HCK0	Q9HCK8	57684	57680	ZBTB26	CHD8	chromatin immunoprecipitation assay	27924024	Homo sapiens	GTRD	No	Mm:Q6P9Q3;Rn:D3ZG35	Dr:A2BF92	Mm:Q09XV5;Rn:Q9JIX5	Dr:F1QW70
Q9HCK0	Q9UHC7	57684	23608	ZBTB26	MKRN1	chromatin immunoprecipitation assay	27924024	Homo sapiens	GTRD	No	Mm:Q6P9Q3;Rn:D3ZG35	Dr:A2BF92	Dm:Q9VP20;Dr:Q4VBT5;Rn:A0A0G2QC40	Mm:Q8C5V4
Q9HCK0	P17812	57684	1503	ZBTB26	CTPS1	chromatin immunoprecipitation assay	27924024	Homo sapiens	GTRD	No	Mm:Q6P9Q3;Rn:D3ZG35	Dr:A2BF92	Dr:A9JT21;Dr:A3QJW5;Mm:P70698;Rn:B1WC02	-
Q9HCK0	P36508	57684	7629	ZBTB26	ZNF76	chromatin immunoprecipitation assay	27924024	Homo sapiens	GTRD	No	Mm:Q6P9Q3;Rn:D3ZG35	Dr:A2BF92	Mm:Q8BMU0	Rn:F1LNL6
Q9HCK0	Q96GK7	57684	51011	ZBTB26	FAHD2A	chromatin immunoprecipitation assay	27924024	Homo sapiens	GTRD	No	Mm:Q6P9Q3;Rn:D3ZG35	Dr:A2BF92	-	-
Q9HCK0	P51511	57684	4324	ZBTB26	MMP15	chromatin immunoprecipitation assay	27924024	Homo sapiens	GTRD	No	Mm:Q6P9Q3;Rn:D3ZG35	Dr:A2BF92	Dr:E7F6P2;Mm:O54732;Rn:D3ZCG5	-
Q9HCK0	Q8NFU7	57684	80312	ZBTB26	TET1	chromatin immunoprecipitation assay	27924024	Homo sapiens	GTRD	No	Mm:Q6P9Q3;Rn:D3ZG35	Dr:A2BF92	Dr:F1R3C6	Mm:E9Q9Y4;Rn:F1LUQ3
Q9HCK0	P35368	57684	147	ZBTB26	ADRA1B	chromatin immunoprecipitation assay	27924024	Homo sapiens	GTRD	No	Mm:Q6P9Q3;Rn:D3ZG35	Dr:A2BF92	Dr:F1QLK8;Mm:Q9DBL0	-
Q9HCK0	P14652	57684	3212	ZBTB26	HOXB2	chromatin immunoprecipitation assay	27924024	Homo sapiens	GTRD	No	Mm:Q6P9Q3;Rn:D3ZG35	Dr:A2BF92	Mm:P0C1T1	Dr:F1QMG2;Rn:D4A426
Q9HCK0	P55327	57684	7163	ZBTB26	TPD52	chromatin immunoprecipitation assay	27924024	Homo sapiens	GTRD	No	Mm:Q6P9Q3;Rn:D3ZG35	Dr:A2BF92	-	Dr:E9QG97
Q9HCK0	Q14847	57684	3927	ZBTB26	LASP1	chromatin immunoprecipitation assay	27924024	Homo sapiens	GTRD	No	Mm:Q6P9Q3;Rn:D3ZG35	Dr:A2BF92	Dr:Q6NYJ1;Mm:Q61792;Rn:Q99MZ8	-
Q9HCK0	Q14232	57684	1967	ZBTB26	EIF2B1	chromatin immunoprecipitation assay	27924024	Homo sapiens	GTRD	No	Mm:Q6P9Q3;Rn:D3ZG35	Dr:A2BF92	Ce:P34604;Dm:Q9VAD4;Dr:A0A0R4ILD9;Mm:Q99LC8;Sc:P14741	Rn:A0A0U1RRZ2
Q9HCK0	P26232	57684	1496	ZBTB26	CTNNA2	chromatin immunoprecipitation assay	27924024	Homo sapiens	GTRD	No	Mm:Q6P9Q3;Rn:D3ZG35	Dr:A2BF92	Dr:B7ZC77;Mm:Q61301	-
Q9HCK0	Q99704	57684	1796	ZBTB26	DOK1	chromatin immunoprecipitation assay	27924024	Homo sapiens	GTRD	No	Mm:Q6P9Q3;Rn:D3ZG35	Dr:A2BF92	Mm:P97465;Rn:Q4QQV2	Dr:A0A0R4IQ50
Q9HCK0	Q32M78	57684	374879	ZBTB26	ZNF699	chromatin immunoprecipitation assay	27924024	Homo sapiens	GTRD	No	Mm:Q6P9Q3;Rn:D3ZG35	Dr:A2BF92	-	-
Q9HCK0	O00409	57684	1112	ZBTB26	FOXN3	chromatin immunoprecipitation assay	27924024	Homo sapiens	GTRD	No	Mm:Q6P9Q3;Rn:D3ZG35	Dr:A2BF92	Dr:K7DY44;Mm:Q499D0;Rn:A0A0G2JYT8	-
Q9HCK0	P08069	57684	3480	ZBTB26	IGF1R	chromatin immunoprecipitation assay	27924024	Homo sapiens	GTRD	No	Mm:Q6P9Q3;Rn:D3ZG35	Dr:A2BF92	Dr:B0R0Q2;Mm:E9QNX9;Rn:A0A140TAB8	Dr:Q1LWJ4
Q9HCK0	Q92504	57684	7922	ZBTB26	SLC39A7	chromatin immunoprecipitation assay	27924024	Homo sapiens	GTRD	No	Mm:Q6P9Q3;Rn:D3ZG35	Dr:A2BF92	Ce:Q9XTQ7;Dm:Q9V3A4;Dr:A3KPZ7;Mm:Q31125;Rn:Q6MGB4	-
Q9HCK0	Q96FK6	57684	112840	ZBTB26	WDR89	chromatin immunoprecipitation assay	27924024	Homo sapiens	GTRD	No	Mm:Q6P9Q3;Rn:D3ZG35	Dr:A2BF92	Dm:Q7JZ37;Dr:B8A4L8;Mm:Q9D0R9	Rn:Q5FVP5
Q9HCK0	Q9H8X2	57684	64768	ZBTB26	IPPK	chromatin immunoprecipitation assay	27924024	Homo sapiens	GTRD	No	Mm:Q6P9Q3;Rn:D3ZG35	Dr:A2BF92	Dr:Q4JL91;Mm:Q6P1C1;Rn:G3V7Z5	-
Q9HCK0	Q14008	57684	9793	ZBTB26	CKAP5	chromatin immunoprecipitation assay	27924024	Homo sapiens	GTRD	No	Mm:Q6P9Q3;Rn:D3ZG35	Dr:A2BF92	Mm:K3W4R5	Dm:E1JIM4;Dr:A0A0R4IA93;Rn:F1M949
Q9HCK0	P37287	57684	5277	ZBTB26	PIGA	chromatin immunoprecipitation assay	27924024	Homo sapiens	GTRD	No	Mm:Q6P9Q3;Rn:D3ZG35	Dr:A2BF92	Ce:Q18993;Dm:Q7JUM3;Dr:B0S6Z8;Mm:Q64323;Rn:D4AAY7;Sc:P32363	-
Q9HCK0	Q8TAI7	57684	121268	ZBTB26	RHEBL1	chromatin immunoprecipitation assay	27924024	Homo sapiens	GTRD	No	Mm:Q6P9Q3;Rn:D3ZG35	Dr:A2BF92	Mm:Q9D8T3;Rn:Q7TNZ5	-
Q9HCK0	Q8N6M9	57684	90637	ZBTB26	ZFAND2A	chromatin immunoprecipitation assay	27924024	Homo sapiens	GTRD	No	Mm:Q6P9Q3;Rn:D3ZG35	Dr:A2BF92	Ce:Q9XUW8;Mm:Q9JII7;Rn:Q5U2P3	-
Q9HCK0	Q96BY6	57684	55619	ZBTB26	DOCK10	chromatin immunoprecipitation assay	27924024	Homo sapiens	GTRD	No	Mm:Q6P9Q3;Rn:D3ZG35	Dr:A2BF92	Mm:E9QM99	-
Q9HCK0	Q96B97	57684	30011	ZBTB26	SH3KBP1	chromatin immunoprecipitation assay	27924024	Homo sapiens	GTRD	No	Mm:Q6P9Q3;Rn:D3ZG35	Dr:A2BF92	Dr:E9QJP6;Mm:Q8R550	Rn:A0A0H2UHD8
Q9HCK0	J3QQQ9	57684	-	ZBTB26	-	chromatin immunoprecipitation assay	27924024	Homo sapiens	GTRD	No	Mm:Q6P9Q3;Rn:D3ZG35	Dr:A2BF92	-	-
Q9HCK0	Q6NW34	57684	25871	ZBTB26	NEPRO	chromatin immunoprecipitation assay	27924024	Homo sapiens	GTRD	No	Mm:Q6P9Q3;Rn:D3ZG35	Dr:A2BF92	Dr:F1QA51;Mm:Q8R2U2;Rn:Q5I0D2	-
Q9HCK0	Q14746	57684	22796	ZBTB26	COG2	chromatin immunoprecipitation assay	27924024	Homo sapiens	GTRD	No	Mm:Q6P9Q3;Rn:D3ZG35	Dr:A2BF92	Ce:Q21444;Dm:Q9VF78;Mm:Q921L5;Rn:D3ZT01	Dr:Q6ZM82
Q9HCK0	C9JJT5	57684	-	ZBTB26	ATP5MF-PTCD1	chromatin immunoprecipitation assay	27924024	Homo sapiens	GTRD	No	Mm:Q6P9Q3;Rn:D3ZG35	Dr:A2BF92	-	-
Q9HCK0	Q9H6U8	57684	79796	ZBTB26	ALG9	chromatin immunoprecipitation assay	27924024	Homo sapiens	GTRD	No	Mm:Q6P9Q3;Rn:D3ZG35	Dr:A2BF92	Rn:D3ZCW5;Sc:P53868	-
Q9HCK0	Q9UPV9	57684	22906	ZBTB26	TRAK1	chromatin immunoprecipitation assay	27924024	Homo sapiens	GTRD	No	Mm:Q6P9Q3;Rn:D3ZG35	Dr:A2BF92	Dr:E9QJ68;Mm:Q6PD31;Rn:D4ACC5	-
Q9HCK0	Q9P2K9	57684	57540	ZBTB26	DISP3	chromatin immunoprecipitation assay	27924024	Homo sapiens	GTRD	No	Mm:Q6P9Q3;Rn:D3ZG35	Dr:A2BF92	Mm:E9QL24	Rn:D3ZW02
Q9HCK0	O00308	57684	11060	ZBTB26	WWP2	chromatin immunoprecipitation assay	27924024	Homo sapiens	GTRD	No	Mm:Q6P9Q3;Rn:D3ZG35	Dr:A2BF92	Dr:A2VCZ7;Mm:Q9DBH0	-
Q9HCK0	P31350	57684	6241	ZBTB26	RRM2	chromatin immunoprecipitation assay	27924024	Homo sapiens	GTRD	No	Mm:Q6P9Q3;Rn:D3ZG35	Dr:A2BF92	Dm:P48592;Mm:P11157;Rn:Q4KLN6	Dr:G3G7U3;Rn:D4A7M6
Q9HCK0	Q8WWN8	57684	64411	ZBTB26	ARAP3	chromatin immunoprecipitation assay	27924024	Homo sapiens	GTRD	No	Mm:Q6P9Q3;Rn:D3ZG35	Dr:A2BF92	Mm:Q8R5G7	Rn:A0A0G2JUX2
Q9HCK0	Q69YW2	57684	375057	ZBTB26	STUM	chromatin immunoprecipitation assay	27924024	Homo sapiens	GTRD	No	Mm:Q6P9Q3;Rn:D3ZG35	Dr:A2BF92	Rn:D4A4F9	Dr:G1K2X9;Mm:J3QP43
Q9HCK0	P80404	57684	18	ZBTB26	ABAT	chromatin immunoprecipitation assay	27924024	Homo sapiens	GTRD	No	Mm:Q6P9Q3;Rn:D3ZG35	Dr:A2BF92	Ce:Q21217;Dm:Q9VW68;Mm:P61922;Rn:P50554;Sc:P17649	Dr:I3IRW7
Q9HCK0	Q8ND56	57684	26065	ZBTB26	LSM14A	chromatin immunoprecipitation assay	27924024	Homo sapiens	GTRD	No	Mm:Q6P9Q3;Rn:D3ZG35	Dr:A2BF92	Dr:A0A0R4IVM1;Dr:Q6P111;Mm:Q8K2F8;Rn:B2GV58	Dm:M9PI44
Q9HCK0	Q9UBQ5	57684	27335	ZBTB26	EIF3K	chromatin immunoprecipitation assay	27924024	Homo sapiens	GTRD	No	Mm:Q6P9Q3;Rn:D3ZG35	Dr:A2BF92	Ce:Q9XUP3;Dm:Q9W2D9;Dr:F1QII8;Mm:Q9DBZ5;Rn:A0A0G2JU77	-
Q9HCK0	Q9Y3M8	57684	90627	ZBTB26	STARD13	chromatin immunoprecipitation assay	27924024	Homo sapiens	GTRD	No	Mm:Q6P9Q3;Rn:D3ZG35	Dr:A2BF92	Dr:E7F8B8;Rn:D3ZU63	Mm:F8WIY7
Q9HCK0	Q9H9G7	57684	192669	ZBTB26	AGO3	chromatin immunoprecipitation assay	27924024	Homo sapiens	GTRD	No	Mm:Q6P9Q3;Rn:D3ZG35	Dr:A2BF92	Dr:F1Q7S8;Mm:Q8CJF9;Rn:F1LUS2	-
Q9HCK0	Q16665	57684	3091	ZBTB26	HIF1A	chromatin immunoprecipitation assay	27924024	Homo sapiens	GTRD	No	Mm:Q6P9Q3;Rn:D3ZG35	Dr:A2BF92	Dr:Q6EHI4;Mm:Q61221;Rn:D4A8P8	-
Q9HCK0	O14646	57684	1105	ZBTB26	CHD1	chromatin immunoprecipitation assay	27924024	Homo sapiens	GTRD	No	Mm:Q6P9Q3;Rn:D3ZG35	Dr:A2BF92	Mm:P40201;Rn:D4AAG9	-
Q9HCK0	P62979	57684	6233	ZBTB26	RPS27A	chromatin immunoprecipitation assay	27924024	Homo sapiens	GTRD	No	Mm:Q6P9Q3;Rn:D3ZG35	Dr:A2BF92	Dr:Q7SXA3;Mm:P62983;Rn:P62982	-
Q9HCK0	Q99502	57684	2138	ZBTB26	EYA1	chromatin immunoprecipitation assay	27924024	Homo sapiens	GTRD	No	Mm:Q6P9Q3;Rn:D3ZG35	Dr:A2BF92	Ce:O17670;Dr:E9QJ32;Mm:P97767;Rn:D3ZVI5	-
Q9HCK0	Q9Y4P1	57684	23192	ZBTB26	ATG4B	chromatin immunoprecipitation assay	27924024	Homo sapiens	GTRD	No	Mm:Q6P9Q3;Rn:D3ZG35	Dr:A2BF92	Dr:Q6DG88;Mm:A0A0R4J065;Rn:A0A0G2QC33;Sc:P53867	-
Q9HCK0	Q969U6	57684	54461	ZBTB26	FBXW5	chromatin immunoprecipitation assay	27924024	Homo sapiens	GTRD	No	Mm:Q6P9Q3;Rn:D3ZG35	Dr:A2BF92	Dm:Q9VMI1;Mm:Q9QXW2;Rn:Q4KLI9	Dr:A0A286Y9Z1
Q9HCK0	Q5T0W9	57684	222584	ZBTB26	FAM83B	chromatin immunoprecipitation assay	27924024	Homo sapiens	GTRD	No	Mm:Q6P9Q3;Rn:D3ZG35	Dr:A2BF92	Mm:Q0VBM2;Rn:D3ZF70	Dr:E7F4Q7
Q9HCK0	P80303	57684	4925	ZBTB26	NUCB2	chromatin immunoprecipitation assay	27924024	Homo sapiens	GTRD	No	Mm:Q6P9Q3;Rn:D3ZG35	Dr:A2BF92	Dr:Q6NX06;Mm:P81117;Rn:G3V8R1	Dr:F1QW82
Q9HCK0	Q9NXL6	57684	54847	ZBTB26	SIDT1	chromatin immunoprecipitation assay	27924024	Homo sapiens	GTRD	No	Mm:Q6P9Q3;Rn:D3ZG35	Dr:A2BF92	Mm:Q6AXF6;Rn:D4A117	-
Q9HCK0	O00330	57684	8050	ZBTB26	PDHX	chromatin immunoprecipitation assay	27924024	Homo sapiens	GTRD	No	Mm:Q6P9Q3;Rn:D3ZG35	Dr:A2BF92	Mm:Q8BKZ9	Dr:Q6NW45;Rn:A0A0G2JZH8
Q9HCK0	Q8WWQ0	57684	55023	ZBTB26	PHIP	chromatin immunoprecipitation assay	27924024	Homo sapiens	GTRD	No	Mm:Q6P9Q3;Rn:D3ZG35	Dr:A2BF92	Mm:F8VQ93	Rn:F1M3B3
Q9HCK0	O60663	57684	4010	ZBTB26	LMX1B	chromatin immunoprecipitation assay	27924024	Homo sapiens	GTRD	No	Mm:Q6P9Q3;Rn:D3ZG35	Dr:A2BF92	Dr:Q4L1M6;Rn:G3V877	Mm:A0A6I8MWW7
Q9HCK0	A0FGR8	57684	57488	ZBTB26	ESYT2	chromatin immunoprecipitation assay	27924024	Homo sapiens	GTRD	No	Mm:Q6P9Q3;Rn:D3ZG35	Dr:A2BF92	-	-
Q9HCK0	Q9NTZ6	57684	10137	ZBTB26	RBM12	chromatin immunoprecipitation assay	27924024	Homo sapiens	GTRD	No	Mm:Q6P9Q3;Rn:D3ZG35	Dr:A2BF92	Ce:Q9U304;Mm:Q8R4X3	Dr:A0A0R4INU1;Mm:V9GXJ1;Rn:Q6XLI7
Q9HCK0	P02545	57684	4000	ZBTB26	LMNA	chromatin immunoprecipitation assay	27924024	Homo sapiens	GTRD	No	Mm:Q6P9Q3;Rn:D3ZG35	Dr:A2BF92	Mm:P48678;Rn:G3V8L3	Dr:B3DKC5
Q9HCK0	Q86VW0	57684	91404	ZBTB26	SESTD1	chromatin immunoprecipitation assay	27924024	Homo sapiens	GTRD	No	Mm:Q6P9Q3;Rn:D3ZG35	Dr:A2BF92	Ce:Q20833;Dr:Q7SX85;Mm:Q80UK0	Rn:B5DFL9
Q9HCK0	P53004	57684	644	ZBTB26	BLVRA	chromatin immunoprecipitation assay	27924024	Homo sapiens	GTRD	No	Mm:Q6P9Q3;Rn:D3ZG35	Dr:A2BF92	Mm:Q9CY64;Rn:Q6AZ33	Dr:B0S5N7
Q9HCK0	Q9P0K7	57684	26064	ZBTB26	RAI14	chromatin immunoprecipitation assay	27924024	Homo sapiens	GTRD	No	Mm:Q6P9Q3;Rn:D3ZG35	Dr:A2BF92	Mm:Q9EP71;Rn:Q5U312	-
Q9HCK0	Q96RS0	57684	96764	ZBTB26	TGS1	chromatin immunoprecipitation assay	27924024	Homo sapiens	GTRD	No	Mm:Q6P9Q3;Rn:D3ZG35	Dr:A2BF92	Mm:Q923W1;Rn:P85107	-
Q9HCK0	P60981	57684	11034	ZBTB26	DSTN	chromatin immunoprecipitation assay	27924024	Homo sapiens	GTRD	No	Mm:Q6P9Q3;Rn:D3ZG35	Dr:A2BF92	Mm:Q9R0P5;Rn:Q7M0E3	-
Q9HCK0	P35579	57684	4627	ZBTB26	MYH9	chromatin immunoprecipitation assay	27924024	Homo sapiens	GTRD	No	Mm:Q6P9Q3;Rn:D3ZG35	Dr:A2BF92	Mm:Q8VDD5;Rn:G3V6P7	Dr:F1QJK4
Q9HCK0	V9GYN2	57684	-	ZBTB26	-	chromatin immunoprecipitation assay	27924024	Homo sapiens	GTRD	No	Mm:Q6P9Q3;Rn:D3ZG35	Dr:A2BF92	-	-
Q9HCK0	Q96EZ8	57684	10445	ZBTB26	MCRS1	chromatin immunoprecipitation assay	27924024	Homo sapiens	GTRD	No	Mm:Q6P9Q3;Rn:D3ZG35	Dr:A2BF92	Ce:G5ED60;Dm:Q9VZJ3;Dr:Q6P0E3;Mm:Q99L90;Rn:G3V9E0	-
Q9HCK0	Q9UKG1	57684	26060	ZBTB26	APPL1	chromatin immunoprecipitation assay	27924024	Homo sapiens	GTRD	No	Mm:Q6P9Q3;Rn:D3ZG35	Dr:A2BF92	Mm:Q8K3H0	Rn:D3ZWA8
Q9HCK0	P63302	57684	6415	ZBTB26	SELENOW	chromatin immunoprecipitation assay	27924024	Homo sapiens	GTRD	No	Mm:Q6P9Q3;Rn:D3ZG35	Dr:A2BF92	-	-
Q9HCK0	O96018	57684	9546	ZBTB26	APBA3	chromatin immunoprecipitation assay	27924024	Homo sapiens	GTRD	No	Mm:Q6P9Q3;Rn:D3ZG35	Dr:A2BF92	Mm:O88888;Rn:O70248	-
Q9HCK0	Q86U70	57684	8861	ZBTB26	LDB1	chromatin immunoprecipitation assay	27924024	Homo sapiens	GTRD	No	Mm:Q6P9Q3;Rn:D3ZG35	Dr:A2BF92	Dr:O73715;Rn:A0A0G2JVQ2	-
Q9HCK0	Q9H3U5	57684	64747	ZBTB26	MFSD1	chromatin immunoprecipitation assay	27924024	Homo sapiens	GTRD	No	Mm:Q6P9Q3;Rn:D3ZG35	Dr:A2BF92	Dm:Q9VR34;Dm:Q9VS47;Mm:Q9DC37;Rn:D3ZV75	-
Q9HCK0	Q7Z2K6	57684	79956	ZBTB26	ERMP1	chromatin immunoprecipitation assay	27924024	Homo sapiens	GTRD	No	Mm:Q6P9Q3;Rn:D3ZG35	Dr:A2BF92	Ce:Q18600;Ce:Q09216;Dm:A1Z8X5;Dm:Q8MKL0;Dm:A0A0B4KEL4;Dm:Q8MT48;Dm:Q4V5E4;Mm:Q3UVK0;Rn:F1M6W2	Dm:A1Z8X9;Dm:A1ZBK4
Q9HCK0	P12004	57684	5111	ZBTB26	PCNA	chromatin immunoprecipitation assay	27924024	Homo sapiens	GTRD	No	Mm:Q6P9Q3;Rn:D3ZG35	Dr:A2BF92	Ce:O02115;Dm:P17917;Dr:Q9PTP1;Mm:P17918;Rn:P04961;Sc:P15873	-
Q9HCK0	P0C7M8	57684	154790	ZBTB26	CLEC2L	chromatin immunoprecipitation assay	27924024	Homo sapiens	GTRD	No	Mm:Q6P9Q3;Rn:D3ZG35	Dr:A2BF92	Mm:P0C7M9;Rn:Q0ZCA7	-
Q9HCK0	P45877	57684	5480	ZBTB26	PPIC	chromatin immunoprecipitation assay	27924024	Homo sapiens	GTRD	No	Mm:Q6P9Q3;Rn:D3ZG35	Dr:A2BF92	Mm:P30412;Rn:Q6AYQ9	Dr:H9GXB9
Q9HCK0	P09543	57684	1267	ZBTB26	CNP	chromatin immunoprecipitation assay	27924024	Homo sapiens	GTRD	No	Mm:Q6P9Q3;Rn:D3ZG35	Dr:A2BF92	Mm:P16330;Rn:P13233	-
Q9HCK0	Q8NG68	57684	150465	ZBTB26	TTL	chromatin immunoprecipitation assay	27924024	Homo sapiens	GTRD	No	Mm:Q6P9Q3;Rn:D3ZG35	Dr:A2BF92	Mm:P38585;Rn:G3V8C8	Dr:F1R9V1
Q9HCK0	Q9UER7	57684	1616	ZBTB26	DAXX	chromatin immunoprecipitation assay	27924024	Homo sapiens	GTRD	No	Mm:Q6P9Q3;Rn:D3ZG35	Dr:A2BF92	Dr:Q1LUU4;Mm:Q3UKR0;Rn:Q6MGC8	-
Q9HCK0	O00743	57684	5537	ZBTB26	PPP6C	chromatin immunoprecipitation assay	27924024	Homo sapiens	GTRD	No	Mm:Q6P9Q3;Rn:D3ZG35	Dr:A2BF92	Dm:Q27884;Dr:Q7ZUS7;Mm:Q9CQR6;Rn:Q64620	Ce:Q09496
Q9HCK0	O76081	57684	8601	ZBTB26	RGS20	chromatin immunoprecipitation assay	27924024	Homo sapiens	GTRD	No	Mm:Q6P9Q3;Rn:D3ZG35	Dr:A2BF92	-	-
Q9HCK0	Q9ULV5	57684	3299	ZBTB26	HSF4	chromatin immunoprecipitation assay	27924024	Homo sapiens	GTRD	No	Mm:Q6P9Q3;Rn:D3ZG35	Dr:A2BF92	Mm:Q9R0L1;Rn:A0A096MK39	-
Q9HCK0	Q99814	57684	2034	ZBTB26	EPAS1	chromatin immunoprecipitation assay	27924024	Homo sapiens	GTRD	No	Mm:Q6P9Q3;Rn:D3ZG35	Dr:A2BF92	Dr:B3DJD1;Mm:P97481;Rn:A0A0G2K9J6	-
Q9HCK0	O00519	57684	2166	ZBTB26	FAAH	chromatin immunoprecipitation assay	27924024	Homo sapiens	GTRD	No	Mm:Q6P9Q3;Rn:D3ZG35	Dr:A2BF92	Ce:Q17447;Ce:Q17449;Mm:O08914	Rn:P97612
Q9HCK0	O60237	57684	4660	ZBTB26	PPP1R12B	chromatin immunoprecipitation assay	27924024	Homo sapiens	GTRD	No	Mm:Q6P9Q3;Rn:D3ZG35	Dr:A2BF92	Rn:D3ZIC4	Mm:A6H644
Q9HCK0	Q9UBC1	57684	4795	ZBTB26	NFKBIL1	chromatin immunoprecipitation assay	27924024	Homo sapiens	GTRD	No	Mm:Q6P9Q3;Rn:D3ZG35	Dr:A2BF92	-	-
Q9HCK0	Q92614	57684	399687	ZBTB26	MYO18A	chromatin immunoprecipitation assay	27924024	Homo sapiens	GTRD	No	Mm:Q6P9Q3;Rn:D3ZG35	Dr:A2BF92	Mm:Q9JMH9	Dr:X1WCS2;Rn:A0A0G2JY08
Q9HCK0	Q9H993	57684	79624	ZBTB26	ARMT1	chromatin immunoprecipitation assay	27924024	Homo sapiens	GTRD	No	Mm:Q6P9Q3;Rn:D3ZG35	Dr:A2BF92	Ce:O45417;Dm:Q9V3Z7;Dm:Q9W299;Dm:Q9W298;Dr:Q58EM4;Mm:A6H630;Rn:Q6AYT5;Sc:Q04371	-
Q9HCK0	Q14118	57684	1605	ZBTB26	DAG1	chromatin immunoprecipitation assay	27924024	Homo sapiens	GTRD	No	Mm:Q6P9Q3;Rn:D3ZG35	Dr:A2BF92	Dr:F1QMH7;Mm:Q62165;Rn:F1M8K0	-
Q9HCK0	Q9NUL3	57684	27067	ZBTB26	STAU2	chromatin immunoprecipitation assay	27924024	Homo sapiens	GTRD	No	Mm:Q6P9Q3;Rn:D3ZG35	Dr:A2BF92	Dr:F1QJT6;Mm:Q8CJ67;Rn:F1LN29	-
Q9HCK0	P50995	57684	311	ZBTB26	ANXA11	chromatin immunoprecipitation assay	27924024	Homo sapiens	GTRD	No	Mm:Q6P9Q3;Rn:D3ZG35	Dr:A2BF92	Mm:P97384;Rn:Q5XI77	Dr:F8W2N0;Dr:Q7T391
Q9HCK0	P29401	57684	7086	ZBTB26	TKT	chromatin immunoprecipitation assay	27924024	Homo sapiens	GTRD	No	Mm:Q6P9Q3;Rn:D3ZG35	Dr:A2BF92	Mm:P40142;Rn:G3V826	Dr:E7F8S4
Q9HCK0	Q07617	57684	6674	ZBTB26	SPAG1	chromatin immunoprecipitation assay	27924024	Homo sapiens	GTRD	No	Mm:Q6P9Q3;Rn:D3ZG35	Dr:A2BF92	Mm:Q80ZX8;Rn:Q5U2X2	-
Q9HCK0	Q07002	57684	5129	ZBTB26	CDK18	chromatin immunoprecipitation assay	27924024	Homo sapiens	GTRD	No	Mm:Q6P9Q3;Rn:D3ZG35	Dr:A2BF92	Mm:Q04899;Rn:A0A0H2UHG4	Dr:E7F9R5
Q9HCK0	Q5H8A4	57684	54872	ZBTB26	PIGG	chromatin immunoprecipitation assay	27924024	Homo sapiens	GTRD	No	Mm:Q6P9Q3;Rn:D3ZG35	Dr:A2BF92	Dm:A1Z705	Dr:E7FE54;Mm:D3Z4I0;Rn:M0RDM7
Q9HCK0	P0C7P0	57684	284106	ZBTB26	CISD3	chromatin immunoprecipitation assay	27924024	Homo sapiens	GTRD	No	Mm:Q6P9Q3;Rn:D3ZG35	Dr:A2BF92	-	Mm:B2RWE3;Rn:A0A0G2JW34
Q9HCK0	Q14241	57684	6924	ZBTB26	ELOA	chromatin immunoprecipitation assay	27924024	Homo sapiens	GTRD	No	Mm:Q6P9Q3;Rn:D3ZG35	Dr:A2BF92	Mm:Q8CB77;Rn:Q66HK4	-
Q9HCK0	Q969G2	57684	89884	ZBTB26	LHX4	chromatin immunoprecipitation assay	27924024	Homo sapiens	GTRD	No	Mm:Q6P9Q3;Rn:D3ZG35	Dr:A2BF92	Dr:B0S5S7;Mm:P53776;Rn:F1LZ08	-
Q9HCK0	Q9Y613	57684	29109	ZBTB26	FHOD1	chromatin immunoprecipitation assay	27924024	Homo sapiens	GTRD	No	Mm:Q6P9Q3;Rn:D3ZG35	Dr:A2BF92	Mm:Q6P9Q4;Rn:A0A0G2JZ38	Dr:A0A1D5NSW9
Q9HCK0	Q8IZD2	57684	55904	ZBTB26	KMT2E	chromatin immunoprecipitation assay	27924024	Homo sapiens	GTRD	No	Mm:Q6P9Q3;Rn:D3ZG35	Dr:A2BF92	Dr:Q5TZ08;Mm:Q3UG20;Rn:A0A0G2JWF0	-
Q9HCK0	O00418	57684	29904	ZBTB26	EEF2K	chromatin immunoprecipitation assay	27924024	Homo sapiens	GTRD	No	Mm:Q6P9Q3;Rn:D3ZG35	Dr:A2BF92	Ce:O01991;Mm:O08796;Rn:P70531	Dr:Q6DGE0
Q9HCK0	O14980	57684	7514	ZBTB26	XPO1	chromatin immunoprecipitation assay	27924024	Homo sapiens	GTRD	No	Mm:Q6P9Q3;Rn:D3ZG35	Dr:A2BF92	Ce:Q23089;Dm:Q9TVM2;Dr:E7FBU7;Mm:Q6P5F9;Rn:Q80U96;Sc:P30822	-
Q9HCK0	P11277	57684	6710	ZBTB26	SPTB	chromatin immunoprecipitation assay	27924024	Homo sapiens	GTRD	No	Mm:Q6P9Q3;Rn:D3ZG35	Dr:A2BF92	Dr:F1QQE5;Mm:Q3UGX2;Rn:A0A140UHX6	-
Q9HCK0	Q9H8Y1	57684	55237	ZBTB26	VRTN	chromatin immunoprecipitation assay	27924024	Homo sapiens	GTRD	No	Mm:Q6P9Q3;Rn:D3ZG35	Dr:A2BF92	Dr:Z4YHZ3;Mm:Q3SYK4	Rn:M0RCR3
Q9HCK0	Q9H892	57684	54970	ZBTB26	TTC12	chromatin immunoprecipitation assay	27924024	Homo sapiens	GTRD	No	Mm:Q6P9Q3;Rn:D3ZG35	Dr:A2BF92	Mm:Q8BW49	Rn:Q68FR0
Q9HCK0	Q71UI9	57684	94239	ZBTB26	H2AZ2	chromatin immunoprecipitation assay	27924024	Homo sapiens	GTRD	No	Mm:Q6P9Q3;Rn:D3ZG35	Dr:A2BF92	-	-
Q9HCK0	O00541	57684	23481	ZBTB26	PES1	chromatin immunoprecipitation assay	27924024	Homo sapiens	GTRD	No	Mm:Q6P9Q3;Rn:D3ZG35	Dr:A2BF92	Ce:Q95Y89;Dm:Q9VL96;Rn:Q3B8N8;Sc:P53261	Dr:P79741;Mm:Q5SQ20
Q9HCK0	A0A0U1RRH7	57684	-	ZBTB26	-	chromatin immunoprecipitation assay	27924024	Homo sapiens	GTRD	No	Mm:Q6P9Q3;Rn:D3ZG35	Dr:A2BF92	-	-
Q9HCK0	O43236	57684	5414	ZBTB26	SEPTIN4	chromatin immunoprecipitation assay	27924024	Homo sapiens	GTRD	No	Mm:Q6P9Q3;Rn:D3ZG35	Dr:A2BF92	-	-
Q9HCK0	Q16775	57684	3029	ZBTB26	HAGH	chromatin immunoprecipitation assay	27924024	Homo sapiens	GTRD	No	Mm:Q6P9Q3;Rn:D3ZG35	Dr:A2BF92	Ce:Q9XXJ1;Dr:Q6P963;Mm:G5E8T9;Rn:F1LQI1	Dm:Q9I7P8
Q9HCK0	Q96S19	57684	84326	ZBTB26	METTL26	chromatin immunoprecipitation assay	27924024	Homo sapiens	GTRD	No	Mm:Q6P9Q3;Rn:D3ZG35	Dr:A2BF92	Ce:Q7YWR7;Mm:Q9DCS2;Rn:Q497C3	Dm:M9MRG1;Dr:B7ZVF3
Q9HCK0	P00736	57684	715	ZBTB26	C1R	chromatin immunoprecipitation assay	27924024	Homo sapiens	GTRD	No	Mm:Q6P9Q3;Rn:D3ZG35	Dr:A2BF92	-	-
Q9HCK0	O14756	57684	8630	ZBTB26	HSD17B6	chromatin immunoprecipitation assay	27924024	Homo sapiens	GTRD	No	Mm:Q6P9Q3;Rn:D3ZG35	Dr:A2BF92	Mm:Q9R092;Rn:F1LYR5	-
Q9HCK0	Q14140	57684	9792	ZBTB26	SERTAD2	chromatin immunoprecipitation assay	27924024	Homo sapiens	GTRD	No	Mm:Q6P9Q3;Rn:D3ZG35	Dr:A2BF92	Dr:Q7ZZ27;Mm:Q9JJG5	Rn:F7F8X3
Q9HCK0	Q9H668	57684	79991	ZBTB26	STN1	chromatin immunoprecipitation assay	27924024	Homo sapiens	GTRD	No	Mm:Q6P9Q3;Rn:D3ZG35	Dr:A2BF92	Dr:B8JKF4;Mm:Q8K2X3;Rn:A0A0H2UHR9	-
Q9HCK0	Q9UPW8	57684	23025	ZBTB26	UNC13A	chromatin immunoprecipitation assay	27924024	Homo sapiens	GTRD	No	Mm:Q6P9Q3;Rn:D3ZG35	Dr:A2BF92	-	-
Q9HCK0	Q9UJV3	57684	11043	ZBTB26	MID2	chromatin immunoprecipitation assay	27924024	Homo sapiens	GTRD	No	Mm:Q6P9Q3;Rn:D3ZG35	Dr:A2BF92	Mm:B1AVF4;Rn:A0A0G2JWJ3	-
Q9HCK0	Q99612	57684	1316	ZBTB26	KLF6	chromatin immunoprecipitation assay	27924024	Homo sapiens	GTRD	No	Mm:Q6P9Q3;Rn:D3ZG35	Dr:A2BF92	Dr:F1R7F0	Mm:Q8BPQ2
Q9HCK0	Q9Y512	57684	25813	ZBTB26	SAMM50	chromatin immunoprecipitation assay	27924024	Homo sapiens	GTRD	No	Mm:Q6P9Q3;Rn:D3ZG35	Dr:A2BF92	Dm:Q9V784;Mm:Q8BGH2;Rn:Q6AXV4	Ce:P46576;Dr:F1QBE4
Q9HCK0	Q01196	57684	861	ZBTB26	RUNX1	chromatin immunoprecipitation assay	27924024	Homo sapiens	GTRD	No	Mm:Q6P9Q3;Rn:D3ZG35	Dr:A2BF92	-	Mm:Q3UM65;Rn:A0A0G2JYQ4
Q9HCK0	P13196	57684	211	ZBTB26	ALAS1	chromatin immunoprecipitation assay	27924024	Homo sapiens	GTRD	No	Mm:Q6P9Q3;Rn:D3ZG35	Dr:A2BF92	Dr:F1RB22;Mm:Q8VC19;Rn:A0A0G2K962	-
Q9HCK0	Q6ZMY9	57684	340385	ZBTB26	ZNF517	chromatin immunoprecipitation assay	27924024	Homo sapiens	GTRD	No	Mm:Q6P9Q3;Rn:D3ZG35	Dr:A2BF92	-	-
Q9HCK0	Q9UBR4	57684	8022	ZBTB26	LHX3	chromatin immunoprecipitation assay	27924024	Homo sapiens	GTRD	No	Mm:Q6P9Q3;Rn:D3ZG35	Dr:A2BF92	Dr:E7F0K1;Mm:P50481;Rn:G3V9E7	-
Q9HCK0	Q8N5N7	57684	54534	ZBTB26	MRPL50	chromatin immunoprecipitation assay	27924024	Homo sapiens	GTRD	No	Mm:Q6P9Q3;Rn:D3ZG35	Dr:A2BF92	Dm:Q9V3E3;Mm:Q8VDT9;Rn:D3ZYL4	-
Q9HCK0	Q96L03	57684	128153	ZBTB26	SPATA17	chromatin immunoprecipitation assay	27924024	Homo sapiens	GTRD	No	Mm:Q6P9Q3;Rn:D3ZG35	Dr:A2BF92	Dr:B6VAM9;Mm:Q9D552;Rn:M0R8U7	-
Q9HCK0	Q14654	57684	3767	ZBTB26	KCNJ11	chromatin immunoprecipitation assay	27924024	Homo sapiens	GTRD	No	Mm:Q6P9Q3;Rn:D3ZG35	Dr:A2BF92	-	-
Q9HCK0	P0DJ07	57684	100131801	ZBTB26	PET100	chromatin immunoprecipitation assay	27924024	Homo sapiens	GTRD	No	Mm:Q6P9Q3;Rn:D3ZG35	Dr:A2BF92	Dm:Q4QPR8;Dr:X1WHJ8;Mm:P0DJE0;Rn:D3ZHD3	-
Q9HCK0	A8MT69	57684	201254	ZBTB26	CENPX	chromatin immunoprecipitation assay	27924024	Homo sapiens	GTRD	No	Mm:Q6P9Q3;Rn:D3ZG35	Dr:A2BF92	Dr:E7F1X6;Mm:Q8C4X1	Rn:A0A0G2K9L7
Q9HCK0	Q5T089	57684	79906	ZBTB26	MORN1	chromatin immunoprecipitation assay	27924024	Homo sapiens	GTRD	No	Mm:Q6P9Q3;Rn:D3ZG35	Dr:A2BF92	Mm:A2RTS7;Rn:Q641X6	-
Q9HCK0	Q9BV20	57684	84245	ZBTB26	MRI1	chromatin immunoprecipitation assay	27924024	Homo sapiens	GTRD	No	Mm:Q6P9Q3;Rn:D3ZG35	Dr:A2BF92	Ce:Q93169;Dm:Q9V9X4;Dr:A9JRE2;Mm:Q9CQT1;Sc:Q06489	Rn:Q5HZE4
Q9HCK0	Q9ULH1	57684	50807	ZBTB26	ASAP1	chromatin immunoprecipitation assay	27924024	Homo sapiens	GTRD	No	Mm:Q6P9Q3;Rn:D3ZG35	Dr:A2BF92	Dr:E7FGT3;Mm:Q9QWY8;Rn:A0A0G2JX76	-
Q9HCK0	Q96KP1	57684	55770	ZBTB26	EXOC2	chromatin immunoprecipitation assay	27924024	Homo sapiens	GTRD	No	Mm:Q6P9Q3;Rn:D3ZG35	Dr:A2BF92	Ce:Q22706;Dm:Q9VQQ9;Dr:Q5RGD7;Mm:Q9D4H1;Sc:P89102	Rn:F1LMB9
Q9HCK0	P51608	57684	4204	ZBTB26	MECP2	chromatin immunoprecipitation assay	27924024	Homo sapiens	GTRD	No	Mm:Q6P9Q3;Rn:D3ZG35	Dr:A2BF92	Dr:Q7T2T7;Mm:Q9Z2D6	Rn:A0A0G2JWK2
Q9HCK0	Q4ZIN3	57684	91304	ZBTB26	TMEM259	chromatin immunoprecipitation assay	27924024	Homo sapiens	GTRD	No	Mm:Q6P9Q3;Rn:D3ZG35	Dr:A2BF92	Ce:Q9TZC7;Dr:E7FCD1;Mm:Q8CIV2;Rn:F1LPC5	-
Q9HCK0	Q9NPI6	57684	55802	ZBTB26	DCP1A	chromatin immunoprecipitation assay	27924024	Homo sapiens	GTRD	No	Mm:Q6P9Q3;Rn:D3ZG35	Dr:A2BF92	Mm:Q91YD3;Rn:D4AE80	Dr:A0A0R4IBD6
Q9HCK0	O43772	57684	788	ZBTB26	SLC25A20	chromatin immunoprecipitation assay	27924024	Homo sapiens	GTRD	No	Mm:Q6P9Q3;Rn:D3ZG35	Dr:A2BF92	Ce:Q27257;Dm:Q9VQG4;Dr:Q6P5K6;Mm:Q9Z2Z6;Rn:Q66HP8	-
Q9HCK0	Q9H0D6	57684	22803	ZBTB26	XRN2	chromatin immunoprecipitation assay	27924024	Homo sapiens	GTRD	No	Mm:Q6P9Q3;Rn:D3ZG35	Dr:A2BF92	Ce:Q9U299;Dm:Q9VM71;Dr:A0A0R4ISJ3;Mm:Q9DBR1;Rn:D4A914;Sc:Q02792	-
Q9HCK0	Q8IYS4	57684	146562	ZBTB26	C16orf71	chromatin immunoprecipitation assay	27924024	Homo sapiens	GTRD	No	Mm:Q6P9Q3;Rn:D3ZG35	Dr:A2BF92	-	-
Q9HCK0	P50591	57684	8743	ZBTB26	TNFSF10	chromatin immunoprecipitation assay	27924024	Homo sapiens	GTRD	No	Mm:Q6P9Q3;Rn:D3ZG35	Dr:A2BF92	Dr:Q6DHG9;Mm:P50592;Rn:E9PU84	-
Q9HCK0	P06493	57684	983	ZBTB26	CDK1	chromatin immunoprecipitation assay	27924024	Homo sapiens	GTRD	No	Mm:Q6P9Q3;Rn:D3ZG35	Dr:A2BF92	Ce:P34556;Dm:P23572;Dr:Q7T3L7;Mm:P11440;Rn:P39951	-
Q9HCK0	Q96J01	57684	84321	ZBTB26	THOC3	chromatin immunoprecipitation assay	27924024	Homo sapiens	GTRD	No	Mm:Q6P9Q3;Rn:D3ZG35	Dr:A2BF92	Ce:P91867;Dm:Q9VHT2;Dr:Q6AXK9;Mm:Q8VE80;Rn:B5DEY5;Sc:P53851	-
Q9HCK0	P09429	57684	3146	ZBTB26	HMGB1	chromatin immunoprecipitation assay	27924024	Homo sapiens	GTRD	No	Mm:Q6P9Q3;Rn:D3ZG35	Dr:A2BF92	Dr:Q6NX86;Dr:X1WFI9;Mm:P63158	Rn:D3ZXR5;Rn:A0A0G2K6P4;Rn:D3ZCR3
Q9HCK0	O00629	57684	3840	ZBTB26	KPNA4	chromatin immunoprecipitation assay	27924024	Homo sapiens	GTRD	No	Mm:Q6P9Q3;Rn:D3ZG35	Dr:A2BF92	Rn:Q56R17	Dr:F1QEW3;Mm:D3YTN1
Q9HCK0	Q00013	57684	4354	ZBTB26	MPP1	chromatin immunoprecipitation assay	27924024	Homo sapiens	GTRD	No	Mm:Q6P9Q3;Rn:D3ZG35	Dr:A2BF92	Dr:A5WV25;Mm:P70290	-
Q9HCK0	R4GN61	57684	-	ZBTB26	-	chromatin immunoprecipitation assay	27924024	Homo sapiens	GTRD	No	Mm:Q6P9Q3;Rn:D3ZG35	Dr:A2BF92	-	-
Q9HCK0	Q5S007	57684	120892	ZBTB26	LRRK2	chromatin immunoprecipitation assay	27924024	Homo sapiens	GTRD	No	Mm:Q6P9Q3;Rn:D3ZG35	Dr:A2BF92	Dr:F8W598;Mm:Q5S006;Rn:F1LNJ1	-
Q9HCK0	O60347	57684	23232	ZBTB26	TBC1D12	chromatin immunoprecipitation assay	27924024	Homo sapiens	GTRD	No	Mm:Q6P9Q3;Rn:D3ZG35	Dr:A2BF92	Dr:E7FDW4;Mm:E9QQ68;Rn:M0R7T9	-
Q9HCK0	P17931	57684	3958	ZBTB26	LGALS3	chromatin immunoprecipitation assay	27924024	Homo sapiens	GTRD	No	Mm:Q6P9Q3;Rn:D3ZG35	Dr:A2BF92	Mm:Q8C253	Dr:F1R4W2;Rn:A0A0G2JXN6
Q9HCK0	Q86YV9	57684	79803	ZBTB26	HPS6	chromatin immunoprecipitation assay	27924024	Homo sapiens	GTRD	No	Mm:Q6P9Q3;Rn:D3ZG35	Dr:A2BF92	Mm:Q8BLY7;Rn:Q7M733	-
Q9HCK0	P43251	57684	686	ZBTB26	BTD	chromatin immunoprecipitation assay	27924024	Homo sapiens	GTRD	No	Mm:Q6P9Q3;Rn:D3ZG35	Dr:A2BF92	-	-
Q9HCK0	P41231	57684	5029	ZBTB26	P2RY2	chromatin immunoprecipitation assay	27924024	Homo sapiens	GTRD	No	Mm:Q6P9Q3;Rn:D3ZG35	Dr:A2BF92	Dr:E7FEY4;Mm:A0A0R4J289	Rn:G3V8H8
Q9HCK0	Q0P651	57684	-	ZBTB26	ABHD18	chromatin immunoprecipitation assay	27924024	Homo sapiens	GTRD	No	Mm:Q6P9Q3;Rn:D3ZG35	Dr:A2BF92	Ce:Q18852;Mm:Q8C1A9;Rn:D4A556	Dm:Q8IQI4;Dr:F1Q676
Q9HCK0	O43447	57684	10465	ZBTB26	PPIH	chromatin immunoprecipitation assay	27924024	Homo sapiens	GTRD	No	Mm:Q6P9Q3;Rn:D3ZG35	Dr:A2BF92	Ce:P52018;Dm:Q4V5H1;Mm:Q9D868;Rn:D4A5R0	Dr:Q6TLD7
Q9HCK0	Q05707	57684	7373	ZBTB26	COL14A1	chromatin immunoprecipitation assay	27924024	Homo sapiens	GTRD	No	Mm:Q6P9Q3;Rn:D3ZG35	Dr:A2BF92	Dr:F1R9Y1;Rn:D3ZZT9	Mm:K3W4R4
Q9HCK0	Q9GZN8	57684	54976	ZBTB26	C20orf27	chromatin immunoprecipitation assay	27924024	Homo sapiens	GTRD	No	Mm:Q6P9Q3;Rn:D3ZG35	Dr:A2BF92	Dm:Q9VSK4;Mm:Q9D1K7;Rn:Q4KM45	Dr:F1RES5
Q9HCK0	Q14966	57684	27332	ZBTB26	ZNF638	chromatin immunoprecipitation assay	27924024	Homo sapiens	GTRD	No	Mm:Q6P9Q3;Rn:D3ZG35	Dr:A2BF92	Dr:A0A0R4IZ89;Rn:D4A0U3	Mm:E9QML5
Q9HCK0	O14967	57684	1047	ZBTB26	CLGN	chromatin immunoprecipitation assay	27924024	Homo sapiens	GTRD	No	Mm:Q6P9Q3;Rn:D3ZG35	Dr:A2BF92	Mm:P52194;Rn:D3ZFS2	-
Q9HCK0	P17707	57684	262	ZBTB26	AMD1	chromatin immunoprecipitation assay	27924024	Homo sapiens	GTRD	No	Mm:Q6P9Q3;Rn:D3ZG35	Dr:A2BF92	Ce:O02655;Dr:Q7ZVU7;Mm:D3Z6H8;Mm:P0DMN7;Rn:P17708;Sc:P21182	Dm:Q58CK1
Q9HCK0	Q8IVP9	57684	284306	ZBTB26	ZNF547	chromatin immunoprecipitation assay	27924024	Homo sapiens	GTRD	No	Mm:Q6P9Q3;Rn:D3ZG35	Dr:A2BF92	-	-
Q9HCK0	Q12946	57684	2294	ZBTB26	FOXF1	chromatin immunoprecipitation assay	27924024	Homo sapiens	GTRD	No	Mm:Q6P9Q3;Rn:D3ZG35	Dr:A2BF92	Mm:Q61080	Dr:A1L1S5;Rn:M0R8R8
Q9HCK0	Q06587	57684	6015	ZBTB26	RING1	chromatin immunoprecipitation assay	27924024	Homo sapiens	GTRD	No	Mm:Q6P9Q3;Rn:D3ZG35	Dr:A2BF92	Mm:O35730;Rn:Q6MGB6	-
Q9HCK0	P62070	57684	22800	ZBTB26	RRAS2	chromatin immunoprecipitation assay	27924024	Homo sapiens	GTRD	No	Mm:Q6P9Q3;Rn:D3ZG35	Dr:A2BF92	Dm:P04388;Dr:Q568M0;Mm:P62071;Rn:Q5BJU0	-
Q9HCK0	O76090	57684	7439	ZBTB26	BEST1	chromatin immunoprecipitation assay	27924024	Homo sapiens	GTRD	No	Mm:Q6P9Q3;Rn:D3ZG35	Dr:A2BF92	Mm:O88870;Rn:Q6AYG9	-
Q9HCK0	Q5UIP0	57684	55183	ZBTB26	RIF1	chromatin immunoprecipitation assay	27924024	Homo sapiens	GTRD	No	Mm:Q6P9Q3;Rn:D3ZG35	Dr:A2BF92	Mm:Q6PR54;Rn:A0A0G2KB73	-
Q9HCK0	O43570	57684	771	ZBTB26	CA12	chromatin immunoprecipitation assay	27924024	Homo sapiens	GTRD	No	Mm:Q6P9Q3;Rn:D3ZG35	Dr:A2BF92	Mm:A0A0R4J0W4;Rn:A2IBE2	-
Q9HCK0	P11387	57684	7150	ZBTB26	TOP1	chromatin immunoprecipitation assay	27924024	Homo sapiens	GTRD	No	Mm:Q6P9Q3;Rn:D3ZG35	Dr:A2BF92	Dr:Q1ED17;Mm:Q04750;Rn:A0A0G2K3V7	-
Q9HCK0	Q92623	57684	23508	ZBTB26	TTC9	chromatin immunoprecipitation assay	27924024	Homo sapiens	GTRD	No	Mm:Q6P9Q3;Rn:D3ZG35	Dr:A2BF92	Mm:Q3V038;Rn:D3ZS76	Dr:F1R268
Q9HCK0	Q96GM5	57684	6602	ZBTB26	SMARCD1	chromatin immunoprecipitation assay	27924024	Homo sapiens	GTRD	No	Mm:Q6P9Q3;Rn:D3ZG35	Dr:A2BF92	Dm:Q9VYG2;Dr:Q802C8;Mm:Q61466;Rn:D3ZBS9	-
Q9HCK0	P58505	57684	54058	ZBTB26	C21orf58	chromatin immunoprecipitation assay	27924024	Homo sapiens	GTRD	No	Mm:Q6P9Q3;Rn:D3ZG35	Dr:A2BF92	Mm:G5E8K1;Rn:A1A5P8	Dr:I3ISM1
Q9HCK0	Q8IYB8	57684	6832	ZBTB26	SUPV3L1	chromatin immunoprecipitation assay	27924024	Homo sapiens	GTRD	No	Mm:Q6P9Q3;Rn:D3ZG35	Dr:A2BF92	Dm:Q9VN03;Mm:Q80YD1;Rn:A0A0G2K9R3	Dr:B8A5H7
Q9HCK0	Q16270	57684	3490	ZBTB26	IGFBP7	chromatin immunoprecipitation assay	27924024	Homo sapiens	GTRD	No	Mm:Q6P9Q3;Rn:D3ZG35	Dr:A2BF92	Mm:E9Q5D9;Rn:F1M9B2	Dr:A0A0R4IZL1
Q9HCK0	P00846	57684	4508	ZBTB26	MT-ATP6	chromatin immunoprecipitation assay	27924024	Homo sapiens	GTRD	No	Mm:Q6P9Q3;Rn:D3ZG35	Dr:A2BF92	Dr:Q9MIY5;Rn:P05504;Sc:P00854	Dm:A0A0M4FZ91;Mm:P00848
Q9HCK0	Q14865	57684	84159	ZBTB26	ARID5B	chromatin immunoprecipitation assay	27924024	Homo sapiens	GTRD	No	Mm:Q6P9Q3;Rn:D3ZG35	Dr:A2BF92	Dr:E7F888;Mm:Q8BM75	-
Q9HCK0	Q9Y6R1	57684	8671	ZBTB26	SLC4A4	chromatin immunoprecipitation assay	27924024	Homo sapiens	GTRD	No	Mm:Q6P9Q3;Rn:D3ZG35	Dr:A2BF92	Dr:A0A2R8QD45;Mm:O88343	Rn:A0A0H2UHB7
Q9HCK0	Q02446	57684	6671	ZBTB26	SP4	chromatin immunoprecipitation assay	27924024	Homo sapiens	GTRD	No	Mm:Q6P9Q3;Rn:D3ZG35	Dr:A2BF92	Dm:Q9VEW6;Mm:A0A1Y7VJR5;Rn:Q63158	Dr:F1QVQ1
Q9HCK0	P0CJ78	57684	100507290	ZBTB26	ZNF865	chromatin immunoprecipitation assay	27924024	Homo sapiens	GTRD	No	Mm:Q6P9Q3;Rn:D3ZG35	Dr:A2BF92	Mm:Q3U3I9	Rn:M0R740
Q9HCK0	Q8IV32	57684	64925	ZBTB26	CCDC71	chromatin immunoprecipitation assay	27924024	Homo sapiens	GTRD	No	Mm:Q6P9Q3;Rn:D3ZG35	Dr:A2BF92	Mm:Q8VEG0;Rn:Q4V7C4	-
Q9HCK0	Q92522	57684	8971	ZBTB26	H1-10	chromatin immunoprecipitation assay	27924024	Homo sapiens	GTRD	No	Mm:Q6P9Q3;Rn:D3ZG35	Dr:A2BF92	Mm:Q80ZM5;Rn:D3ZIX4	-
Q9HCK0	Q8TAK5	57684	126626	ZBTB26	GABPB2	chromatin immunoprecipitation assay	27924024	Homo sapiens	GTRD	No	Mm:Q6P9Q3;Rn:D3ZG35	Dr:A2BF92	Mm:P81069	Rn:D3ZSD3
Q9HCK0	P03905	57684	4538	ZBTB26	MT-ND4	chromatin immunoprecipitation assay	27924024	Homo sapiens	GTRD	No	Mm:Q6P9Q3;Rn:D3ZG35	Dr:A2BF92	Mm:P03911	Dr:Q9MIY1;Rn:P05508
Q9HCK0	Q9BXS0	57684	84570	ZBTB26	COL25A1	chromatin immunoprecipitation assay	27924024	Homo sapiens	GTRD	No	Mm:Q6P9Q3;Rn:D3ZG35	Dr:A2BF92	-	-
Q9HCK0	Q15904	57684	537	ZBTB26	ATP6AP1	chromatin immunoprecipitation assay	27924024	Homo sapiens	GTRD	No	Mm:Q6P9Q3;Rn:D3ZG35	Dr:A2BF92	Mm:Q9R1Q9;Rn:Q6IRF8	Dr:F1R9A7;Dr:A2AR67
Q9HCK0	O60883	57684	9283	ZBTB26	GPR37L1	chromatin immunoprecipitation assay	27924024	Homo sapiens	GTRD	No	Mm:Q6P9Q3;Rn:D3ZG35	Dr:A2BF92	Mm:Q99JG2;Rn:B4F7C1	-
Q9HCK0	P02765	57684	197	ZBTB26	AHSG	chromatin immunoprecipitation assay	27924024	Homo sapiens	GTRD	No	Mm:Q6P9Q3;Rn:D3ZG35	Dr:A2BF92	-	-
Q9HCK0	P19525	57684	5610	ZBTB26	EIF2AK2	chromatin immunoprecipitation assay	27924024	Homo sapiens	GTRD	No	Mm:Q6P9Q3;Rn:D3ZG35	Dr:A2BF92	Dr:A0A0R4IHF6;Mm:Q03963;Rn:M0RDJ3	-
Q9HCK0	Q14764	57684	9961	ZBTB26	MVP	chromatin immunoprecipitation assay	27924024	Homo sapiens	GTRD	No	Mm:Q6P9Q3;Rn:D3ZG35	Dr:A2BF92	Mm:E9Q3X0;Rn:A0A140TAE0	Dr:F1Q781
Q9HCK0	Q3BBV0	57684	55672	ZBTB26	NBPF1	chromatin immunoprecipitation assay	27924024	Homo sapiens	GTRD	No	Mm:Q6P9Q3;Rn:D3ZG35	Dr:A2BF92	-	-
Q9HCK0	Q9H0V1	57684	64418	ZBTB26	TMEM168	chromatin immunoprecipitation assay	27924024	Homo sapiens	GTRD	No	Mm:Q6P9Q3;Rn:D3ZG35	Dr:A2BF92	Mm:Q91VX9	-
Q9HCK0	O95199	57684	1102	ZBTB26	RCBTB2	chromatin immunoprecipitation assay	27924024	Homo sapiens	GTRD	No	Mm:Q6P9Q3;Rn:D3ZG35	Dr:A2BF92	Dr:F1QWN9;Mm:Q99LJ7;Rn:Q6P798	-
Q9HCK0	Q9P2M7	57684	57530	ZBTB26	CGN	chromatin immunoprecipitation assay	27924024	Homo sapiens	GTRD	No	Mm:Q6P9Q3;Rn:D3ZG35	Dr:A2BF92	-	-
Q9HCK0	Q5JS13	57684	9649	ZBTB26	RALGPS1	chromatin immunoprecipitation assay	27924024	Homo sapiens	GTRD	No	Mm:Q6P9Q3;Rn:D3ZG35	Dr:A2BF92	Dr:B0UXH6;Mm:A2AR50;Rn:D3ZLR4	-
Q9HCK0	Q3V6T2	57684	55704	ZBTB26	CCDC88A	chromatin immunoprecipitation assay	27924024	Homo sapiens	GTRD	No	Mm:Q6P9Q3;Rn:D3ZG35	Dr:A2BF92	Mm:Q5SNZ0	Rn:D3ZYD7
Q9HCK0	Q00325	57684	5250	ZBTB26	SLC25A3	chromatin immunoprecipitation assay	27924024	Homo sapiens	GTRD	No	Mm:Q6P9Q3;Rn:D3ZG35	Dr:A2BF92	Dm:Q7JUS9;Dm:Q0E8E8;Mm:Q8VEM8;Sc:P40035	Ce:G5ECU3;Dr:F1QAJ7;Rn:G3V741
Q9HCK0	Q86TG1	57684	129303	ZBTB26	TMEM150A	chromatin immunoprecipitation assay	27924024	Homo sapiens	GTRD	No	Mm:Q6P9Q3;Rn:D3ZG35	Dr:A2BF92	Dr:A3QJW0;Dr:A3QK14;Mm:Q91WN2;Rn:Q9QZE9	-
Q9HCK0	Q96T51	57684	80230	ZBTB26	RUFY1	chromatin immunoprecipitation assay	27924024	Homo sapiens	GTRD	No	Mm:Q6P9Q3;Rn:D3ZG35	Dr:A2BF92	Dr:E7FE23;Mm:Q8BIJ7;Rn:F1LR42	-
Q9HCK0	Q9UBS3	57684	4189	ZBTB26	DNAJB9	chromatin immunoprecipitation assay	27924024	Homo sapiens	GTRD	No	Mm:Q6P9Q3;Rn:D3ZG35	Dr:A2BF92	Dr:F1QB06;Dr:A5WWB9;Mm:Q9QYI6;Rn:P97554	-
Q9HCK0	Q8IWB6	57684	56155	ZBTB26	TEX14	chromatin immunoprecipitation assay	27924024	Homo sapiens	GTRD	No	Mm:Q6P9Q3;Rn:D3ZG35	Dr:A2BF92	Mm:Q7M6U3;Rn:J3KTR9	-
Q9HCK0	Q93077	57684	8334	ZBTB26	H2AC6	chromatin immunoprecipitation assay	27924024	Homo sapiens	GTRD	No	Mm:Q6P9Q3;Rn:D3ZG35	Dr:A2BF92	-	-
Q9HCK0	Q5JR12	57684	333926	ZBTB26	PPM1J	chromatin immunoprecipitation assay	27924024	Homo sapiens	GTRD	No	Mm:Q6P9Q3;Rn:D3ZG35	Dr:A2BF92	Mm:Q149T7;Rn:A0A0H2UHJ9	-
Q9HCK0	Q00839	57684	3192	ZBTB26	HNRNPU	chromatin immunoprecipitation assay	27924024	Homo sapiens	GTRD	No	Mm:Q6P9Q3;Rn:D3ZG35	Dr:A2BF92	Dm:A8E6M1;Dr:Q5RHQ7;Mm:Q8VEK3	Rn:A0A0G2JZ52
Q9HCK0	P14859	57684	5451	ZBTB26	POU2F1	chromatin immunoprecipitation assay	27924024	Homo sapiens	GTRD	No	Mm:Q6P9Q3;Rn:D3ZG35	Dr:A2BF92	Rn:F1LRD7	Mm:A0A0R4J1Z4
Q9HCK0	Q8WVP5	57684	126282	ZBTB26	TNFAIP8L1	chromatin immunoprecipitation assay	27924024	Homo sapiens	GTRD	No	Mm:Q6P9Q3;Rn:D3ZG35	Dr:A2BF92	Mm:Q8K288;Rn:M0R7K3	-
Q9HCK0	Q9UKF7	57684	26207	ZBTB26	PITPNC1	chromatin immunoprecipitation assay	27924024	Homo sapiens	GTRD	No	Mm:Q6P9Q3;Rn:D3ZG35	Dr:A2BF92	-	-
Q9HCK0	Q9Y6A5	57684	10460	ZBTB26	TACC3	chromatin immunoprecipitation assay	27924024	Homo sapiens	GTRD	No	Mm:Q6P9Q3;Rn:D3ZG35	Dr:A2BF92	Mm:Q99LH8	Rn:D3Z962
Q9HCK0	Q6V0I7	57684	79633	ZBTB26	FAT4	chromatin immunoprecipitation assay	27924024	Homo sapiens	GTRD	No	Mm:Q6P9Q3;Rn:D3ZG35	Dr:A2BF92	-	-
Q9HCK0	Q92935	57684	2134	ZBTB26	EXTL1	chromatin immunoprecipitation assay	27924024	Homo sapiens	GTRD	No	Mm:Q6P9Q3;Rn:D3ZG35	Dr:A2BF92	Mm:Q9JKV7;Rn:D3ZLU1	-
Q9HCK0	Q86UV5	57684	84196	ZBTB26	USP48	chromatin immunoprecipitation assay	27924024	Homo sapiens	GTRD	No	Mm:Q6P9Q3;Rn:D3ZG35	Dr:A2BF92	Rn:A0A0G2JUQ8	Mm:A2ALR9
Q9HCK0	Q14439	57684	11245	ZBTB26	GPR176	chromatin immunoprecipitation assay	27924024	Homo sapiens	GTRD	No	Mm:Q6P9Q3;Rn:D3ZG35	Dr:A2BF92	Mm:Q80WT4;Rn:Q64017	Dr:F1QU09
Q9HCK0	Q9NXN4	57684	54834	ZBTB26	GDAP2	chromatin immunoprecipitation assay	27924024	Homo sapiens	GTRD	No	Mm:Q6P9Q3;Rn:D3ZG35	Dr:A2BF92	Dm:Q7JUR6;Mm:Q9DBL2;Rn:Q66H63	Dr:B0VEQ8
Q9HCK0	Q9ULI0	57684	54454	ZBTB26	ATAD2B	chromatin immunoprecipitation assay	27924024	Homo sapiens	GTRD	No	Mm:Q6P9Q3;Rn:D3ZG35	Dr:A2BF92	-	-
Q9HCK0	Q14562	57684	1659	ZBTB26	DHX8	chromatin immunoprecipitation assay	27924024	Homo sapiens	GTRD	No	Mm:Q6P9Q3;Rn:D3ZG35	Dr:A2BF92	Ce:Q09530;Dm:A1Z9L3;Mm:A2A4P0;Rn:A0A0G2K283;Sc:P24384	-
Q9HCK0	Q502X0	57684	729967	ZBTB26	MORN2	chromatin immunoprecipitation assay	27924024	Homo sapiens	GTRD	No	Mm:Q6P9Q3;Rn:D3ZG35	Dr:A2BF92	Dr:F1R4E2;Mm:Q6UL01;Rn:B2RYT2	-
Q9HCK0	Q9BXB4	57684	114885	ZBTB26	OSBPL11	chromatin immunoprecipitation assay	27924024	Homo sapiens	GTRD	No	Mm:Q6P9Q3;Rn:D3ZG35	Dr:A2BF92	Dr:B0S5M3;Mm:G5E8A0;Rn:B5DF74	-
Q9HCK0	Q676U5	57684	55054	ZBTB26	ATG16L1	chromatin immunoprecipitation assay	27924024	Homo sapiens	GTRD	No	Mm:Q6P9Q3;Rn:D3ZG35	Dr:A2BF92	Mm:Q8C0J2;Rn:A0A0G2K9U6	Dr:A0A0R4IP97
Q9HCK0	P51617	57684	3654	ZBTB26	IRAK1	chromatin immunoprecipitation assay	27924024	Homo sapiens	GTRD	No	Mm:Q6P9Q3;Rn:D3ZG35	Dr:A2BF92	Dr:F6NJE2;Mm:Q62406;Rn:B2RYH5	-
Q9HCK0	Q9UN86	57684	9908	ZBTB26	G3BP2	chromatin immunoprecipitation assay	27924024	Homo sapiens	GTRD	No	Mm:Q6P9Q3;Rn:D3ZG35	Dr:A2BF92	Ce:Q21351;Dm:Q9VFT4;Dr:A1L1U3;Mm:P97379;Rn:Q6AY21	-
Q9HCK0	Q5JWR5	57684	23033	ZBTB26	DOP1A	chromatin immunoprecipitation assay	27924024	Homo sapiens	GTRD	No	Mm:Q6P9Q3;Rn:D3ZG35	Dr:A2BF92	-	-
Q9HCK0	O43781	57684	8444	ZBTB26	DYRK3	chromatin immunoprecipitation assay	27924024	Homo sapiens	GTRD	No	Mm:Q6P9Q3;Rn:D3ZG35	Dr:A2BF92	Mm:Q922Y0;Rn:F1LN50	-
Q9HCK0	O94855	57684	9871	ZBTB26	SEC24D	chromatin immunoprecipitation assay	27924024	Homo sapiens	GTRD	No	Mm:Q6P9Q3;Rn:D3ZG35	Dr:A2BF92	Mm:Q6NXL1;Rn:G3V9S9;Sc:P38810	-
Q9HCK0	Q8IYT3	57684	80129	ZBTB26	CCDC170	chromatin immunoprecipitation assay	27924024	Homo sapiens	GTRD	No	Mm:Q6P9Q3;Rn:D3ZG35	Dr:A2BF92	Dr:E7F1G2;Mm:D3YXL0	Ce:Q10030;Dm:Q9VJ69;Rn:F1LT05
Q9HCK0	Q92834	57684	6103	ZBTB26	RPGR	chromatin immunoprecipitation assay	27924024	Homo sapiens	GTRD	No	Mm:Q6P9Q3;Rn:D3ZG35	Dr:A2BF92	Dr:F1QM29	-
Q9HCK0	Q86T65	57684	23500	ZBTB26	DAAM2	chromatin immunoprecipitation assay	27924024	Homo sapiens	GTRD	No	Mm:Q6P9Q3;Rn:D3ZG35	Dr:A2BF92	-	-
Q9HCK0	P28358	57684	3236	ZBTB26	HOXD10	chromatin immunoprecipitation assay	27924024	Homo sapiens	GTRD	No	Mm:Q6P9Q3;Rn:D3ZG35	Dr:A2BF92	Dr:Q90469;Mm:P28359	Rn:D4ACD8
Q9HCK0	Q3B820	57684	84140	ZBTB26	FAM161A	chromatin immunoprecipitation assay	27924024	Homo sapiens	GTRD	No	Mm:Q6P9Q3;Rn:D3ZG35	Dr:A2BF92	Mm:Q8QZV6	Dr:E7F9W4;Rn:A0A0A0MXW0
Q9HCK0	A0A1B0GU75	57684	-	ZBTB26	-	chromatin immunoprecipitation assay	27924024	Homo sapiens	GTRD	No	Mm:Q6P9Q3;Rn:D3ZG35	Dr:A2BF92	-	-
Q9HCK0	Q9NWN3	57684	55030	ZBTB26	FBXO34	chromatin immunoprecipitation assay	27924024	Homo sapiens	GTRD	No	Mm:Q6P9Q3;Rn:D3ZG35	Dr:A2BF92	Dr:X1WCP0;Mm:Q80XI1	Rn:G3V7J6
Q9HCK0	P02462	57684	1282	ZBTB26	COL4A1	chromatin immunoprecipitation assay	27924024	Homo sapiens	GTRD	No	Mm:Q6P9Q3;Rn:D3ZG35	Dr:A2BF92	Mm:P02463;Rn:F1MA59	Dr:F1Q8S5
Q9HCK0	Q99933	57684	573	ZBTB26	BAG1	chromatin immunoprecipitation assay	27924024	Homo sapiens	GTRD	No	Mm:Q6P9Q3;Rn:D3ZG35	Dr:A2BF92	Rn:F1LRM5	-
Q9HCK0	Q8WZ19	57684	253980	ZBTB26	KCTD13	chromatin immunoprecipitation assay	27924024	Homo sapiens	GTRD	No	Mm:Q6P9Q3;Rn:D3ZG35	Dr:A2BF92	Mm:Q8BGV7;Rn:Q7TQ24	-
Q9HCK0	Q07960	57684	392	ZBTB26	ARHGAP1	chromatin immunoprecipitation assay	27924024	Homo sapiens	GTRD	No	Mm:Q6P9Q3;Rn:D3ZG35	Dr:A2BF92	Mm:Q5FWK3;Rn:D4A6C5	Dr:F1R2J2
Q9HCK0	B2RXF0	57684	730130	ZBTB26	TMEM229A	chromatin immunoprecipitation assay	27924024	Homo sapiens	GTRD	No	Mm:Q6P9Q3;Rn:D3ZG35	Dr:A2BF92	Mm:B9EJI9;Rn:D4ACS9	-
Q9HCK0	P21281	57684	526	ZBTB26	ATP6V1B2	chromatin immunoprecipitation assay	27924024	Homo sapiens	GTRD	No	Mm:Q6P9Q3;Rn:D3ZG35	Dr:A2BF92	Ce:Q19626;Mm:P62814;Rn:P62815	Dr:A4FUM8
Q9HCK0	O60356	57684	26471	ZBTB26	NUPR1	chromatin immunoprecipitation assay	27924024	Homo sapiens	GTRD	No	Mm:Q6P9Q3;Rn:D3ZG35	Dr:A2BF92	Mm:Q9WTK0	Rn:O54842
Q9HCK0	P36021	57684	6567	ZBTB26	SLC16A2	chromatin immunoprecipitation assay	27924024	Homo sapiens	GTRD	No	Mm:Q6P9Q3;Rn:D3ZG35	Dr:A2BF92	Mm:O70324;Rn:G3V9C2	-
Q9HCK0	Q96BM0	57684	122509	ZBTB26	IFI27L1	chromatin immunoprecipitation assay	27924024	Homo sapiens	GTRD	No	Mm:Q6P9Q3;Rn:D3ZG35	Dr:A2BF92	Dr:F6NVZ1	-
Q9HCK0	P41240	57684	1445	ZBTB26	CSK	chromatin immunoprecipitation assay	27924024	Homo sapiens	GTRD	No	Mm:Q6P9Q3;Rn:D3ZG35	Dr:A2BF92	Ce:G5ECJ6;Dr:A0JMN4;Mm:P41241;Rn:P32577	-
Q9HCK0	Q7RTS9	57684	54808	ZBTB26	DYM	chromatin immunoprecipitation assay	27924024	Homo sapiens	GTRD	No	Mm:Q6P9Q3;Rn:D3ZG35	Dr:A2BF92	-	-
Q9HCK0	Q6IPT4	57684	606495	ZBTB26	CYB5RL	chromatin immunoprecipitation assay	27924024	Homo sapiens	GTRD	No	Mm:Q6P9Q3;Rn:D3ZG35	Dr:A2BF92	Mm:B1AS42	Rn:D3ZZ05
Q9HCK0	A5A3E0	57684	728378	ZBTB26	POTEF	chromatin immunoprecipitation assay	27924024	Homo sapiens	GTRD	No	Mm:Q6P9Q3;Rn:D3ZG35	Dr:A2BF92	-	-
Q9HCK0	Q66K66	57684	130612	ZBTB26	TMEM198	chromatin immunoprecipitation assay	27924024	Homo sapiens	GTRD	No	Mm:Q6P9Q3;Rn:D3ZG35	Dr:A2BF92	Dm:Q9VWD2;Dr:Q498W5;Mm:Q8BG75;Rn:D3ZHB8	Dr:E7EZQ2
Q9HCK0	O14976	57684	2580	ZBTB26	GAK	chromatin immunoprecipitation assay	27924024	Homo sapiens	GTRD	No	Mm:Q6P9Q3;Rn:D3ZG35	Dr:A2BF92	Dr:A0A0R4IWM3;Mm:A0A0R4J0F6;Rn:F1LMD9	-
Q9HCK0	Q12955	57684	288	ZBTB26	ANK3	chromatin immunoprecipitation assay	27924024	Homo sapiens	GTRD	No	Mm:Q6P9Q3;Rn:D3ZG35	Dr:A2BF92	-	-
Q9HCK0	Q9ULX3	57684	28987	ZBTB26	NOB1	chromatin immunoprecipitation assay	27924024	Homo sapiens	GTRD	No	Mm:Q6P9Q3;Rn:D3ZG35	Dr:A2BF92	Ce:Q9N3D3;Dm:Q9W2Y4;Mm:Q8BW10;Rn:Q6VEU1;Sc:Q08444	Dr:I3ISV3
Q9HCK0	Q99832	57684	10574	ZBTB26	CCT7	chromatin immunoprecipitation assay	27924024	Homo sapiens	GTRD	No	Mm:Q6P9Q3;Rn:D3ZG35	Dr:A2BF92	Ce:Q9TZS5;Dm:Q9VHL2;Dr:B3DKJ0;Mm:P80313;Rn:D4AC23;Sc:P42943	-
Q9HCK0	Q86VH2	57684	55582	ZBTB26	KIF27	chromatin immunoprecipitation assay	27924024	Homo sapiens	GTRD	No	Mm:Q6P9Q3;Rn:D3ZG35	Dr:A2BF92	Mm:Q7M6Z4;Rn:Q7M6Z5	-
Q9HCK0	Q00536	57684	5127	ZBTB26	CDK16	chromatin immunoprecipitation assay	27924024	Homo sapiens	GTRD	No	Mm:Q6P9Q3;Rn:D3ZG35	Dr:A2BF92	-	-
Q9HCK0	P46934	57684	4734	ZBTB26	NEDD4	chromatin immunoprecipitation assay	27924024	Homo sapiens	GTRD	No	Mm:Q6P9Q3;Rn:D3ZG35	Dr:A2BF92	Ce:A0A061ACQ8;Dr:A0A0R4IDE6;Mm:P46935;Rn:A0A0G2K8P3	-
Q9HCK0	Q9H4F8	57684	64093	ZBTB26	SMOC1	chromatin immunoprecipitation assay	27924024	Homo sapiens	GTRD	No	Mm:Q6P9Q3;Rn:D3ZG35	Dr:A2BF92	Mm:A0A0R4J1E4;Rn:Q6IE50	-
Q9HCK0	Q9C093	57684	79925	ZBTB26	SPEF2	chromatin immunoprecipitation assay	27924024	Homo sapiens	GTRD	No	Mm:Q6P9Q3;Rn:D3ZG35	Dr:A2BF92	Mm:Q8C9J3	Dr:A0A0R4IPA7;Rn:A0A0G2JXL6
Q9HCK0	Q9UHF4	57684	53832	ZBTB26	IL20RA	chromatin immunoprecipitation assay	27924024	Homo sapiens	GTRD	No	Mm:Q6P9Q3;Rn:D3ZG35	Dr:A2BF92	Mm:Q6PHB0;Rn:D3ZJZ2	-
Q9HCK0	Q9Y3A2	57684	51118	ZBTB26	UTP11	chromatin immunoprecipitation assay	27924024	Homo sapiens	GTRD	No	Mm:Q6P9Q3;Rn:D3ZG35	Dr:A2BF92	Dr:A2BGW6;Mm:Q9CZJ1;Rn:B5DF84;Sc:P34247	Ce:Q09462
Q9HCK0	Q8IWT1	57684	6330	ZBTB26	SCN4B	chromatin immunoprecipitation assay	27924024	Homo sapiens	GTRD	No	Mm:Q6P9Q3;Rn:D3ZG35	Dr:A2BF92	Dr:Q06W26;Dr:Q06W25;Mm:Q7M729;Rn:Q7M730	-
Q9HCK0	Q9Y508	57684	55905	ZBTB26	RNF114	chromatin immunoprecipitation assay	27924024	Homo sapiens	GTRD	No	Mm:Q6P9Q3;Rn:D3ZG35	Dr:A2BF92	Mm:Q9ET26;Rn:Q6J2U6	Dr:Q6J0N1
Q9HCK0	Q9H5I1	57684	79723	ZBTB26	SUV39H2	chromatin immunoprecipitation assay	27924024	Homo sapiens	GTRD	No	Mm:Q6P9Q3;Rn:D3ZG35	Dr:A2BF92	Mm:A0A0R4J074;Rn:D3ZIH5	-
Q9HCK0	O15400	57684	8417	ZBTB26	STX7	chromatin immunoprecipitation assay	27924024	Homo sapiens	GTRD	No	Mm:Q6P9Q3;Rn:D3ZG35	Dr:A2BF92	Dm:Q7K0X9;Mm:Q8BH40;Rn:O70257	Dr:A0A0A0MPL4;Rn:M0R930
Q9HCK0	P0DPD6	57684	110599583;9718	ZBTB26	ECE2	chromatin immunoprecipitation assay	27924024	Homo sapiens	GTRD	No	Mm:Q6P9Q3;Rn:D3ZG35	Dr:A2BF92	-	-
Q9HCK0	Q07020	57684	6141	ZBTB26	RPL18	chromatin immunoprecipitation assay	27924024	Homo sapiens	GTRD	No	Mm:Q6P9Q3;Rn:D3ZG35	Dr:A2BF92	Ce:O45946;Dm:Q9VS34;Dr:Q6DGL0;Mm:P35980;Rn:A0A0H2UHS7;Sc:P0CX49	-
Q9HCK0	Q96N23	57684	144535	ZBTB26	CFAP54	chromatin immunoprecipitation assay	27924024	Homo sapiens	GTRD	No	Mm:Q6P9Q3;Rn:D3ZG35	Dr:A2BF92	-	-
Q9HCK0	Q6H8Q1	57684	84448	ZBTB26	ABLIM2	chromatin immunoprecipitation assay	27924024	Homo sapiens	GTRD	No	Mm:Q6P9Q3;Rn:D3ZG35	Dr:A2BF92	Dr:U3JA30;Rn:A0A0G2JXC7	Mm:E9Q4K0
Q9HCK0	Q9H172	57684	64137	ZBTB26	ABCG4	chromatin immunoprecipitation assay	27924024	Homo sapiens	GTRD	No	Mm:Q6P9Q3;Rn:D3ZG35	Dr:A2BF92	Dr:A2BFT1;Mm:Q91WA9;Rn:D3ZCM3	Dr:F1QIU0
Q9HCK0	Q9NSK7	57684	83636	ZBTB26	C19orf12	chromatin immunoprecipitation assay	27924024	Homo sapiens	GTRD	No	Mm:Q6P9Q3;Rn:D3ZG35	Dr:A2BF92	-	-
Q9HCK0	Q32MZ4	57684	9208	ZBTB26	LRRFIP1	chromatin immunoprecipitation assay	27924024	Homo sapiens	GTRD	No	Mm:Q6P9Q3;Rn:D3ZG35	Dr:A2BF92	Mm:Q3UZ39;Rn:Q66HF9	-
Q9HCK0	Q8IZF0	57684	259232	ZBTB26	NALCN	chromatin immunoprecipitation assay	27924024	Homo sapiens	GTRD	No	Mm:Q6P9Q3;Rn:D3ZG35	Dr:A2BF92	Mm:E9QLE4	Ce:G5EDM1;Ce:V6CKM5;Dm:R9PY25;Rn:F1LS19
Q9HCK0	Q9BWQ6	57684	78992	ZBTB26	YIPF2	chromatin immunoprecipitation assay	27924024	Homo sapiens	GTRD	No	Mm:Q6P9Q3;Rn:D3ZG35	Dr:A2BF92	Mm:Q99LP8;Rn:Q5XIT3	-
Q9HCK0	P10415	57684	596	ZBTB26	BCL2	chromatin immunoprecipitation assay	27924024	Homo sapiens	GTRD	No	Mm:Q6P9Q3;Rn:D3ZG35	Dr:A2BF92	Dr:Q564A4;Mm:P10417;Rn:F1LNV0	Dr:F8W266
Q9HCK0	O75509	57684	27242	ZBTB26	TNFRSF21	chromatin immunoprecipitation assay	27924024	Homo sapiens	GTRD	No	Mm:Q6P9Q3;Rn:D3ZG35	Dr:A2BF92	Dr:Q5TYN2;Mm:Q9EPU5;Rn:D3ZF92	-
Q9HCK0	P07954	57684	2271	ZBTB26	FH	chromatin immunoprecipitation assay	27924024	Homo sapiens	GTRD	No	Mm:Q6P9Q3;Rn:D3ZG35	Dr:A2BF92	Ce:O17214;Dr:F1QWR4;Mm:P97807;Sc:P08417	Dm:Q8IRQ5;Rn:P14408
Q9HCK0	P98172	57684	1947	ZBTB26	EFNB1	chromatin immunoprecipitation assay	27924024	Homo sapiens	GTRD	No	Mm:Q6P9Q3;Rn:D3ZG35	Dr:A2BF92	Dr:Q90Z33;Mm:P52795;Rn:Q6P7B6	-
Q9HCK0	Q6P2D8	57684	143570	ZBTB26	XRRA1	chromatin immunoprecipitation assay	27924024	Homo sapiens	GTRD	No	Mm:Q6P9Q3;Rn:D3ZG35	Dr:A2BF92	Dr:I3ITI1;Mm:Q3U3V8;Rn:A0A0G2K0N1	-
Q9HCK0	Q9BX40	57684	149986	ZBTB26	LSM14B	chromatin immunoprecipitation assay	27924024	Homo sapiens	GTRD	No	Mm:Q6P9Q3;Rn:D3ZG35	Dr:A2BF92	Mm:Q8CGC4;Rn:A0A0G2JZY0	Dr:F1Q898
Q9HCK0	Q9H4I0	57684	642636	ZBTB26	RAD21L1	chromatin immunoprecipitation assay	27924024	Homo sapiens	GTRD	No	Mm:Q6P9Q3;Rn:D3ZG35	Dr:A2BF92	Mm:A2AU37	Rn:D4ADQ7
Q9HCK0	Q14773	57684	3386	ZBTB26	ICAM4	chromatin immunoprecipitation assay	27924024	Homo sapiens	GTRD	No	Mm:Q6P9Q3;Rn:D3ZG35	Dr:A2BF92	Mm:Q9ERM2;Rn:D3ZP29	-
Q9HCK0	P51828	57684	113	ZBTB26	ADCY7	chromatin immunoprecipitation assay	27924024	Homo sapiens	GTRD	No	Mm:Q6P9Q3;Rn:D3ZG35	Dr:A2BF92	Mm:P51829	Dr:E7F482;Rn:F1LQT1
Q9HCK0	Q9UPY6	57684	10810	ZBTB26	WASF3	chromatin immunoprecipitation assay	27924024	Homo sapiens	GTRD	No	Mm:Q6P9Q3;Rn:D3ZG35	Dr:A2BF92	Mm:Q8VHI6;Rn:M0R7F3	Dm:Q9VKM2
Q9HCK0	Q9P2N6	57684	55683	ZBTB26	KANSL3	chromatin immunoprecipitation assay	27924024	Homo sapiens	GTRD	No	Mm:Q6P9Q3;Rn:D3ZG35	Dr:A2BF92	Mm:A2RSY1	Rn:A0A0G2K522
Q9HCK0	Q9Y530	57684	221443	ZBTB26	OARD1	chromatin immunoprecipitation assay	27924024	Homo sapiens	GTRD	No	Mm:Q6P9Q3;Rn:D3ZG35	Dr:A2BF92	Mm:Q8R5F3	Dm:Q9VP69;Dr:Q503C5;Rn:A0A0G2K831
Q9HCK0	P16989	57684	8531	ZBTB26	YBX3	chromatin immunoprecipitation assay	27924024	Homo sapiens	GTRD	No	Mm:Q6P9Q3;Rn:D3ZG35	Dr:A2BF92	Mm:Q9JKB3;Rn:F1MA18	-
Q9HCK0	Q9NRK6	57684	23456	ZBTB26	ABCB10	chromatin immunoprecipitation assay	27924024	Homo sapiens	GTRD	No	Mm:Q6P9Q3;Rn:D3ZG35	Dr:A2BF92	Ce:O45278;Ce:O17895;Dm:Q8SWW9;Mm:Q9JI39;Rn:Q5FVL8	Dr:B0V0U7
Q9HCK0	Q66GS9	57684	9662	ZBTB26	CEP135	chromatin immunoprecipitation assay	27924024	Homo sapiens	GTRD	No	Mm:Q6P9Q3;Rn:D3ZG35	Dr:A2BF92	Dr:Q5RG45;Mm:Q6P5D4;Rn:D3ZI35	Dm:Q960T6
Q9HCK0	Q96T60	57684	11284	ZBTB26	PNKP	chromatin immunoprecipitation assay	27924024	Homo sapiens	GTRD	No	Mm:Q6P9Q3;Rn:D3ZG35	Dr:A2BF92	Dm:Q9VHS0;Dr:A0A0R4IRS4;Mm:G5E8N7	Ce:Q19683;Rn:A0A0G2JUH4
Q9HCK0	Q6NUS6	57684	26123	ZBTB26	TCTN3	chromatin immunoprecipitation assay	27924024	Homo sapiens	GTRD	No	Mm:Q6P9Q3;Rn:D3ZG35	Dr:A2BF92	Mm:Q8R2Q6	Rn:M0RB68
Q9HCK0	Q8N9B5	57684	133746	ZBTB26	JMY	chromatin immunoprecipitation assay	27924024	Homo sapiens	GTRD	No	Mm:Q6P9Q3;Rn:D3ZG35	Dr:A2BF92	Mm:A0A0R4J0V4;Rn:M0R8J3	-
Q9HCK0	E7EUB6	57684	-	ZBTB26	-	chromatin immunoprecipitation assay	27924024	Homo sapiens	GTRD	No	Mm:Q6P9Q3;Rn:D3ZG35	Dr:A2BF92	-	-
Q9HCK0	Q14549	57684	2636	ZBTB26	GBX1	chromatin immunoprecipitation assay	27924024	Homo sapiens	GTRD	No	Mm:Q6P9Q3;Rn:D3ZG35	Dr:A2BF92	Dr:Q90ZB2;Mm:P82976;Rn:F1M7G6	-
Q9HCK0	A0A0A6YYG8	57684	100533952	ZBTB26	RBAK-RBAKDN	chromatin immunoprecipitation assay	27924024	Homo sapiens	GTRD	No	Mm:Q6P9Q3;Rn:D3ZG35	Dr:A2BF92	-	-
Q9HCK0	Q5EBL4	57684	353116	ZBTB26	RILPL1	chromatin immunoprecipitation assay	27924024	Homo sapiens	GTRD	No	Mm:Q6P9Q3;Rn:D3ZG35	Dr:A2BF92	Ce:G5EFB9;Dm:O76878;Mm:Q9JJC6;Rn:D3ZUQ0	-
Q9HCK0	Q8NDX2	57684	246213	ZBTB26	SLC17A8	chromatin immunoprecipitation assay	27924024	Homo sapiens	GTRD	No	Mm:Q6P9Q3;Rn:D3ZG35	Dr:A2BF92	Dr:Q1L8X9;Mm:Q8BFU8	Rn:Q7TSF2
Q9HCK0	Q9UBT2	57684	10054	ZBTB26	UBA2	chromatin immunoprecipitation assay	27924024	Homo sapiens	GTRD	No	Mm:Q6P9Q3;Rn:D3ZG35	Dr:A2BF92	Ce:Q9NAN1;Dm:Q7KUA4;Mm:Q9Z1F9;Rn:F1LS72;Sc:P52488	Dr:Q7SXG4
Q9HCK0	P31153	57684	4144	ZBTB26	MAT2A	chromatin immunoprecipitation assay	27924024	Homo sapiens	GTRD	No	Mm:Q6P9Q3;Rn:D3ZG35	Dr:A2BF92	Dr:Q58EF9;Mm:Q3THS6;Rn:F1LRB8	-
Q9HCK0	Q9H9J4	57684	84132	ZBTB26	USP42	chromatin immunoprecipitation assay	27924024	Homo sapiens	GTRD	No	Mm:Q6P9Q3;Rn:D3ZG35	Dr:A2BF92	Mm:B2RQC2	Rn:D3ZU96
Q9HCK0	O75531	57684	8815	ZBTB26	BANF1	chromatin immunoprecipitation assay	27924024	Homo sapiens	GTRD	No	Mm:Q6P9Q3;Rn:D3ZG35	Dr:A2BF92	Ce:Q03565;Dm:Q9VLU0;Dr:Q6P026;Mm:O54962;Rn:Q9R1T1	-
Q9HCK0	Q93086	57684	5026	ZBTB26	P2RX5	chromatin immunoprecipitation assay	27924024	Homo sapiens	GTRD	No	Mm:Q6P9Q3;Rn:D3ZG35	Dr:A2BF92	-	-
Q9HCK0	Q8NB59	57684	255928	ZBTB26	SYT14	chromatin immunoprecipitation assay	27924024	Homo sapiens	GTRD	No	Mm:Q6P9Q3;Rn:D3ZG35	Dr:A2BF92	Rn:M0R7W7	Dr:F1RAD1;Mm:B7ZP31
Q9HCK0	P14868	57684	1615	ZBTB26	DARS1	chromatin immunoprecipitation assay	27924024	Homo sapiens	GTRD	No	Mm:Q6P9Q3;Rn:D3ZG35	Dr:A2BF92	Ce:Q03577;Dm:Q7K0E6;Mm:Q922B2;Rn:P15178;Sc:P04802	Dr:F1R246
Q9HCK0	P48651	57684	9791	ZBTB26	PTDSS1	chromatin immunoprecipitation assay	27924024	Homo sapiens	GTRD	No	Mm:Q6P9Q3;Rn:D3ZG35	Dr:A2BF92	Ce:Q09643;Dm:Q9VPD3;Dr:Q803C9;Mm:Q99LH2;Rn:A0A0G2JZJ5	Dr:A0A0R4IYN2
Q9HCK0	P10828	57684	7068	ZBTB26	THRB	chromatin immunoprecipitation assay	27924024	Homo sapiens	GTRD	No	Mm:Q6P9Q3;Rn:D3ZG35	Dr:A2BF92	Dr:Q9PVE4;Mm:P37242;Rn:A0A0G2QC48	-
Q9HCK0	Q5TAQ9	57684	50717	ZBTB26	DCAF8	chromatin immunoprecipitation assay	27924024	Homo sapiens	GTRD	No	Mm:Q6P9Q3;Rn:D3ZG35	Dr:A2BF92	Mm:Q8N7N5;Rn:Q5U2M6	-
Q9HCK0	Q9Y2P4	57684	28965	ZBTB26	SLC27A6	chromatin immunoprecipitation assay	27924024	Homo sapiens	GTRD	No	Mm:Q6P9Q3;Rn:D3ZG35	Dr:A2BF92	Dr:F1QBA8;Mm:E9Q9W4	Rn:D4A2B8
Q9HCK0	Q8IVC4	57684	201514	ZBTB26	ZNF584	chromatin immunoprecipitation assay	27924024	Homo sapiens	GTRD	No	Mm:Q6P9Q3;Rn:D3ZG35	Dr:A2BF92	-	-
Q9HCK0	Q8NEG7	57684	414918	ZBTB26	DENND6B	chromatin immunoprecipitation assay	27924024	Homo sapiens	GTRD	No	Mm:Q6P9Q3;Rn:D3ZG35	Dr:A2BF92	Dr:Q5RGI4;Mm:Q9D9V7;Rn:D3ZAE3	-
Q9HCK0	P57071	57684	63977	ZBTB26	PRDM15	chromatin immunoprecipitation assay	27924024	Homo sapiens	GTRD	No	Mm:Q6P9Q3;Rn:D3ZG35	Dr:A2BF92	-	-
Q9HCK0	A0A087WZ62	57684	-	ZBTB26	-	chromatin immunoprecipitation assay	27924024	Homo sapiens	GTRD	No	Mm:Q6P9Q3;Rn:D3ZG35	Dr:A2BF92	-	-
Q9HCK0	Q14571	57684	3709	ZBTB26	ITPR2	chromatin immunoprecipitation assay	27924024	Homo sapiens	GTRD	No	Mm:Q6P9Q3;Rn:D3ZG35	Dr:A2BF92	Mm:Q9Z329	Dr:X1WET6;Rn:F1LQR8
Q9HCK0	P15907	57684	6480	ZBTB26	ST6GAL1	chromatin immunoprecipitation assay	27924024	Homo sapiens	GTRD	No	Mm:Q6P9Q3;Rn:D3ZG35	Dr:A2BF92	Mm:Q64685	Dr:F1QK50;Rn:P13721
Q9HCK0	Q05DH4	57684	729830	ZBTB26	FAM160A1	chromatin immunoprecipitation assay	27924024	Homo sapiens	GTRD	No	Mm:Q6P9Q3;Rn:D3ZG35	Dr:A2BF92	Mm:Q505K2;Rn:M0R5L5	-
Q9HCK0	Q9UNY4	57684	8458	ZBTB26	TTF2	chromatin immunoprecipitation assay	27924024	Homo sapiens	GTRD	No	Mm:Q6P9Q3;Rn:D3ZG35	Dr:A2BF92	Mm:Q5NC05	Dr:A0A0R4IFG3;Rn:A0A0G2KB51
Q9HCK0	Q8TF01	57684	25957	ZBTB26	PNISR	chromatin immunoprecipitation assay	27924024	Homo sapiens	GTRD	No	Mm:Q6P9Q3;Rn:D3ZG35	Dr:A2BF92	Ce:Q9U252;Mm:A2AJT4;Rn:F1MAQ8	Dr:F1R2P7
Q9HCK0	P41227	57684	8260	ZBTB26	NAA10	chromatin immunoprecipitation assay	27924024	Homo sapiens	GTRD	No	Mm:Q6P9Q3;Rn:D3ZG35	Dr:A2BF92	-	-
Q9HCK0	O00748	57684	8824	ZBTB26	CES2	chromatin immunoprecipitation assay	27924024	Homo sapiens	GTRD	No	Mm:Q6P9Q3;Rn:D3ZG35	Dr:A2BF92	Mm:Q91WG0;Mm:F6Z9B9;Rn:Q32Q55	Dr:Q6GMJ1;Dr:Q1LUZ9
Q9HCK0	Q9BZ29	57684	23348	ZBTB26	DOCK9	chromatin immunoprecipitation assay	27924024	Homo sapiens	GTRD	No	Mm:Q6P9Q3;Rn:D3ZG35	Dr:A2BF92	-	-
Q9HCK0	Q8IYU2	57684	57531	ZBTB26	HACE1	chromatin immunoprecipitation assay	27924024	Homo sapiens	GTRD	No	Mm:Q6P9Q3;Rn:D3ZG35	Dr:A2BF92	-	-
Q9HCK0	Q92843	57684	599	ZBTB26	BCL2L2	chromatin immunoprecipitation assay	27924024	Homo sapiens	GTRD	No	Mm:Q6P9Q3;Rn:D3ZG35	Dr:A2BF92	Mm:P70345;Rn:O88996	-
Q9HCK0	Q6UB98	57684	23253	ZBTB26	ANKRD12	chromatin immunoprecipitation assay	27924024	Homo sapiens	GTRD	No	Mm:Q6P9Q3;Rn:D3ZG35	Dr:A2BF92	Dr:B8JLP7;Mm:G5E893;Rn:D3ZCH1	-
Q9HCK0	Q9UF56	57684	64839	ZBTB26	FBXL17	chromatin immunoprecipitation assay	27924024	Homo sapiens	GTRD	No	Mm:Q6P9Q3;Rn:D3ZG35	Dr:A2BF92	Dm:Q9VTL8;Mm:Q9QZN1	-
Q9HCK0	Q99819	57684	398	ZBTB26	ARHGDIG	chromatin immunoprecipitation assay	27924024	Homo sapiens	GTRD	No	Mm:Q6P9Q3;Rn:D3ZG35	Dr:A2BF92	Mm:Q62160	-
Q9HCK0	Q8TDM6	57684	9231	ZBTB26	DLG5	chromatin immunoprecipitation assay	27924024	Homo sapiens	GTRD	No	Mm:Q6P9Q3;Rn:D3ZG35	Dr:A2BF92	Dr:E7EXQ0;Mm:E9Q9R9;Rn:D4A3K3	Dm:M9PD90
Q9HCK0	P22307	57684	6342	ZBTB26	SCP2	chromatin immunoprecipitation assay	27924024	Homo sapiens	GTRD	No	Mm:Q6P9Q3;Rn:D3ZG35	Dr:A2BF92	Ce:G5EDP2;Dm:Q9VJ44;Dm:Q9VJ43;Dr:Q6P4V5;Mm:P32020;Rn:F1LQ55	-
Q9HCK0	Q6IQ55	57684	146057	ZBTB26	TTBK2	chromatin immunoprecipitation assay	27924024	Homo sapiens	GTRD	No	Mm:Q6P9Q3;Rn:D3ZG35	Dr:A2BF92	Mm:Q3UVR3;Rn:A0A0G2JYZ1	-
Q9HCK0	Q9BRN9	57684	80213	ZBTB26	TM2D3	chromatin immunoprecipitation assay	27924024	Homo sapiens	GTRD	No	Mm:Q6P9Q3;Rn:D3ZG35	Dr:A2BF92	Dr:B8JMZ7;Mm:Q8BJ83;Rn:D3ZQU1	-
Q9HCK0	O43566	57684	10636	ZBTB26	RGS14	chromatin immunoprecipitation assay	27924024	Homo sapiens	GTRD	No	Mm:Q6P9Q3;Rn:D3ZG35	Dr:A2BF92	Mm:P97492;Rn:O08773	Dr:E7FGM9
Q9HCK0	P00451	57684	2157	ZBTB26	F8	chromatin immunoprecipitation assay	27924024	Homo sapiens	GTRD	No	Mm:Q6P9Q3;Rn:D3ZG35	Dr:A2BF92	Mm:Q06194;Rn:D3ZEB1	Dr:A0A0R4IBQ7
Q9HCK0	Q92619	57684	23526	ZBTB26	ARHGAP45	chromatin immunoprecipitation assay	27924024	Homo sapiens	GTRD	No	Mm:Q6P9Q3;Rn:D3ZG35	Dr:A2BF92	Rn:D4AAI2	Dr:F1Q6Y5;Mm:D3Z7R7
Q9HCK0	Q99942	57684	6048	ZBTB26	RNF5	chromatin immunoprecipitation assay	27924024	Homo sapiens	GTRD	No	Mm:Q6P9Q3;Rn:D3ZG35	Dr:A2BF92	Mm:O35445;Rn:Q5M807	-
Q9HCK0	O94763	57684	8725	ZBTB26	URI1	chromatin immunoprecipitation assay	27924024	Homo sapiens	GTRD	No	Mm:Q6P9Q3;Rn:D3ZG35	Dr:A2BF92	Ce:Q966M4;Dr:A5WVN5;Mm:Q3TLD5;Rn:D4A234	-
Q9HCK0	Q6NX49	57684	27300	ZBTB26	ZNF544	chromatin immunoprecipitation assay	27924024	Homo sapiens	GTRD	No	Mm:Q6P9Q3;Rn:D3ZG35	Dr:A2BF92	-	-
Q9HCK0	Q9NQZ8	57684	58491	ZBTB26	ZNF71	chromatin immunoprecipitation assay	27924024	Homo sapiens	GTRD	No	Mm:Q6P9Q3;Rn:D3ZG35	Dr:A2BF92	-	-
Q9HCK0	Q71F56	57684	23389	ZBTB26	MED13L	chromatin immunoprecipitation assay	27924024	Homo sapiens	GTRD	No	Mm:Q6P9Q3;Rn:D3ZG35	Dr:A2BF92	-	-
Q9HCK0	Q4G0X4	57684	283219	ZBTB26	KCTD21	chromatin immunoprecipitation assay	27924024	Homo sapiens	GTRD	No	Mm:Q6P9Q3;Rn:D3ZG35	Dr:A2BF92	Mm:B2RTJ2;Rn:D4ADH5	-
Q9HCK0	Q9Y618	57684	9612	ZBTB26	NCOR2	chromatin immunoprecipitation assay	27924024	Homo sapiens	GTRD	No	Mm:Q6P9Q3;Rn:D3ZG35	Dr:A2BF92	Rn:D3ZXN9	Dr:F1R8Z8;Mm:E9PY55
Q9HCK0	Q8NCG5	57684	10164	ZBTB26	CHST4	chromatin immunoprecipitation assay	27924024	Homo sapiens	GTRD	No	Mm:Q6P9Q3;Rn:D3ZG35	Dr:A2BF92	Dm:Q9VMC3	Mm:A0A1D5RMF5;Rn:D3ZLS2
Q9HCK0	Q5HYC2	57684	158358	ZBTB26	KIAA2026	chromatin immunoprecipitation assay	27924024	Homo sapiens	GTRD	No	Mm:Q6P9Q3;Rn:D3ZG35	Dr:A2BF92	Mm:H3BKP8;Rn:F1LRC7	-
Q9HCK0	O75843	57684	8906	ZBTB26	AP1G2	chromatin immunoprecipitation assay	27924024	Homo sapiens	GTRD	No	Mm:Q6P9Q3;Rn:D3ZG35	Dr:A2BF92	Mm:O88512;Rn:D3ZGW2	-
Q9HCK0	Q86VI1	57684	283849	ZBTB26	EXOC3L1	chromatin immunoprecipitation assay	27924024	Homo sapiens	GTRD	No	Mm:Q6P9Q3;Rn:D3ZG35	Dr:A2BF92	Dr:A2AV37;Mm:Q8BI71	Rn:D4AC37
Q9HCK0	P0CK97	57684	9906	ZBTB26	SLC35E2A	chromatin immunoprecipitation assay	27924024	Homo sapiens	GTRD	No	Mm:Q6P9Q3;Rn:D3ZG35	Dr:A2BF92	-	-
Q9HCK0	Q9UHG3	57684	51449	ZBTB26	PCYOX1	chromatin immunoprecipitation assay	27924024	Homo sapiens	GTRD	No	Mm:Q6P9Q3;Rn:D3ZG35	Dr:A2BF92	Mm:Q9CQF9;Rn:Q99ML5	Dr:A0A0R4I9Q1
Q9HCK0	Q9Y3B1	57684	51012	ZBTB26	PRELID3B	chromatin immunoprecipitation assay	27924024	Homo sapiens	GTRD	No	Mm:Q6P9Q3;Rn:D3ZG35	Dr:A2BF92	Dr:Q7ZVG4;Mm:Q9CYY7;Rn:M0RBS0	-
Q9HCK0	Q96MP8	57684	154881	ZBTB26	KCTD7	chromatin immunoprecipitation assay	27924024	Homo sapiens	GTRD	No	Mm:Q6P9Q3;Rn:D3ZG35	Dr:A2BF92	Mm:Q8BJK1;Rn:B1WC97	Dr:F1R224
Q9HCK0	P36544	57684	1139;89832	ZBTB26	CHRNA7	chromatin immunoprecipitation assay	27924024	Homo sapiens	GTRD	No	Mm:Q6P9Q3;Rn:D3ZG35	Dr:A2BF92	-	-
Q9HCK0	Q14145	57684	9817	ZBTB26	KEAP1	chromatin immunoprecipitation assay	27924024	Homo sapiens	GTRD	No	Mm:Q6P9Q3;Rn:D3ZG35	Dr:A2BF92	Dr:A0A2R8Q1W5;Mm:Q9Z2X8;Rn:G3V8U2	-
Q9HCK0	Q9UJV8	57684	29942	ZBTB26	PURG	chromatin immunoprecipitation assay	27924024	Homo sapiens	GTRD	No	Mm:Q6P9Q3;Rn:D3ZG35	Dr:A2BF92	Mm:Q8R4E6;Rn:D3ZYS1	-
Q9HCK0	Q9BY50	57684	90701	ZBTB26	SEC11C	chromatin immunoprecipitation assay	27924024	Homo sapiens	GTRD	No	Mm:Q6P9Q3;Rn:D3ZG35	Dr:A2BF92	Mm:Q9D8V7;Rn:G3V878	-
Q9HCK0	P48739	57684	23760	ZBTB26	PITPNB	chromatin immunoprecipitation assay	27924024	Homo sapiens	GTRD	No	Mm:Q6P9Q3;Rn:D3ZG35	Dr:A2BF92	Dr:F1QRW4;Mm:P53811	Rn:D3ZCD4
Q9HCK0	Q8NHH9	57684	64225	ZBTB26	ATL2	chromatin immunoprecipitation assay	27924024	Homo sapiens	GTRD	No	Mm:Q6P9Q3;Rn:D3ZG35	Dr:A2BF92	Mm:Q6PA06;Rn:F1LQ09	-
Q9HCK0	Q5TEU4	57684	79133	ZBTB26	NDUFAF5	chromatin immunoprecipitation assay	27924024	Homo sapiens	GTRD	No	Mm:Q6P9Q3;Rn:D3ZG35	Dr:A2BF92	Ce:Q9NAP7;Dm:Q7K1S1;Mm:A2APY7;Rn:B2GV71	Dr:B8JKQ0
Q9HCK0	Q8IUR6	57684	153222	ZBTB26	CREBRF	chromatin immunoprecipitation assay	27924024	Homo sapiens	GTRD	No	Mm:Q6P9Q3;Rn:D3ZG35	Dr:A2BF92	Mm:Q8CDG5;Rn:D4A811	Dr:A0A0R4IJW4
Q9HCK0	Q1ZYL8	57684	113177	ZBTB26	IZUMO4	chromatin immunoprecipitation assay	27924024	Homo sapiens	GTRD	No	Mm:Q6P9Q3;Rn:D3ZG35	Dr:A2BF92	Mm:D3Z690;Rn:D4ABT2	-
Q9HCK0	Q8WVC0	57684	123169	ZBTB26	LEO1	chromatin immunoprecipitation assay	27924024	Homo sapiens	GTRD	No	Mm:Q6P9Q3;Rn:D3ZG35	Dr:A2BF92	Dr:Q6NYV9;Mm:Q5XJE5;Rn:Q641X2;Sc:P38439	-
Q9HCK0	F8W031	57684	-	ZBTB26	-	chromatin immunoprecipitation assay	27924024	Homo sapiens	GTRD	No	Mm:Q6P9Q3;Rn:D3ZG35	Dr:A2BF92	-	-
Q9HCK0	Q9UKY1	57684	11244	ZBTB26	ZHX1	chromatin immunoprecipitation assay	27924024	Homo sapiens	GTRD	No	Mm:Q6P9Q3;Rn:D3ZG35	Dr:A2BF92	Mm:P70121;Rn:G3V6S9	-
Q9HCK0	Q4FZB7	57684	51111	ZBTB26	KMT5B	chromatin immunoprecipitation assay	27924024	Homo sapiens	GTRD	No	Mm:Q6P9Q3;Rn:D3ZG35	Dr:A2BF92	Dr:Q5U3H2;Mm:Q3U8K7;Rn:P0C2N5	-
Q9HCK0	P24863	57684	892	ZBTB26	CCNC	chromatin immunoprecipitation assay	27924024	Homo sapiens	GTRD	No	Mm:Q6P9Q3;Rn:D3ZG35	Dr:A2BF92	Ce:Q9TYP2;Dm:P25008;Dr:F1RBC9;Mm:Q62447;Rn:G3V738;Sc:P47821	-
Q9HCK0	P07225	57684	5627	ZBTB26	PROS1	chromatin immunoprecipitation assay	27924024	Homo sapiens	GTRD	No	Mm:Q6P9Q3;Rn:D3ZG35	Dr:A2BF92	Mm:Q08761;Rn:M0R5R0	Dr:F1QK29
Q9HCK0	O00445	57684	6861	ZBTB26	SYT5	chromatin immunoprecipitation assay	27924024	Homo sapiens	GTRD	No	Mm:Q6P9Q3;Rn:D3ZG35	Dr:A2BF92	Mm:Q9R0N5	Rn:P47861
Q9HCK0	P20823	57684	6927	ZBTB26	HNF1A	chromatin immunoprecipitation assay	27924024	Homo sapiens	GTRD	No	Mm:Q6P9Q3;Rn:D3ZG35	Dr:A2BF92	-	-
Q9HCK0	Q9Y2B0	57684	10330	ZBTB26	CNPY2	chromatin immunoprecipitation assay	27924024	Homo sapiens	GTRD	No	Mm:Q6P9Q3;Rn:D3ZG35	Dr:A2BF92	Ce:Q95QN1;Dm:Q7JXF7;Dr:Q2L6L0	-
Q9HCK0	Q5RL73	57684	84060	ZBTB26	RBM48	chromatin immunoprecipitation assay	27924024	Homo sapiens	GTRD	No	Mm:Q6P9Q3;Rn:D3ZG35	Dr:A2BF92	Dr:Z4YHP6;Mm:H9H9R8;Rn:Q561R3	-
Q9HCK0	Q96L08	57684	203328	ZBTB26	SUSD3	chromatin immunoprecipitation assay	27924024	Homo sapiens	GTRD	No	Mm:Q6P9Q3;Rn:D3ZG35	Dr:A2BF92	Mm:Q9D176;Rn:D3Z8I2	-
Q9HCK0	Q8IV50	57684	256586	ZBTB26	LYSMD2	chromatin immunoprecipitation assay	27924024	Homo sapiens	GTRD	No	Mm:Q6P9Q3;Rn:D3ZG35	Dr:A2BF92	Dr:Q6DEF4;Mm:G3X915	-
Q9HCK0	Q5VWQ0	57684	54665	ZBTB26	RSBN1	chromatin immunoprecipitation assay	27924024	Homo sapiens	GTRD	No	Mm:Q6P9Q3;Rn:D3ZG35	Dr:A2BF92	Mm:Q80T69;Rn:D4A1U7	Dr:A0A0G2KGQ1
Q9HCK0	Q92540	57684	9887	ZBTB26	SMG7	chromatin immunoprecipitation assay	27924024	Homo sapiens	GTRD	No	Mm:Q6P9Q3;Rn:D3ZG35	Dr:A2BF92	Mm:Q5RJH6;Rn:D4ACJ3	Dr:A0A0R4IJJ6
Q9HCK0	Q6PGN9	57684	84722	ZBTB26	PSRC1	chromatin immunoprecipitation assay	27924024	Homo sapiens	GTRD	No	Mm:Q6P9Q3;Rn:D3ZG35	Dr:A2BF92	Mm:Q9D0P7;Rn:Q3KR66	-
Q9HCK0	A2A3K4	57684	138639	ZBTB26	PTPDC1	chromatin immunoprecipitation assay	27924024	Homo sapiens	GTRD	No	Mm:Q6P9Q3;Rn:D3ZG35	Dr:A2BF92	-	-
Q9HCK0	Q6PRD7	57684	752014	ZBTB26	CEMP1	chromatin immunoprecipitation assay	27924024	Homo sapiens	GTRD	No	Mm:Q6P9Q3;Rn:D3ZG35	Dr:A2BF92	-	-
Q9HCK0	P22004	57684	654	ZBTB26	BMP6	chromatin immunoprecipitation assay	27924024	Homo sapiens	GTRD	No	Mm:Q6P9Q3;Rn:D3ZG35	Dr:A2BF92	Dr:F1R678;Mm:P20722;Rn:Q04906	-
Q9HCK0	Q9UNK0	57684	9482	ZBTB26	STX8	chromatin immunoprecipitation assay	27924024	Homo sapiens	GTRD	No	Mm:Q6P9Q3;Rn:D3ZG35	Dr:A2BF92	Dm:Q9VV76;Dr:Q7T361;Mm:O88983;Rn:Q9Z2Q7	-
Q9HCK0	Q96MS0	57684	64221	ZBTB26	ROBO3	chromatin immunoprecipitation assay	27924024	Homo sapiens	GTRD	No	Mm:Q6P9Q3;Rn:D3ZG35	Dr:A2BF92	Mm:D3Z4M6;Rn:D3ZKA2	-
Q9HCK0	Q9BZD4	57684	83540	ZBTB26	NUF2	chromatin immunoprecipitation assay	27924024	Homo sapiens	GTRD	No	Mm:Q6P9Q3;Rn:D3ZG35	Dr:A2BF92	Ce:Q21952;Dr:Q7ZW63;Mm:Q99P69;Rn:Q6AYL9;Sc:P33895	-
Q9HCK0	Q02978	57684	8402	ZBTB26	SLC25A11	chromatin immunoprecipitation assay	27924024	Homo sapiens	GTRD	No	Mm:Q6P9Q3;Rn:D3ZG35	Dr:A2BF92	Ce:P90992;Dm:Q9VAJ9;Dr:F1R319;Mm:Q9CR62;Rn:G3V6H5	-
Q9HCK0	Q02363	57684	3398	ZBTB26	ID2	chromatin immunoprecipitation assay	27924024	Homo sapiens	GTRD	No	Mm:Q6P9Q3;Rn:D3ZG35	Dr:A2BF92	Dr:Q7SZQ2;Mm:P41136;Rn:P41137	-
Q9HCK0	P16383	57684	6936	ZBTB26	GCFC2	chromatin immunoprecipitation assay	27924024	Homo sapiens	GTRD	No	Mm:Q6P9Q3;Rn:D3ZG35	Dr:A2BF92	Mm:Q8BKT3;Rn:D4A3Z4	Dr:E7FCK8
Q9HCK0	P57058	57684	30811	ZBTB26	HUNK	chromatin immunoprecipitation assay	27924024	Homo sapiens	GTRD	No	Mm:Q6P9Q3;Rn:D3ZG35	Dr:A2BF92	Mm:O88866;Rn:D4A7Q7	-
Q9HCK0	P36957	57684	1743	ZBTB26	DLST	chromatin immunoprecipitation assay	27924024	Homo sapiens	GTRD	No	Mm:Q6P9Q3;Rn:D3ZG35	Dr:A2BF92	Ce:O45148;Dm:Q9VGQ1;Dr:F1QFQ6;Mm:Q9D2G2;Rn:G3V6P2;Sc:P19262	-
Q9HCK0	Q86V85	57684	160897	ZBTB26	GPR180	chromatin immunoprecipitation assay	27924024	Homo sapiens	GTRD	No	Mm:Q6P9Q3;Rn:D3ZG35	Dr:A2BF92	Ce:Q22162;Mm:Q8BPS4;Rn:G3V799	-
Q9HCK0	O14559	57684	115703	ZBTB26	ARHGAP33	chromatin immunoprecipitation assay	27924024	Homo sapiens	GTRD	No	Mm:Q6P9Q3;Rn:D3ZG35	Dr:A2BF92	Mm:Q80YF9;Rn:D4A9G6	-
Q9HCK0	Q14558	57684	5635	ZBTB26	PRPSAP1	chromatin immunoprecipitation assay	27924024	Homo sapiens	GTRD	No	Mm:Q6P9Q3;Rn:D3ZG35	Dr:A2BF92	Mm:B1AT82;Rn:G3V7B5	-
Q9HCK0	Q502W6	57684	200403	ZBTB26	VWA3B	chromatin immunoprecipitation assay	27924024	Homo sapiens	GTRD	No	Mm:Q6P9Q3;Rn:D3ZG35	Dr:A2BF92	-	Mm:A0A571BE33
Q9HCK0	Q9NYP3	57684	29980	ZBTB26	DONSON	chromatin immunoprecipitation assay	27924024	Homo sapiens	GTRD	No	Mm:Q6P9Q3;Rn:D3ZG35	Dr:A2BF92	Ce:Q95X82;Mm:Q9QXP4;Rn:E9PSU2	-
Q9HCK0	Q9Y315	57684	51071	ZBTB26	DERA	chromatin immunoprecipitation assay	27924024	Homo sapiens	GTRD	No	Mm:Q6P9Q3;Rn:D3ZG35	Dr:A2BF92	Ce:Q19264;Dm:Q7K209;Dr:B0UYS4;Mm:Q91YP3;Rn:F1M1H0	-
Q9HCK0	Q8IWD4	57684	150275	ZBTB26	CCDC117	chromatin immunoprecipitation assay	27924024	Homo sapiens	GTRD	No	Mm:Q6P9Q3;Rn:D3ZG35	Dr:A2BF92	Mm:Q6PB51;Rn:Q5M9G5	-
Q9HCK0	O14682	57684	8507	ZBTB26	ENC1	chromatin immunoprecipitation assay	27924024	Homo sapiens	GTRD	No	Mm:Q6P9Q3;Rn:D3ZG35	Dr:A2BF92	Dr:F1QKP6;Mm:O35709;Rn:Q6DKY8	-
Q9HCK0	Q14681	57684	23510	ZBTB26	KCTD2	chromatin immunoprecipitation assay	27924024	Homo sapiens	GTRD	No	Mm:Q6P9Q3;Rn:D3ZG35	Dr:A2BF92	Mm:Q4VBE7;Rn:F1M5Q3	Dr:Q0P490
Q9HCK0	Q9BYD3	57684	51073	ZBTB26	MRPL4	chromatin immunoprecipitation assay	27924024	Homo sapiens	GTRD	No	Mm:Q6P9Q3;Rn:D3ZG35	Dr:A2BF92	Ce:O17005;Dm:Q9V3D0;Mm:Q9DCU6;Rn:D4A131	Dr:A0A0R4ILL2
Q9HCK0	Q8WV24	57684	22822	ZBTB26	PHLDA1	chromatin immunoprecipitation assay	27924024	Homo sapiens	GTRD	No	Mm:Q6P9Q3;Rn:D3ZG35	Dr:A2BF92	Mm:Q62392;Rn:F1LNT5	-
Q9HCK0	Q8WVR3	57684	55262	ZBTB26	MAP11	chromatin immunoprecipitation assay	27924024	Homo sapiens	GTRD	No	Mm:Q6P9Q3;Rn:D3ZG35	Dr:A2BF92	Rn:A0A0G2KAX2	Dr:E7F240;Mm:Q3UTZ3
Q9HCK0	Q969Y2	57684	84705	ZBTB26	GTPBP3	chromatin immunoprecipitation assay	27924024	Homo sapiens	GTRD	No	Mm:Q6P9Q3;Rn:D3ZG35	Dr:A2BF92	Dm:Q9VC87;Dr:F1Q694;Mm:Q923K4;Rn:Q5PQQ1;Sc:P32559	Ce:Q9XTZ1
Q9HCK0	P02458	57684	1280	ZBTB26	COL2A1	chromatin immunoprecipitation assay	27924024	Homo sapiens	GTRD	No	Mm:Q6P9Q3;Rn:D3ZG35	Dr:A2BF92	Mm:P28481	Rn:F1LRM7
Q9HCK0	Q8IZV2	57684	152189	ZBTB26	CMTM8	chromatin immunoprecipitation assay	27924024	Homo sapiens	GTRD	No	Mm:Q6P9Q3;Rn:D3ZG35	Dr:A2BF92	Ce:P83386;Mm:Q9CZR4;Rn:Q71B06	Dr:F1QF66
Q9HCK0	Q92953	57684	9312	ZBTB26	KCNB2	chromatin immunoprecipitation assay	27924024	Homo sapiens	GTRD	No	Mm:Q6P9Q3;Rn:D3ZG35	Dr:A2BF92	Mm:A6H8H5	Rn:F1LVV2
Q9HCK0	Q96JP5	57684	80829	ZBTB26	ZFP91	chromatin immunoprecipitation assay	27924024	Homo sapiens	GTRD	No	Mm:Q6P9Q3;Rn:D3ZG35	Dr:A2BF92	-	-
Q9HCK0	Q14457	57684	8678	ZBTB26	BECN1	chromatin immunoprecipitation assay	27924024	Homo sapiens	GTRD	No	Mm:Q6P9Q3;Rn:D3ZG35	Dr:A2BF92	Mm:O88597;Rn:Q91XJ1	Dr:F1RCP1
Q9HCK0	Q8WXA9	57684	140890	ZBTB26	SREK1	chromatin immunoprecipitation assay	27924024	Homo sapiens	GTRD	No	Mm:Q6P9Q3;Rn:D3ZG35	Dr:A2BF92	Ce:O01159;Dm:Q9VL71;Mm:Q8BZX4;Rn:G3V9I9	-
Q9HCK0	Q9Y2Q3	57684	373156	ZBTB26	GSTK1	chromatin immunoprecipitation assay	27924024	Homo sapiens	GTRD	No	Mm:Q6P9Q3;Rn:D3ZG35	Dr:A2BF92	Ce:Q09652;Ce:Q18973;Dr:E9QB37;Dr:Q6DGU9;Mm:Q9DCM2;Rn:P24473	Dr:E9QF67
Q9HCK0	Q8N414	57684	79605	ZBTB26	PGBD5	chromatin immunoprecipitation assay	27924024	Homo sapiens	GTRD	No	Mm:Q6P9Q3;Rn:D3ZG35	Dr:A2BF92	Dr:Q6ZM83;Mm:D3YZI9;Rn:D3ZSZ4	-
Q9HCK0	P01701	57684	-	ZBTB26	IGLV1-51	chromatin immunoprecipitation assay	27924024	Homo sapiens	GTRD	No	Mm:Q6P9Q3;Rn:D3ZG35	Dr:A2BF92	-	-
Q9HCK0	Q8NEH6	57684	55329	ZBTB26	MNS1	chromatin immunoprecipitation assay	27924024	Homo sapiens	GTRD	No	Mm:Q6P9Q3;Rn:D3ZG35	Dr:A2BF92	Dr:E7FAR7;Mm:Q61884;Rn:Q6AXQ8	-
Q9HCK0	Q7Z7A3	57684	90353	ZBTB26	CTU1	chromatin immunoprecipitation assay	27924024	Homo sapiens	GTRD	No	Mm:Q6P9Q3;Rn:D3ZG35	Dr:A2BF92	Ce:O76365;Dm:Q7JWW5;Mm:Q99J10;Rn:B1WBV0;Sc:P53088	-
Q9HCK0	P17936	57684	3486	ZBTB26	IGFBP3	chromatin immunoprecipitation assay	27924024	Homo sapiens	GTRD	No	Mm:Q6P9Q3;Rn:D3ZG35	Dr:A2BF92	Mm:P47878;Rn:A0A0G2K4Q9	Dr:Q66I28
Q9HCK0	Q92729	57684	10076	ZBTB26	PTPRU	chromatin immunoprecipitation assay	27924024	Homo sapiens	GTRD	No	Mm:Q6P9Q3;Rn:D3ZG35	Dr:A2BF92	Mm:B1AUH1;Rn:F1MAG7	Dr:A0A0J9YJD5;Dr:F1Q6E0
Q9HCK0	P41236	57684	5504	ZBTB26	PPP1R2	chromatin immunoprecipitation assay	27924024	Homo sapiens	GTRD	No	Mm:Q6P9Q3;Rn:D3ZG35	Dr:A2BF92	-	-
Q9HCK0	O00142	57684	7084	ZBTB26	TK2	chromatin immunoprecipitation assay	27924024	Homo sapiens	GTRD	No	Mm:Q6P9Q3;Rn:D3ZG35	Dr:A2BF92	Dm:Q9XZT6;Mm:Q8BN51;Rn:D3ZGQ2	Dr:F8W3D1
Q9HCK0	Q9BT23	57684	80774	ZBTB26	LIMD2	chromatin immunoprecipitation assay	27924024	Homo sapiens	GTRD	No	Mm:Q6P9Q3;Rn:D3ZG35	Dr:A2BF92	Mm:Q8BGB5;Rn:Q4KM31	Dr:X1WG15
Q9HCK0	Q8N2N9	57684	57730	ZBTB26	ANKRD36B	chromatin immunoprecipitation assay	27924024	Homo sapiens	GTRD	No	Mm:Q6P9Q3;Rn:D3ZG35	Dr:A2BF92	-	-
Q9HCK0	Q3SXZ3	57684	255403	ZBTB26	ZNF718	chromatin immunoprecipitation assay	27924024	Homo sapiens	GTRD	No	Mm:Q6P9Q3;Rn:D3ZG35	Dr:A2BF92	-	-
Q9HCK0	Q96IP4	57684	55603	ZBTB26	TENT5A	chromatin immunoprecipitation assay	27924024	Homo sapiens	GTRD	No	Mm:Q6P9Q3;Rn:D3ZG35	Dr:A2BF92	-	-
Q9HCK0	Q86TX2	57684	641371	ZBTB26	ACOT1	chromatin immunoprecipitation assay	27924024	Homo sapiens	GTRD	No	Mm:Q6P9Q3;Rn:D3ZG35	Dr:A2BF92	-	-
Q9HCK0	Q8NB90	57684	166378	ZBTB26	SPATA5	chromatin immunoprecipitation assay	27924024	Homo sapiens	GTRD	No	Mm:Q6P9Q3;Rn:D3ZG35	Dr:A2BF92	-	-
Q9HCK0	Q9H269	57684	64601	ZBTB26	VPS16	chromatin immunoprecipitation assay	27924024	Homo sapiens	GTRD	No	Mm:Q6P9Q3;Rn:D3ZG35	Dr:A2BF92	Ce:Q11182;Dm:Q9VHG1;Dr:A5D6T0;Mm:G3X8X7;Rn:Q642A9	-
Q9HCK0	O76095	57684	10899	ZBTB26	JTB	chromatin immunoprecipitation assay	27924024	Homo sapiens	GTRD	No	Mm:Q6P9Q3;Rn:D3ZG35	Dr:A2BF92	Dm:O96067;Mm:O88824;Rn:O88823	Dr:Q1L895
Q9HCK0	Q99828	57684	10519	ZBTB26	CIB1	chromatin immunoprecipitation assay	27924024	Homo sapiens	GTRD	No	Mm:Q6P9Q3;Rn:D3ZG35	Dr:A2BF92	Dr:A0A0R4ITL7;Mm:Q9Z0F4;Rn:Q9R010	-
Q9HCK0	Q8IUD2	57684	23085	ZBTB26	ERC1	chromatin immunoprecipitation assay	27924024	Homo sapiens	GTRD	No	Mm:Q6P9Q3;Rn:D3ZG35	Dr:A2BF92	-	-
Q9HCK0	Q9UBD5	57684	23595	ZBTB26	ORC3	chromatin immunoprecipitation assay	27924024	Homo sapiens	GTRD	No	Mm:Q6P9Q3;Rn:D3ZG35	Dr:A2BF92	Dm:Q7K2L1;Mm:Q9JK30;Rn:F1LSH3	Dr:F1QP75
Q9HCK0	O75953	57684	25822	ZBTB26	DNAJB5	chromatin immunoprecipitation assay	27924024	Homo sapiens	GTRD	No	Mm:Q6P9Q3;Rn:D3ZG35	Dr:A2BF92	Ce:Q20774;Dr:A5WUU0	Mm:A2AG30;Rn:A0A0G2K9H9
Q9HCK0	J3KT08	57684	-	ZBTB26	-	chromatin immunoprecipitation assay	27924024	Homo sapiens	GTRD	No	Mm:Q6P9Q3;Rn:D3ZG35	Dr:A2BF92	-	-
Q9HCK0	Q9BWD1	57684	39	ZBTB26	ACAT2	chromatin immunoprecipitation assay	27924024	Homo sapiens	GTRD	No	Mm:Q6P9Q3;Rn:D3ZG35	Dr:A2BF92	Dm:Q9W0H6;Mm:Q80X81;Mm:Q8CAY6;Rn:A0A0G2JUB4	Rn:A0A096MJY8
Q9HCK0	Q92628	57684	9778	ZBTB26	KIAA0232	chromatin immunoprecipitation assay	27924024	Homo sapiens	GTRD	No	Mm:Q6P9Q3;Rn:D3ZG35	Dr:A2BF92	Dr:F1QJT2	Mm:E9QPJ5;Rn:D3ZYT3
Q9HCK0	Q9UMZ2	57684	11276	ZBTB26	SYNRG	chromatin immunoprecipitation assay	27924024	Homo sapiens	GTRD	No	Mm:Q6P9Q3;Rn:D3ZG35	Dr:A2BF92	-	Dr:X1WCY2;Mm:V9GX40
Q9HCK0	P43155	57684	1384	ZBTB26	CRAT	chromatin immunoprecipitation assay	27924024	Homo sapiens	GTRD	No	Mm:Q6P9Q3;Rn:D3ZG35	Dr:A2BF92	Ce:Q17499;Dm:Q9VEM4;Mm:P47934	Dr:A2CF48;Rn:A0A0H2UI21
Q9HCK0	Q96LB3	57684	80173	ZBTB26	IFT74	chromatin immunoprecipitation assay	27924024	Homo sapiens	GTRD	No	Mm:Q6P9Q3;Rn:D3ZG35	Dr:A2BF92	Mm:Q8BKE9;Rn:Q5XIR2	-
Q9HCK0	Q86WJ1	57684	9557	ZBTB26	CHD1L	chromatin immunoprecipitation assay	27924024	Homo sapiens	GTRD	No	Mm:Q6P9Q3;Rn:D3ZG35	Dr:A2BF92	Dr:F1R485;Mm:Q9CXF7;Rn:D4ACG6	-
Q9HCK0	H3BRN8	57684	145788	ZBTB26	C15orf65	chromatin immunoprecipitation assay	27924024	Homo sapiens	GTRD	No	Mm:Q6P9Q3;Rn:D3ZG35	Dr:A2BF92	Mm:V9GXK1;Rn:M0RBQ6	-
Q9HCK0	Q9Y4C1	57684	55818	ZBTB26	KDM3A	chromatin immunoprecipitation assay	27924024	Homo sapiens	GTRD	No	Mm:Q6P9Q3;Rn:D3ZG35	Dr:A2BF92	Mm:Q6PCM1;Rn:A0A0G2K220	-
Q9HCK0	Q96N19	57684	56834	ZBTB26	GPR137	chromatin immunoprecipitation assay	27924024	Homo sapiens	GTRD	No	Mm:Q6P9Q3;Rn:D3ZG35	Dr:A2BF92	Mm:Q80ZU9;Rn:B2RZ60	-
Q9HCK0	Q86Y97	57684	84787	ZBTB26	KMT5C	chromatin immunoprecipitation assay	27924024	Homo sapiens	GTRD	No	Mm:Q6P9Q3;Rn:D3ZG35	Dr:A2BF92	Mm:Q6Q783;Rn:P0C2N6	-
Q9HCK0	Q969H6	57684	51367	ZBTB26	POP5	chromatin immunoprecipitation assay	27924024	Homo sapiens	GTRD	No	Mm:Q6P9Q3;Rn:D3ZG35	Dr:A2BF92	Dm:Q9VVE0;Mm:Q9DB28	Dr:Q5BJI6;Rn:D3ZY31
Q9HCK0	Q9Y6R6	57684	163131	ZBTB26	ZNF780B	chromatin immunoprecipitation assay	27924024	Homo sapiens	GTRD	No	Mm:Q6P9Q3;Rn:D3ZG35	Dr:A2BF92	-	-
Q9HCK0	O43474	57684	9314	ZBTB26	KLF4	chromatin immunoprecipitation assay	27924024	Homo sapiens	GTRD	No	Mm:Q6P9Q3;Rn:D3ZG35	Dr:A2BF92	Mm:Q60793;Rn:Q923V7	-
Q9HCK0	Q14993	57684	1310	ZBTB26	COL19A1	chromatin immunoprecipitation assay	27924024	Homo sapiens	GTRD	No	Mm:Q6P9Q3;Rn:D3ZG35	Dr:A2BF92	Mm:Q0VF58	Rn:D3ZCQ0
Q9HCK0	O14994	57684	8224	ZBTB26	SYN3	chromatin immunoprecipitation assay	27924024	Homo sapiens	GTRD	No	Mm:Q6P9Q3;Rn:D3ZG35	Dr:A2BF92	Ce:Q8MXU3;Mm:Q8JZP2	Rn:A0A096MIT7
Q9HCK0	Q5SYE7	57684	57224	ZBTB26	NHSL1	chromatin immunoprecipitation assay	27924024	Homo sapiens	GTRD	No	Mm:Q6P9Q3;Rn:D3ZG35	Dr:A2BF92	Mm:Q8CAF4;Rn:A0A0G2JZL4	Dr:F1R6W8
Q9HCK0	Q92527	57684	56311	ZBTB26	ANKRD7	chromatin immunoprecipitation assay	27924024	Homo sapiens	GTRD	No	Mm:Q6P9Q3;Rn:D3ZG35	Dr:A2BF92	Dr:A5WV38;Rn:A0A0G2KA76	Mm:A0A0R4J1L1
Q9HCK0	P20933	57684	175	ZBTB26	AGA	chromatin immunoprecipitation assay	27924024	Homo sapiens	GTRD	No	Mm:Q6P9Q3;Rn:D3ZG35	Dr:A2BF92	Dm:Q8MR45;Dm:A1ZBI7;Mm:Q64191;Rn:P30919	Ce:Q21697;Dr:A8KC00
Q9HCK0	Q9BXS5	57684	8907	ZBTB26	AP1M1	chromatin immunoprecipitation assay	27924024	Homo sapiens	GTRD	No	Mm:Q6P9Q3;Rn:D3ZG35	Dr:A2BF92	Ce:P35602;Dm:O62531;Dr:A0A0R4IRS1;Mm:P35585;Rn:Q32Q06	-
Q9HCK0	Q8WY36	57684	56987	ZBTB26	BBX	chromatin immunoprecipitation assay	27924024	Homo sapiens	GTRD	No	Mm:Q6P9Q3;Rn:D3ZG35	Dr:A2BF92	Dr:A0A286YBU7;Mm:Q8VBW5;Rn:A0A0G2JXW5	-
Q9HCK0	P46952	57684	23498	ZBTB26	HAAO	chromatin immunoprecipitation assay	27924024	Homo sapiens	GTRD	No	Mm:Q6P9Q3;Rn:D3ZG35	Dr:A2BF92	Dr:F1QYC7;Mm:Q78JT3;Rn:A0A0G2JSV5	-
Q9HCK0	O60888	57684	51596	ZBTB26	CUTA	chromatin immunoprecipitation assay	27924024	Homo sapiens	GTRD	No	Mm:Q6P9Q3;Rn:D3ZG35	Dr:A2BF92	Mm:Q9CQ89;Rn:G3V616	-
Q9HCK0	Q96G03	57684	55276	ZBTB26	PGM2	chromatin immunoprecipitation assay	27924024	Homo sapiens	GTRD	No	Mm:Q6P9Q3;Rn:D3ZG35	Dr:A2BF92	Dr:Q6NYE3;Mm:Q7TSV4;Rn:F7FLB2	-
Q9HCK0	Q14154	57684	9812	ZBTB26	DELE1	chromatin immunoprecipitation assay	27924024	Homo sapiens	GTRD	No	Mm:Q6P9Q3;Rn:D3ZG35	Dr:A2BF92	Mm:Q9DCV6	Rn:P60924
Q9HCK0	Q9UJ78	57684	9205	ZBTB26	ZMYM5	chromatin immunoprecipitation assay	27924024	Homo sapiens	GTRD	No	Mm:Q6P9Q3;Rn:D3ZG35	Dr:A2BF92	Mm:Q3U2E2	Rn:D3ZPX0
Q9HCK0	Q9UJW7	57684	7772	ZBTB26	ZNF229	chromatin immunoprecipitation assay	27924024	Homo sapiens	GTRD	No	Mm:Q6P9Q3;Rn:D3ZG35	Dr:A2BF92	-	-
Q9HCK0	Q96RF0	57684	112574	ZBTB26	SNX18	chromatin immunoprecipitation assay	27924024	Homo sapiens	GTRD	No	Mm:Q6P9Q3;Rn:D3ZG35	Dr:A2BF92	Dr:A5PMM5;Mm:Q8C788;Rn:D3ZZ38	-
Q9HCK0	P60468	57684	10952	ZBTB26	SEC61B	chromatin immunoprecipitation assay	27924024	Homo sapiens	GTRD	No	Mm:Q6P9Q3;Rn:D3ZG35	Dr:A2BF92	Dm:Q7JZN0;Dr:Q6DGH3;Mm:E9PW43;Mm:Q9CQS8;Rn:B2RZD1	-
Q9HCK0	Q3C1V8	57684	390259	ZBTB26	BSX	chromatin immunoprecipitation assay	27924024	Homo sapiens	GTRD	No	Mm:Q6P9Q3;Rn:D3ZG35	Dr:A2BF92	Dr:Q6R3Q6;Mm:Q810B3;Rn:D4A5F6	-
Q9HCK0	Q6ZT21	57684	643853	ZBTB26	TMPPE	chromatin immunoprecipitation assay	27924024	Homo sapiens	GTRD	No	Mm:Q6P9Q3;Rn:D3ZG35	Dr:A2BF92	Dr:F1RA65;Mm:D3Z286	-
Q9HCK0	P21589	57684	4907	ZBTB26	NT5E	chromatin immunoprecipitation assay	27924024	Homo sapiens	GTRD	No	Mm:Q6P9Q3;Rn:D3ZG35	Dr:A2BF92	Dm:Q7K0L5;Dm:Q8SZY4;Dm:A1ZAU0;Dr:Q5PNP4;Mm:Q61503;Rn:Q66HL0	-
Q9HCK0	A2RU54	57684	3167	ZBTB26	HMX2	chromatin immunoprecipitation assay	27924024	Homo sapiens	GTRD	No	Mm:Q6P9Q3;Rn:D3ZG35	Dr:A2BF92	Mm:P43687;Rn:D4A578	Dr:F1QTJ6
Q9HCK0	Q96NT0	57684	84317	ZBTB26	CCDC115	chromatin immunoprecipitation assay	27924024	Homo sapiens	GTRD	No	Mm:Q6P9Q3;Rn:D3ZG35	Dr:A2BF92	Mm:Q8VE99;Rn:B2GV96	Dr:F1QSB2
Q9HCK0	O14893	57684	8487	ZBTB26	GEMIN2	chromatin immunoprecipitation assay	27924024	Homo sapiens	GTRD	No	Mm:Q6P9Q3;Rn:D3ZG35	Dr:A2BF92	Ce:Q9N405;Dm:Q9VVX0;Dr:A0A2R8Q828;Mm:Q9CQQ4;Rn:Q9QZP1	-
Q9HCK0	Q5SRD1	57684	100652748	ZBTB26	TIMM23B	chromatin immunoprecipitation assay	27924024	Homo sapiens	GTRD	No	Mm:Q6P9Q3;Rn:D3ZG35	Dr:A2BF92	-	-
Q9HCK0	Q12872	57684	6433	ZBTB26	SFSWAP	chromatin immunoprecipitation assay	27924024	Homo sapiens	GTRD	No	Mm:Q6P9Q3;Rn:D3ZG35	Dr:A2BF92	Dm:P12297;Dr:F1Q5L3;Mm:Q3USH5;Rn:A0A0G2JZ87	Ce:Q8MPQ0
Q9HCK0	Q8NDW8	57684	199223	ZBTB26	TTC21A	chromatin immunoprecipitation assay	27924024	Homo sapiens	GTRD	No	Mm:Q6P9Q3;Rn:D3ZG35	Dr:A2BF92	Mm:Q8C0S4;Rn:D3ZZJ4	-
Q9HCK0	Q9UBS8	57684	9604	ZBTB26	RNF14	chromatin immunoprecipitation assay	27924024	Homo sapiens	GTRD	No	Mm:Q6P9Q3;Rn:D3ZG35	Dr:A2BF92	Ce:Q20871;Dr:F1RB95;Mm:Q9JI90;Rn:Q3ZAU6	-
Q9HCK0	Q17RP2	57684	81789	ZBTB26	TIGD6	chromatin immunoprecipitation assay	27924024	Homo sapiens	GTRD	No	Mm:Q6P9Q3;Rn:D3ZG35	Dr:A2BF92	-	-
Q9HCK0	Q8WXS4	57684	140738	ZBTB26	TMEM37	chromatin immunoprecipitation assay	27924024	Homo sapiens	GTRD	No	Mm:Q6P9Q3;Rn:D3ZG35	Dr:A2BF92	-	-
Q9HCK0	Q9H3H5	57684	1798	ZBTB26	DPAGT1	chromatin immunoprecipitation assay	27924024	Homo sapiens	GTRD	No	Mm:Q6P9Q3;Rn:D3ZG35	Dr:A2BF92	Ce:Q9U1Z2;Dm:Q9VK30;Dr:A2BFS6;Mm:P42867;Rn:Q6P4Z8;Sc:P07286	-
Q9HCK0	O43149	57684	23140	ZBTB26	ZZEF1	chromatin immunoprecipitation assay	27924024	Homo sapiens	GTRD	No	Mm:Q6P9Q3;Rn:D3ZG35	Dr:A2BF92	Dr:A0A0R4IX34;Mm:Q5SSH7;Rn:D3ZG78	-
Q9HCK0	O14669	57684	5639	ZBTB26	PRRG2	chromatin immunoprecipitation assay	27924024	Homo sapiens	GTRD	No	Mm:Q6P9Q3;Rn:D3ZG35	Dr:A2BF92	Mm:Q8R182;Rn:A0A0G2K045	Dr:X1WF92
Q9HCK0	Q5K4L6	57684	11000	ZBTB26	SLC27A3	chromatin immunoprecipitation assay	27924024	Homo sapiens	GTRD	No	Mm:Q6P9Q3;Rn:D3ZG35	Dr:A2BF92	-	-
Q9HCK0	Q9NZQ3	57684	51517	ZBTB26	NCKIPSD	chromatin immunoprecipitation assay	27924024	Homo sapiens	GTRD	No	Mm:Q6P9Q3;Rn:D3ZG35	Dr:A2BF92	Dm:Q9W3K6;Dr:F1QMR6;Mm:Q9ESJ4;Rn:D3ZWX4	-
Q9HCK0	Q71UM5	57684	51065	ZBTB26	RPS27L	chromatin immunoprecipitation assay	27924024	Homo sapiens	GTRD	No	Mm:Q6P9Q3;Rn:D3ZG35	Dr:A2BF92	-	-
Q9HCK0	P02792	57684	2512	ZBTB26	FTL	chromatin immunoprecipitation assay	27924024	Homo sapiens	GTRD	No	Mm:Q6P9Q3;Rn:D3ZG35	Dr:A2BF92	Mm:Q9CPX4;Rn:D4ADM5;Rn:P02793	Rn:M0R5T8;Rn:M0R597;Rn:F1M5T1;Rn:M0R6L9;Rn:M0RCS3
Q9HCK0	Q969W9	57684	56937	ZBTB26	PMEPA1	chromatin immunoprecipitation assay	27924024	Homo sapiens	GTRD	No	Mm:Q6P9Q3;Rn:D3ZG35	Dr:A2BF92	Mm:A2APF4;Rn:M0RCH9	-
Q9HCK0	Q96SU4	57684	114883	ZBTB26	OSBPL9	chromatin immunoprecipitation assay	27924024	Homo sapiens	GTRD	No	Mm:Q6P9Q3;Rn:D3ZG35	Dr:A2BF92	Ce:O01686;Dm:A1Z814;Dr:A0JMN8;Rn:F1LRE5	Mm:E9PXZ2
Q9HCK0	Q96S55	57684	56897	ZBTB26	WRNIP1	chromatin immunoprecipitation assay	27924024	Homo sapiens	GTRD	No	Mm:Q6P9Q3;Rn:D3ZG35	Dr:A2BF92	Mm:Q91XU0;Rn:R9PXV8;Sc:P40151	Dr:Q6NW46
Q9HCK0	Q9BZE3	57684	56751	ZBTB26	BARHL1	chromatin immunoprecipitation assay	27924024	Homo sapiens	GTRD	No	Mm:Q6P9Q3;Rn:D3ZG35	Dr:A2BF92	Dr:A2CEG4;Mm:P63157;Rn:P63156	-
Q9HCK0	Q6UWU4	57684	221477	ZBTB26	C6orf89	chromatin immunoprecipitation assay	27924024	Homo sapiens	GTRD	No	Mm:Q6P9Q3;Rn:D3ZG35	Dr:A2BF92	Dr:F1R860;Mm:Q99KU6	Rn:A0A0G2JVJ4
Q9HCK0	P49910	57684	7718	ZBTB26	ZNF165	chromatin immunoprecipitation assay	27924024	Homo sapiens	GTRD	No	Mm:Q6P9Q3;Rn:D3ZG35	Dr:A2BF92	-	-
Q9HCK0	P05113	57684	3567	ZBTB26	IL5	chromatin immunoprecipitation assay	27924024	Homo sapiens	GTRD	No	Mm:Q6P9Q3;Rn:D3ZG35	Dr:A2BF92	Mm:P04401	Rn:Q08125
Q9HCK0	P27707	57684	1633	ZBTB26	DCK	chromatin immunoprecipitation assay	27924024	Homo sapiens	GTRD	No	Mm:Q6P9Q3;Rn:D3ZG35	Dr:A2BF92	Dr:F1QFS3;Mm:P43346;Rn:G3V6E9	-
Q9HCK0	Q16587	57684	7625	ZBTB26	ZNF74	chromatin immunoprecipitation assay	27924024	Homo sapiens	GTRD	No	Mm:Q6P9Q3;Rn:D3ZG35	Dr:A2BF92	-	-
Q9HCK0	Q96EP0	57684	55072	ZBTB26	RNF31	chromatin immunoprecipitation assay	27924024	Homo sapiens	GTRD	No	Mm:Q6P9Q3;Rn:D3ZG35	Dr:A2BF92	-	-
Q9HCK0	O75426	57684	26261	ZBTB26	FBXO24	chromatin immunoprecipitation assay	27924024	Homo sapiens	GTRD	No	Mm:Q6P9Q3;Rn:D3ZG35	Dr:A2BF92	Mm:Q9D417	Rn:D4A3S1
Q9HCK0	Q9UHW5	57684	51184	ZBTB26	GPN3	chromatin immunoprecipitation assay	27924024	Homo sapiens	GTRD	No	Mm:Q6P9Q3;Rn:D3ZG35	Dr:A2BF92	Ce:Q9XW68;Dm:Q9VI70;Mm:Q9D3W4;Rn:G3V652;Sc:Q06543	Dr:T1ECS8
Q9HCK0	Q99424	57684	8309	ZBTB26	ACOX2	chromatin immunoprecipitation assay	27924024	Homo sapiens	GTRD	No	Mm:Q6P9Q3;Rn:D3ZG35	Dr:A2BF92	Dm:Q9W2G9;Dm:Q9W2G8;Dm:Q9W3U0;Mm:Q9QXD1	Rn:F1LNW3
Q9HCK0	P48546	57684	2696	ZBTB26	GIPR	chromatin immunoprecipitation assay	27924024	Homo sapiens	GTRD	No	Mm:Q6P9Q3;Rn:D3ZG35	Dr:A2BF92	Mm:Q0P543	Dr:E7FCX8;Rn:P43219
Q9HCK0	Q9Y5A9	57684	51441	ZBTB26	YTHDF2	chromatin immunoprecipitation assay	27924024	Homo sapiens	GTRD	No	Mm:Q6P9Q3;Rn:D3ZG35	Dr:A2BF92	Dr:E7F1H9;Mm:Q91YT7;Rn:E9PU11	-
Q9HCK0	Q6ZTA4	57684	440730	ZBTB26	TRIM67	chromatin immunoprecipitation assay	27924024	Homo sapiens	GTRD	No	Mm:Q6P9Q3;Rn:D3ZG35	Dr:A2BF92	-	-
Q9HCK0	P0DP58	57684	111188157;66004	ZBTB26	LYNX1	chromatin immunoprecipitation assay	27924024	Homo sapiens	GTRD	No	Mm:Q6P9Q3;Rn:D3ZG35	Dr:A2BF92	Mm:P0DP60;Rn:D4A6F2	-
Q9HCK0	O94983	57684	23125	ZBTB26	CAMTA2	chromatin immunoprecipitation assay	27924024	Homo sapiens	GTRD	No	Mm:Q6P9Q3;Rn:D3ZG35	Dr:A2BF92	Ce:H2KY84;Mm:Q80Y50;Rn:D3ZLG1	-
Q9HCK0	Q6UN15	57684	81608	ZBTB26	FIP1L1	chromatin immunoprecipitation assay	27924024	Homo sapiens	GTRD	No	Mm:Q6P9Q3;Rn:D3ZG35	Dr:A2BF92	Dm:Q9VN31;Mm:Q9D824	Ce:O16293;Dr:A7MCF0;Rn:A0A0G2K376
Q9HCK0	Q9Y223	57684	10020	ZBTB26	GNE	chromatin immunoprecipitation assay	27924024	Homo sapiens	GTRD	No	Mm:Q6P9Q3;Rn:D3ZG35	Dr:A2BF92	-	-
Q9HCK0	A6NJB7	57684	284338	ZBTB26	PRR19	chromatin immunoprecipitation assay	27924024	Homo sapiens	GTRD	No	Mm:Q6P9Q3;Rn:D3ZG35	Dr:A2BF92	Mm:B2RW88	Rn:D3ZED7
Q9HCK0	Q6ZW33	57684	84953	ZBTB26	MICALCL	chromatin immunoprecipitation assay	27924024	Homo sapiens	GTRD	No	Mm:Q6P9Q3;Rn:D3ZG35	Dr:A2BF92	-	-
Q9HCK0	B2RXF5	57684	100128927	ZBTB26	ZBTB42	chromatin immunoprecipitation assay	27924024	Homo sapiens	GTRD	No	Mm:Q6P9Q3;Rn:D3ZG35	Dr:A2BF92	Mm:Q811H0;Rn:B1WBS3	-
Q9HCK0	Q9Y4A8	57684	9603	ZBTB26	NFE2L3	chromatin immunoprecipitation assay	27924024	Homo sapiens	GTRD	No	Mm:Q6P9Q3;Rn:D3ZG35	Dr:A2BF92	Mm:Q9WTM4	Rn:D4A7S7
Q9HCK0	Q5VY09	57684	51278	ZBTB26	IER5	chromatin immunoprecipitation assay	27924024	Homo sapiens	GTRD	No	Mm:Q6P9Q3;Rn:D3ZG35	Dr:A2BF92	Dr:Q90X37;Mm:O89113	-
Q9HCK0	Q92738	57684	9712	ZBTB26	USP6NL	chromatin immunoprecipitation assay	27924024	Homo sapiens	GTRD	No	Mm:Q6P9Q3;Rn:D3ZG35	Dr:A2BF92	Mm:Q80XC3;Rn:D3ZL57	-
Q9HCK0	Q9P003	57684	29097	ZBTB26	CNIH4	chromatin immunoprecipitation assay	27924024	Homo sapiens	GTRD	No	Mm:Q6P9Q3;Rn:D3ZG35	Dr:A2BF92	Dm:Q9VQL3;Mm:Q9CX13;Rn:D3ZTY0	Dr:E7F861
Q9HCK0	Q00765	57684	7905	ZBTB26	REEP5	chromatin immunoprecipitation assay	27924024	Homo sapiens	GTRD	No	Mm:Q6P9Q3;Rn:D3ZG35	Dr:A2BF92	Dr:Q6PBX9;Mm:G3X8R0;Rn:B2RZ37	-
Q9HCK0	O00151	57684	9124	ZBTB26	PDLIM1	chromatin immunoprecipitation assay	27924024	Homo sapiens	GTRD	No	Mm:Q6P9Q3;Rn:D3ZG35	Dr:A2BF92	Mm:O70400;Rn:P52944	Dr:B8A5V6
Q9HCK0	P58005	57684	143686	ZBTB26	SESN3	chromatin immunoprecipitation assay	27924024	Homo sapiens	GTRD	No	Mm:Q6P9Q3;Rn:D3ZG35	Dr:A2BF92	Dr:F1R1P4;Mm:Q9CYP7;Rn:D4A469	-
Q9HCK0	P61204	57684	377	ZBTB26	ARF3	chromatin immunoprecipitation assay	27924024	Homo sapiens	GTRD	No	Mm:Q6P9Q3;Rn:D3ZG35	Dr:A2BF92	-	-
Q9HCK0	Q8WWB7	57684	112770	ZBTB26	GLMP	chromatin immunoprecipitation assay	27924024	Homo sapiens	GTRD	No	Mm:Q6P9Q3;Rn:D3ZG35	Dr:A2BF92	Mm:Q9JHJ3;Rn:Q68FV6	Dr:Q66HW4
Q9HCK0	P62699	57684	51646	ZBTB26	YPEL5	chromatin immunoprecipitation assay	27924024	Homo sapiens	GTRD	No	Mm:Q6P9Q3;Rn:D3ZG35	Dr:A2BF92	Ce:O44440;Dm:Q9XZF0;Mm:P62700;Rn:D4A4Q3	-
Q9HCK0	B4DX44	57684	728927	ZBTB26	ZNF736	chromatin immunoprecipitation assay	27924024	Homo sapiens	GTRD	No	Mm:Q6P9Q3;Rn:D3ZG35	Dr:A2BF92	-	-
Q9HCK0	Q9BRP7	57684	91893	ZBTB26	FDXACB1	chromatin immunoprecipitation assay	27924024	Homo sapiens	GTRD	No	Mm:Q6P9Q3;Rn:D3ZG35	Dr:A2BF92	Dr:A5PMV5;Mm:Q3UY23;Rn:D3ZEA2	-
Q9HCK0	Q07864	57684	5426	ZBTB26	POLE	chromatin immunoprecipitation assay	27924024	Homo sapiens	GTRD	No	Mm:Q6P9Q3;Rn:D3ZG35	Dr:A2BF92	Ce:O62218;Dm:Q9VCN1;Mm:Q9WVF7;Rn:D3Z8X4;Sc:P21951	Dr:B0V351
Q9HCK0	P46939	57684	7402	ZBTB26	UTRN	chromatin immunoprecipitation assay	27924024	Homo sapiens	GTRD	No	Mm:Q6P9Q3;Rn:D3ZG35	Dr:A2BF92	Mm:E9Q6R7;Rn:A0A0G2JW60	-
Q9HCK0	Q9C098	57684	85443	ZBTB26	DCLK3	chromatin immunoprecipitation assay	27924024	Homo sapiens	GTRD	No	Mm:Q6P9Q3;Rn:D3ZG35	Dr:A2BF92	Mm:Q8BWQ5;Rn:F1LWF2	Dm:D3PFF6;Dr:F1QA54
Q9HCK0	O75962	57684	7204	ZBTB26	TRIO	chromatin immunoprecipitation assay	27924024	Homo sapiens	GTRD	No	Mm:Q6P9Q3;Rn:D3ZG35	Dr:A2BF92	Mm:Q0KL02	Rn:A0A1P0PBZ6
Q9HCK0	Q9BWE0	57684	29803	ZBTB26	REPIN1	chromatin immunoprecipitation assay	27924024	Homo sapiens	GTRD	No	Mm:Q6P9Q3;Rn:D3ZG35	Dr:A2BF92	-	-
Q9HCK0	P17844	57684	1655	ZBTB26	DDX5	chromatin immunoprecipitation assay	27924024	Homo sapiens	GTRD	No	Mm:Q6P9Q3;Rn:D3ZG35	Dr:A2BF92	-	-
Q9HCK0	Q8IWT6	57684	56262	ZBTB26	LRRC8A	chromatin immunoprecipitation assay	27924024	Homo sapiens	GTRD	No	Mm:Q6P9Q3;Rn:D3ZG35	Dr:A2BF92	Dr:A2BF98;Mm:Q80WG5;Rn:Q4V8I7	-
Q9HCK0	Q01804	57684	54726	ZBTB26	OTUD4	chromatin immunoprecipitation assay	27924024	Homo sapiens	GTRD	No	Mm:Q6P9Q3;Rn:D3ZG35	Dr:A2BF92	Mm:B2RRE7;Rn:F1M7Q7	-
Q9HCK0	Q8WXE0	57684	57513	ZBTB26	CASKIN2	chromatin immunoprecipitation assay	27924024	Homo sapiens	GTRD	No	Mm:Q6P9Q3;Rn:D3ZG35	Dr:A2BF92	-	-
Q9HCK0	P13804	57684	2108	ZBTB26	ETFA	chromatin immunoprecipitation assay	27924024	Homo sapiens	GTRD	No	Mm:Q6P9Q3;Rn:D3ZG35	Dr:A2BF92	Ce:Q93615;Dm:Q7KN94;Mm:Q99LC5;Rn:P13803;Sc:Q12480	-
Q9HCK0	Q96RD7	57684	24145	ZBTB26	PANX1	chromatin immunoprecipitation assay	27924024	Homo sapiens	GTRD	No	Mm:Q6P9Q3;Rn:D3ZG35	Dr:A2BF92	Mm:Q9JIP4;Rn:P60570	-
Q9HCK0	O15405	57684	27324	ZBTB26	TOX3	chromatin immunoprecipitation assay	27924024	Homo sapiens	GTRD	No	Mm:Q6P9Q3;Rn:D3ZG35	Dr:A2BF92	Dr:E7FAU5;Mm:Q80W03	Rn:F1LNE1
Q9HCK0	Q15404	57684	6251	ZBTB26	RSU1	chromatin immunoprecipitation assay	27924024	Homo sapiens	GTRD	No	Mm:Q6P9Q3;Rn:D3ZG35	Dr:A2BF92	Ce:Q09497;Dm:Q9V428;Mm:Q9D031;Rn:D4A8F2	-
Q9HCK0	P10644	57684	5573	ZBTB26	PRKAR1A	chromatin immunoprecipitation assay	27924024	Homo sapiens	GTRD	No	Mm:Q6P9Q3;Rn:D3ZG35	Dr:A2BF92	Ce:P30625;Dr:F1QEC8;Dr:Q5I0F6;Mm:Q9DBC7;Rn:P09456	-
Q9HCK0	Q96N28	57684	10650	ZBTB26	PRELID3A	chromatin immunoprecipitation assay	27924024	Homo sapiens	GTRD	No	Mm:Q6P9Q3;Rn:D3ZG35	Dr:A2BF92	Dr:E7EZZ3;Mm:Q8VE85;Rn:D3ZAN9	-
Q9HCK0	Q96HQ2	57684	91368	ZBTB26	CDKN2AIPNL	chromatin immunoprecipitation assay	27924024	Homo sapiens	GTRD	No	Mm:Q6P9Q3;Rn:D3ZG35	Dr:A2BF92	Mm:Q9D211;Rn:Q5RK03	Dr:Q5XJM4
Q9HCK0	O75123	57684	9831	ZBTB26	ZNF623	chromatin immunoprecipitation assay	27924024	Homo sapiens	GTRD	No	Mm:Q6P9Q3;Rn:D3ZG35	Dr:A2BF92	-	-
Q9HCK0	Q14264	57684	2086	ZBTB26	ERV3-1	chromatin immunoprecipitation assay	27924024	Homo sapiens	GTRD	No	Mm:Q6P9Q3;Rn:D3ZG35	Dr:A2BF92	-	-
Q9HCK0	Q8WVB6	57684	63922	ZBTB26	CHTF18	chromatin immunoprecipitation assay	27924024	Homo sapiens	GTRD	No	Mm:Q6P9Q3;Rn:D3ZG35	Dr:A2BF92	Dm:Q8IQ05;Dr:F1QF60;Mm:E9PVJ3;Rn:D4AC99	-
Q9HCK0	Q9UKX7	57684	10762	ZBTB26	NUP50	chromatin immunoprecipitation assay	27924024	Homo sapiens	GTRD	No	Mm:Q6P9Q3;Rn:D3ZG35	Dr:A2BF92	Dm:Q7K0D8;Dr:F1R0E4;Mm:Q9JIH2;Rn:G3V7R1	-
Q9HCK0	Q6IPW1	57684	54494	ZBTB26	C11orf71	chromatin immunoprecipitation assay	27924024	Homo sapiens	GTRD	No	Mm:Q6P9Q3;Rn:D3ZG35	Dr:A2BF92	Mm:Q91VN2;Rn:B0BNK2	-
Q9HCK0	Q8N2R0	57684	116039	ZBTB26	OSR2	chromatin immunoprecipitation assay	27924024	Homo sapiens	GTRD	No	Mm:Q6P9Q3;Rn:D3ZG35	Dr:A2BF92	Dm:Q9VDQ5;Dr:F1R0J1;Mm:Q91ZD1;Rn:Q6AY34	-
Q9HCK0	Q2M3V2	57684	-	ZBTB26	SOWAHA	chromatin immunoprecipitation assay	27924024	Homo sapiens	GTRD	No	Mm:Q6P9Q3;Rn:D3ZG35	Dr:A2BF92	-	-
Q9HCK0	P31483	57684	7072	ZBTB26	TIA1	chromatin immunoprecipitation assay	27924024	Homo sapiens	GTRD	No	Mm:Q6P9Q3;Rn:D3ZG35	Dr:A2BF92	Mm:P52912;Rn:Q5PQR7	Dr:Q7ZVY0
Q9HCK0	A0A087WUJ7	57684	-	ZBTB26	-	chromatin immunoprecipitation assay	27924024	Homo sapiens	GTRD	No	Mm:Q6P9Q3;Rn:D3ZG35	Dr:A2BF92	-	-
Q9HCK0	Q12982	57684	663	ZBTB26	BNIP2	chromatin immunoprecipitation assay	27924024	Homo sapiens	GTRD	No	Mm:Q6P9Q3;Rn:D3ZG35	Dr:A2BF92	-	-
Q9HCK0	Q8IVT5	57684	8844	ZBTB26	KSR1	chromatin immunoprecipitation assay	27924024	Homo sapiens	GTRD	No	Mm:Q6P9Q3;Rn:D3ZG35	Dr:A2BF92	-	-
Q9HCK0	Q92536	57684	9057	ZBTB26	SLC7A6	chromatin immunoprecipitation assay	27924024	Homo sapiens	GTRD	No	Mm:Q6P9Q3;Rn:D3ZG35	Dr:A2BF92	Mm:Q8BGK6	Rn:D3ZMM8
Q9HCK0	Q5T1N1	57684	254268	ZBTB26	AKNAD1	chromatin immunoprecipitation assay	27924024	Homo sapiens	GTRD	No	Mm:Q6P9Q3;Rn:D3ZG35	Dr:A2BF92	Mm:E9Q8N6	Rn:F7FFB7
Q9HCK0	Q9BXT4	57684	56165	ZBTB26	TDRD1	chromatin immunoprecipitation assay	27924024	Homo sapiens	GTRD	No	Mm:Q6P9Q3;Rn:D3ZG35	Dr:A2BF92	Dr:F1Q7S6;Mm:Q99MV1	Rn:D4A3N0
Q9HCK0	Q15303	57684	2066	ZBTB26	ERBB4	chromatin immunoprecipitation assay	27924024	Homo sapiens	GTRD	No	Mm:Q6P9Q3;Rn:D3ZG35	Dr:A2BF92	Mm:Q61527	Rn:F1M7X4
Q9HCK0	O15304	57684	10572	ZBTB26	SIVA1	chromatin immunoprecipitation assay	27924024	Homo sapiens	GTRD	No	Mm:Q6P9Q3;Rn:D3ZG35	Dr:A2BF92	Dr:A0A2R8QL23;Mm:O54926;Rn:P59692	-
Q9HCK0	P29323	57684	2048	ZBTB26	EPHB2	chromatin immunoprecipitation assay	27924024	Homo sapiens	GTRD	No	Mm:Q6P9Q3;Rn:D3ZG35	Dr:A2BF92	Dr:A2CEJ3;Mm:P54763;Rn:A0A0G2JY48	-
Q9HCK0	Q05519	57684	9295	ZBTB26	SRSF11	chromatin immunoprecipitation assay	27924024	Homo sapiens	GTRD	No	Mm:Q6P9Q3;Rn:D3ZG35	Dr:A2BF92	-	-
Q9HCK0	Q96M27	57684	133619	ZBTB26	PRRC1	chromatin immunoprecipitation assay	27924024	Homo sapiens	GTRD	No	Mm:Q6P9Q3;Rn:D3ZG35	Dr:A2BF92	Ce:Q17636;Dr:Q5XJA3;Mm:Q3UPH1;Rn:G3V834	-
Q9HCK0	Q96MR6	57684	149465	ZBTB26	CFAP57	chromatin immunoprecipitation assay	27924024	Homo sapiens	GTRD	No	Mm:Q6P9Q3;Rn:D3ZG35	Dr:A2BF92	Dm:Q9W235;Mm:Q9D180	Dr:E7FF14
Q9HCK0	Q86XZ4	57684	65244	ZBTB26	SPATS2	chromatin immunoprecipitation assay	27924024	Homo sapiens	GTRD	No	Mm:Q6P9Q3;Rn:D3ZG35	Dr:A2BF92	Mm:Q8K1N4	Rn:F1LX68
Q9HCK0	Q9H0W5	57684	83987	ZBTB26	CCDC8	chromatin immunoprecipitation assay	27924024	Homo sapiens	GTRD	No	Mm:Q6P9Q3;Rn:D3ZG35	Dr:A2BF92	Mm:D3YZV8;Rn:A0A0G2JTP3	-
Q9HCK0	Q9UJX6	57684	29882	ZBTB26	ANAPC2	chromatin immunoprecipitation assay	27924024	Homo sapiens	GTRD	No	Mm:Q6P9Q3;Rn:D3ZG35	Dr:A2BF92	Dm:Q9W1E5;Dr:A0A0R4ISV4;Mm:Q8BZQ7;Rn:B2RYJ1	-
Q9HCK0	Q9UDW1	57684	29796	ZBTB26	UQCR10	chromatin immunoprecipitation assay	27924024	Homo sapiens	GTRD	No	Mm:Q6P9Q3;Rn:D3ZG35	Dr:A2BF92	Dm:Q9XY35;Dr:A0A0G2L2Q2;Mm:Q8R1I1;Rn:A0A0G2K8Q8	-
Q9HCK0	Q9Y535	57684	171568	ZBTB26	POLR3H	chromatin immunoprecipitation assay	27924024	Homo sapiens	GTRD	No	Mm:Q6P9Q3;Rn:D3ZG35	Dr:A2BF92	Ce:Q23645;Dm:Q9VTL6;Dr:A0A0R4IQ64;Mm:Q9D2C6;Rn:B2RZB0;Sc:P35718	-
Q9HCK0	Q8NBI2	57684	220002	ZBTB26	CYB561A3	chromatin immunoprecipitation assay	27924024	Homo sapiens	GTRD	No	Mm:Q6P9Q3;Rn:D3ZG35	Dr:A2BF92	Dr:A3KPR5;Mm:Q6P1H1	Dr:E9QC26;Rn:Q5U2W7
Q9HCK0	A6NC05	57684	401207	ZBTB26	C5orf63	chromatin immunoprecipitation assay	27924024	Homo sapiens	GTRD	No	Mm:Q6P9Q3;Rn:D3ZG35	Dr:A2BF92	Dr:E9QBC6;Mm:Q9CWB7;Rn:G3V7R5	-
Q9HCK0	P51956	57684	4752	ZBTB26	NEK3	chromatin immunoprecipitation assay	27924024	Homo sapiens	GTRD	No	Mm:Q6P9Q3;Rn:D3ZG35	Dr:A2BF92	Mm:Q9R0A5	Rn:D3ZTD6
Q9HCK0	P15622	57684	58500	ZBTB26	ZNF250	chromatin immunoprecipitation assay	27924024	Homo sapiens	GTRD	No	Mm:Q6P9Q3;Rn:D3ZG35	Dr:A2BF92	Mm:Q7TNU6	Rn:M0RDI4
Q9HCK0	Q6UX65	57684	128338	ZBTB26	DRAM2	chromatin immunoprecipitation assay	27924024	Homo sapiens	GTRD	No	Mm:Q6P9Q3;Rn:D3ZG35	Dr:A2BF92	Mm:Q9CR48;Rn:Q5BK09	Dr:F1R7U0
Q9HCK0	P07858	57684	1508	ZBTB26	CTSB	chromatin immunoprecipitation assay	27924024	Homo sapiens	GTRD	No	Mm:Q6P9Q3;Rn:D3ZG35	Dr:A2BF92	Ce:O16288;Ce:P43508;Ce:P25807;Ce:Q20950;Ce:P43507;Ce:P43510;Dm:Q9VY87;Dr:Q6PH75;Mm:P10605;Rn:Q6IN22	-
Q9HCK0	M0R384	57684	-	ZBTB26	-	chromatin immunoprecipitation assay	27924024	Homo sapiens	GTRD	No	Mm:Q6P9Q3;Rn:D3ZG35	Dr:A2BF92	-	-
Q9HCK0	Q8TEA1	57684	221078	ZBTB26	NSUN6	chromatin immunoprecipitation assay	27924024	Homo sapiens	GTRD	No	Mm:Q6P9Q3;Rn:D3ZG35	Dr:A2BF92	Mm:Q7TS68;Rn:B1WC69	Dm:Q9VNQ1;Dr:A0A0R4IAT4
Q9HCK0	Q96LR5	57684	7325	ZBTB26	UBE2E2	chromatin immunoprecipitation assay	27924024	Homo sapiens	GTRD	No	Mm:Q6P9Q3;Rn:D3ZG35	Dr:A2BF92	Mm:Q91W82	-
Q9HCK0	P55157	57684	4547	ZBTB26	MTTP	chromatin immunoprecipitation assay	27924024	Homo sapiens	GTRD	No	Mm:Q6P9Q3;Rn:D3ZG35	Dr:A2BF92	Dm:Q9VIH3;Dr:A0A0R4IVV0;Mm:O08601;Rn:D4A1W8	-
Q9HCK0	Q6PGP7	57684	9652	ZBTB26	TTC37	chromatin immunoprecipitation assay	27924024	Homo sapiens	GTRD	No	Mm:Q6P9Q3;Rn:D3ZG35	Dr:A2BF92	Dm:Q6NNB2;Dr:E7F2R1;Mm:F8VPK0	Rn:D3ZL50
Q9HCK0	O14678	57684	5826	ZBTB26	ABCD4	chromatin immunoprecipitation assay	27924024	Homo sapiens	GTRD	No	Mm:Q6P9Q3;Rn:D3ZG35	Dr:A2BF92	Ce:F5GUC6;Dr:F1Q4Y1;Mm:O89016;Rn:D4A576	-
Q9HCK0	Q9BYC9	57684	55052	ZBTB26	MRPL20	chromatin immunoprecipitation assay	27924024	Homo sapiens	GTRD	No	Mm:Q6P9Q3;Rn:D3ZG35	Dr:A2BF92	Dm:Q9VU36;Dr:F1QKE9;Mm:Q9CQL4;Rn:B2GV62	-
Q9HCK0	Q9BSB4	57684	60673	ZBTB26	ATG101	chromatin immunoprecipitation assay	27924024	Homo sapiens	GTRD	No	Mm:Q6P9Q3;Rn:D3ZG35	Dr:A2BF92	Ce:Q95XH2;Dm:Q9VWQ1;Mm:Q9D8Z6;Rn:Q6AY69	-
Q9HCK0	Q9NZR2	57684	53353	ZBTB26	LRP1B	chromatin immunoprecipitation assay	27924024	Homo sapiens	GTRD	No	Mm:Q6P9Q3;Rn:D3ZG35	Dr:A2BF92	Mm:A2API5	Dr:F1QTG8
Q9HCK0	P16278	57684	2720	ZBTB26	GLB1	chromatin immunoprecipitation assay	27924024	Homo sapiens	GTRD	No	Mm:Q6P9Q3;Rn:D3ZG35	Dr:A2BF92	-	-
Q9HCK0	Q2M1V0	57684	91464	ZBTB26	ISX	chromatin immunoprecipitation assay	27924024	Homo sapiens	GTRD	No	Mm:Q6P9Q3;Rn:D3ZG35	Dr:A2BF92	Mm:A1A546	-
Q9HCK0	Q5T9A4	57684	83858	ZBTB26	ATAD3B	chromatin immunoprecipitation assay	27924024	Homo sapiens	GTRD	No	Mm:Q6P9Q3;Rn:D3ZG35	Dr:A2BF92	-	-
Q9HCK0	O43896	57684	10749	ZBTB26	KIF1C	chromatin immunoprecipitation assay	27924024	Homo sapiens	GTRD	No	Mm:Q6P9Q3;Rn:D3ZG35	Dr:A2BF92	Mm:O35071;Rn:F1M9C8	-
Q9HCK0	Q92949	57684	2302	ZBTB26	FOXJ1	chromatin immunoprecipitation assay	27924024	Homo sapiens	GTRD	No	Mm:Q6P9Q3;Rn:D3ZG35	Dr:A2BF92	Dr:F1QDF8;Mm:Q61660	-
Q9HCK0	Q96DN6	57684	114785	ZBTB26	MBD6	chromatin immunoprecipitation assay	27924024	Homo sapiens	GTRD	No	Mm:Q6P9Q3;Rn:D3ZG35	Dr:A2BF92	Dm:Q9VY31;Rn:D3ZCX1	Mm:E9Q572
Q9HCK0	Q8WW43	57684	83464	ZBTB26	APH1B	chromatin immunoprecipitation assay	27924024	Homo sapiens	GTRD	No	Mm:Q6P9Q3;Rn:D3ZG35	Dr:A2BF92	Mm:Q8C7N7;Mm:Q9DCZ9	Dr:Q8JHE9;Rn:Q0PY50
Q9HCK0	P57076	57684	56683	ZBTB26	CFAP298	chromatin immunoprecipitation assay	27924024	Homo sapiens	GTRD	No	Mm:Q6P9Q3;Rn:D3ZG35	Dr:A2BF92	-	-
Q9HCK0	Q14576	57684	1995	ZBTB26	ELAVL3	chromatin immunoprecipitation assay	27924024	Homo sapiens	GTRD	No	Mm:Q6P9Q3;Rn:D3ZG35	Dr:A2BF92	Mm:Q60900;Rn:Q76IJ9	Dr:A0A0R4IC33
Q9HCK0	Q5BJF6	57684	4957	ZBTB26	ODF2	chromatin immunoprecipitation assay	27924024	Homo sapiens	GTRD	No	Mm:Q6P9Q3;Rn:D3ZG35	Dr:A2BF92	Dr:E7F186;Mm:A3KGV1;Rn:Q6AYX5	-
Q9HCK0	Q9BRB3	57684	9091	ZBTB26	PIGQ	chromatin immunoprecipitation assay	27924024	Homo sapiens	GTRD	No	Mm:Q6P9Q3;Rn:D3ZG35	Dr:A2BF92	Dr:F1QHT3;Mm:Q9QYT7	Rn:Q642B8
Q9HCK0	P32320	57684	978	ZBTB26	CDA	chromatin immunoprecipitation assay	27924024	Homo sapiens	GTRD	No	Mm:Q6P9Q3;Rn:D3ZG35	Dr:A2BF92	Ce:Q20628;Dm:Q9VLR3;Dm:Q9VLR2;Dr:Q6P0R4;Mm:P56389;Sc:Q06549	Rn:D4AC20
Q9HCK0	Q9P0N9	57684	107080638;51256	ZBTB26	TBC1D7	chromatin immunoprecipitation assay	27924024	Homo sapiens	GTRD	No	Mm:Q6P9Q3;Rn:D3ZG35	Dr:A2BF92	Dm:Q9VCC4;Mm:Q9D0K0;Rn:D4AAY4	Dr:F1QRX7
Q9HCK0	A0A024R261	57684	6139	ZBTB26	-	chromatin immunoprecipitation assay	27924024	Homo sapiens	GTRD	No	Mm:Q6P9Q3;Rn:D3ZG35	Dr:A2BF92	-	-
Q9HCK0	Q9C0K3	57684	653857	ZBTB26	ACTR3C	chromatin immunoprecipitation assay	27924024	Homo sapiens	GTRD	No	Mm:Q6P9Q3;Rn:D3ZG35	Dr:A2BF92	-	-
Q9HCK0	Q9Y333	57684	57819	ZBTB26	LSM2	chromatin immunoprecipitation assay	27924024	Homo sapiens	GTRD	No	Mm:Q6P9Q3;Rn:D3ZG35	Dr:A2BF92	Ce:P92022;Dm:Q9VTW6;Dr:Q5RKP8;Mm:O35900;Rn:Q6MG66;Sc:P38203	-
Q9HCK0	Q5TGI0	57684	84553	ZBTB26	FAXC	chromatin immunoprecipitation assay	27924024	Homo sapiens	GTRD	No	Mm:Q6P9Q3;Rn:D3ZG35	Dr:A2BF92	Dr:E7FFZ1;Mm:Q3UMF9;Rn:D3ZAT9	Ce:Q9NAG5;Dr:E9QGX6
Q9HCK0	Q86XI8	57684	374920	ZBTB26	ZSWIM9	chromatin immunoprecipitation assay	27924024	Homo sapiens	GTRD	No	Mm:Q6P9Q3;Rn:D3ZG35	Dr:A2BF92	-	Rn:D3ZHE3
Q9HCK0	Q8IWF2	57684	80020	ZBTB26	FOXRED2	chromatin immunoprecipitation assay	27924024	Homo sapiens	GTRD	No	Mm:Q6P9Q3;Rn:D3ZG35	Dr:A2BF92	Dr:B0UXS1;Mm:Q3USW5;Rn:D4A1A1	-
Q9HCK0	O43795	57684	4430	ZBTB26	MYO1B	chromatin immunoprecipitation assay	27924024	Homo sapiens	GTRD	No	Mm:Q6P9Q3;Rn:D3ZG35	Dr:A2BF92	Dr:F1R617;Mm:P46735;Rn:Q05096	-
Q9HCK0	Q96CN5	57684	201255	ZBTB26	LRRC45	chromatin immunoprecipitation assay	27924024	Homo sapiens	GTRD	No	Mm:Q6P9Q3;Rn:D3ZG35	Dr:A2BF92	Dr:A0A0R4IU41;Mm:Q8CIM1;Rn:A0A0G2JUG6	-
Q9HCK0	Q7Z4Q2	57684	55027	ZBTB26	HEATR3	chromatin immunoprecipitation assay	27924024	Homo sapiens	GTRD	No	Mm:Q6P9Q3;Rn:D3ZG35	Dr:A2BF92	Dm:Q9VI15;Dr:Q6P3I0;Mm:Q8BQM4;Rn:D3ZV81	-
Q9HCK0	Q9BUT1	57684	56898	ZBTB26	BDH2	chromatin immunoprecipitation assay	27924024	Homo sapiens	GTRD	No	Mm:Q6P9Q3;Rn:D3ZG35	Dr:A2BF92	Dr:Q561X9;Rn:A0A0A0MXX5	Mm:G3UWD3
Q9HCK0	Q8IUC8	57684	114805	ZBTB26	GALNT13	chromatin immunoprecipitation assay	27924024	Homo sapiens	GTRD	No	Mm:Q6P9Q3;Rn:D3ZG35	Dr:A2BF92	Ce:O61394;Mm:Q8CF93	Dr:A0A0R4IKI4;Rn:Q6UE39
Q9HCK0	Q9UKJ3	57684	23131	ZBTB26	GPATCH8	chromatin immunoprecipitation assay	27924024	Homo sapiens	GTRD	No	Mm:Q6P9Q3;Rn:D3ZG35	Dr:A2BF92	Dr:I3IS56;Mm:A2A6A1	Rn:F1M4M5
Q9HCK0	O94992	57684	10614	ZBTB26	HEXIM1	chromatin immunoprecipitation assay	27924024	Homo sapiens	GTRD	No	Mm:Q6P9Q3;Rn:D3ZG35	Dr:A2BF92	Mm:Q8R409;Rn:Q5M9G1	-
Q9HCK0	Q8IZ81	57684	255520	ZBTB26	ELMOD2	chromatin immunoprecipitation assay	27924024	Homo sapiens	GTRD	No	Mm:Q6P9Q3;Rn:D3ZG35	Dr:A2BF92	Dm:Q9VI65;Mm:Q8BGF6;Rn:D3ZNV6	Rn:M0RC60
Q9HCK0	O75949	57684	27112	ZBTB26	FAM155B	chromatin immunoprecipitation assay	27924024	Homo sapiens	GTRD	No	Mm:Q6P9Q3;Rn:D3ZG35	Dr:A2BF92	Mm:A2BDP1	Rn:D4A4E6
Q9HCK0	O75334	57684	8499	ZBTB26	PPFIA2	chromatin immunoprecipitation assay	27924024	Homo sapiens	GTRD	No	Mm:Q6P9Q3;Rn:D3ZG35	Dr:A2BF92	Mm:B8QI34;Rn:F1M8A4	-
Q9HCK0	Q5TAT6	57684	1305	ZBTB26	COL13A1	chromatin immunoprecipitation assay	27924024	Homo sapiens	GTRD	No	Mm:Q6P9Q3;Rn:D3ZG35	Dr:A2BF92	-	-
Q9HCK0	P60174	57684	7167	ZBTB26	TPI1	chromatin immunoprecipitation assay	27924024	Homo sapiens	GTRD	No	Mm:Q6P9Q3;Rn:D3ZG35	Dr:A2BF92	-	-
Q9HCK0	A0A1B0GU03	57684	-	ZBTB26	-	chromatin immunoprecipitation assay	27924024	Homo sapiens	GTRD	No	Mm:Q6P9Q3;Rn:D3ZG35	Dr:A2BF92	-	-
Q9HCK0	Q9Y232	57684	9425	ZBTB26	CDYL	chromatin immunoprecipitation assay	27924024	Homo sapiens	GTRD	No	Mm:Q6P9Q3;Rn:D3ZG35	Dr:A2BF92	Mm:Q9WTK2;Rn:Q6AYK9	Dr:E7F6P0
Q9HCK0	Q9BS18	57684	25847	ZBTB26	ANAPC13	chromatin immunoprecipitation assay	27924024	Homo sapiens	GTRD	No	Mm:Q6P9Q3;Rn:D3ZG35	Dr:A2BF92	Dm:A1ZAZ9;Dr:E7FFM7;Mm:Q8R034;Rn:D4A427	-
Q9HCK0	P48454	57684	5533	ZBTB26	PPP3CC	chromatin immunoprecipitation assay	27924024	Homo sapiens	GTRD	No	Mm:Q6P9Q3;Rn:D3ZG35	Dr:A2BF92	Dr:A3KGZ6;Rn:E2CWF0	Dr:F1QF86;Mm:A0A2I3BPC5
Q9HCK0	Q96QV1	57684	64399	ZBTB26	HHIP	chromatin immunoprecipitation assay	27924024	Homo sapiens	GTRD	No	Mm:Q6P9Q3;Rn:D3ZG35	Dr:A2BF92	Mm:Q7TN16	Dr:A7X2Z0;Rn:D3ZGL3
Q9HCK0	O94768	57684	9262	ZBTB26	STK17B	chromatin immunoprecipitation assay	27924024	Homo sapiens	GTRD	No	Mm:Q6P9Q3;Rn:D3ZG35	Dr:A2BF92	Dr:Q6PHV6;Mm:Q8BG48;Rn:Q91XS8	-
Q9HCK0	Q8IXU6	57684	54733	ZBTB26	SLC35F2	chromatin immunoprecipitation assay	27924024	Homo sapiens	GTRD	No	Mm:Q6P9Q3;Rn:D3ZG35	Dr:A2BF92	Dr:F1Q7T0;Mm:Q7TML3;Rn:A0A0G2JTZ7	Dr:F1QN80
Q9HCK0	Q92747	57684	10552	ZBTB26	ARPC1A	chromatin immunoprecipitation assay	27924024	Homo sapiens	GTRD	No	Mm:Q6P9Q3;Rn:D3ZG35	Dr:A2BF92	Ce:Q9U1R7;Dm:O97182;Dr:Q7ZUQ0;Mm:Q9R0Q6;Rn:D3ZXP7	-
Q9HCK0	Q4G0X9	57684	55036	ZBTB26	CCDC40	chromatin immunoprecipitation assay	27924024	Homo sapiens	GTRD	No	Mm:Q6P9Q3;Rn:D3ZG35	Dr:A2BF92	Dr:Q56A40;Rn:A0A0G2JUV5	Dm:A0A0B7P7M6;Mm:A0A494BAF9
Q9HCK0	Q96MD2	57684	144577	ZBTB26	C12orf66	chromatin immunoprecipitation assay	27924024	Homo sapiens	GTRD	No	Mm:Q6P9Q3;Rn:D3ZG35	Dr:A2BF92	-	-
Q9HCK0	A4D1B5	57684	54103	ZBTB26	GSAP	chromatin immunoprecipitation assay	27924024	Homo sapiens	GTRD	No	Mm:Q6P9Q3;Rn:D3ZG35	Dr:A2BF92	Dm:Q24118;Mm:Q3TCV3	Rn:A0A0G2JWZ3
Q9HCK0	Q7Z3Q1	57684	283537	ZBTB26	SLC46A3	chromatin immunoprecipitation assay	27924024	Homo sapiens	GTRD	No	Mm:Q6P9Q3;Rn:D3ZG35	Dr:A2BF92	Dr:E7EYZ9;Mm:Q9DC26;Rn:Q5BK75	Dr:E7F7W6
Q9HCK0	Q9BTT0	57684	81611	ZBTB26	ANP32E	chromatin immunoprecipitation assay	27924024	Homo sapiens	GTRD	No	Mm:Q6P9Q3;Rn:D3ZG35	Dr:A2BF92	Dr:Q6NUW5;Mm:P97822;Rn:Q5XIE0	-
Q9HCK0	Q155Q3	57684	85458	ZBTB26	DIXDC1	chromatin immunoprecipitation assay	27924024	Homo sapiens	GTRD	No	Mm:Q6P9Q3;Rn:D3ZG35	Dr:A2BF92	Mm:Q80Y83	Rn:A0A0G2K662
Q9HCK0	O60493	57684	8724	ZBTB26	SNX3	chromatin immunoprecipitation assay	27924024	Homo sapiens	GTRD	No	Mm:Q6P9Q3;Rn:D3ZG35	Dr:A2BF92	Dr:Q3B7E7;Mm:Q78ZM0	-
Q9HCK0	Q16394	57684	2131	ZBTB26	EXT1	chromatin immunoprecipitation assay	27924024	Homo sapiens	GTRD	No	Mm:Q6P9Q3;Rn:D3ZG35	Dr:A2BF92	Dm:Q9V730;Dr:Q5IGR8;Mm:P97464;Rn:G3V901	-
Q9HCK0	Q92870	57684	323	ZBTB26	APBB2	chromatin immunoprecipitation assay	27924024	Homo sapiens	GTRD	No	Mm:Q6P9Q3;Rn:D3ZG35	Dr:A2BF92	Mm:Q9DBR4	-
Q9HCK0	Q96I23	57684	100996939	ZBTB26	PYURF	chromatin immunoprecipitation assay	27924024	Homo sapiens	GTRD	No	Mm:Q6P9Q3;Rn:D3ZG35	Dr:A2BF92	Mm:Q9D1C3;Rn:Q5U1Z8	-
Q9HCK0	Q96IR2	57684	91664	ZBTB26	ZNF845	chromatin immunoprecipitation assay	27924024	Homo sapiens	GTRD	No	Mm:Q6P9Q3;Rn:D3ZG35	Dr:A2BF92	-	-
Q9HCK0	P26374	57684	1122	ZBTB26	CHML	chromatin immunoprecipitation assay	27924024	Homo sapiens	GTRD	No	Mm:Q6P9Q3;Rn:D3ZG35	Dr:A2BF92	Mm:A0A0R4J1A1	-
Q9HCK0	Q9H2X6	57684	28996	ZBTB26	HIPK2	chromatin immunoprecipitation assay	27924024	Homo sapiens	GTRD	No	Mm:Q6P9Q3;Rn:D3ZG35	Dr:A2BF92	Dr:F1Q4N0;Mm:Q9QZR5;Rn:D3ZN85	-
Q9HCK0	Q69YL0	57684	-	ZBTB26	NCBP2AS2	chromatin immunoprecipitation assay	27924024	Homo sapiens	GTRD	No	Mm:Q6P9Q3;Rn:D3ZG35	Dr:A2BF92	Dr:A0A0R4IQN0;Mm:A0A0J9YTR2	-
Q9HCK0	O95807	57684	23585	ZBTB26	TMEM50A	chromatin immunoprecipitation assay	27924024	Homo sapiens	GTRD	No	Mm:Q6P9Q3;Rn:D3ZG35	Dr:A2BF92	Dr:Q803R8;Mm:Q9CXL1;Rn:B1WBU7	-
Q9HCK0	Q6UXH0	57684	55908	ZBTB26	ANGPTL8	chromatin immunoprecipitation assay	27924024	Homo sapiens	GTRD	No	Mm:Q6P9Q3;Rn:D3ZG35	Dr:A2BF92	Mm:Q8R1L8;Rn:D3ZMI0	-
Q9HCK0	Q9BRQ6	57684	84303	ZBTB26	CHCHD6	chromatin immunoprecipitation assay	27924024	Homo sapiens	GTRD	No	Mm:Q6P9Q3;Rn:D3ZG35	Dr:A2BF92	Dr:Q63ZW2;Dr:F1RBH3;Mm:Q91VN4;Rn:D4A7N1	-
Q9HCK0	Q96PV0	57684	8831	ZBTB26	SYNGAP1	chromatin immunoprecipitation assay	27924024	Homo sapiens	GTRD	No	Mm:Q6P9Q3;Rn:D3ZG35	Dr:A2BF92	Dr:F1QY93;Mm:F6SEU4;Rn:F1LQW8	-
Q9HCK0	Q9Y3B6	57684	51016	ZBTB26	EMC9	chromatin immunoprecipitation assay	27924024	Homo sapiens	GTRD	No	Mm:Q6P9Q3;Rn:D3ZG35	Dr:A2BF92	Dr:Q8AWD7;Mm:Q9DB76;Rn:Q5U1W7	-
Q9HCK0	O75971	57684	10302	ZBTB26	SNAPC5	chromatin immunoprecipitation assay	27924024	Homo sapiens	GTRD	No	Mm:Q6P9Q3;Rn:D3ZG35	Dr:A2BF92	Mm:E9QPK5;Rn:D3ZTK9	Dr:Q1LXI0
Q9HCK0	Q8IWU5	57684	55959	ZBTB26	SULF2	chromatin immunoprecipitation assay	27924024	Homo sapiens	GTRD	No	Mm:Q6P9Q3;Rn:D3ZG35	Dr:A2BF92	Ce:Q21376;Mm:Q8CFG0;Rn:Q3L472	Dr:F1QEE9
Q9HCK0	Q01813	57684	5214	ZBTB26	PFKP	chromatin immunoprecipitation assay	27924024	Homo sapiens	GTRD	No	Mm:Q6P9Q3;Rn:D3ZG35	Dr:A2BF92	Dr:X1WDM7;Mm:Q9WUA3;Rn:A0A0A0MXY5	Dr:F1R2A3
Q9HCK0	Q5T8P6	57684	64062	ZBTB26	RBM26	chromatin immunoprecipitation assay	27924024	Homo sapiens	GTRD	No	Mm:Q6P9Q3;Rn:D3ZG35	Dr:A2BF92	-	-
Q9HCK0	Q8NF99	57684	84307	ZBTB26	ZNF397	chromatin immunoprecipitation assay	27924024	Homo sapiens	GTRD	No	Mm:Q6P9Q3;Rn:D3ZG35	Dr:A2BF92	Mm:Q7TNK4;Rn:M0R6E4	-
Q9HCK0	Q6EMB2	57684	23093	ZBTB26	TTLL5	chromatin immunoprecipitation assay	27924024	Homo sapiens	GTRD	No	Mm:Q6P9Q3;Rn:D3ZG35	Dr:A2BF92	-	-
Q9HCK0	Q9HD23	57684	57380	ZBTB26	MRS2	chromatin immunoprecipitation assay	27924024	Homo sapiens	GTRD	No	Mm:Q6P9Q3;Rn:D3ZG35	Dr:A2BF92	Dr:E7F680;Mm:Q5NCE8;Rn:Q9ET09;Sc:Q02783	-
Q9HCK0	P46109	57684	1399	ZBTB26	CRKL	chromatin immunoprecipitation assay	27924024	Homo sapiens	GTRD	No	Mm:Q6P9Q3;Rn:D3ZG35	Dr:A2BF92	Dr:Q6PH06;Mm:P47941;Rn:Q5U2U2	-
Q9HCK0	P0CW23	57684	642597	ZBTB26	AKAIN1	chromatin immunoprecipitation assay	27924024	Homo sapiens	GTRD	No	Mm:Q6P9Q3;Rn:D3ZG35	Dr:A2BF92	Mm:G3UWD5;Rn:A0A0G2JY13	-
Q9HCK0	Q96H22	57684	55839	ZBTB26	CENPN	chromatin immunoprecipitation assay	27924024	Homo sapiens	GTRD	No	Mm:Q6P9Q3;Rn:D3ZG35	Dr:A2BF92	Dr:Q6DHP4;Mm:Q9CZW2	Rn:A0A0H2UHI9
Q9HCK0	O75132	57684	9889	ZBTB26	ZBED4	chromatin immunoprecipitation assay	27924024	Homo sapiens	GTRD	No	Mm:Q6P9Q3;Rn:D3ZG35	Dr:A2BF92	Dr:Q5RFV1;Mm:Q80WQ9	Rn:D3ZUV0
Q9HCK0	P17014	57684	7559	ZBTB26	ZNF12	chromatin immunoprecipitation assay	27924024	Homo sapiens	GTRD	No	Mm:Q6P9Q3;Rn:D3ZG35	Dr:A2BF92	Mm:Q7TSI0	Rn:D4A296
Q9HCK0	F8W036	57684	-	ZBTB26	-	chromatin immunoprecipitation assay	27924024	Homo sapiens	GTRD	No	Mm:Q6P9Q3;Rn:D3ZG35	Dr:A2BF92	-	-
Q9HCK0	Q9UK97	57684	26268	ZBTB26	FBXO9	chromatin immunoprecipitation assay	27924024	Homo sapiens	GTRD	No	Mm:Q6P9Q3;Rn:D3ZG35	Dr:A2BF92	Dm:Q9VG61;Dr:Q6P3K3;Mm:Q8BK06;Rn:Q5U2X1;Sc:Q12347	-
Q9HCK0	Q9BQ16	57684	50859	ZBTB26	SPOCK3	chromatin immunoprecipitation assay	27924024	Homo sapiens	GTRD	No	Mm:Q6P9Q3;Rn:D3ZG35	Dr:A2BF92	Mm:Q8BKV0	Dr:E9QJD8;Rn:D3ZUT1
Q9HCK0	Q9GZS3	57684	80349	ZBTB26	WDR61	chromatin immunoprecipitation assay	27924024	Homo sapiens	GTRD	No	Mm:Q6P9Q3;Rn:D3ZG35	Dr:A2BF92	Dm:Q9XZ19;Dr:E7F786;Mm:Q9ERF3;Rn:Q4V7A0	-
Q9HCK0	Q9Y2B5	57684	9605	ZBTB26	VPS9D1	chromatin immunoprecipitation assay	27924024	Homo sapiens	GTRD	No	Mm:Q6P9Q3;Rn:D3ZG35	Dr:A2BF92	Mm:Q8C190;Rn:B2RYG3	Dr:A5WVP1
Q9HCK0	Q92545	57684	23505	ZBTB26	TMEM131	chromatin immunoprecipitation assay	27924024	Homo sapiens	GTRD	No	Mm:Q6P9Q3;Rn:D3ZG35	Dr:A2BF92	Dm:Q9V7H4;Mm:O70472;Rn:F1M5G8	-
Q9HCK0	Q96QE5	57684	79736	ZBTB26	TEFM	chromatin immunoprecipitation assay	27924024	Homo sapiens	GTRD	No	Mm:Q6P9Q3;Rn:D3ZG35	Dr:A2BF92	Dr:Q0P4D6;Mm:Q5SSK3	Rn:R9PXS3
Q9HCK0	K7ERQ8	57684	-	ZBTB26	-	chromatin immunoprecipitation assay	27924024	Homo sapiens	GTRD	No	Mm:Q6P9Q3;Rn:D3ZG35	Dr:A2BF92	-	-
Q9HCK0	Q8WY54	57684	22843	ZBTB26	PPM1E	chromatin immunoprecipitation assay	27924024	Homo sapiens	GTRD	No	Mm:Q6P9Q3;Rn:D3ZG35	Dr:A2BF92	Mm:Q80TL0;Rn:Q80Z30	-
Q9HCK0	P31268	57684	3204	ZBTB26	HOXA7	chromatin immunoprecipitation assay	27924024	Homo sapiens	GTRD	No	Mm:Q6P9Q3;Rn:D3ZG35	Dr:A2BF92	Mm:P02830	Rn:M0R7P7
Q9HCK0	Q6ZMP0	57684	79875	ZBTB26	THSD4	chromatin immunoprecipitation assay	27924024	Homo sapiens	GTRD	No	Mm:Q6P9Q3;Rn:D3ZG35	Dr:A2BF92	Dm:Q9VKV3;Mm:Q3UTY6	-
Q9HCK0	O60291	57684	23295	ZBTB26	MGRN1	chromatin immunoprecipitation assay	27924024	Homo sapiens	GTRD	No	Mm:Q6P9Q3;Rn:D3ZG35	Dr:A2BF92	Dr:F1QIN7;Mm:Q9D074	Rn:D3ZEH9
Q9HCK0	Q13907	57684	3422	ZBTB26	IDI1	chromatin immunoprecipitation assay	27924024	Homo sapiens	GTRD	No	Mm:Q6P9Q3;Rn:D3ZG35	Dr:A2BF92	-	-
Q9HCK0	Q684P5	57684	23108	ZBTB26	RAP1GAP2	chromatin immunoprecipitation assay	27924024	Homo sapiens	GTRD	No	Mm:Q6P9Q3;Rn:D3ZG35	Dr:A2BF92	-	Dr:F1QBC6;Rn:A0A0G2K0S7
Q9HCK0	A6NK53	57684	353355	ZBTB26	ZNF233	chromatin immunoprecipitation assay	27924024	Homo sapiens	GTRD	No	Mm:Q6P9Q3;Rn:D3ZG35	Dr:A2BF92	-	-
Q9HCK0	P61626	57684	4069	ZBTB26	LYZ	chromatin immunoprecipitation assay	27924024	Homo sapiens	GTRD	No	Mm:Q6P9Q3;Rn:D3ZG35	Dr:A2BF92	Dm:A1ZAB8;Dm:Q08694;Dm:P37159;Dm:P29615;Dm:P37160;Mm:P08905;Mm:P17897	Dm:P83972;Rn:A0A0G2K5X1;Rn:F1M8E9
Q9HCK0	Q96G21	57684	92856	ZBTB26	IMP4	chromatin immunoprecipitation assay	27924024	Homo sapiens	GTRD	No	Mm:Q6P9Q3;Rn:D3ZG35	Dr:A2BF92	Ce:O62518;Dm:Q9VBY2;Dr:Q6DI25;Mm:Q8VHZ7;Rn:Q5PQR5;Sc:P53941	-
Q9HCK0	O75031	57684	11077	ZBTB26	HSF2BP	chromatin immunoprecipitation assay	27924024	Homo sapiens	GTRD	No	Mm:Q6P9Q3;Rn:D3ZG35	Dr:A2BF92	Mm:Q9D4G2;Rn:G3V646	Dr:F1QPU6
Q9HCK0	Q9H0X4	57684	83986	ZBTB26	FAM234A	chromatin immunoprecipitation assay	27924024	Homo sapiens	GTRD	No	Mm:Q6P9Q3;Rn:D3ZG35	Dr:A2BF92	Dr:E7F260;Mm:Q8C0Z1	-
Q9HCK0	Q9UJY5	57684	26088	ZBTB26	GGA1	chromatin immunoprecipitation assay	27924024	Homo sapiens	GTRD	No	Mm:Q6P9Q3;Rn:D3ZG35	Dr:A2BF92	Ce:Q23165;Dr:A0A2R8QEJ6;Mm:Q8R0H9;Rn:Q5FVF3	-
Q9HCK0	Q14BN4	57684	7871	ZBTB26	SLMAP	chromatin immunoprecipitation assay	27924024	Homo sapiens	GTRD	No	Mm:Q6P9Q3;Rn:D3ZG35	Dr:A2BF92	-	-
Q9HCK0	Q86TI4	57684	349136	ZBTB26	WDR86	chromatin immunoprecipitation assay	27924024	Homo sapiens	GTRD	No	Mm:Q6P9Q3;Rn:D3ZG35	Dr:A2BF92	Mm:D3Z757	Rn:A0A0G2K7Z2
Q9HCK0	P53985	57684	6566	ZBTB26	SLC16A1	chromatin immunoprecipitation assay	27924024	Homo sapiens	GTRD	No	Mm:Q6P9Q3;Rn:D3ZG35	Dr:A2BF92	Dr:E7F7B3;Dr:Q7ZUL1;Mm:P53986;Rn:P53987	-
Q9HCK0	P53370	57684	11162	ZBTB26	NUDT6	chromatin immunoprecipitation assay	27924024	Homo sapiens	GTRD	No	Mm:Q6P9Q3;Rn:D3ZG35	Dr:A2BF92	Dm:Q9VXR9;Mm:Q3ULU4;Rn:P70563	Dr:A0A0R4IIN8
Q9HCK0	Q86VX9	57684	84315	ZBTB26	MON1A	chromatin immunoprecipitation assay	27924024	Homo sapiens	GTRD	No	Mm:Q6P9Q3;Rn:D3ZG35	Dr:A2BF92	Dm:Q9VR38;Dr:F1QDK1;Mm:A0A0R4J0D5;Rn:B1WC06	-
Q9HCK0	P51965	57684	7324	ZBTB26	UBE2E1	chromatin immunoprecipitation assay	27924024	Homo sapiens	GTRD	No	Mm:Q6P9Q3;Rn:D3ZG35	Dr:A2BF92	Dr:Q6DG68;Mm:P52482	-
Q9HCK0	Q7Z624	57684	79823	ZBTB26	CAMKMT	chromatin immunoprecipitation assay	27924024	Homo sapiens	GTRD	No	Mm:Q6P9Q3;Rn:D3ZG35	Dr:A2BF92	Dm:A4V0X6;Mm:Q3U2J5	-
Q9HCK0	Q9UBU6	57684	51439	ZBTB26	FAM8A1	chromatin immunoprecipitation assay	27924024	Homo sapiens	GTRD	No	Mm:Q6P9Q3;Rn:D3ZG35	Dr:A2BF92	Mm:Q3URQ4;Rn:D4ACR7	-
Q9HCK0	Q9HB21	57684	59338	ZBTB26	PLEKHA1	chromatin immunoprecipitation assay	27924024	Homo sapiens	GTRD	No	Mm:Q6P9Q3;Rn:D3ZG35	Dr:A2BF92	Mm:Q8BUL6	Rn:A0A0G2K1A8
Q9HCK0	Q9HBR0	57684	124565	ZBTB26	SLC38A10	chromatin immunoprecipitation assay	27924024	Homo sapiens	GTRD	No	Mm:Q6P9Q3;Rn:D3ZG35	Dr:A2BF92	Dr:E7F671;Rn:E9PT23	-
Q9HCK0	P10451	57684	6696	ZBTB26	SPP1	chromatin immunoprecipitation assay	27924024	Homo sapiens	GTRD	No	Mm:Q6P9Q3;Rn:D3ZG35	Dr:A2BF92	-	Mm:F8WIP8;Rn:P08721
Q9HCK0	O43167	57684	9841	ZBTB26	ZBTB24	chromatin immunoprecipitation assay	27924024	Homo sapiens	GTRD	No	Mm:Q6P9Q3;Rn:D3ZG35	Dr:A2BF92	Dr:E7F443;Mm:Q80X44;Rn:Q3B725	-
Q9HCK0	Q6NV74	57684	343990	ZBTB26	CRACDL	chromatin immunoprecipitation assay	27924024	Homo sapiens	GTRD	No	Mm:Q6P9Q3;Rn:D3ZG35	Dr:A2BF92	Mm:E9Q3M9	Rn:D3ZBU7
Q9HCK0	P19447	57684	2071	ZBTB26	ERCC3	chromatin immunoprecipitation assay	27924024	Homo sapiens	GTRD	No	Mm:Q6P9Q3;Rn:D3ZG35	Dr:A2BF92	-	-
Q9HCK0	Q14686	57684	23054	ZBTB26	NCOA6	chromatin immunoprecipitation assay	27924024	Homo sapiens	GTRD	No	Mm:Q6P9Q3;Rn:D3ZG35	Dr:A2BF92	Mm:Q5XJV5;Rn:G3V8C9	-
Q9HCK0	Q9NZ32	57684	55860	ZBTB26	ACTR10	chromatin immunoprecipitation assay	27924024	Homo sapiens	GTRD	No	Mm:Q6P9Q3;Rn:D3ZG35	Dr:A2BF92	Dm:Q9VWE8;Mm:Q9QZB7;Rn:Q5M9F7	Dr:F1R008
Q9HCK0	P15407	57684	8061	ZBTB26	FOSL1	chromatin immunoprecipitation assay	27924024	Homo sapiens	GTRD	No	Mm:Q6P9Q3;Rn:D3ZG35	Dr:A2BF92	Dr:A2CEM8;Mm:P48755;Rn:P10158	-
Q9HCK0	Q9UI95	57684	10459	ZBTB26	MAD2L2	chromatin immunoprecipitation assay	27924024	Homo sapiens	GTRD	No	Mm:Q6P9Q3;Rn:D3ZG35	Dr:A2BF92	Dm:Q9VNE1;Mm:Q9D752;Rn:D3Z8D9	Dr:Q568H3
Q9HCK0	P24666	57684	52	ZBTB26	ACP1	chromatin immunoprecipitation assay	27924024	Homo sapiens	GTRD	No	Mm:Q6P9Q3;Rn:D3ZG35	Dr:A2BF92	Ce:A7WK41;Dm:P82890;Sc:P40347	Mm:Q561M1;Rn:A0A0G2K394
Q9HCK0	Q99543	57684	27000	ZBTB26	DNAJC2	chromatin immunoprecipitation assay	27924024	Homo sapiens	GTRD	No	Mm:Q6P9Q3;Rn:D3ZG35	Dr:A2BF92	Ce:Q94216;Dm:Q9VP77;Dr:Q6NWJ4;Mm:P54103;Rn:A0A0G2JSM0	-
Q9HCK0	Q9NQL9	57684	58524	ZBTB26	DMRT3	chromatin immunoprecipitation assay	27924024	Homo sapiens	GTRD	No	Mm:Q6P9Q3;Rn:D3ZG35	Dr:A2BF92	Dr:P83758;Mm:Q80WT2;Rn:D4A218	-
Q9HCK0	P03950	57684	283	ZBTB26	ANG	chromatin immunoprecipitation assay	27924024	Homo sapiens	GTRD	No	Mm:Q6P9Q3;Rn:D3ZG35	Dr:A2BF92	Mm:P21570	Rn:Q5GAM5
Q9HCK0	P48050	57684	3761	ZBTB26	KCNJ4	chromatin immunoprecipitation assay	27924024	Homo sapiens	GTRD	No	Mm:Q6P9Q3;Rn:D3ZG35	Dr:A2BF92	Mm:Q8R435;Rn:G3V9M7	-
Q9HCK0	Q9NVA2	57684	55752	ZBTB26	SEPTIN11	chromatin immunoprecipitation assay	27924024	Homo sapiens	GTRD	No	Mm:Q6P9Q3;Rn:D3ZG35	Dr:A2BF92	Dm:P54359;Mm:Q8C1B7;Rn:B3GNI6	-
Q9HCK0	Q96SW2	57684	51185	ZBTB26	CRBN	chromatin immunoprecipitation assay	27924024	Homo sapiens	GTRD	No	Mm:Q6P9Q3;Rn:D3ZG35	Dr:A2BF92	Ce:Q21558;Dm:Q9VH36;Dr:F1QCS1;Mm:Q8C7D2;Rn:Q56AP7	-
Q9HCK0	O94979	57684	22872	ZBTB26	SEC31A	chromatin immunoprecipitation assay	27924024	Homo sapiens	GTRD	No	Mm:Q6P9Q3;Rn:D3ZG35	Dr:A2BF92	Ce:G5EFY6;Mm:Q3UPL0	Dr:E9QF97;Rn:G3V699
Q9HCK0	Q9BZG1	57684	83871	ZBTB26	RAB34	chromatin immunoprecipitation assay	27924024	Homo sapiens	GTRD	No	Mm:Q6P9Q3;Rn:D3ZG35	Dr:A2BF92	Dm:Q9W0A7;Mm:Q0PD20;Rn:A0A0G2K738	Dr:E9QHJ1
Q9HCK0	Q8NC96	57684	25977	ZBTB26	NECAP1	chromatin immunoprecipitation assay	27924024	Homo sapiens	GTRD	No	Mm:Q6P9Q3;Rn:D3ZG35	Dr:A2BF92	-	-
Q9HCK0	Q9NX08	57684	54951	ZBTB26	COMMD8	chromatin immunoprecipitation assay	27924024	Homo sapiens	GTRD	No	Mm:Q6P9Q3;Rn:D3ZG35	Dr:A2BF92	Mm:Q9CZG3;Rn:B0K015	Dr:B8JJP0
Q9HCK0	Q9Y219	57684	3714	ZBTB26	JAG2	chromatin immunoprecipitation assay	27924024	Homo sapiens	GTRD	No	Mm:Q6P9Q3;Rn:D3ZG35	Dr:A2BF92	Mm:Q9QYE5;Rn:E9PU23	-
Q9HCK0	Q9H8K7	57684	80007	ZBTB26	PAAT	chromatin immunoprecipitation assay	27924024	Homo sapiens	GTRD	No	Mm:Q6P9Q3;Rn:D3ZG35	Dr:A2BF92	Dr:E7FEM4;Mm:Q9D2Q3;Rn:Q5XI46	-
Q9HCK0	O15111	57684	1147	ZBTB26	CHUK	chromatin immunoprecipitation assay	27924024	Homo sapiens	GTRD	No	Mm:Q6P9Q3;Rn:D3ZG35	Dr:A2BF92	Mm:E9QNL4;Rn:G3V926	Dr:B8JIH4
Q9HCK0	A0A0B4J1R7	57684	119032	ZBTB26	BORCS7-ASMT	chromatin immunoprecipitation assay	27924024	Homo sapiens	GTRD	No	Mm:Q6P9Q3;Rn:D3ZG35	Dr:A2BF92	-	-
Q9HCK0	Q6P5Z2	57684	29941	ZBTB26	PKN3	chromatin immunoprecipitation assay	27924024	Homo sapiens	GTRD	No	Mm:Q6P9Q3;Rn:D3ZG35	Dr:A2BF92	Mm:Q8K045	-
Q9HCK0	Q13705	57684	93	ZBTB26	ACVR2B	chromatin immunoprecipitation assay	27924024	Homo sapiens	GTRD	No	Mm:Q6P9Q3;Rn:D3ZG35	Dr:A2BF92	Mm:P27040;Rn:A0A0G2JSN4	Dr:F8W2D4
Q9HCK0	P25705	57684	498	ZBTB26	ATP5F1A	chromatin immunoprecipitation assay	27924024	Homo sapiens	GTRD	No	Mm:Q6P9Q3;Rn:D3ZG35	Dr:A2BF92	Ce:Q9XXK1;Dm:P35381;Mm:Q03265;Sc:P07251	Dr:Q08BA1;Rn:A0A0G2K099
Q9HCK0	O75444	57684	4094	ZBTB26	MAF	chromatin immunoprecipitation assay	27924024	Homo sapiens	GTRD	No	Mm:Q6P9Q3;Rn:D3ZG35	Dr:A2BF92	Mm:P54843;Rn:F1LSV1	Dr:F1Q513
Q9HCK0	Q14585	57684	25850	ZBTB26	ZNF345	chromatin immunoprecipitation assay	27924024	Homo sapiens	GTRD	No	Mm:Q6P9Q3;Rn:D3ZG35	Dr:A2BF92	-	-
Q9HCK0	Q9NYS0	57684	28512	ZBTB26	NKIRAS1	chromatin immunoprecipitation assay	27924024	Homo sapiens	GTRD	No	Mm:Q6P9Q3;Rn:D3ZG35	Dr:A2BF92	Dr:Q6DGQ1;Mm:Q8CEC5;Rn:B5DFJ1	-
Q9HCK0	Q4VXU2	57684	-	ZBTB26	PABPC1L	chromatin immunoprecipitation assay	27924024	Homo sapiens	GTRD	No	Mm:Q6P9Q3;Rn:D3ZG35	Dr:A2BF92	-	-
Q9HCK0	Q99442	57684	7095	ZBTB26	SEC62	chromatin immunoprecipitation assay	27924024	Homo sapiens	GTRD	No	Mm:Q6P9Q3;Rn:D3ZG35	Dr:A2BF92	Ce:Q18093;Dr:F1QJ73;Mm:Q8BU14	Dm:X2J9A4;Rn:Q7TP42
Q9HCK0	Q9Y342	57684	51090	ZBTB26	PLLP	chromatin immunoprecipitation assay	27924024	Homo sapiens	GTRD	No	Mm:Q6P9Q3;Rn:D3ZG35	Dr:A2BF92	Dr:A3KQ86;Mm:Q9DCU2;Rn:P47987	-
Q9HCK0	Q6AWC2	57684	80014	ZBTB26	WWC2	chromatin immunoprecipitation assay	27924024	Homo sapiens	GTRD	No	Mm:Q6P9Q3;Rn:D3ZG35	Dr:A2BF92	Mm:Q6NXJ0;Rn:D4AEJ5	-
Q9HCK0	Q8WUR7	57684	123207	ZBTB26	C15orf40	chromatin immunoprecipitation assay	27924024	Homo sapiens	GTRD	No	Mm:Q6P9Q3;Rn:D3ZG35	Dr:A2BF92	Dr:X1WD69;Mm:Q9CRC3;Rn:Q505I4	-
Q9HCK0	Q9BYG0	57684	84002	ZBTB26	B3GNT5	chromatin immunoprecipitation assay	27924024	Homo sapiens	GTRD	No	Mm:Q6P9Q3;Rn:D3ZG35	Dr:A2BF92	Dr:A5WVT9;Mm:Q8BGY6	Ce:G5ECA6;Dr:Q7T3S5;Rn:Q99NB2
Q9HCK0	Q9NW07	57684	140467	ZBTB26	ZNF358	chromatin immunoprecipitation assay	27924024	Homo sapiens	GTRD	No	Mm:Q6P9Q3;Rn:D3ZG35	Dr:A2BF92	Mm:E9Q8M1;Rn:D3ZRG3	-
Q9HCK0	Q7Z422	57684	26099	ZBTB26	SZRD1	chromatin immunoprecipitation assay	27924024	Homo sapiens	GTRD	No	Mm:Q6P9Q3;Rn:D3ZG35	Dr:A2BF92	Dr:Q504E7;Mm:Q6NXN1;Rn:Q5XIA2	-
Q9HCK0	Q9H1J1	57684	65110	ZBTB26	UPF3A	chromatin immunoprecipitation assay	27924024	Homo sapiens	GTRD	No	Mm:Q6P9Q3;Rn:D3ZG35	Dr:A2BF92	Mm:Q3ULJ3;Rn:Q5I0C8	-
Q9HCK0	Q96P48	57684	116985	ZBTB26	ARAP1	chromatin immunoprecipitation assay	27924024	Homo sapiens	GTRD	No	Mm:Q6P9Q3;Rn:D3ZG35	Dr:A2BF92	-	Mm:D3YY40;Rn:F1LM60
Q9HCK0	Q99956	57684	1852	ZBTB26	DUSP9	chromatin immunoprecipitation assay	27924024	Homo sapiens	GTRD	No	Mm:Q6P9Q3;Rn:D3ZG35	Dr:A2BF92	Mm:Q7TNL7;Rn:Q2YDV1	-
Q9HCK0	Q9Y241	57684	25994	ZBTB26	HIGD1A	chromatin immunoprecipitation assay	27924024	Homo sapiens	GTRD	No	Mm:Q6P9Q3;Rn:D3ZG35	Dr:A2BF92	-	-
Q9HCK0	Q8N441	57684	53834	ZBTB26	FGFRL1	chromatin immunoprecipitation assay	27924024	Homo sapiens	GTRD	No	Mm:Q6P9Q3;Rn:D3ZG35	Dr:A2BF92	Ce:Q95XJ7;Dr:Q7SX76;Mm:Q91V87;Rn:Q7TQM3	-
Q9HCK0	O95302	57684	11328	ZBTB26	FKBP9	chromatin immunoprecipitation assay	27924024	Homo sapiens	GTRD	No	Mm:Q6P9Q3;Rn:D3ZG35	Dr:A2BF92	Mm:Q9Z247;Rn:Q66H94	Dr:Q1L8P1
Q9HCK0	P0CF97	57684	285550	ZBTB26	FAM200B	chromatin immunoprecipitation assay	27924024	Homo sapiens	GTRD	No	Mm:Q6P9Q3;Rn:D3ZG35	Dr:A2BF92	-	-
Q9HCK0	Q86SX6	57684	51218	ZBTB26	GLRX5	chromatin immunoprecipitation assay	27924024	Homo sapiens	GTRD	No	Mm:Q6P9Q3;Rn:D3ZG35	Dr:A2BF92	Ce:Q9XTU9;Dm:Q8SXQ5;Dr:Q6PBM1;Mm:Q80Y14;Rn:D4ADD7	-
Q9HCK0	Q9P021	57684	9419	ZBTB26	CRIPT	chromatin immunoprecipitation assay	27924024	Homo sapiens	GTRD	No	Mm:Q6P9Q3;Rn:D3ZG35	Dr:A2BF92	Ce:Q3S1J0;Dm:Q9VL77;Dr:Q567Z6;Mm:O70333;Rn:Q792Q4	-
Q9HCK0	Q9NV06	57684	25879	ZBTB26	DCAF13	chromatin immunoprecipitation assay	27924024	Homo sapiens	GTRD	No	Mm:Q6P9Q3;Rn:D3ZG35	Dr:A2BF92	-	-
Q9HCK0	Q96ME1	57684	-	ZBTB26	FBXL18	chromatin immunoprecipitation assay	27924024	Homo sapiens	GTRD	No	Mm:Q6P9Q3;Rn:D3ZG35	Dr:A2BF92	Dr:F1QYZ2	Mm:E9PYR1;Rn:D3ZU50
Q9HCK0	Q66K89	57684	1877	ZBTB26	E4F1	chromatin immunoprecipitation assay	27924024	Homo sapiens	GTRD	No	Mm:Q6P9Q3;Rn:D3ZG35	Dr:A2BF92	Mm:Q8CCE9;Rn:F1MAM9	Dm:O61362;Dr:F1R041
Q9HCK0	Q9H6K5	57684	80164	ZBTB26	PRR36	chromatin immunoprecipitation assay	27924024	Homo sapiens	GTRD	No	Mm:Q6P9Q3;Rn:D3ZG35	Dr:A2BF92	Mm:E9PV26;Rn:D3ZUH5	-
Q9HCK0	Q13503	57684	9412	ZBTB26	MED21	chromatin immunoprecipitation assay	27924024	Homo sapiens	GTRD	No	Mm:Q6P9Q3;Rn:D3ZG35	Dr:A2BF92	Dm:Q9W5P1;Dr:Q7ZTI5;Mm:Q9CQ39;Rn:D4AA11	Ce:Q6BER6
Q9HCK0	P15104	57684	2752	ZBTB26	GLUL	chromatin immunoprecipitation assay	27924024	Homo sapiens	GTRD	No	Mm:Q6P9Q3;Rn:D3ZG35	Dr:A2BF92	Ce:Q9U307;Dm:P20478;Dr:Q7T2P7;Dr:Q7ZVF2;Mm:P15105;Rn:P09606;Sc:P32288	-
Q9HCK0	O95816	57684	9532	ZBTB26	BAG2	chromatin immunoprecipitation assay	27924024	Homo sapiens	GTRD	No	Mm:Q6P9Q3;Rn:D3ZG35	Dr:A2BF92	Dm:Q9VUQ1;Dr:B8A454;Mm:Q91YN9;Rn:F1LQH9	-
Q9HCK0	O95201	57684	7755	ZBTB26	ZNF205	chromatin immunoprecipitation assay	27924024	Homo sapiens	GTRD	No	Mm:Q6P9Q3;Rn:D3ZG35	Dr:A2BF92	Mm:P10754	-
Q9HCK0	P52701	57684	2956	ZBTB26	MSH6	chromatin immunoprecipitation assay	27924024	Homo sapiens	GTRD	No	Mm:Q6P9Q3;Rn:D3ZG35	Dr:A2BF92	Ce:Q9N3T8;Dm:Q9VUM0;Dr:A0A0R4IAE0;Mm:P54276;Rn:D4A0U9;Sc:Q03834	-
Q9HCK0	Q96P70	57684	55705	ZBTB26	IPO9	chromatin immunoprecipitation assay	27924024	Homo sapiens	GTRD	No	Mm:Q6P9Q3;Rn:D3ZG35	Dr:A2BF92	Dm:Q9VGP4;Mm:E9QKZ2;Rn:D4A857;Sc:P53067	-
Q9HCK0	P61960	57684	51569	ZBTB26	UFM1	chromatin immunoprecipitation assay	27924024	Homo sapiens	GTRD	No	Mm:Q6P9Q3;Rn:D3ZG35	Dr:A2BF92	Ce:P34661;Dm:A8DYH2;Dr:A0A0R4I9C6;Mm:P61961;Rn:Q5BJP3	-
Q9HCK0	Q9Y3C5	57684	26994	ZBTB26	RNF11	chromatin immunoprecipitation assay	27924024	Homo sapiens	GTRD	No	Mm:Q6P9Q3;Rn:D3ZG35	Dr:A2BF92	Dm:Q8SX35;Dr:B0V2S5;Mm:Q9QYK7;Rn:A0A0G2JZP9	-
Q9HCK0	Q14159	57684	23514	ZBTB26	SPIDR	chromatin immunoprecipitation assay	27924024	Homo sapiens	GTRD	No	Mm:Q6P9Q3;Rn:D3ZG35	Dr:A2BF92	Mm:Q8BGX7;Rn:A2VD15	-
Q9HCK0	Q2T9J0	57684	219743	ZBTB26	TYSND1	chromatin immunoprecipitation assay	27924024	Homo sapiens	GTRD	No	Mm:Q6P9Q3;Rn:D3ZG35	Dr:A2BF92	Dr:B3DFU6;Mm:Q9DBA6;Rn:B1H261	-
Q9HCK0	P11802	57684	1019	ZBTB26	CDK4	chromatin immunoprecipitation assay	27924024	Homo sapiens	GTRD	No	Mm:Q6P9Q3;Rn:D3ZG35	Dr:A2BF92	Ce:Q9XTR1;Mm:P30285;Rn:P35426	Dr:F1RDQ7
Q9HCK0	P41162	57684	2117	ZBTB26	ETV3	chromatin immunoprecipitation assay	27924024	Homo sapiens	GTRD	No	Mm:Q6P9Q3;Rn:D3ZG35	Dr:A2BF92	Mm:Q8R4Z4;Rn:G3V813	-
Q9HCK0	Q9UDV7	57684	8427	ZBTB26	ZNF282	chromatin immunoprecipitation assay	27924024	Homo sapiens	GTRD	No	Mm:Q6P9Q3;Rn:D3ZG35	Dr:A2BF92	Mm:E9PVC2;Rn:D4A4V7	-
Q9HCK0	Q8WZ64	57684	116984	ZBTB26	ARAP2	chromatin immunoprecipitation assay	27924024	Homo sapiens	GTRD	No	Mm:Q6P9Q3;Rn:D3ZG35	Dr:A2BF92	Mm:E9QP44;Rn:A0A0G2K7I9	Dr:E7F7Y0
Q9HCK0	Q6DKI1	57684	285855	ZBTB26	RPL7L1	chromatin immunoprecipitation assay	27924024	Homo sapiens	GTRD	No	Mm:Q6P9Q3;Rn:D3ZG35	Dr:A2BF92	Dr:Q6PFJ0;Mm:Q9D8M4;Rn:D4A1K2	-
Q9HCK0	Q96NT5	57684	113235	ZBTB26	SLC46A1	chromatin immunoprecipitation assay	27924024	Homo sapiens	GTRD	No	Mm:Q6P9Q3;Rn:D3ZG35	Dr:A2BF92	Mm:Q6PEM8;Rn:Q5EBA8	Dr:F1QNN7
Q9HCK0	Q96N46	57684	151613	ZBTB26	TTC14	chromatin immunoprecipitation assay	27924024	Homo sapiens	GTRD	No	Mm:Q6P9Q3;Rn:D3ZG35	Dr:A2BF92	Dr:F1QYV0;Mm:G3X9T5;Rn:D3ZM05	-
Q9HCK0	P17023	57684	7567	ZBTB26	ZNF19	chromatin immunoprecipitation assay	27924024	Homo sapiens	GTRD	No	Mm:Q6P9Q3;Rn:D3ZG35	Dr:A2BF92	Dr:A0A0G2L7C1	-
Q9HCK0	Q969K3	57684	80196	ZBTB26	RNF34	chromatin immunoprecipitation assay	27924024	Homo sapiens	GTRD	No	Mm:Q6P9Q3;Rn:D3ZG35	Dr:A2BF92	Mm:Q99KR6;Rn:Q6AYH3	-
Q9HCK0	Q9Y6U3	57684	85477	ZBTB26	SCIN	chromatin immunoprecipitation assay	27924024	Homo sapiens	GTRD	No	Mm:Q6P9Q3;Rn:D3ZG35	Dr:A2BF92	Mm:Q60604	Dr:Q1LYK7;Rn:E9PU64
Q9HCK0	O00459	57684	5296	ZBTB26	PIK3R2	chromatin immunoprecipitation assay	27924024	Homo sapiens	GTRD	No	Mm:Q6P9Q3;Rn:D3ZG35	Dr:A2BF92	-	-
Q9HCK0	Q9BWS9	57684	66005	ZBTB26	CHID1	chromatin immunoprecipitation assay	27924024	Homo sapiens	GTRD	No	Mm:Q6P9Q3;Rn:D3ZG35	Dr:A2BF92	Dm:Q9VLS0;Mm:Q922Q9	Ce:Q18607;Dr:F1RB70;Rn:Q7TP14
Q9HCK0	P29218	57684	3612	ZBTB26	IMPA1	chromatin immunoprecipitation assay	27924024	Homo sapiens	GTRD	No	Mm:Q6P9Q3;Rn:D3ZG35	Dr:A2BF92	Ce:Q19420;Dm:Q7KTW5;Mm:Q924B0;Rn:F1M978	-
Q9HCK0	Q30201	57684	3077	ZBTB26	HFE	chromatin immunoprecipitation assay	27924024	Homo sapiens	GTRD	No	Mm:Q6P9Q3;Rn:D3ZG35	Dr:A2BF92	Mm:P70387;Rn:O35799	-
Q9HCK0	Q9Y2C4	57684	9941	ZBTB26	EXOG	chromatin immunoprecipitation assay	27924024	Homo sapiens	GTRD	No	Mm:Q6P9Q3;Rn:D3ZG35	Dr:A2BF92	Dm:Q9VGU3;Mm:Q8C163;Rn:D3ZTW9	-
Q9HCK0	Q96F07	57684	26999	ZBTB26	CYFIP2	chromatin immunoprecipitation assay	27924024	Homo sapiens	GTRD	No	Mm:Q6P9Q3;Rn:D3ZG35	Dr:A2BF92	Mm:Q5SQX6	Dr:A5A5E1;Rn:A0A0G2JT63
Q9HCK0	P09382	57684	3956	ZBTB26	LGALS1	chromatin immunoprecipitation assay	27924024	Homo sapiens	GTRD	No	Mm:Q6P9Q3;Rn:D3ZG35	Dr:A2BF92	Mm:P16045	Dr:F8W2U6;Rn:P11762
Q9HCK0	P31277	57684	3237	ZBTB26	HOXD11	chromatin immunoprecipitation assay	27924024	Homo sapiens	GTRD	No	Mm:Q6P9Q3;Rn:D3ZG35	Dr:A2BF92	Rn:A0A0G2K5B2	Mm:A2ASM7
Q9HCK0	H3BQ15	57684	-	ZBTB26	-	chromatin immunoprecipitation assay	27924024	Homo sapiens	GTRD	No	Mm:Q6P9Q3;Rn:D3ZG35	Dr:A2BF92	-	-
Q9HCK0	Q96G30	57684	112609	ZBTB26	MRAP2	chromatin immunoprecipitation assay	27924024	Homo sapiens	GTRD	No	Mm:Q6P9Q3;Rn:D3ZG35	Dr:A2BF92	Dr:F8W4H9;Mm:D3Z1Q2	Dr:P0DM64;Rn:D4AE95
Q9HCK0	Q60I27	57684	259173	ZBTB26	ALS2CL	chromatin immunoprecipitation assay	27924024	Homo sapiens	GTRD	No	Mm:Q6P9Q3;Rn:D3ZG35	Dr:A2BF92	Mm:A0A0R4J1X4	Rn:D3ZG75
Q9HCK0	P61020	57684	5869	ZBTB26	RAB5B	chromatin immunoprecipitation assay	27924024	Homo sapiens	GTRD	No	Mm:Q6P9Q3;Rn:D3ZG35	Dr:A2BF92	Mm:P61021;Rn:A1L1J8	-
Q9HCK0	Q14181	57684	23649	ZBTB26	POLA2	chromatin immunoprecipitation assay	27924024	Homo sapiens	GTRD	No	Mm:Q6P9Q3;Rn:D3ZG35	Dr:A2BF92	-	-
Q9HCK0	Q9BTD3	57684	80757	ZBTB26	TMEM121	chromatin immunoprecipitation assay	27924024	Homo sapiens	GTRD	No	Mm:Q6P9Q3;Rn:D3ZG35	Dr:A2BF92	Mm:Q80XA0;Rn:D3ZMR5	Dr:E7F5Q9;Dr:B8JLU5
Q9HCK0	B1AKI9	57684	140862	ZBTB26	ISM1	chromatin immunoprecipitation assay	27924024	Homo sapiens	GTRD	No	Mm:Q6P9Q3;Rn:D3ZG35	Dr:A2BF92	-	Dr:A0A0R4IY22;Mm:V9GXR4
Q9HCK0	Q9H094	57684	84224	ZBTB26	NBPF3	chromatin immunoprecipitation assay	27924024	Homo sapiens	GTRD	No	Mm:Q6P9Q3;Rn:D3ZG35	Dr:A2BF92	-	-
Q9HCK0	P49915	57684	8833	ZBTB26	GMPS	chromatin immunoprecipitation assay	27924024	Homo sapiens	GTRD	No	Mm:Q6P9Q3;Rn:D3ZG35	Dr:A2BF92	Ce:Q09580;Dm:Q9VIE7;Dr:B8JLW8;Mm:Q3THK7;Rn:A0A0G2K2C2;Sc:P38625	-
Q9HCK0	P30520	57684	159	ZBTB26	ADSS2	chromatin immunoprecipitation assay	27924024	Homo sapiens	GTRD	No	Mm:Q6P9Q3;Rn:D3ZG35	Dr:A2BF92	Dr:Q568F6;Mm:P46664;Rn:D4AEP0	-
Q9HCK0	Q9Y5U2	57684	10078	ZBTB26	TSSC4	chromatin immunoprecipitation assay	27924024	Homo sapiens	GTRD	No	Mm:Q6P9Q3;Rn:D3ZG35	Dr:A2BF92	Dr:F1Q8E9;Mm:Q9JHE7;Rn:Q5XIB1	-
Q9HCK0	Q99653	57684	11261	ZBTB26	CHP1	chromatin immunoprecipitation assay	27924024	Homo sapiens	GTRD	No	Mm:Q6P9Q3;Rn:D3ZG35	Dr:A2BF92	Dm:Q9VNF9;Mm:P61022;Rn:P61023	Dr:Q7T2F7
Q9HCK0	Q9HAP6	57684	64130	ZBTB26	LIN7B	chromatin immunoprecipitation assay	27924024	Homo sapiens	GTRD	No	Mm:Q6P9Q3;Rn:D3ZG35	Dr:A2BF92	Dr:F1RDK3;Mm:O88951;Rn:Q9Z252	-
Q9HCK0	Q9H2H9	57684	81539	ZBTB26	SLC38A1	chromatin immunoprecipitation assay	27924024	Homo sapiens	GTRD	No	Mm:Q6P9Q3;Rn:D3ZG35	Dr:A2BF92	Ce:Q19676;Mm:Q8K2P7;Rn:Q9JM15	-
Q9HCK0	Q96T83	57684	84679	ZBTB26	SLC9A7	chromatin immunoprecipitation assay	27924024	Homo sapiens	GTRD	No	Mm:Q6P9Q3;Rn:D3ZG35	Dr:A2BF92	-	-
Q9HCK0	Q96EP5	57684	26528	ZBTB26	DAZAP1	chromatin immunoprecipitation assay	27924024	Homo sapiens	GTRD	No	Mm:Q6P9Q3;Rn:D3ZG35	Dr:A2BF92	Mm:Q9JII5;Rn:Q4KLZ3	Dm:Q59DT6;Dr:A8E5B6
Q9HCK0	Q6YI46	57684	169200	ZBTB26	TMEM64	chromatin immunoprecipitation assay	27924024	Homo sapiens	GTRD	No	Mm:Q6P9Q3;Rn:D3ZG35	Dr:A2BF92	Dr:Q1LU94;Mm:Q3U145;Rn:D3ZV19	-
Q9HCK0	Q9NYQ7	57684	1951	ZBTB26	CELSR3	chromatin immunoprecipitation assay	27924024	Homo sapiens	GTRD	No	Mm:Q6P9Q3;Rn:D3ZG35	Dr:A2BF92	Rn:O88278	Mm:A0A1L1SUG9
Q9HCK0	Q9C0J9	57684	79365	ZBTB26	BHLHE41	chromatin immunoprecipitation assay	27924024	Homo sapiens	GTRD	No	Mm:Q6P9Q3;Rn:D3ZG35	Dr:A2BF92	Dr:Q2PGD2;Mm:Q99PV5;Rn:M0R3T6	-
Q9HCK0	Q9BW62	57684	84056	ZBTB26	KATNAL1	chromatin immunoprecipitation assay	27924024	Homo sapiens	GTRD	No	Mm:Q6P9Q3;Rn:D3ZG35	Dr:A2BF92	Dr:A0A0R4IB19;Mm:Q8K0T4	Rn:Q5XIK7
Q9HCK0	Q9BWV1	57684	91653	ZBTB26	BOC	chromatin immunoprecipitation assay	27924024	Homo sapiens	GTRD	No	Mm:Q6P9Q3;Rn:D3ZG35	Dr:A2BF92	Dr:F1QGR0;Mm:D3Z763;Rn:D4A0Z7	Dm:Q9W4Y6
Q9HCK0	Q9H9L7	57684	79647	ZBTB26	AKIRIN1	chromatin immunoprecipitation assay	27924024	Homo sapiens	GTRD	No	Mm:Q6P9Q3;Rn:D3ZG35	Dr:A2BF92	Mm:Q99LF1;Rn:D3ZTH4	Dr:Q7T377
Q9HCK0	Q5JVF3	57684	55795	ZBTB26	PCID2	chromatin immunoprecipitation assay	27924024	Homo sapiens	GTRD	No	Mm:Q6P9Q3;Rn:D3ZG35	Dr:A2BF92	Ce:Q95QU0;Dm:Q9VTL1;Dr:F1QPP5;Mm:Q8BFV2;Rn:F1MAF5;Sc:P47130	-
Q9HCK0	Q13200	57684	5708	ZBTB26	PSMD2	chromatin immunoprecipitation assay	27924024	Homo sapiens	GTRD	No	Mm:Q6P9Q3;Rn:D3ZG35	Dr:A2BF92	Ce:Q9GZH5;Dm:Q9VW54;Mm:Q8VDM4;Rn:Q4FZT9;Sc:P38764	-
Q9HCK0	Q96RU8	57684	10221	ZBTB26	TRIB1	chromatin immunoprecipitation assay	27924024	Homo sapiens	GTRD	No	Mm:Q6P9Q3;Rn:D3ZG35	Dr:A2BF92	Mm:Q8K4K4;Rn:G3V6J8	-
Q9HCK0	P25815	57684	6286	ZBTB26	S100P	chromatin immunoprecipitation assay	27924024	Homo sapiens	GTRD	No	Mm:Q6P9Q3;Rn:D3ZG35	Dr:A2BF92	-	-
Q9HCK0	O75554	57684	11193	ZBTB26	WBP4	chromatin immunoprecipitation assay	27924024	Homo sapiens	GTRD	No	Mm:Q6P9Q3;Rn:D3ZG35	Dr:A2BF92	Ce:Q9XUY1;Dm:Q9VPU4;Mm:Q61048;Rn:Q5HZF2	-
Q9HCK0	Q9BYE7	57684	84108	ZBTB26	PCGF6	chromatin immunoprecipitation assay	27924024	Homo sapiens	GTRD	No	Mm:Q6P9Q3;Rn:D3ZG35	Dr:A2BF92	Dr:A2ATX3;Mm:Q99NA9;Rn:Q5XI70	-
Q9HCK0	Q9Y4U1	57684	25974	ZBTB26	MMACHC	chromatin immunoprecipitation assay	27924024	Homo sapiens	GTRD	No	Mm:Q6P9Q3;Rn:D3ZG35	Dr:A2BF92	Ce:Q7Z144;Dr:F1QZ86;Mm:Q9CZD0;Rn:D4A729	-
Q9HCK0	A7E2V4	57684	23053	ZBTB26	ZSWIM8	chromatin immunoprecipitation assay	27924024	Homo sapiens	GTRD	No	Mm:Q6P9Q3;Rn:D3ZG35	Dr:A2BF92	-	-
Q9HCK0	Q86SJ2	57684	347902	ZBTB26	AMIGO2	chromatin immunoprecipitation assay	27924024	Homo sapiens	GTRD	No	Mm:Q6P9Q3;Rn:D3ZG35	Dr:A2BF92	Mm:Q80ZD9;Rn:A0A0G2JSI9	-
Q9HCK0	O00257	57684	8535	ZBTB26	CBX4	chromatin immunoprecipitation assay	27924024	Homo sapiens	GTRD	No	Mm:Q6P9Q3;Rn:D3ZG35	Dr:A2BF92	Mm:O55187	Rn:M0RAR7
Q9HCK0	P20020	57684	490	ZBTB26	ATP2B1	chromatin immunoprecipitation assay	27924024	Homo sapiens	GTRD	No	Mm:Q6P9Q3;Rn:D3ZG35	Dr:A2BF92	Mm:G5E829;Rn:P11505	-
Q9HCK0	Q5T9C2	57684	399665	ZBTB26	FAM102A	chromatin immunoprecipitation assay	27924024	Homo sapiens	GTRD	No	Mm:Q6P9Q3;Rn:D3ZG35	Dr:A2BF92	Mm:Q78T81;Rn:M0RAC2	-
Q9HCK0	Q96S82	57684	84993	ZBTB26	UBL7	chromatin immunoprecipitation assay	27924024	Homo sapiens	GTRD	No	Mm:Q6P9Q3;Rn:D3ZG35	Dr:A2BF92	Dr:F1QE21;Mm:Q91W67;Rn:Q6AY24	-
Q9HCK0	O94988	57684	10144	ZBTB26	FAM13A	chromatin immunoprecipitation assay	27924024	Homo sapiens	GTRD	No	Mm:Q6P9Q3;Rn:D3ZG35	Dr:A2BF92	Mm:Q8BGI4;Rn:D3ZA02	-
Q9HCK0	Q2M3G4	57684	134549	ZBTB26	SHROOM1	chromatin immunoprecipitation assay	27924024	Homo sapiens	GTRD	No	Mm:Q6P9Q3;Rn:D3ZG35	Dr:A2BF92	Mm:Q5SX79;Rn:M0RB44	-
Q9HCK0	Q96D05	57684	219738	ZBTB26	FAM241B	chromatin immunoprecipitation assay	27924024	Homo sapiens	GTRD	No	Mm:Q6P9Q3;Rn:D3ZG35	Dr:A2BF92	Mm:Q9D882	Rn:B0BMZ1;Rn:M0R549
Q9HCK0	M0R2Z0	57684	-	ZBTB26	-	chromatin immunoprecipitation assay	27924024	Homo sapiens	GTRD	No	Mm:Q6P9Q3;Rn:D3ZG35	Dr:A2BF92	-	-
Q9HCK0	Q00994	57684	27018	ZBTB26	BEX3	chromatin immunoprecipitation assay	27924024	Homo sapiens	GTRD	No	Mm:Q6P9Q3;Rn:D3ZG35	Dr:A2BF92	Mm:Q9WTZ9;Rn:Q6PDU5	-
Q9HCK0	A0A0A6YYL4	57684	100529144	ZBTB26	CORO7-PAM16	chromatin immunoprecipitation assay	27924024	Homo sapiens	GTRD	No	Mm:Q6P9Q3;Rn:D3ZG35	Dr:A2BF92	-	-
Q9HCK0	Q8N428	57684	57452	ZBTB26	GALNT16	chromatin immunoprecipitation assay	27924024	Homo sapiens	GTRD	No	Mm:Q6P9Q3;Rn:D3ZG35	Dr:A2BF92	Dr:X1WGF8;Mm:Q9JJ61;Rn:F1LQN1	-
Q9HCK0	P01100	57684	2353	ZBTB26	FOS	chromatin immunoprecipitation assay	27924024	Homo sapiens	GTRD	No	Mm:Q6P9Q3;Rn:D3ZG35	Dr:A2BF92	Dr:Q6P0S4;Mm:P01101;Rn:P12841	-
Q9HCK0	Q6ZQR2	57684	389799	ZBTB26	CFAP77	chromatin immunoprecipitation assay	27924024	Homo sapiens	GTRD	No	Mm:Q6P9Q3;Rn:D3ZG35	Dr:A2BF92	Rn:B2GV45	Dr:A2BFC9;Mm:A0A087WRI3;Rn:M0R828
Q9HCK0	O15120	57684	10555	ZBTB26	AGPAT2	chromatin immunoprecipitation assay	27924024	Homo sapiens	GTRD	No	Mm:Q6P9Q3;Rn:D3ZG35	Dr:A2BF92	Ce:Q22267;Mm:Q8K3K7;Rn:D4AC45	-
Q9HCK0	Q24JP5	57684	54972	ZBTB26	TMEM132A	chromatin immunoprecipitation assay	27924024	Homo sapiens	GTRD	No	Mm:Q6P9Q3;Rn:D3ZG35	Dr:A2BF92	Mm:Q922P8;Rn:G3V963	-
Q9HCK0	O14595	57684	10106	ZBTB26	CTDSP2	chromatin immunoprecipitation assay	27924024	Homo sapiens	GTRD	No	Mm:Q6P9Q3;Rn:D3ZG35	Dr:A2BF92	Dr:Q6P3I6;Mm:Q8BX07;Rn:M0R5X1	-
Q9HCK0	P51649	57684	7915	ZBTB26	ALDH5A1	chromatin immunoprecipitation assay	27924024	Homo sapiens	GTRD	No	Mm:Q6P9Q3;Rn:D3ZG35	Dr:A2BF92	Ce:O02266;Dm:Q9VBP6;Mm:Q8BWF0;Rn:G3V945;Sc:P38067	Dr:F1R9T0
Q9HCK0	Q8IYW5	57684	165918	ZBTB26	RNF168	chromatin immunoprecipitation assay	27924024	Homo sapiens	GTRD	No	Mm:Q6P9Q3;Rn:D3ZG35	Dr:A2BF92	Rn:A0A140TA93	Mm:E9PYW4
Q9HCK0	Q9UFW8	57684	8545	ZBTB26	CGGBP1	chromatin immunoprecipitation assay	27924024	Homo sapiens	GTRD	No	Mm:Q6P9Q3;Rn:D3ZG35	Dr:A2BF92	Mm:Q8BHG9;Rn:D4ADB4	-
Q9HCK0	Q8IUE6	57684	317772	ZBTB26	H2AC21	chromatin immunoprecipitation assay	27924024	Homo sapiens	GTRD	No	Mm:Q6P9Q3;Rn:D3ZG35	Dr:A2BF92	-	-
Q9HCK0	Q8WV60	57684	79810	ZBTB26	PTCD2	chromatin immunoprecipitation assay	27924024	Homo sapiens	GTRD	No	Mm:Q6P9Q3;Rn:D3ZG35	Dr:A2BF92	Mm:Q8R3K3;Rn:D4A9I4	-
Q9HCK0	Q5DX21	57684	152404	ZBTB26	IGSF11	chromatin immunoprecipitation assay	27924024	Homo sapiens	GTRD	No	Mm:Q6P9Q3;Rn:D3ZG35	Dr:A2BF92	Dr:A0A2R8RYG1;Mm:P0C673;Rn:Q5U2P2	-
Q9HCK0	Q9H1K0	57684	64145	ZBTB26	RBSN	chromatin immunoprecipitation assay	27924024	Homo sapiens	GTRD	No	Mm:Q6P9Q3;Rn:D3ZG35	Dr:A2BF92	Mm:Q80Y56;Rn:D3ZL11	Ce:W6SBE5;Dr:E9QEU6
Q9HCK0	Q07869	57684	5465	ZBTB26	PPARA	chromatin immunoprecipitation assay	27924024	Homo sapiens	GTRD	No	Mm:Q6P9Q3;Rn:D3ZG35	Dr:A2BF92	Dr:K7DY57;Mm:P23204;Rn:P37230	-
Q9HCK0	Q96J42	57684	79770	ZBTB26	TXNDC15	chromatin immunoprecipitation assay	27924024	Homo sapiens	GTRD	No	Mm:Q6P9Q3;Rn:D3ZG35	Dr:A2BF92	Mm:Q6P6J9;Rn:Q5BJT4	-
Q9HCK0	O75352	57684	9526	ZBTB26	MPDU1	chromatin immunoprecipitation assay	27924024	Homo sapiens	GTRD	No	Mm:Q6P9Q3;Rn:D3ZG35	Dr:A2BF92	Ce:Q20157;Dm:Q9VMW8;Dr:Q6IQH2;Mm:Q8R0J2;Rn:D3Z865	-
Q9HCK0	O14494	57684	8611	ZBTB26	PLPP1	chromatin immunoprecipitation assay	27924024	Homo sapiens	GTRD	No	Mm:Q6P9Q3;Rn:D3ZG35	Dr:A2BF92	Mm:Q61469;Rn:G3V9Y2	Dr:F1Q772
Q9HCK0	Q14493	57684	7884	ZBTB26	SLBP	chromatin immunoprecipitation assay	27924024	Homo sapiens	GTRD	No	Mm:Q6P9Q3;Rn:D3ZG35	Dr:A2BF92	-	-
Q9HCK0	Q9Y250	57684	11178	ZBTB26	LZTS1	chromatin immunoprecipitation assay	27924024	Homo sapiens	GTRD	No	Mm:Q6P9Q3;Rn:D3ZG35	Dr:A2BF92	Mm:P60853;Rn:Q8CFC9	-
Q9HCK0	Q96Q80	57684	91319	ZBTB26	DERL3	chromatin immunoprecipitation assay	27924024	Homo sapiens	GTRD	No	Mm:Q6P9Q3;Rn:D3ZG35	Dr:A2BF92	Mm:Q9D8K3	Rn:G3V8X2
Q9HCK0	Q8N6D5	57684	147463	ZBTB26	ANKRD29	chromatin immunoprecipitation assay	27924024	Homo sapiens	GTRD	No	Mm:Q6P9Q3;Rn:D3ZG35	Dr:A2BF92	Dm:Q9VQI1;Dr:Q502M6;Mm:D3YVV3;Rn:F1M3B1	-
Q9HCK0	Q96BP2	57684	118487	ZBTB26	CHCHD1	chromatin immunoprecipitation assay	27924024	Homo sapiens	GTRD	No	Mm:Q6P9Q3;Rn:D3ZG35	Dr:A2BF92	Dm:Q9W114;Dr:A3KNX4;Mm:Q9CQA6;Rn:B5DER5	-
Q9HCK0	O75128	57684	23242	ZBTB26	COBL	chromatin immunoprecipitation assay	27924024	Homo sapiens	GTRD	No	Mm:Q6P9Q3;Rn:D3ZG35	Dr:A2BF92	Mm:Q5NBX1	Dr:A0A0R4IXG5;Rn:A0A0G2K2Q1
Q9HCK0	P28289	57684	7111	ZBTB26	TMOD1	chromatin immunoprecipitation assay	27924024	Homo sapiens	GTRD	No	Mm:Q6P9Q3;Rn:D3ZG35	Dr:A2BF92	Ce:O01479;Mm:P49813	Dm:E1JJ21;Dr:E9QGR6;Rn:Q6IMZ5
Q9HCK0	P68431	57684	8350;8351;8352;8353;8354;8355;8356;8357;8358;8968	ZBTB26	H3C1;H3C2;H3C3;H3C4;H3C6;H3C7;H3C8;H3C10;H3C11;H3C12	chromatin immunoprecipitation assay	27924024	Homo sapiens	GTRD	No	Mm:Q6P9Q3;Rn:D3ZG35	Dr:A2BF92	-	-
Q9HCK0	Q9NVQ4	57684	55179	ZBTB26	FAIM	chromatin immunoprecipitation assay	27924024	Homo sapiens	GTRD	No	Mm:Q6P9Q3;Rn:D3ZG35	Dr:A2BF92	-	-
Q9HCK0	Q1KMD3	57684	221092	ZBTB26	HNRNPUL2	chromatin immunoprecipitation assay	27924024	Homo sapiens	GTRD	No	Mm:Q6P9Q3;Rn:D3ZG35	Dr:A2BF92	-	-
Q9HCK0	Q9H6L4	57684	79637	ZBTB26	ARMC7	chromatin immunoprecipitation assay	27924024	Homo sapiens	GTRD	No	Mm:Q6P9Q3;Rn:D3ZG35	Dr:A2BF92	Dr:F1R1C2;Mm:Q3UJZ3;Rn:B2GUY5	-
Q9HCK0	Q15532	57684	6760	ZBTB26	SS18	chromatin immunoprecipitation assay	27924024	Homo sapiens	GTRD	No	Mm:Q6P9Q3;Rn:D3ZG35	Dr:A2BF92	Dr:Q802V1;Mm:Q62280;Rn:D4ABC5	-
Q9HCK0	O43488	57684	8574	ZBTB26	AKR7A2	chromatin immunoprecipitation assay	27924024	Homo sapiens	GTRD	No	Mm:Q6P9Q3;Rn:D3ZG35	Dr:A2BF92	Mm:Q8CG76;Rn:A0A0A0MXY9	-
Q9HCK0	O75251	57684	374291	ZBTB26	NDUFS7	chromatin immunoprecipitation assay	27924024	Homo sapiens	GTRD	No	Mm:Q6P9Q3;Rn:D3ZG35	Dr:A2BF92	Ce:Q94360;Dm:Q9VAK5;Dr:F1QHE9;Mm:Q9DC70;Rn:Q5RJN0	-
Q9HCK0	Q8TD22	57684	94097	ZBTB26	SFXN5	chromatin immunoprecipitation assay	27924024	Homo sapiens	GTRD	No	Mm:Q6P9Q3;Rn:D3ZG35	Dr:A2BF92	Ce:Q5FC79;Mm:Q925N0;Rn:Q8CFD0	-
Q9HCK0	Q8N9V3	57684	151525	ZBTB26	WDSUB1	chromatin immunoprecipitation assay	27924024	Homo sapiens	GTRD	No	Mm:Q6P9Q3;Rn:D3ZG35	Dr:A2BF92	-	-
Q9HCK0	Q86VK4	57684	57862	ZBTB26	ZNF410	chromatin immunoprecipitation assay	27924024	Homo sapiens	GTRD	No	Mm:Q6P9Q3;Rn:D3ZG35	Dr:A2BF92	Mm:Q8BKX7;Rn:B4F792	-
Q9HCK0	Q96EB1	57684	26610	ZBTB26	ELP4	chromatin immunoprecipitation assay	27924024	Homo sapiens	GTRD	No	Mm:Q6P9Q3;Rn:D3ZG35	Dr:A2BF92	-	-
Q9HCK0	O95825	57684	9946	ZBTB26	CRYZL1	chromatin immunoprecipitation assay	27924024	Homo sapiens	GTRD	No	Mm:Q6P9Q3;Rn:D3ZG35	Dr:A2BF92	Dr:Q6DHM3;Mm:Q921W4;Rn:Q5XI39	-
Q9HCK0	Q6P1X5	57684	6873	ZBTB26	TAF2	chromatin immunoprecipitation assay	27924024	Homo sapiens	GTRD	No	Mm:Q6P9Q3;Rn:D3ZG35	Dr:A2BF92	Ce:Q9TYN3;Dm:Q24325;Dr:Q32PW3;Rn:F1LNY6	Mm:B9EJX5
Q9HCK0	O60287	57684	9875	ZBTB26	URB1	chromatin immunoprecipitation assay	27924024	Homo sapiens	GTRD	No	Mm:Q6P9Q3;Rn:D3ZG35	Dr:A2BF92	Dm:Q9VD07;Dr:A0A0R4ILM9;Mm:E9PU96;Rn:D4A7S4	-
Q9HCK0	Q92664	57684	2971	ZBTB26	GTF3A	chromatin immunoprecipitation assay	27924024	Homo sapiens	GTRD	No	Mm:Q6P9Q3;Rn:D3ZG35	Dr:A2BF92	Dr:A2BEV2;Mm:F6RCF6;Rn:M0R833	-
Q9HCK0	Q01831	57684	7508	ZBTB26	XPC	chromatin immunoprecipitation assay	27924024	Homo sapiens	GTRD	No	Mm:Q6P9Q3;Rn:D3ZG35	Dr:A2BF92	Dr:Q1LVE4;Mm:P51612;Rn:D4A3D8	-
Q9HCK0	Q14168	57684	4355	ZBTB26	MPP2	chromatin immunoprecipitation assay	27924024	Homo sapiens	GTRD	No	Mm:Q6P9Q3;Rn:D3ZG35	Dr:A2BF92	-	-
Q9HCK0	P51570	57684	2584	ZBTB26	GALK1	chromatin immunoprecipitation assay	27924024	Homo sapiens	GTRD	No	Mm:Q6P9Q3;Rn:D3ZG35	Dr:A2BF92	Mm:Q9R0N0;Rn:Q5RKH2	Dr:F1R3T4
Q9HCK0	Q9BYW2	57684	29072	ZBTB26	SETD2	chromatin immunoprecipitation assay	27924024	Homo sapiens	GTRD	No	Mm:Q6P9Q3;Rn:D3ZG35	Dr:A2BF92	Dr:F1QJI9;Mm:E9Q5F9	Rn:A0A0G2KB10
Q9HCK0	P58546	57684	136319	ZBTB26	MTPN	chromatin immunoprecipitation assay	27924024	Homo sapiens	GTRD	No	Mm:Q6P9Q3;Rn:D3ZG35	Dr:A2BF92	Ce:Q18587;Dm:Q8MYY7;Dm:Q9VWM3;Dr:Q7T2B9;Mm:P62774;Rn:P62775	-
Q9HCK0	Q8WZ73	57684	117584	ZBTB26	RFFL	chromatin immunoprecipitation assay	27924024	Homo sapiens	GTRD	No	Mm:Q6P9Q3;Rn:D3ZG35	Dr:A2BF92	Dr:F1QFN6;Mm:Q6ZQM0;Rn:Q8CIN9	-
Q9HCK0	O15432	57684	1318	ZBTB26	SLC31A2	chromatin immunoprecipitation assay	27924024	Homo sapiens	GTRD	No	Mm:Q6P9Q3;Rn:D3ZG35	Dr:A2BF92	Ce:A4V4W7;Ce:Q19936;Dr:E9QC64;Mm:Q9CPU9;Rn:D4AAE7	-
Q9HCK0	P48147	57684	5550	ZBTB26	PREP	chromatin immunoprecipitation assay	27924024	Homo sapiens	GTRD	No	Mm:Q6P9Q3;Rn:D3ZG35	Dr:A2BF92	Dm:Q9VKW5;Mm:Q9QUR6;Rn:A0A0G2K1M8	Dm:Q9V9P5
Q9HCK0	Q3KRA6	57684	130355	ZBTB26	C2orf76	chromatin immunoprecipitation assay	27924024	Homo sapiens	GTRD	No	Mm:Q6P9Q3;Rn:D3ZG35	Dr:A2BF92	Dr:F1QY99;Mm:Q9CRW3;Rn:M0R9J6;Sc:P36154	-
Q9HCK0	O75150	57684	9810	ZBTB26	RNF40	chromatin immunoprecipitation assay	27924024	Homo sapiens	GTRD	No	Mm:Q6P9Q3;Rn:D3ZG35	Dr:A2BF92	Mm:Q3U319;Rn:Q8CJB9	-
Q9HCK0	Q5SRE5	57684	23511	ZBTB26	NUP188	chromatin immunoprecipitation assay	27924024	Homo sapiens	GTRD	No	Mm:Q6P9Q3;Rn:D3ZG35	Dr:A2BF92	Dm:A0A0B4K859;Dr:E7EXJ6;Mm:Q6ZQH8	Rn:F1LRC6
Q9HCK0	P17032	57684	7587	ZBTB26	ZNF37A	chromatin immunoprecipitation assay	27924024	Homo sapiens	GTRD	No	Mm:Q6P9Q3;Rn:D3ZG35	Dr:A2BF92	-	-
Q9HCK0	Q969L2	57684	114569	ZBTB26	MAL2	chromatin immunoprecipitation assay	27924024	Homo sapiens	GTRD	No	Mm:Q6P9Q3;Rn:D3ZG35	Dr:A2BF92	Mm:Q8BI08	Dr:B3DKG3;Rn:M0RCJ9;Rn:Q7TPB7
Q9HCK0	Q5T0N5	57684	54874	ZBTB26	FNBP1L	chromatin immunoprecipitation assay	27924024	Homo sapiens	GTRD	No	Mm:Q6P9Q3;Rn:D3ZG35	Dr:A2BF92	Rn:Q2HWF0	Dr:B0UXN4;Mm:E9PUK3
Q9HCK0	Q9Y663	57684	9955	ZBTB26	HS3ST3A1	chromatin immunoprecipitation assay	27924024	Homo sapiens	GTRD	No	Mm:Q6P9Q3;Rn:D3ZG35	Dr:A2BF92	-	-
Q9HCK0	Q02487	57684	1824	ZBTB26	DSC2	chromatin immunoprecipitation assay	27924024	Homo sapiens	GTRD	No	Mm:Q6P9Q3;Rn:D3ZG35	Dr:A2BF92	Mm:P55292	Rn:D3ZJR7
Q9HCK0	O00468	57684	375790	ZBTB26	AGRN	chromatin immunoprecipitation assay	27924024	Homo sapiens	GTRD	No	Mm:Q6P9Q3;Rn:D3ZG35	Dr:A2BF92	Dm:A0A1F4;Rn:F1LPF2	Mm:M0QWP1
Q9HCK0	Q9NXC2	57684	54438	ZBTB26	GFOD1	chromatin immunoprecipitation assay	27924024	Homo sapiens	GTRD	No	Mm:Q6P9Q3;Rn:D3ZG35	Dr:A2BF92	Dr:E7FCE9;Mm:Q3UHD2;Rn:D3ZR63	-
Q9HCK0	Q6ZSS3	57684	285268	ZBTB26	ZNF621	chromatin immunoprecipitation assay	27924024	Homo sapiens	GTRD	No	Mm:Q6P9Q3;Rn:D3ZG35	Dr:A2BF92	-	-
Q9HCK0	O43286	57684	9334	ZBTB26	B4GALT5	chromatin immunoprecipitation assay	27924024	Homo sapiens	GTRD	No	Mm:Q6P9Q3;Rn:D3ZG35	Dr:A2BF92	Ce:G5EGS9;Mm:Q9JMK0	Rn:A0A0G2K3K5
Q9HCK0	Q13310	57684	8761	ZBTB26	PABPC4	chromatin immunoprecipitation assay	27924024	Homo sapiens	GTRD	No	Mm:Q6P9Q3;Rn:D3ZG35	Dr:A2BF92	Ce:Q9U302;Ce:Q19579;Dm:P21187;Mm:Q6PHQ9;Rn:G3V9N0	Dr:F1QUU2
Q9HCK0	Q0VGE8	57684	125893	ZBTB26	ZNF816	chromatin immunoprecipitation assay	27924024	Homo sapiens	GTRD	No	Mm:Q6P9Q3;Rn:D3ZG35	Dr:A2BF92	-	-
Q9HCK0	Q7Z3B3	57684	284058	ZBTB26	KANSL1	chromatin immunoprecipitation assay	27924024	Homo sapiens	GTRD	No	Mm:Q6P9Q3;Rn:D3ZG35	Dr:A2BF92	-	-
Q9HCK0	Q14190	57684	6493	ZBTB26	SIM2	chromatin immunoprecipitation assay	27924024	Homo sapiens	GTRD	No	Mm:Q6P9Q3;Rn:D3ZG35	Dr:A2BF92	Mm:Q61079	Rn:D4AA36
Q9HCK0	Q9P219	57684	440193	ZBTB26	CCDC88C	chromatin immunoprecipitation assay	27924024	Homo sapiens	GTRD	No	Mm:Q6P9Q3;Rn:D3ZG35	Dr:A2BF92	Dr:A0A2R8QCI3;Mm:Q6VGS5;Rn:D4A9W1	-
Q9HCK0	Q5JS54	57684	389362	ZBTB26	PSMG4	chromatin immunoprecipitation assay	27924024	Homo sapiens	GTRD	No	Mm:Q6P9Q3;Rn:D3ZG35	Dr:A2BF92	Mm:P0C7N9;Rn:B2RZB8	Dr:A0A2R8QNS5
Q9HCK0	Q02386	57684	7596	ZBTB26	ZNF45	chromatin immunoprecipitation assay	27924024	Homo sapiens	GTRD	No	Mm:Q6P9Q3;Rn:D3ZG35	Dr:A2BF92	Rn:F1M973;Rn:A0A0G2JW96	Mm:Q61117
Q9HCK0	Q96T92	57684	84684	ZBTB26	INSM2	chromatin immunoprecipitation assay	27924024	Homo sapiens	GTRD	No	Mm:Q6P9Q3;Rn:D3ZG35	Dr:A2BF92	Mm:Q9JMC2;Rn:D3ZKF8	-
Q9HCK0	Q9NY27	57684	151987	ZBTB26	PPP4R2	chromatin immunoprecipitation assay	27924024	Homo sapiens	GTRD	No	Mm:Q6P9Q3;Rn:D3ZG35	Dr:A2BF92	Dr:F1QCN7;Mm:A0A0R4J0U2	Rn:D4A8H5
Q9HCK0	P30305	57684	994	ZBTB26	CDC25B	chromatin immunoprecipitation assay	27924024	Homo sapiens	GTRD	No	Mm:Q6P9Q3;Rn:D3ZG35	Dr:A2BF92	Mm:P30306;Rn:F1LQS5	-
Q9HCK0	Q9BW71	57684	8479	ZBTB26	HIRIP3	chromatin immunoprecipitation assay	27924024	Homo sapiens	GTRD	No	Mm:Q6P9Q3;Rn:D3ZG35	Dr:A2BF92	Dr:F1R9K1;Mm:Q8BLH7;Rn:E9PSX7	-
Q9HCK0	Q6ZRS2	57684	10847	ZBTB26	SRCAP	chromatin immunoprecipitation assay	27924024	Homo sapiens	GTRD	No	Mm:Q6P9Q3;Rn:D3ZG35	Dr:A2BF92	-	-
Q9HCK0	O15230	57684	3911	ZBTB26	LAMA5	chromatin immunoprecipitation assay	27924024	Homo sapiens	GTRD	No	Mm:Q6P9Q3;Rn:D3ZG35	Dr:A2BF92	Dr:F1QKW3;Mm:Q61001;Rn:F1MAN8	Ce:A0A061AJI9
Q9HCK0	Q5JVG2	57684	83744	ZBTB26	ZNF484	chromatin immunoprecipitation assay	27924024	Homo sapiens	GTRD	No	Mm:Q6P9Q3;Rn:D3ZG35	Dr:A2BF92	Mm:B1ASQ7	-
Q9HCK0	Q6NVY1	57684	26275	ZBTB26	HIBCH	chromatin immunoprecipitation assay	27924024	Homo sapiens	GTRD	No	Mm:Q6P9Q3;Rn:D3ZG35	Dr:A2BF92	Ce:Q19278;Dm:Q960K8;Dr:B0S642;Mm:Q8QZS1;Rn:Q5XIE6;Sc:P28817	-
Q9HCK0	O75563	57684	8935	ZBTB26	SKAP2	chromatin immunoprecipitation assay	27924024	Homo sapiens	GTRD	No	Mm:Q6P9Q3;Rn:D3ZG35	Dr:A2BF92	Dr:Q6PG29;Mm:Q3UND0;Rn:Q920G0	-
Q9HCK0	P53779	57684	5602	ZBTB26	MAPK10	chromatin immunoprecipitation assay	27924024	Homo sapiens	GTRD	No	Mm:Q6P9Q3;Rn:D3ZG35	Dr:A2BF92	-	-
Q9HCK0	F8WEM9	57684	-	ZBTB26	-	chromatin immunoprecipitation assay	27924024	Homo sapiens	GTRD	No	Mm:Q6P9Q3;Rn:D3ZG35	Dr:A2BF92	-	-
Q9HCK0	Q96ND8	57684	147949	ZBTB26	ZNF583	chromatin immunoprecipitation assay	27924024	Homo sapiens	GTRD	No	Mm:Q6P9Q3;Rn:D3ZG35	Dr:A2BF92	Dm:Q4V6Y6;Mm:Q3V080;Rn:F1M0F0	-
Q9HCK0	P05026	57684	481	ZBTB26	ATP1B1	chromatin immunoprecipitation assay	27924024	Homo sapiens	GTRD	No	Mm:Q6P9Q3;Rn:D3ZG35	Dr:A2BF92	Dr:F1Q6G8;Dr:Q9DGL3;Mm:P14094;Rn:P07340	-
Q9HCK0	Q15005	57684	9789	ZBTB26	SPCS2	chromatin immunoprecipitation assay	27924024	Homo sapiens	GTRD	No	Mm:Q6P9Q3;Rn:D3ZG35	Dr:A2BF92	Ce:Q9XWW1;Dm:Q9VYY2;Mm:Q9CYN2;Rn:D3ZD11	Dr:F1R9Q0
Q9HCK0	Q96SY0	57684	81556	ZBTB26	INTS14	chromatin immunoprecipitation assay	27924024	Homo sapiens	GTRD	No	Mm:Q6P9Q3;Rn:D3ZG35	Dr:A2BF92	-	-
Q9HCK0	A6NHT5	57684	340784	ZBTB26	HMX3	chromatin immunoprecipitation assay	27924024	Homo sapiens	GTRD	No	Mm:Q6P9Q3;Rn:D3ZG35	Dr:A2BF92	Dr:F1QMB1;Mm:P42581;Rn:D4A585	-
Q9HCK0	Q6UWY0	57684	153642	ZBTB26	ARSK	chromatin immunoprecipitation assay	27924024	Homo sapiens	GTRD	No	Mm:Q6P9Q3;Rn:D3ZG35	Dr:A2BF92	Mm:A0A0R4J1N2;Rn:Q32KJ2	-
Q9HCK0	Q9P241	57684	57205	ZBTB26	ATP10D	chromatin immunoprecipitation assay	27924024	Homo sapiens	GTRD	No	Mm:Q6P9Q3;Rn:D3ZG35	Dr:A2BF92	Rn:D3ZN41	Dr:B8JJN8;Mm:Q8BU62
Q9HCK0	Q9NXR5	57684	55608	ZBTB26	ANKRD10	chromatin immunoprecipitation assay	27924024	Homo sapiens	GTRD	No	Mm:Q6P9Q3;Rn:D3ZG35	Dr:A2BF92	Dr:F1QHK7;Dr:B0S6J8;Mm:Q99LW0;Rn:F1LPK2	-
Q9HCK0	Q9NR11	57684	55900	ZBTB26	ZNF302	chromatin immunoprecipitation assay	27924024	Homo sapiens	GTRD	No	Mm:Q6P9Q3;Rn:D3ZG35	Dr:A2BF92	-	Dm:Q9VGQ6
Q9HCK0	Q9Y237	57684	5303	ZBTB26	PIN4	chromatin immunoprecipitation assay	27924024	Homo sapiens	GTRD	No	Mm:Q6P9Q3;Rn:D3ZG35	Dr:A2BF92	-	-
Q9HCK0	Q9Y2S6	57684	51372	ZBTB26	TMA7	chromatin immunoprecipitation assay	27924024	Homo sapiens	GTRD	No	Mm:Q6P9Q3;Rn:D3ZG35	Dr:A2BF92	Mm:Q8K003	-
Q9HCK0	Q8IVF6	57684	253650	ZBTB26	ANKRD18A	chromatin immunoprecipitation assay	27924024	Homo sapiens	GTRD	No	Mm:Q6P9Q3;Rn:D3ZG35	Dr:A2BF92	-	-
Q9HCK0	K7EP35	57684	-	ZBTB26	-	chromatin immunoprecipitation assay	27924024	Homo sapiens	GTRD	No	Mm:Q6P9Q3;Rn:D3ZG35	Dr:A2BF92	-	-
Q9HCK0	Q9H8M5	57684	54805	ZBTB26	CNNM2	chromatin immunoprecipitation assay	27924024	Homo sapiens	GTRD	No	Mm:Q6P9Q3;Rn:D3ZG35	Dr:A2BF92	Dr:A2ATX7;Mm:Q3TWN3;Rn:Q5U2P1	-
Q9HCK0	Q15743	57684	8111	ZBTB26	GPR68	chromatin immunoprecipitation assay	27924024	Homo sapiens	GTRD	No	Mm:Q6P9Q3;Rn:D3ZG35	Dr:A2BF92	Mm:Q8BFQ3	Dr:E7FF75;Rn:D3ZSW1
Q9HCK0	P55083	57684	4239	ZBTB26	MFAP4	chromatin immunoprecipitation assay	27924024	Homo sapiens	GTRD	No	Mm:Q6P9Q3;Rn:D3ZG35	Dr:A2BF92	Mm:Q9D1H9	Rn:D4A7W8
Q9HCK0	O75462	57684	9244	ZBTB26	CRLF1	chromatin immunoprecipitation assay	27924024	Homo sapiens	GTRD	No	Mm:Q6P9Q3;Rn:D3ZG35	Dr:A2BF92	Dr:B8JL58;Dr:Q6DG28;Mm:Q9JM58	Rn:D3ZIV9
Q9HCK0	Q99460	57684	5707	ZBTB26	PSMD1	chromatin immunoprecipitation assay	27924024	Homo sapiens	GTRD	No	Mm:Q6P9Q3;Rn:D3ZG35	Dr:A2BF92	Ce:Q18115;Dm:Q9V3P6;Mm:Q3TXS7;Rn:G3V8B6;Sc:P32565	Dr:F1QY43
Q9HCK0	Q96MD7	57684	138241	ZBTB26	C9orf85	chromatin immunoprecipitation assay	27924024	Homo sapiens	GTRD	No	Mm:Q6P9Q3;Rn:D3ZG35	Dr:A2BF92	Dr:A3KPQ4;Mm:Q9CQ90;Rn:Q68FU5	-
Q9HCK0	O00165	57684	10456	ZBTB26	HAX1	chromatin immunoprecipitation assay	27924024	Homo sapiens	GTRD	No	Mm:Q6P9Q3;Rn:D3ZG35	Dr:A2BF92	Mm:O35387;Rn:M0R639	Dr:Q6DHN8
Q9HCK0	H3BV60	57684	100507588	ZBTB26	TGFBR3L	chromatin immunoprecipitation assay	27924024	Homo sapiens	GTRD	No	Mm:Q6P9Q3;Rn:D3ZG35	Dr:A2BF92	Mm:D3YZZ2;Rn:M0R3W3	-
Q9HCK0	Q9UJJ7	57684	113000	ZBTB26	RPUSD1	chromatin immunoprecipitation assay	27924024	Homo sapiens	GTRD	No	Mm:Q6P9Q3;Rn:D3ZG35	Dr:A2BF92	Dr:F1RAY7;Mm:Q8VCZ8;Rn:B1WC14	-
Q9HCK0	Q8IY85	57684	124989	ZBTB26	EFCAB13	chromatin immunoprecipitation assay	27924024	Homo sapiens	GTRD	No	Mm:Q6P9Q3;Rn:D3ZG35	Dr:A2BF92	-	-
Q9HCK0	P61218	57684	5435	ZBTB26	POLR2F	chromatin immunoprecipitation assay	27924024	Homo sapiens	GTRD	No	Mm:Q6P9Q3;Rn:D3ZG35	Dr:A2BF92	Dm:Q24320;Mm:P61219;Rn:O88828	Dr:Q6DGS5
Q9HCK0	Q8N336	57684	55531	ZBTB26	ELMOD1	chromatin immunoprecipitation assay	27924024	Homo sapiens	GTRD	No	Mm:Q6P9Q3;Rn:D3ZG35	Dr:A2BF92	Mm:Q3V1U8;Rn:D3ZDJ3	Dr:E9QCF8
Q9HCK0	P84077	57684	375	ZBTB26	ARF1	chromatin immunoprecipitation assay	27924024	Homo sapiens	GTRD	No	Mm:Q6P9Q3;Rn:D3ZG35	Dr:A2BF92	Dm:P61209;Dr:Q7ZUZ7;Dr:Q803D1;Dr:Q6NYD8;Mm:P84078;Rn:P84079	-
Q9HCK0	O43598	57684	10591	ZBTB26	DNPH1	chromatin immunoprecipitation assay	27924024	Homo sapiens	GTRD	No	Mm:Q6P9Q3;Rn:D3ZG35	Dr:A2BF92	Mm:Q80VJ3;Rn:O35820	Dr:B8A556
Q9HCK0	Q96P66	57684	83550	ZBTB26	GPR101	chromatin immunoprecipitation assay	27924024	Homo sapiens	GTRD	No	Mm:Q6P9Q3;Rn:D3ZG35	Dr:A2BF92	Dr:E7FA10;Mm:Q80T62	Rn:D4ABK4
Q9HCK0	P61956	57684	6613	ZBTB26	SUMO2	chromatin immunoprecipitation assay	27924024	Homo sapiens	GTRD	No	Mm:Q6P9Q3;Rn:D3ZG35	Dr:A2BF92	-	-
Q9HCK0	O75976	57684	1362	ZBTB26	CPD	chromatin immunoprecipitation assay	27924024	Homo sapiens	GTRD	No	Mm:Q6P9Q3;Rn:D3ZG35	Dr:A2BF92	Mm:O89001;Rn:F1LPC6	Dr:X1WCL4
Q9HCK0	P17858	57684	5211	ZBTB26	PFKL	chromatin immunoprecipitation assay	27924024	Homo sapiens	GTRD	No	Mm:Q6P9Q3;Rn:D3ZG35	Dr:A2BF92	Mm:P12382;Rn:P30835	-
Q9HCK0	Q02083	57684	27163	ZBTB26	NAAA	chromatin immunoprecipitation assay	27924024	Homo sapiens	GTRD	No	Mm:Q6P9Q3;Rn:D3ZG35	Dr:A2BF92	Mm:Q9D7V9	Rn:Q5KTC7
Q9HCK0	O95935	57684	9096	ZBTB26	TBX18	chromatin immunoprecipitation assay	27924024	Homo sapiens	GTRD	No	Mm:Q6P9Q3;Rn:D3ZG35	Dr:A2BF92	Dr:B3DJF0;Mm:G3X919;Rn:D4A1V6	-
Q9HCK0	Q8NEM1	57684	340252	ZBTB26	ZNF680	chromatin immunoprecipitation assay	27924024	Homo sapiens	GTRD	No	Mm:Q6P9Q3;Rn:D3ZG35	Dr:A2BF92	-	-
Q9HCK0	Q15418	57684	6195	ZBTB26	RPS6KA1	chromatin immunoprecipitation assay	27924024	Homo sapiens	GTRD	No	Mm:Q6P9Q3;Rn:D3ZG35	Dr:A2BF92	Rn:F1LXV0	Dr:A0A286YAW9;Mm:Q505N6
Q9HCK0	A0A0D9SFI3	57684	-	ZBTB26	-	chromatin immunoprecipitation assay	27924024	Homo sapiens	GTRD	No	Mm:Q6P9Q3;Rn:D3ZG35	Dr:A2BF92	-	-
Q9HCK0	Q29980	57684	4277	ZBTB26	MICB	chromatin immunoprecipitation assay	27924024	Homo sapiens	GTRD	No	Mm:Q6P9Q3;Rn:D3ZG35	Dr:A2BF92	-	Dr:E7FAH6
Q9HCK0	P17019	57684	7562	ZBTB26	ZNF708	chromatin immunoprecipitation assay	27924024	Homo sapiens	GTRD	No	Mm:Q6P9Q3;Rn:D3ZG35	Dr:A2BF92	-	-
Q9HCK0	Q5VUB5	57684	221061	ZBTB26	FAM171A1	chromatin immunoprecipitation assay	27924024	Homo sapiens	GTRD	No	Mm:Q6P9Q3;Rn:D3ZG35	Dr:A2BF92	Mm:A2ATK9	Rn:D4A7Y4
Q9HCK0	Q9UPN4	57684	22994	ZBTB26	CEP131	chromatin immunoprecipitation assay	27924024	Homo sapiens	GTRD	No	Mm:Q6P9Q3;Rn:D3ZG35	Dr:A2BF92	Rn:D4AEL8	Mm:J3QMP9
Q9HCK0	Q9P2C4	57684	57583	ZBTB26	TMEM181	chromatin immunoprecipitation assay	27924024	Homo sapiens	GTRD	No	Mm:Q6P9Q3;Rn:D3ZG35	Dr:A2BF92	-	-
Q9HCK0	O43497	57684	8913	ZBTB26	CACNA1G	chromatin immunoprecipitation assay	27924024	Homo sapiens	GTRD	No	Mm:Q6P9Q3;Rn:D3ZG35	Dr:A2BF92	Rn:Q9WUB8	Dr:U3JA71;Mm:Q5SUG4
Q9HCK0	Q8IVU9	57684	219621	ZBTB26	CABCOCO1	chromatin immunoprecipitation assay	27924024	Homo sapiens	GTRD	No	Mm:Q6P9Q3;Rn:D3ZG35	Dr:A2BF92	-	-
Q9HCK0	Q12996	57684	1479	ZBTB26	CSTF3	chromatin immunoprecipitation assay	27924024	Homo sapiens	GTRD	No	Mm:Q6P9Q3;Rn:D3ZG35	Dr:A2BF92	Ce:Q19866;Dm:P25991;Mm:Q99LI7;Rn:F1M4W7;Sc:P25298	-
Q9HCK0	P30740	57684	1992	ZBTB26	SERPINB1	chromatin immunoprecipitation assay	27924024	Homo sapiens	GTRD	No	Mm:Q6P9Q3;Rn:D3ZG35	Dr:A2BF92	Dm:Q7YTY6;Mm:Q9D154;Rn:Q4G075	Dr:Q6DG30
Q9HCK0	Q99873	57684	3276	ZBTB26	PRMT1	chromatin immunoprecipitation assay	27924024	Homo sapiens	GTRD	No	Mm:Q6P9Q3;Rn:D3ZG35	Dr:A2BF92	Mm:Q9JIF0;Rn:Q63009	Dr:F1R3J9;Rn:A0A0G2K9I8
Q9HCK0	P07358	57684	732	ZBTB26	C8B	chromatin immunoprecipitation assay	27924024	Homo sapiens	GTRD	No	Mm:Q6P9Q3;Rn:D3ZG35	Dr:A2BF92	-	-
Q9HCK0	Q8TD31	57684	54535	ZBTB26	CCHCR1	chromatin immunoprecipitation assay	27924024	Homo sapiens	GTRD	No	Mm:Q6P9Q3;Rn:D3ZG35	Dr:A2BF92	Dr:A0A0R4IL24;Mm:Q8K2I2	Rn:M0RC14
Q9HCK0	P0DMV8	57684	3303;3304	ZBTB26	HSPA1A	chromatin immunoprecipitation assay	27924024	Homo sapiens	GTRD	No	Mm:Q6P9Q3;Rn:D3ZG35	Dr:A2BF92	-	-
Q9HCK0	Q00577	57684	5813	ZBTB26	PURA	chromatin immunoprecipitation assay	27924024	Homo sapiens	GTRD	No	Mm:Q6P9Q3;Rn:D3ZG35	Dr:A2BF92	Dr:Q6JIZ2;Mm:P42669;Rn:F1LPS8	-
Q9HCK0	O95834	57684	24139	ZBTB26	EML2	chromatin immunoprecipitation assay	27924024	Homo sapiens	GTRD	No	Mm:Q6P9Q3;Rn:D3ZG35	Dr:A2BF92	Mm:Q7TNG5;Rn:Q6P6T4	Dr:X1WFN0
Q9HCK0	Q9BRT3	57684	84299	ZBTB26	MIEN1	chromatin immunoprecipitation assay	27924024	Homo sapiens	GTRD	No	Mm:Q6P9Q3;Rn:D3ZG35	Dr:A2BF92	Dm:Q9VRA0;Dr:Q802F5;Mm:Q9CQ86	Rn:M0RCG2;Rn:D3ZSU7
Q9HCK0	P48995	57684	7220	ZBTB26	TRPC1	chromatin immunoprecipitation assay	27924024	Homo sapiens	GTRD	No	Mm:Q6P9Q3;Rn:D3ZG35	Dr:A2BF92	Mm:B2RPS7;Rn:A0A0G2K7J3	-
Q9HCK0	P48380	57684	5991	ZBTB26	RFX3	chromatin immunoprecipitation assay	27924024	Homo sapiens	GTRD	No	Mm:Q6P9Q3;Rn:D3ZG35	Dr:A2BF92	Mm:P48381	Rn:A0A0G2JYT9
Q9HCK0	O15318	57684	10622	ZBTB26	POLR3G	chromatin immunoprecipitation assay	27924024	Homo sapiens	GTRD	No	Mm:Q6P9Q3;Rn:D3ZG35	Dr:A2BF92	Mm:Q6NXY9;Rn:D4A1K1	Dr:B0R0T5
Q9HCK0	P04198	57684	4613	ZBTB26	MYCN	chromatin immunoprecipitation assay	27924024	Homo sapiens	GTRD	No	Mm:Q6P9Q3;Rn:D3ZG35	Dr:A2BF92	Dr:A0A0A0MPF8;Mm:P03966;Rn:G3V6T6	-
Q9HCK0	O60296	57684	66008	ZBTB26	TRAK2	chromatin immunoprecipitation assay	27924024	Homo sapiens	GTRD	No	Mm:Q6P9Q3;Rn:D3ZG35	Dr:A2BF92	Mm:Q6P9N8;Rn:Q8R2H7	Dr:A0A0R4IDG7
Q9HCK0	P08621	57684	6625	ZBTB26	SNRNP70	chromatin immunoprecipitation assay	27924024	Homo sapiens	GTRD	No	Mm:Q6P9Q3;Rn:D3ZG35	Dr:A2BF92	Dm:P17133;Dr:Q6DRE8;Mm:Q62376;Rn:B2RZ74	-
Q9HCK0	A6NK58	57684	387787	ZBTB26	LIPT2	chromatin immunoprecipitation assay	27924024	Homo sapiens	GTRD	No	Mm:Q6P9Q3;Rn:D3ZG35	Dr:A2BF92	Dm:Q9VN27;Dr:F1QAW5;Mm:Q9D009;Rn:D3Z9Z2	-
Q9HCK0	Q92673	57684	6653	ZBTB26	SORL1	chromatin immunoprecipitation assay	27924024	Homo sapiens	GTRD	No	Mm:Q6P9Q3;Rn:D3ZG35	Dr:A2BF92	Dr:X1WHE3;Mm:O88307	-
Q9HCK0	Q9NU23	57684	57226	ZBTB26	LYRM2	chromatin immunoprecipitation assay	27924024	Homo sapiens	GTRD	No	Mm:Q6P9Q3;Rn:D3ZG35	Dr:A2BF92	Dm:Q6IGM9;Dr:Q5RIM0;Mm:Q8R033;Rn:B2GV91	-
Q9HCK0	Q9UDX5	57684	51537	ZBTB26	MTFP1	chromatin immunoprecipitation assay	27924024	Homo sapiens	GTRD	No	Mm:Q6P9Q3;Rn:D3ZG35	Dr:A2BF92	Dm:Q9VX02;Dr:G1K2J9;Mm:Q9CRB8;Rn:Q5XIG9	Ce:Q8T3C8
Q9HCK0	Q8TBP6	57684	55972	ZBTB26	SLC25A40	chromatin immunoprecipitation assay	27924024	Homo sapiens	GTRD	No	Mm:Q6P9Q3;Rn:D3ZG35	Dr:A2BF92	Dr:Q6DHC3;Mm:Q8BGP6;Rn:Q498U3	Ce:Q09461
Q9HCK0	P29460	57684	3593	ZBTB26	IL12B	chromatin immunoprecipitation assay	27924024	Homo sapiens	GTRD	No	Mm:Q6P9Q3;Rn:D3ZG35	Dr:A2BF92	Mm:P43432	Rn:E9PU71
Q9HCK0	O43396	57684	9352	ZBTB26	TXNL1	chromatin immunoprecipitation assay	27924024	Homo sapiens	GTRD	No	Mm:Q6P9Q3;Rn:D3ZG35	Dr:A2BF92	Dm:Q9VRP3;Dr:F6NTA0;Mm:Q8CDN6	Ce:G5EES9;Rn:A0A0G2K737
Q9HCK0	P17041	57684	7580	ZBTB26	ZNF32	chromatin immunoprecipitation assay	27924024	Homo sapiens	GTRD	No	Mm:Q6P9Q3;Rn:D3ZG35	Dr:A2BF92	Dr:A0A0R4IDJ9;Mm:Q80V23;Rn:B0BNH4	Dr:F1QMP7;Dr:H0WF46
Q9HCK0	Q9Y672	57684	29929	ZBTB26	ALG6	chromatin immunoprecipitation assay	27924024	Homo sapiens	GTRD	No	Mm:Q6P9Q3;Rn:D3ZG35	Dr:A2BF92	Ce:Q09226;Dm:Q9VKX7;Mm:Q3TAE8;Sc:Q12001	Dr:I3IT66;Rn:F1LMD6
Q9HCK0	Q8IZJ1	57684	219699	ZBTB26	UNC5B	chromatin immunoprecipitation assay	27924024	Homo sapiens	GTRD	No	Mm:Q6P9Q3;Rn:D3ZG35	Dr:A2BF92	Mm:Q8K1S3;Rn:F1LNE2	Dr:F1Q711
Q9HCK0	O15217	57684	2941	ZBTB26	GSTA4	chromatin immunoprecipitation assay	27924024	Homo sapiens	GTRD	No	Mm:Q6P9Q3;Rn:D3ZG35	Dr:A2BF92	-	-
Q9HCK0	Q92572	57684	1176	ZBTB26	AP3S1	chromatin immunoprecipitation assay	27924024	Homo sapiens	GTRD	No	Mm:Q6P9Q3;Rn:D3ZG35	Dr:A2BF92	Mm:Q9DCR2;Rn:G3V9Y9	-
Q9HCK0	Q96F25	57684	199857	ZBTB26	ALG14	chromatin immunoprecipitation assay	27924024	Homo sapiens	GTRD	No	Mm:Q6P9Q3;Rn:D3ZG35	Dr:A2BF92	Ce:U4PE03;Dm:Q9VXU7;Dr:A0A0R4I9X0;Mm:Q9D081;Rn:Q6AY85;Sc:P38242	-
Q9HCK0	Q9NT22	57684	90187	ZBTB26	EMILIN3	chromatin immunoprecipitation assay	27924024	Homo sapiens	GTRD	No	Mm:Q6P9Q3;Rn:D3ZG35	Dr:A2BF92	Mm:P59900;Rn:D3ZQ65	-
Q9HCK0	B4DU55	57684	345462	ZBTB26	ZNF879	chromatin immunoprecipitation assay	27924024	Homo sapiens	GTRD	No	Mm:Q6P9Q3;Rn:D3ZG35	Dr:A2BF92	Mm:Q8BI99;Rn:D3ZCJ8	-
Q9HCK0	Q9BXX0	57684	84034	ZBTB26	EMILIN2	chromatin immunoprecipitation assay	27924024	Homo sapiens	GTRD	No	Mm:Q6P9Q3;Rn:D3ZG35	Dr:A2BF92	Dr:A0A0R4IW71;Mm:Q8K482	Dr:F1R1C5;Rn:F1LXD8
Q9HCK0	Q8N6T7	57684	51548	ZBTB26	SIRT6	chromatin immunoprecipitation assay	27924024	Homo sapiens	GTRD	No	Mm:Q6P9Q3;Rn:D3ZG35	Dr:A2BF92	Mm:P59941;Rn:Q4FZY2	Ce:Q95Q89
Q9HCK0	A5YKK6	57684	23019	ZBTB26	CNOT1	chromatin immunoprecipitation assay	27924024	Homo sapiens	GTRD	No	Mm:Q6P9Q3;Rn:D3ZG35	Dr:A2BF92	Ce:Q20937;Dr:F1QFA6;Mm:Q6ZQ08;Rn:G3V7M0;Sc:P25655	-
Q9HCK0	O43295	57684	9901	ZBTB26	SRGAP3	chromatin immunoprecipitation assay	27924024	Homo sapiens	GTRD	No	Mm:Q6P9Q3;Rn:D3ZG35	Dr:A2BF92	Mm:F8VPQ4;Rn:F1M5M9	Dr:E7EYC8
Q9HCK0	Q96M63	57684	93233	ZBTB26	CCDC114	chromatin immunoprecipitation assay	27924024	Homo sapiens	GTRD	No	Mm:Q6P9Q3;Rn:D3ZG35	Dr:A2BF92	Rn:B1H228	Dr:F1QW87
Q9HCK0	Q6UW78	57684	790955	ZBTB26	UQCC3	chromatin immunoprecipitation assay	27924024	Homo sapiens	GTRD	No	Mm:Q6P9Q3;Rn:D3ZG35	Dr:A2BF92	Dr:B3DFP2;Mm:Q8K2T4;Rn:P0CD94	-
Q9HCK0	Q9P2R7	57684	8803	ZBTB26	SUCLA2	chromatin immunoprecipitation assay	27924024	Homo sapiens	GTRD	No	Mm:Q6P9Q3;Rn:D3ZG35	Dr:A2BF92	-	-
Q9HCK0	Q8IYJ0	57684	196500	ZBTB26	PIANP	chromatin immunoprecipitation assay	27924024	Homo sapiens	GTRD	No	Mm:Q6P9Q3;Rn:D3ZG35	Dr:A2BF92	Mm:Q6P1B3	Rn:A0A0G2JVT3
Q9HCK0	Q53T59	57684	64342	ZBTB26	HS1BP3	chromatin immunoprecipitation assay	27924024	Homo sapiens	GTRD	No	Mm:Q6P9Q3;Rn:D3ZG35	Dr:A2BF92	Dr:F6PCK0;Mm:Q3TC93;Rn:D4A6D9	-
Q9HCK0	Q9H2J7	57684	55117	ZBTB26	SLC6A15	chromatin immunoprecipitation assay	27924024	Homo sapiens	GTRD	No	Mm:Q6P9Q3;Rn:D3ZG35	Dr:A2BF92	Dr:Q1LVQ4;Mm:Q8BG16;Rn:Q08469	-
Q9HCK0	Q8IU81	57684	26145	ZBTB26	IRF2BP1	chromatin immunoprecipitation assay	27924024	Homo sapiens	GTRD	No	Mm:Q6P9Q3;Rn:D3ZG35	Dr:A2BF92	Dr:Q1LV17;Mm:Q8R3Y8;Rn:D4AAZ8	-
Q9HCK0	Q5VV42	57684	54901	ZBTB26	CDKAL1	chromatin immunoprecipitation assay	27924024	Homo sapiens	GTRD	No	Mm:Q6P9Q3;Rn:D3ZG35	Dr:A2BF92	Dm:Q7K4W1;Mm:Q91WE6	-
Q9HCK0	Q96ER3	57684	113174	ZBTB26	SAAL1	chromatin immunoprecipitation assay	27924024	Homo sapiens	GTRD	No	Mm:Q6P9Q3;Rn:D3ZG35	Dr:A2BF92	Dr:Q803M5;Mm:Q9D2C2	Rn:A0A0G2JUP9
Q9HCK0	O75449	57684	11104	ZBTB26	KATNA1	chromatin immunoprecipitation assay	27924024	Homo sapiens	GTRD	No	Mm:Q6P9Q3;Rn:D3ZG35	Dr:A2BF92	Ce:P34808;Dr:Q5RII9;Mm:E9PZI6;Rn:Z4YNM2	-
Q9HCK0	P34969	57684	3363	ZBTB26	HTR7	chromatin immunoprecipitation assay	27924024	Homo sapiens	GTRD	No	Mm:Q6P9Q3;Rn:D3ZG35	Dr:A2BF92	Mm:P32304	Rn:A0A0G2K5P0
Q9HCK0	Q6VVB1	57684	378884	ZBTB26	NHLRC1	chromatin immunoprecipitation assay	27924024	Homo sapiens	GTRD	No	Mm:Q6P9Q3;Rn:D3ZG35	Dr:A2BF92	Mm:Q8BR37;Rn:Q6IMG5	-
Q9HCK0	Q9UH99	57684	25777	ZBTB26	SUN2	chromatin immunoprecipitation assay	27924024	Homo sapiens	GTRD	No	Mm:Q6P9Q3;Rn:D3ZG35	Dr:A2BF92	Dr:E7F184;Mm:Q8BJS4;Rn:D3ZTT7	-
Q9HCK0	Q9UBX3	57684	1468	ZBTB26	SLC25A10	chromatin immunoprecipitation assay	27924024	Homo sapiens	GTRD	No	Mm:Q6P9Q3;Rn:D3ZG35	Dr:A2BF92	Ce:G5EE96;Dm:Q9Y166;Dr:F1QDE0;Mm:Q9QZD8;Rn:O89035	-
Q9HCK0	Q9Y3T6	57684	203069	ZBTB26	R3HCC1	chromatin immunoprecipitation assay	27924024	Homo sapiens	GTRD	No	Mm:Q6P9Q3;Rn:D3ZG35	Dr:A2BF92	-	-
Q9HCK0	Q99447	57684	5833	ZBTB26	PCYT2	chromatin immunoprecipitation assay	27924024	Homo sapiens	GTRD	No	Mm:Q6P9Q3;Rn:D3ZG35	Dr:A2BF92	Ce:X5LPX5;Dm:Q9VK25;Dr:A8BAQ7;Mm:Q922E4;Rn:O88637;Sc:P33412	-
Q9HCK0	Q15853	57684	7392	ZBTB26	USF2	chromatin immunoprecipitation assay	27924024	Homo sapiens	GTRD	No	Mm:Q6P9Q3;Rn:D3ZG35	Dr:A2BF92	Dr:Q1L959;Mm:Q64705;Rn:A0A0G2K3J3	-
Q9HCK0	Q9H3M0	57684	3754	ZBTB26	KCNF1	chromatin immunoprecipitation assay	27924024	Homo sapiens	GTRD	No	Mm:Q6P9Q3;Rn:D3ZG35	Dr:A2BF92	Mm:E9PYC0;Rn:D4ADX7	Dr:F1RAI2
Q9HCK0	Q6GMV2	57684	10322	ZBTB26	SMYD5	chromatin immunoprecipitation assay	27924024	Homo sapiens	GTRD	No	Mm:Q6P9Q3;Rn:D3ZG35	Dr:A2BF92	Dm:Q9VDD0;Dr:F1RET2;Mm:Q3TYX3;Rn:D3ZII8	-
Q9HCK0	Q9BYG5	57684	84612	ZBTB26	PARD6B	chromatin immunoprecipitation assay	27924024	Homo sapiens	GTRD	No	Mm:Q6P9Q3;Rn:D3ZG35	Dr:A2BF92	Dr:F1R754;Mm:Q9JK83;Rn:D4A2F2	-
Q9HCK0	Q9BSF0	57684	84281	ZBTB26	C2orf88	chromatin immunoprecipitation assay	27924024	Homo sapiens	GTRD	No	Mm:Q6P9Q3;Rn:D3ZG35	Dr:A2BF92	Mm:Q9CPS8	Rn:D3ZBW5
Q9HCK0	P78312	57684	8603	ZBTB26	FAM193A	chromatin immunoprecipitation assay	27924024	Homo sapiens	GTRD	No	Mm:Q6P9Q3;Rn:D3ZG35	Dr:A2BF92	Dr:A0A0R4ICL0;Mm:Q8CGI1;Rn:D3ZIG8	-
Q9HCK0	P51153	57684	5872	ZBTB26	RAB13	chromatin immunoprecipitation assay	27924024	Homo sapiens	GTRD	No	Mm:Q6P9Q3;Rn:D3ZG35	Dr:A2BF92	-	-
Q9HCK0	Q99570	57684	30849	ZBTB26	PIK3R4	chromatin immunoprecipitation assay	27924024	Homo sapiens	GTRD	No	Mm:Q6P9Q3;Rn:D3ZG35	Dr:A2BF92	Ce:Q23669;Dm:Q9VHH2;Dr:E9QFS6;Mm:Q8VD65;Rn:P0C0R5	-
Q9HCK0	C9JTQ0	57684	100131244	ZBTB26	ANKRD63	chromatin immunoprecipitation assay	27924024	Homo sapiens	GTRD	No	Mm:Q6P9Q3;Rn:D3ZG35	Dr:A2BF92	Mm:A2ARS0;Rn:D3ZKY6	-
Q9HCK0	Q53S58	57684	80775	ZBTB26	TMEM177	chromatin immunoprecipitation assay	27924024	Homo sapiens	GTRD	No	Mm:Q6P9Q3;Rn:D3ZG35	Dr:A2BF92	Dm:A1Z9W2;Dr:Q6PBI8;Mm:Q8BPE4;Rn:Q4KM93	-
Q9HCK0	Q15629	57684	23471	ZBTB26	TRAM1	chromatin immunoprecipitation assay	27924024	Homo sapiens	GTRD	No	Mm:Q6P9Q3;Rn:D3ZG35	Dr:A2BF92	Dr:Q6P4U7;Mm:Q91V04;Sc:P38703	Rn:Q5XI41
Q9HCK0	Q15014	57684	9643	ZBTB26	MORF4L2	chromatin immunoprecipitation assay	27924024	Homo sapiens	GTRD	No	Mm:Q6P9Q3;Rn:D3ZG35	Dr:A2BF92	Mm:Q9R0Q4	Rn:Q6QI89
Q9HCK0	O15015	57684	9726	ZBTB26	ZNF646	chromatin immunoprecipitation assay	27924024	Homo sapiens	GTRD	No	Mm:Q6P9Q3;Rn:D3ZG35	Dr:A2BF92	Ce:V6CLN5;Mm:Q6NV66	Rn:A0A0G2KA68
Q9HCK0	P36888	57684	2322	ZBTB26	FLT3	chromatin immunoprecipitation assay	27924024	Homo sapiens	GTRD	No	Mm:Q6P9Q3;Rn:D3ZG35	Dr:A2BF92	Mm:Q3UEW6	Dr:E7F1P1;Rn:A0A0G2JW59
Q9HCK0	P61328	57684	2257	ZBTB26	FGF12	chromatin immunoprecipitation assay	27924024	Homo sapiens	GTRD	No	Mm:Q6P9Q3;Rn:D3ZG35	Dr:A2BF92	Mm:P61329;Rn:P61150	Dr:Q0P4D2;Dr:F1Q7V9
Q9HCK0	O75348	57684	9550	ZBTB26	ATP6V1G1	chromatin immunoprecipitation assay	27924024	Homo sapiens	GTRD	No	Mm:Q6P9Q3;Rn:D3ZG35	Dr:A2BF92	Dr:Q6PBR5;Mm:Q9CR51;Rn:B2GUV5	-
Q9HCK0	Q9BQC6	57684	78988	ZBTB26	MRPL57	chromatin immunoprecipitation assay	27924024	Homo sapiens	GTRD	No	Mm:Q6P9Q3;Rn:D3ZG35	Dr:A2BF92	Mm:Q9CQF8	Dr:E9QEH3;Rn:B2RZD0
Q9HCK0	Q9NR20	57684	8798	ZBTB26	DYRK4	chromatin immunoprecipitation assay	27924024	Homo sapiens	GTRD	No	Mm:Q6P9Q3;Rn:D3ZG35	Dr:A2BF92	-	-
Q9HCK0	Q8TEQ8	57684	84720	ZBTB26	PIGO	chromatin immunoprecipitation assay	27924024	Homo sapiens	GTRD	No	Mm:Q6P9Q3;Rn:D3ZG35	Dr:A2BF92	Dm:A1ZB84;Dr:E9QI13;Mm:Q562G0;Rn:D3ZTP8	-
Q9HCK0	Q330K2	57684	137682	ZBTB26	NDUFAF6	chromatin immunoprecipitation assay	27924024	Homo sapiens	GTRD	No	Mm:Q6P9Q3;Rn:D3ZG35	Dr:A2BF92	Ce:Q17477;Dm:Q9VYS5;Dr:F1QP26;Mm:A2AIL4;Rn:A0A0H2UI06	-
Q9HCK0	Q8N446	57684	283933	ZBTB26	ZNF843	chromatin immunoprecipitation assay	27924024	Homo sapiens	GTRD	No	Mm:Q6P9Q3;Rn:D3ZG35	Dr:A2BF92	-	-
Q9HCK0	A4FU69	57684	374786	ZBTB26	EFCAB5	chromatin immunoprecipitation assay	27924024	Homo sapiens	GTRD	No	Mm:Q6P9Q3;Rn:D3ZG35	Dr:A2BF92	Mm:A0JP43	Rn:F1M8P4
Q9HCK0	P08709	57684	2155	ZBTB26	F7	chromatin immunoprecipitation assay	27924024	Homo sapiens	GTRD	No	Mm:Q6P9Q3;Rn:D3ZG35	Dr:A2BF92	Mm:P70375;Rn:Q8K3U6	-
Q9HCK0	H3BQB6	57684	401236	ZBTB26	STMND1	chromatin immunoprecipitation assay	27924024	Homo sapiens	GTRD	No	Mm:Q6P9Q3;Rn:D3ZG35	Dr:A2BF92	Mm:Q6P3A1	Rn:D3ZHF4
Q9HCK0	P24592	57684	3489	ZBTB26	IGFBP6	chromatin immunoprecipitation assay	27924024	Homo sapiens	GTRD	No	Mm:Q6P9Q3;Rn:D3ZG35	Dr:A2BF92	Mm:P47880	Rn:P35572
Q9HCK0	Q8TF42	57684	84959	ZBTB26	UBASH3B	chromatin immunoprecipitation assay	27924024	Homo sapiens	GTRD	No	Mm:Q6P9Q3;Rn:D3ZG35	Dr:A2BF92	Dm:Q9VCE9;Dr:A2BFG9;Mm:Q8BGG7;Rn:F1LV21	-
Q9HCK0	P11908	57684	5634	ZBTB26	PRPS2	chromatin immunoprecipitation assay	27924024	Homo sapiens	GTRD	No	Mm:Q6P9Q3;Rn:D3ZG35	Dr:A2BF92	Mm:Q9CS42	Rn:P09330
Q9HCK0	P05549	57684	7020	ZBTB26	TFAP2A	chromatin immunoprecipitation assay	27924024	Homo sapiens	GTRD	No	Mm:Q6P9Q3;Rn:D3ZG35	Dr:A2BF92	-	-
Q9HCK0	Q8WUU4	57684	162979	ZBTB26	ZNF296	chromatin immunoprecipitation assay	27924024	Homo sapiens	GTRD	No	Mm:Q6P9Q3;Rn:D3ZG35	Dr:A2BF92	Mm:E9Q6W4;Rn:M0R3W4	-
Q9HCK0	P10768	57684	2098	ZBTB26	ESD	chromatin immunoprecipitation assay	27924024	Homo sapiens	GTRD	No	Mm:Q6P9Q3;Rn:D3ZG35	Dr:A2BF92	Ce:G5EF86;Dr:Q567K2;Mm:Q9R0P3;Rn:B0BNE5;Sc:P40363	Dm:Q9VDP9
Q9HCK0	P51790	57684	1182	ZBTB26	CLCN3	chromatin immunoprecipitation assay	27924024	Homo sapiens	GTRD	No	Mm:Q6P9Q3;Rn:D3ZG35	Dr:A2BF92	-	Dr:A0A140LGW7;Mm:Q8K4W8;Rn:A0A0G2K2K6
Q9HCK0	Q8TDQ7	57684	132789	ZBTB26	GNPDA2	chromatin immunoprecipitation assay	27924024	Homo sapiens	GTRD	No	Mm:Q6P9Q3;Rn:D3ZG35	Dr:A2BF92	Mm:Q9CRC9;Rn:B5DEZ6	Dr:E7F0E2
Q9HCK0	Q15651	57684	9324	ZBTB26	HMGN3	chromatin immunoprecipitation assay	27924024	Homo sapiens	GTRD	No	Mm:Q6P9Q3;Rn:D3ZG35	Dr:A2BF92	Mm:Q9DCB1	Rn:M0R953
Q9HCK0	O95206	57684	5100	ZBTB26	PCDH8	chromatin immunoprecipitation assay	27924024	Homo sapiens	GTRD	No	Mm:Q6P9Q3;Rn:D3ZG35	Dr:A2BF92	Mm:Q7TSK3;Rn:D3ZE55	-
Q9HCK0	Q9NYB9	57684	10152	ZBTB26	ABI2	chromatin immunoprecipitation assay	27924024	Homo sapiens	GTRD	No	Mm:Q6P9Q3;Rn:D3ZG35	Dr:A2BF92	-	-
Q9HCK0	P00492	57684	3251	ZBTB26	HPRT1	chromatin immunoprecipitation assay	27924024	Homo sapiens	GTRD	No	Mm:Q6P9Q3;Rn:D3ZG35	Dr:A2BF92	Dr:Q7ZV49;Mm:P00493	Rn:P27605
Q9HCK0	P17252	57684	5578	ZBTB26	PRKCA	chromatin immunoprecipitation assay	27924024	Homo sapiens	GTRD	No	Mm:Q6P9Q3;Rn:D3ZG35	Dr:A2BF92	Mm:Q4VA93;Rn:F1LS98	Dr:A0A2R8QIY5
Q9HCK0	Q10471	57684	2590	ZBTB26	GALNT2	chromatin immunoprecipitation assay	27924024	Homo sapiens	GTRD	No	Mm:Q6P9Q3;Rn:D3ZG35	Dr:A2BF92	Ce:Q8I136;Dm:Q6WV19;Dr:B0V0U4;Mm:Q6PB93;Rn:A0A0G2JU25	-
Q9HCK0	P0DN79	57684	102724560;875	ZBTB26	CBSL	chromatin immunoprecipitation assay	27924024	Homo sapiens	GTRD	No	Mm:Q6P9Q3;Rn:D3ZG35	Dr:A2BF92	-	-
Q9HCK0	Q9NUP9	57684	55327	ZBTB26	LIN7C	chromatin immunoprecipitation assay	27924024	Homo sapiens	GTRD	No	Mm:Q6P9Q3;Rn:D3ZG35	Dr:A2BF92	Dm:Q8IMT8;Dr:Q66IB0;Mm:O88952;Rn:Q792I0	-
Q9HCK0	A6NJG2	57684	347454	ZBTB26	SOWAHD	chromatin immunoprecipitation assay	27924024	Homo sapiens	GTRD	No	Mm:Q6P9Q3;Rn:D3ZG35	Dr:A2BF92	Rn:B1WC89	-
Q9HCK0	B1AJZ9	57684	114827	ZBTB26	FHAD1	chromatin immunoprecipitation assay	27924024	Homo sapiens	GTRD	No	Mm:Q6P9Q3;Rn:D3ZG35	Dr:A2BF92	Mm:A6PWD2;Rn:A0A140UHW9	-
Q9HCK0	Q8NEN0	57684	84071	ZBTB26	ARMC2	chromatin immunoprecipitation assay	27924024	Homo sapiens	GTRD	No	Mm:Q6P9Q3;Rn:D3ZG35	Dr:A2BF92	Dm:Q8IR94;Mm:Q3URY6;Rn:D4AE64	Dr:F1QBI9
Q9HCK0	Q6ZN16	57684	389840	ZBTB26	MAP3K15	chromatin immunoprecipitation assay	27924024	Homo sapiens	GTRD	No	Mm:Q6P9Q3;Rn:D3ZG35	Dr:A2BF92	Mm:A2AQW0	-
Q9HCK0	Q9UIK5	57684	23671	ZBTB26	TMEFF2	chromatin immunoprecipitation assay	27924024	Homo sapiens	GTRD	No	Mm:Q6P9Q3;Rn:D3ZG35	Dr:A2BF92	Dr:F1Q8Z6;Dr:B0S6Y8;Mm:Q9QYM9;Rn:A0A0G2JZU6	-
Q9HCK0	Q9Y4F3	57684	9665	ZBTB26	MARF1	chromatin immunoprecipitation assay	27924024	Homo sapiens	GTRD	No	Mm:Q6P9Q3;Rn:D3ZG35	Dr:A2BF92	Mm:Q8BJ34	Rn:A0A096P6L2;Rn:Q8VIG2
Q9HCK0	P63146	57684	7320	ZBTB26	UBE2B	chromatin immunoprecipitation assay	27924024	Homo sapiens	GTRD	No	Mm:Q6P9Q3;Rn:D3ZG35	Dr:A2BF92	Mm:P63147	Dr:Q6DGE1;Rn:A0A0G2JYU5
Q9HCK0	Q96B21	57684	120224	ZBTB26	TMEM45B	chromatin immunoprecipitation assay	27924024	Homo sapiens	GTRD	No	Mm:Q6P9Q3;Rn:D3ZG35	Dr:A2BF92	Mm:Q8VCZ2	Dr:G1K2V2;Rn:Q497B2
Q9HCK0	P17028	57684	7572	ZBTB26	ZNF24	chromatin immunoprecipitation assay	27924024	Homo sapiens	GTRD	No	Mm:Q6P9Q3;Rn:D3ZG35	Dr:A2BF92	Mm:Q91VN1;Rn:Q7TNK3	-
Q9HCK0	Q9NVS2	57684	55168	ZBTB26	MRPS18A	chromatin immunoprecipitation assay	27924024	Homo sapiens	GTRD	No	Mm:Q6P9Q3;Rn:D3ZG35	Dr:A2BF92	Dr:Q5TYW5;Mm:Q5U5I3;Rn:Q6PDU2	-
Q9HCK0	P30626	57684	6717	ZBTB26	SRI	chromatin immunoprecipitation assay	27924024	Homo sapiens	GTRD	No	Mm:Q6P9Q3;Rn:D3ZG35	Dr:A2BF92	Dr:F1R4I7;Mm:Q6P069;Rn:B0BNJ1	-
Q9HCK0	P49406	57684	9801	ZBTB26	MRPL19	chromatin immunoprecipitation assay	27924024	Homo sapiens	GTRD	No	Mm:Q6P9Q3;Rn:D3ZG35	Dr:A2BF92	Dm:Q9VHN6;Mm:Q9D338;Rn:D4A4A9	Dr:Q5TZ73
Q9HCK0	Q99759	57684	4215	ZBTB26	MAP3K3	chromatin immunoprecipitation assay	27924024	Homo sapiens	GTRD	No	Mm:Q6P9Q3;Rn:D3ZG35	Dr:A2BF92	Dr:X1WGZ3;Mm:Q61084;Rn:B5DF98	-
Q9HCK0	Q8N859	57684	-	ZBTB26	ZNF713	chromatin immunoprecipitation assay	27924024	Homo sapiens	GTRD	No	Mm:Q6P9Q3;Rn:D3ZG35	Dr:A2BF92	Ce:Q20709	-
Q9HCK0	Q7RTX9	57684	151473	ZBTB26	SLC16A14	chromatin immunoprecipitation assay	27924024	Homo sapiens	GTRD	No	Mm:Q6P9Q3;Rn:D3ZG35	Dr:A2BF92	Mm:Q8K1C7;Rn:A0A0G2K058	-
Q9HCK0	P56645	57684	8863	ZBTB26	PER3	chromatin immunoprecipitation assay	27924024	Homo sapiens	GTRD	No	Mm:Q6P9Q3;Rn:D3ZG35	Dr:A2BF92	Dr:F1RDZ4;Mm:O70361;Rn:G3V8D9	-
Q9HCK0	Q96DA6	57684	131118	ZBTB26	DNAJC19	chromatin immunoprecipitation assay	27924024	Homo sapiens	GTRD	No	Mm:Q6P9Q3;Rn:D3ZG35	Dr:A2BF92	Dm:Q9VTJ8;Dr:A7E2P9;Mm:Q9CQV7	Ce:P91454
Q9HCK0	Q9P2D3	57684	54497	ZBTB26	HEATR5B	chromatin immunoprecipitation assay	27924024	Homo sapiens	GTRD	No	Mm:Q6P9Q3;Rn:D3ZG35	Dr:A2BF92	Dr:A0A0R4ISV1;Mm:Q8C547;Rn:F1LST0	-
Q9HCK0	Q13530	57684	10955	ZBTB26	SERINC3	chromatin immunoprecipitation assay	27924024	Homo sapiens	GTRD	No	Mm:Q6P9Q3;Rn:D3ZG35	Dr:A2BF92	Mm:Q9QZI9;Rn:Q5U2V2	-
Q9HCK0	O75884	57684	10741	ZBTB26	RBBP9	chromatin immunoprecipitation assay	27924024	Homo sapiens	GTRD	No	Mm:Q6P9Q3;Rn:D3ZG35	Dr:A2BF92	Dr:Q1MT41;Mm:O88851;Rn:O88350	-
Q9HCK0	P23510	57684	7292	ZBTB26	TNFSF4	chromatin immunoprecipitation assay	27924024	Homo sapiens	GTRD	No	Mm:Q6P9Q3;Rn:D3ZG35	Dr:A2BF92	Mm:P43488	Rn:Q9Z2P3
Q9HCK0	Q8IVV8	57684	128414	ZBTB26	NKAIN4	chromatin immunoprecipitation assay	27924024	Homo sapiens	GTRD	No	Mm:Q6P9Q3;Rn:D3ZG35	Dr:A2BF92	Dr:E7F7I8;Mm:Q9JMG4	Rn:A0A0G2KAP3
Q9HCK0	P13726	57684	2152	ZBTB26	F3	chromatin immunoprecipitation assay	27924024	Homo sapiens	GTRD	No	Mm:Q6P9Q3;Rn:D3ZG35	Dr:A2BF92	Dr:C7S6G4;Dr:B0UY88;Mm:A0A0R4J088;Rn:Q66HI4	-
Q9HCK0	P24390	57684	10945	ZBTB26	KDELR1	chromatin immunoprecipitation assay	27924024	Homo sapiens	GTRD	No	Mm:Q6P9Q3;Rn:D3ZG35	Dr:A2BF92	Mm:Q99JH8;Rn:Q569A6	-
Q9HCK0	Q7Z739	57684	253943	ZBTB26	YTHDF3	chromatin immunoprecipitation assay	27924024	Homo sapiens	GTRD	No	Mm:Q6P9Q3;Rn:D3ZG35	Dr:A2BF92	Dr:E7FAP0;Mm:Q8BYK6;Rn:D3ZIY3	-
Q9HCK0	Q9HC36	57684	55178	ZBTB26	MRM3	chromatin immunoprecipitation assay	27924024	Homo sapiens	GTRD	No	Mm:Q6P9Q3;Rn:D3ZG35	Dr:A2BF92	Dm:Q9VW14;Dr:F1R7U4;Mm:Q5ND52;Rn:D3ZQG0	-
Q9HCK0	Q9HCS5	57684	64097	ZBTB26	EPB41L4A	chromatin immunoprecipitation assay	27924024	Homo sapiens	GTRD	No	Mm:Q6P9Q3;Rn:D3ZG35	Dr:A2BF92	Mm:P52963;Rn:B5DEZ0	-
Q9HCK0	Q3ZCT1	57684	339324	ZBTB26	ZNF260	chromatin immunoprecipitation assay	27924024	Homo sapiens	GTRD	No	Mm:Q6P9Q3;Rn:D3ZG35	Dr:A2BF92	Mm:Q62513	Rn:Q62981
Q9HCK0	Q9BX68	57684	84681	ZBTB26	HINT2	chromatin immunoprecipitation assay	27924024	Homo sapiens	GTRD	No	Mm:Q6P9Q3;Rn:D3ZG35	Dr:A2BF92	Mm:Q9D0S9;Rn:D4AB01	Dr:A3KP93
Q9HCK0	Q15326	57684	10771	ZBTB26	ZMYND11	chromatin immunoprecipitation assay	27924024	Homo sapiens	GTRD	No	Mm:Q6P9Q3;Rn:D3ZG35	Dr:A2BF92	Dr:F1R4W7;Mm:Q8R5C8;Rn:F7FKH2	-
Q9HCK0	O15327	57684	8821	ZBTB26	INPP4B	chromatin immunoprecipitation assay	27924024	Homo sapiens	GTRD	No	Mm:Q6P9Q3;Rn:D3ZG35	Dr:A2BF92	Mm:Q6P1Y8	Dr:B8A553;Rn:Q9QWG5
Q9HCK0	P00167	57684	1528	ZBTB26	CYB5A	chromatin immunoprecipitation assay	27924024	Homo sapiens	GTRD	No	Mm:Q6P9Q3;Rn:D3ZG35	Dr:A2BF92	Dr:A8WGS0;Mm:P56395;Rn:P00173	-
Q9HCK0	Q14186	57684	7027	ZBTB26	TFDP1	chromatin immunoprecipitation assay	27924024	Homo sapiens	GTRD	No	Mm:Q6P9Q3;Rn:D3ZG35	Dr:A2BF92	Dr:Q803N1;Mm:Q08639;Rn:A0A0G2JXN0	-
Q9HCK0	Q9BTD8	57684	79171	ZBTB26	RBM42	chromatin immunoprecipitation assay	27924024	Homo sapiens	GTRD	No	Mm:Q6P9Q3;Rn:D3ZG35	Dr:A2BF92	Dr:A0A0R4I9C3;Mm:Q91V81	Rn:Q6AXT7
Q9HCK0	Q9UDY4	57684	11080	ZBTB26	DNAJB4	chromatin immunoprecipitation assay	27924024	Homo sapiens	GTRD	No	Mm:Q6P9Q3;Rn:D3ZG35	Dr:A2BF92	Dr:Q6DEF3;Mm:Q9D832;Rn:Q5XIP0	-
Q9HCK0	Q8N143	57684	255877	ZBTB26	BCL6B	chromatin immunoprecipitation assay	27924024	Homo sapiens	GTRD	No	Mm:Q6P9Q3;Rn:D3ZG35	Dr:A2BF92	Mm:O88282;Rn:D3ZTN3	-
Q9HCK0	Q3ZAQ7	57684	203547	ZBTB26	VMA21	chromatin immunoprecipitation assay	27924024	Homo sapiens	GTRD	No	Mm:Q6P9Q3;Rn:D3ZG35	Dr:A2BF92	Dr:B8JLV7;Mm:Q78T54	Rn:D3ZM03
Q9HCK0	O95619	57684	8089	ZBTB26	YEATS4	chromatin immunoprecipitation assay	27924024	Homo sapiens	GTRD	No	Mm:Q6P9Q3;Rn:D3ZG35	Dr:A2BF92	Ce:Q21501;Dm:Q9VM63;Dr:Q6DGB4;Mm:Q9CR11;Rn:B2RYE9;Sc:P53930	-
Q9HCK0	Q6ZTU2	57684	-	ZBTB26	EP400P1	chromatin immunoprecipitation assay	27924024	Homo sapiens	GTRD	No	Mm:Q6P9Q3;Rn:D3ZG35	Dr:A2BF92	-	-
Q9HCK0	Q9H5N1	57684	79874	ZBTB26	RABEP2	chromatin immunoprecipitation assay	27924024	Homo sapiens	GTRD	No	Mm:Q6P9Q3;Rn:D3ZG35	Dr:A2BF92	Dr:F1Q793;Mm:Q91WG2;Rn:Q5EBC7	-
Q9HCK0	Q96T88	57684	29128	ZBTB26	UHRF1	chromatin immunoprecipitation assay	27924024	Homo sapiens	GTRD	No	Mm:Q6P9Q3;Rn:D3ZG35	Dr:A2BF92	-	-
Q9HCK0	P53999	57684	10923	ZBTB26	SUB1	chromatin immunoprecipitation assay	27924024	Homo sapiens	GTRD	No	Mm:Q6P9Q3;Rn:D3ZG35	Dr:A2BF92	Ce:Q94045;Dm:Q9VLR5;Dr:Q504B1;Mm:P11031;Rn:Q63396	-
Q9HCK0	Q6ZVD8	57684	23035	ZBTB26	PHLPP2	chromatin immunoprecipitation assay	27924024	Homo sapiens	GTRD	No	Mm:Q6P9Q3;Rn:D3ZG35	Dr:A2BF92	Rn:D4A254	Mm:J3QM82
Q9HCK0	Q9Y6X0	57684	26040	ZBTB26	SETBP1	chromatin immunoprecipitation assay	27924024	Homo sapiens	GTRD	No	Mm:Q6P9Q3;Rn:D3ZG35	Dr:A2BF92	Dr:B0R147;Mm:Q9Z180	Rn:F1M4Q7
Q9HCK0	Q5JTW2	57684	84131	ZBTB26	CEP78	chromatin immunoprecipitation assay	27924024	Homo sapiens	GTRD	No	Mm:Q6P9Q3;Rn:D3ZG35	Dr:A2BF92	Mm:Q6IRU7;Rn:F1LP29	Dr:B8JLH8
Q9HCK0	P13010	57684	7520	ZBTB26	XRCC5	chromatin immunoprecipitation assay	27924024	Homo sapiens	GTRD	No	Mm:Q6P9Q3;Rn:D3ZG35	Dr:A2BF92	Dm:Q9I7M8;Mm:P27641;Rn:G3V817	Dr:A0A0R4IB13
Q9HCK0	Q9BQ52	57684	60528	ZBTB26	ELAC2	chromatin immunoprecipitation assay	27924024	Homo sapiens	GTRD	No	Mm:Q6P9Q3;Rn:D3ZG35	Dr:A2BF92	Ce:O44476;Dr:F1QHE2;Mm:Q80Y81;Rn:G3V6F5;Sc:P36159	-
Q9HCK0	O15226	57684	55922	ZBTB26	NKRF	chromatin immunoprecipitation assay	27924024	Homo sapiens	GTRD	No	Mm:Q6P9Q3;Rn:D3ZG35	Dr:A2BF92	-	-
Q9HCK0	Q4UJ75	57684	-	ZBTB26	ANKRD20A4P	chromatin immunoprecipitation assay	27924024	Homo sapiens	GTRD	No	Mm:Q6P9Q3;Rn:D3ZG35	Dr:A2BF92	-	-
Q9HCK0	Q08AE8	57684	56907	ZBTB26	SPIRE1	chromatin immunoprecipitation assay	27924024	Homo sapiens	GTRD	No	Mm:Q6P9Q3;Rn:D3ZG35	Dr:A2BF92	Rn:D3ZEX7	Mm:A0A5H1ZRL1
Q9HCK0	Q9UGK3	57684	55620	ZBTB26	STAP2	chromatin immunoprecipitation assay	27924024	Homo sapiens	GTRD	No	Mm:Q6P9Q3;Rn:D3ZG35	Dr:A2BF92	Dr:Q7T2F4;Mm:Q8R0L1;Rn:M0R887	-
Q9HCK0	Q92581	57684	10479	ZBTB26	SLC9A6	chromatin immunoprecipitation assay	27924024	Homo sapiens	GTRD	No	Mm:Q6P9Q3;Rn:D3ZG35	Dr:A2BF92	-	-
Q9HCK0	P25205	57684	4172	ZBTB26	MCM3	chromatin immunoprecipitation assay	27924024	Homo sapiens	GTRD	No	Mm:Q6P9Q3;Rn:D3ZG35	Dr:A2BF92	-	-
Q9HCK0	Q9BSD7	57684	84284	ZBTB26	NTPCR	chromatin immunoprecipitation assay	27924024	Homo sapiens	GTRD	No	Mm:Q6P9Q3;Rn:D3ZG35	Dr:A2BF92	Dm:Q9VP84;Mm:Q9CQA9;Rn:D4A478	Dr:B8K0C4
Q9HCK0	Q49AH0	57684	441549	ZBTB26	CDNF	chromatin immunoprecipitation assay	27924024	Homo sapiens	GTRD	No	Mm:Q6P9Q3;Rn:D3ZG35	Dr:A2BF92	Dr:A4QNW4;Mm:Q8CC36;Rn:P0C5I0	-
Q9HCK0	Q8N0T1	57684	401466	ZBTB26	RBIS	chromatin immunoprecipitation assay	27924024	Homo sapiens	GTRD	No	Mm:Q6P9Q3;Rn:D3ZG35	Dr:A2BF92	Dr:X1WDU0;Rn:D3ZXR6	-
Q9HCK0	Q96MW1	57684	124808	ZBTB26	CCDC43	chromatin immunoprecipitation assay	27924024	Homo sapiens	GTRD	No	Mm:Q6P9Q3;Rn:D3ZG35	Dr:A2BF92	-	-
Q9HCK0	A4D1U4	57684	57189	ZBTB26	DENND11	chromatin immunoprecipitation assay	27924024	Homo sapiens	GTRD	No	Mm:Q6P9Q3;Rn:D3ZG35	Dr:A2BF92	Dr:Q1LX49;Mm:Q3UHG7;Rn:Q0PGW2	-
Q9HCK0	Q8N2C7	57684	285175	ZBTB26	UNC80	chromatin immunoprecipitation assay	27924024	Homo sapiens	GTRD	No	Mm:Q6P9Q3;Rn:D3ZG35	Dr:A2BF92	-	-
Q9HCK0	Q5VUR7	57684	-	ZBTB26	ANKRD20A3P	chromatin immunoprecipitation assay	27924024	Homo sapiens	GTRD	No	Mm:Q6P9Q3;Rn:D3ZG35	Dr:A2BF92	-	-
Q9HCK0	Q9P2S6	57684	51281	ZBTB26	ANKMY1	chromatin immunoprecipitation assay	27924024	Homo sapiens	GTRD	No	Mm:Q6P9Q3;Rn:D3ZG35	Dr:A2BF92	Mm:E0CYY3;Rn:M0RC04	Dr:Q1LXM4
Q9HCK0	Q9Y580	57684	10179	ZBTB26	RBM7	chromatin immunoprecipitation assay	27924024	Homo sapiens	GTRD	No	Mm:Q6P9Q3;Rn:D3ZG35	Dr:A2BF92	-	-
Q9HCK0	F2Z2N8	57684	-	ZBTB26	ZNF670-ZNF695	chromatin immunoprecipitation assay	27924024	Homo sapiens	GTRD	No	Mm:Q6P9Q3;Rn:D3ZG35	Dr:A2BF92	-	-
Q9HCK0	P46782	57684	6193	ZBTB26	RPS5	chromatin immunoprecipitation assay	27924024	Homo sapiens	GTRD	No	Mm:Q6P9Q3;Rn:D3ZG35	Dr:A2BF92	Ce:P49041;Dm:Q24186;Dr:Q6PC80;Mm:Q91V55;Sc:P26783	Rn:B0BN81
Q9HCK0	P29144	57684	7174	ZBTB26	TPP2	chromatin immunoprecipitation assay	27924024	Homo sapiens	GTRD	No	Mm:Q6P9Q3;Rn:D3ZG35	Dr:A2BF92	-	-
Q9HCK0	Q8N3F0	57684	222166	ZBTB26	MTURN	chromatin immunoprecipitation assay	27924024	Homo sapiens	GTRD	No	Mm:Q6P9Q3;Rn:D3ZG35	Dr:A2BF92	Rn:Q5XI20	Dr:P0C8M4;Mm:A0A087WQV4
Q9HCK0	P36383	57684	10052	ZBTB26	GJC1	chromatin immunoprecipitation assay	27924024	Homo sapiens	GTRD	No	Mm:Q6P9Q3;Rn:D3ZG35	Dr:A2BF92	Mm:P28229;Rn:A4GG66	Dr:Q1LYE5
Q9HCK0	P26599	57684	5725	ZBTB26	PTBP1	chromatin immunoprecipitation assay	27924024	Homo sapiens	GTRD	No	Mm:Q6P9Q3;Rn:D3ZG35	Dr:A2BF92	Dr:F1QKG2;Dr:Q503D3;Mm:Q922I7;Rn:Q6P736	-
Q9HCK0	Q08623	57684	8226	ZBTB26	PUDP	chromatin immunoprecipitation assay	27924024	Homo sapiens	GTRD	No	Mm:Q6P9Q3;Rn:D3ZG35	Dr:A2BF92	Dm:Q94529;Dr:F1RE99;Mm:A0A0C3SFZ4;Sc:Q86ZR7	Ce:G5EG26;Rn:D3ZEH4
Q9HCK0	P62701	57684	6191	ZBTB26	RPS4X	chromatin immunoprecipitation assay	27924024	Homo sapiens	GTRD	No	Mm:Q6P9Q3;Rn:D3ZG35	Dr:A2BF92	Dr:Q642H9;Mm:P62702	Rn:A0A0H2UHX3
Q9HCK0	Q96AA3	57684	91869	ZBTB26	RFT1	chromatin immunoprecipitation assay	27924024	Homo sapiens	GTRD	No	Mm:Q6P9Q3;Rn:D3ZG35	Dr:A2BF92	Ce:Q23444;Dm:Q9Y123;Dr:E7EXE6;Mm:Q8C3B8;Rn:D4A6W4;Sc:P38206	-
Q9HCK0	O75581	57684	4040	ZBTB26	LRP6	chromatin immunoprecipitation assay	27924024	Homo sapiens	GTRD	No	Mm:Q6P9Q3;Rn:D3ZG35	Dr:A2BF92	Mm:A0A0R4J0A9;Rn:A0A0G2K0H3	-
Q9HCK0	P21802	57684	2263	ZBTB26	FGFR2	chromatin immunoprecipitation assay	27924024	Homo sapiens	GTRD	No	Mm:Q6P9Q3;Rn:D3ZG35	Dr:A2BF92	Dm:Q07407;Dr:A4JYI8;Mm:E9QK53;Rn:F1LSG7	-
Q9HCK0	P49841	57684	2932	ZBTB26	GSK3B	chromatin immunoprecipitation assay	27924024	Homo sapiens	GTRD	No	Mm:Q6P9Q3;Rn:D3ZG35	Dr:A2BF92	Dm:P18431;Dr:Q9YH60;Mm:Q9WV60;Rn:A0A0G2KB98;Sc:P38615	-
Q9HCK0	P32119	57684	7001	ZBTB26	PRDX2	chromatin immunoprecipitation assay	27924024	Homo sapiens	GTRD	No	Mm:Q6P9Q3;Rn:D3ZG35	Dr:A2BF92	Mm:Q61171;Rn:A0A0G2JSH9;Sc:Q04120;Sc:P34760	-
Q9HCK0	Q6PID8	57684	23008	ZBTB26	KLHDC10	chromatin immunoprecipitation assay	27924024	Homo sapiens	GTRD	No	Mm:Q6P9Q3;Rn:D3ZG35	Dr:A2BF92	Dr:Q7ZUL3;Mm:Q6PAR0	Rn:A0A0G2KB15
Q9HCK0	Q63HN8	57684	57674	ZBTB26	RNF213	chromatin immunoprecipitation assay	27924024	Homo sapiens	GTRD	No	Mm:Q6P9Q3;Rn:D3ZG35	Dr:A2BF92	-	-
Q9HCK0	Q9UKL6	57684	58488	ZBTB26	PCTP	chromatin immunoprecipitation assay	27924024	Homo sapiens	GTRD	No	Mm:Q6P9Q3;Rn:D3ZG35	Dr:A2BF92	Mm:Q5SV41;Rn:P53809	Dr:F6NZ18
Q9HCK0	Q13618	57684	8452	ZBTB26	CUL3	chromatin immunoprecipitation assay	27924024	Homo sapiens	GTRD	No	Mm:Q6P9Q3;Rn:D3ZG35	Dr:A2BF92	Ce:Q17391;Dr:B3DIU1;Mm:Q9JLV5;Rn:A0A0G2JSP3	Dm:Q9V475
Q9HCK0	Q13003	57684	2899	ZBTB26	GRIK3	chromatin immunoprecipitation assay	27924024	Homo sapiens	GTRD	No	Mm:Q6P9Q3;Rn:D3ZG35	Dr:A2BF92	Mm:B1AS29;Rn:G3V9I2	-
Q9HCK0	P36897	57684	7046	ZBTB26	TGFBR1	chromatin immunoprecipitation assay	27924024	Homo sapiens	GTRD	No	Mm:Q6P9Q3;Rn:D3ZG35	Dr:A2BF92	Dr:F1QQ20;Dr:B0S6E3;Mm:Q64729	Dm:A1Z7L9;Rn:M0R9M6
Q9HCK0	Q92994	57684	2972	ZBTB26	BRF1	chromatin immunoprecipitation assay	27924024	Homo sapiens	GTRD	No	Mm:Q6P9Q3;Rn:D3ZG35	Dr:A2BF92	Dm:Q9VEL2;Dr:Q5TZ89;Mm:G3X8S2;Rn:D4A8W8;Sc:P29056	-
Q9HCK0	Q14498	57684	9584	ZBTB26	RBM39	chromatin immunoprecipitation assay	27924024	Homo sapiens	GTRD	No	Mm:Q6P9Q3;Rn:D3ZG35	Dr:A2BF92	Dr:Q803H1;Mm:Q8VH51;Sc:Q99383	Rn:Q5BJP4
Q9HCK0	Q17RB8	57684	91694	ZBTB26	LONRF1	chromatin immunoprecipitation assay	27924024	Homo sapiens	GTRD	No	Mm:Q6P9Q3;Rn:D3ZG35	Dr:A2BF92	Rn:A0A0G2K313	Dr:F1QJQ0;Mm:A0A182DWE6
Q9HCK0	P32242	57684	5013	ZBTB26	OTX1	chromatin immunoprecipitation assay	27924024	Homo sapiens	GTRD	No	Mm:Q6P9Q3;Rn:D3ZG35	Dr:A2BF92	Dr:Q91994;Mm:P80205;Rn:A0A0G2K288	-
Q9HCK0	Q9Y255	57684	27166	ZBTB26	PRELID1	chromatin immunoprecipitation assay	27924024	Homo sapiens	GTRD	No	Mm:Q6P9Q3;Rn:D3ZG35	Dr:A2BF92	Ce:Q17476;Dm:Q9V579;Dr:Q7T388;Mm:Q8R107;Rn:Q5M829	-
Q9HCK0	Q00059	57684	7019	ZBTB26	TFAM	chromatin immunoprecipitation assay	27924024	Homo sapiens	GTRD	No	Mm:Q6P9Q3;Rn:D3ZG35	Dr:A2BF92	Dr:F1QF85;Mm:P40630;Rn:Q91ZW1	Ce:Q94234;Dm:Q9VDL2
Q9HCK0	Q5T1B0	57684	126859	ZBTB26	AXDND1	chromatin immunoprecipitation assay	27924024	Homo sapiens	GTRD	No	Mm:Q6P9Q3;Rn:D3ZG35	Dr:A2BF92	Mm:A0A1D5RLL5	-
Q9HCK0	Q9NZC9	57684	50485	ZBTB26	SMARCAL1	chromatin immunoprecipitation assay	27924024	Homo sapiens	GTRD	No	Mm:Q6P9Q3;Rn:D3ZG35	Dr:A2BF92	Mm:Q8BJL0;Rn:B4F769	-
Q9HCK0	Q9P035	57684	51495	ZBTB26	HACD3	chromatin immunoprecipitation assay	27924024	Homo sapiens	GTRD	No	Mm:Q6P9Q3;Rn:D3ZG35	Dr:A2BF92	Dm:Q9VJX8;Dr:Q7SY06;Mm:Q8K2C9;Rn:D4ABI7	-
Q9HCK0	P35916	57684	2324	ZBTB26	FLT4	chromatin immunoprecipitation assay	27924024	Homo sapiens	GTRD	No	Mm:Q6P9Q3;Rn:D3ZG35	Dr:A2BF92	Mm:P35917;Rn:G3V6B7	Dr:A0A0R4IFS9
Q9HCK0	Q70CQ1	57684	25862	ZBTB26	USP49	chromatin immunoprecipitation assay	27924024	Homo sapiens	GTRD	No	Mm:Q6P9Q3;Rn:D3ZG35	Dr:A2BF92	Mm:Q6P9L4;Rn:D3ZJ49	Dr:Q1MTK1
Q9HCK0	Q9Y5G3	57684	56104	ZBTB26	PCDHGB1	chromatin immunoprecipitation assay	27924024	Homo sapiens	GTRD	No	Mm:Q6P9Q3;Rn:D3ZG35	Dr:A2BF92	Mm:Q91XX8	Dr:A0A0R4IFD4;Rn:D3ZUH3
Q9HCK0	P61236	57684	83719	ZBTB26	YPEL3	chromatin immunoprecipitation assay	27924024	Homo sapiens	GTRD	No	Mm:Q6P9Q3;Rn:D3ZG35	Dr:A2BF92	Dr:Q6NWI4;Mm:P61237;Rn:D4A0Y3	-
Q9HCK0	Q63HQ0	57684	55435	ZBTB26	AP1AR	chromatin immunoprecipitation assay	27924024	Homo sapiens	GTRD	No	Mm:Q6P9Q3;Rn:D3ZG35	Dr:A2BF92	Mm:E9PYF7;Rn:A0A0G2K0K6	Dr:E7F124
Q9HCK0	Q8IUH3	57684	129831	ZBTB26	RBM45	chromatin immunoprecipitation assay	27924024	Homo sapiens	GTRD	No	Mm:Q6P9Q3;Rn:D3ZG35	Dr:A2BF92	Dm:Q9VZE4;Mm:Q8BHN5;Rn:G3V9K8	Dr:B0S522
Q9HCK0	Q96EB6	57684	23411	ZBTB26	SIRT1	chromatin immunoprecipitation assay	27924024	Homo sapiens	GTRD	No	Mm:Q6P9Q3;Rn:D3ZG35	Dr:A2BF92	Mm:Q923E4	Dr:E7F8W3;Rn:A0A182DWI7
Q9HCK0	P84095	57684	391	ZBTB26	RHOG	chromatin immunoprecipitation assay	27924024	Homo sapiens	GTRD	No	Mm:Q6P9Q3;Rn:D3ZG35	Dr:A2BF92	Ce:G5EBV3;Dm:Q7JWS8;Dr:Q803F2;Mm:P84096;Rn:Q32PX6	-
Q9HCK0	Q9Y3D9	57684	51649	ZBTB26	MRPS23	chromatin immunoprecipitation assay	27924024	Homo sapiens	GTRD	No	Mm:Q6P9Q3;Rn:D3ZG35	Dr:A2BF92	Ce:P34748;Dm:Q8IP62;Mm:Q8VE22;Rn:D3ZIN7	Dr:E9QDB6
Q9HCK0	Q9BWH2	57684	65991	ZBTB26	FUNDC2	chromatin immunoprecipitation assay	27924024	Homo sapiens	GTRD	No	Mm:Q6P9Q3;Rn:D3ZG35	Dr:A2BF92	Dr:A0A0R4ITL8;Mm:Q9D9Q3;Mm:Q9D6K8	-
Q9HCK0	Q8IWW8	57684	137872	ZBTB26	ADHFE1	chromatin immunoprecipitation assay	27924024	Homo sapiens	GTRD	No	Mm:Q6P9Q3;Rn:D3ZG35	Dr:A2BF92	Ce:Q9U2M4;Dm:Q9W265;Mm:Q8R0N6;Rn:Q4QQW3	Dr:F1QPU3
Q9HCK0	Q8WXH2	57684	57338	ZBTB26	JPH3	chromatin immunoprecipitation assay	27924024	Homo sapiens	GTRD	No	Mm:Q6P9Q3;Rn:D3ZG35	Dr:A2BF92	Mm:Q9ET77	Dr:A0A0R4IT36;Rn:D3ZWH2
Q9HCK0	P09497	57684	1212	ZBTB26	CLTB	chromatin immunoprecipitation assay	27924024	Homo sapiens	GTRD	No	Mm:Q6P9Q3;Rn:D3ZG35	Dr:A2BF92	Dm:Q9VWA1;Mm:Q6IRU5;Rn:P08082	-
Q9HCK0	Q9NU19	57684	55633	ZBTB26	TBC1D22B	chromatin immunoprecipitation assay	27924024	Homo sapiens	GTRD	No	Mm:Q6P9Q3;Rn:D3ZG35	Dr:A2BF92	Mm:Q80VE5	Rn:A0A0G2JWM9
Q9HCK0	Q9NUQ8	57684	55324	ZBTB26	ABCF3	chromatin immunoprecipitation assay	27924024	Homo sapiens	GTRD	No	Mm:Q6P9Q3;Rn:D3ZG35	Dr:A2BF92	Ce:Q20306;Dm:Q9VW13;Mm:Q8K268;Rn:Q66H39;Sc:P43535	-
Q9HCK0	P12081	57684	3035	ZBTB26	HARS1	chromatin immunoprecipitation assay	27924024	Homo sapiens	GTRD	No	Mm:Q6P9Q3;Rn:D3ZG35	Dr:A2BF92	Mm:Q61035;Rn:Q4QQV4	Dr:E9QI36
Q9HCK0	Q9NZF1	57684	51316	ZBTB26	PLAC8	chromatin immunoprecipitation assay	27924024	Homo sapiens	GTRD	No	Mm:Q6P9Q3;Rn:D3ZG35	Dr:A2BF92	Mm:Q9JI48;Rn:B5DF36	Dr:F1R594;Dr:Q498P1
Q9HCK0	Q15436	57684	10484	ZBTB26	SEC23A	chromatin immunoprecipitation assay	27924024	Homo sapiens	GTRD	No	Mm:Q6P9Q3;Rn:D3ZG35	Dr:A2BF92	Mm:Q01405;Rn:B5DFC3	Dm:Q9VNF8;Dr:Q7SZE5
Q9HCK0	Q9Y4G2	57684	9842	ZBTB26	PLEKHM1	chromatin immunoprecipitation assay	27924024	Homo sapiens	GTRD	No	Mm:Q6P9Q3;Rn:D3ZG35	Dr:A2BF92	Ce:K8ESM7;Mm:Q7TSI1;Rn:Q5PQS0	Dr:A3KNA4
Q9HCK0	Q13416	57684	4999	ZBTB26	ORC2	chromatin immunoprecipitation assay	27924024	Homo sapiens	GTRD	No	Mm:Q6P9Q3;Rn:D3ZG35	Dr:A2BF92	Dm:Q24168;Mm:Q60862;Rn:Q75PQ8	-
Q9HCK0	O75155	57684	23066	ZBTB26	CAND2	chromatin immunoprecipitation assay	27924024	Homo sapiens	GTRD	No	Mm:Q6P9Q3;Rn:D3ZG35	Dr:A2BF92	Mm:Q6ZQ73;Rn:A0A0G2K139	-
Q9HCK0	Q14296	57684	10922	ZBTB26	FASTK	chromatin immunoprecipitation assay	27924024	Homo sapiens	GTRD	No	Mm:Q6P9Q3;Rn:D3ZG35	Dr:A2BF92	Mm:Q8C725;Rn:Q5XIG7	-
Q9HCK0	Q5T953	57684	389792	ZBTB26	IER5L	chromatin immunoprecipitation assay	27924024	Homo sapiens	GTRD	No	Mm:Q6P9Q3;Rn:D3ZG35	Dr:A2BF92	Dr:A0A0R4I9D9;Mm:Q99J55;Rn:Q5PQP0	-
Q9HCK0	Q1MSJ5	57684	79848	ZBTB26	CSPP1	chromatin immunoprecipitation assay	27924024	Homo sapiens	GTRD	No	Mm:Q6P9Q3;Rn:D3ZG35	Dr:A2BF92	-	-
Q9HCK0	Q7L2E3	57684	22907	ZBTB26	DHX30	chromatin immunoprecipitation assay	27924024	Homo sapiens	GTRD	No	Mm:Q6P9Q3;Rn:D3ZG35	Dr:A2BF92	Dr:E7FCG0	Mm:A0A0G2JGU3;Rn:Q5BJS0
Q9HCK0	Q9Y6V7	57684	54555	ZBTB26	DDX49	chromatin immunoprecipitation assay	27924024	Homo sapiens	GTRD	No	Mm:Q6P9Q3;Rn:D3ZG35	Dr:A2BF92	Ce:Q2WF63;Dm:Q07886;Dr:Q5RGB7;Mm:Q4FZF3;Rn:E9PTF0;Sc:P38719	-
Q9HCK0	Q8TC26	57684	81615	ZBTB26	TMEM163	chromatin immunoprecipitation assay	27924024	Homo sapiens	GTRD	No	Mm:Q6P9Q3;Rn:D3ZG35	Dr:A2BF92	Dr:F2Z4R5;Dr:B0UY98;Mm:Q8C996;Rn:A9CMA6	-
Q9HCK0	Q96DB5	57684	51115	ZBTB26	RMDN1	chromatin immunoprecipitation assay	27924024	Homo sapiens	GTRD	No	Mm:Q6P9Q3;Rn:D3ZG35	Dr:A2BF92	Ce:O62216;Mm:Q9DCV4	Dr:F1R0C4;Rn:A0A0G2K167
Q9HCK0	Q9BQ39	57684	79009	ZBTB26	DDX50	chromatin immunoprecipitation assay	27924024	Homo sapiens	GTRD	No	Mm:Q6P9Q3;Rn:D3ZG35	Dr:A2BF92	Mm:Q99MJ9;Rn:D3ZG48	-
Q9HCK0	Q9BQS8	57684	79443	ZBTB26	FYCO1	chromatin immunoprecipitation assay	27924024	Homo sapiens	GTRD	No	Mm:Q6P9Q3;Rn:D3ZG35	Dr:A2BF92	Mm:Q8VDC1;Rn:D3Z9D2	Dr:A0A0R4IIH4
Q9HCK0	Q9P2E2	57684	57576	ZBTB26	KIF17	chromatin immunoprecipitation assay	27924024	Homo sapiens	GTRD	No	Mm:Q6P9Q3;Rn:D3ZG35	Dr:A2BF92	Ce:P46873;Mm:Q99PW8;Rn:D3ZYC9	Dr:F1QV34
Q9HCK0	Q9Y2D8	57684	117178	ZBTB26	SSX2IP	chromatin immunoprecipitation assay	27924024	Homo sapiens	GTRD	No	Mm:Q6P9Q3;Rn:D3ZG35	Dr:A2BF92	Mm:Q8VC66;Rn:Q8CGZ2	Dr:F1Q5K5
Q9HCK0	Q86VN1	57684	51028	ZBTB26	VPS36	chromatin immunoprecipitation assay	27924024	Homo sapiens	GTRD	No	Mm:Q6P9Q3;Rn:D3ZG35	Dr:A2BF92	Ce:Q19519;Dm:Q9VU87;Mm:Q91XD6;Rn:B1H248	Dr:F1QFF9
Q9HCK0	Q3ZCU0	57684	100506127	ZBTB26	GVQW3	chromatin immunoprecipitation assay	27924024	Homo sapiens	GTRD	No	Mm:Q6P9Q3;Rn:D3ZG35	Dr:A2BF92	-	-
Q9HCK0	Q9BXW6	57684	114876	ZBTB26	OSBPL1A	chromatin immunoprecipitation assay	27924024	Homo sapiens	GTRD	No	Mm:Q6P9Q3;Rn:D3ZG35	Dr:A2BF92	Dr:A0A0R4IQ17;Mm:Q91XL9;Rn:A0A0G2K327	-
Q9HCK0	Q9NYF0	57684	51339	ZBTB26	DACT1	chromatin immunoprecipitation assay	27924024	Homo sapiens	GTRD	No	Mm:Q6P9Q3;Rn:D3ZG35	Dr:A2BF92	Dr:A0A0R4IFQ2;Rn:D4A3W8	Mm:D3Z5V0
Q9HCK0	Q9H4L7	57684	56916	ZBTB26	SMARCAD1	chromatin immunoprecipitation assay	27924024	Homo sapiens	GTRD	No	Mm:Q6P9Q3;Rn:D3ZG35	Dr:A2BF92	Dm:Q9VL72;Dr:E7F1C4;Dr:B0R061;Mm:Q04692;Rn:D3Z9Z9	-
Q9HCK0	Q13315	57684	472	ZBTB26	ATM	chromatin immunoprecipitation assay	27924024	Homo sapiens	GTRD	No	Mm:Q6P9Q3;Rn:D3ZG35	Dr:A2BF92	Mm:Q62388;Rn:D4ACL8	Dr:R4GE34
Q9HCK0	Q96MU8	57684	83999	ZBTB26	KREMEN1	chromatin immunoprecipitation assay	27924024	Homo sapiens	GTRD	No	Mm:Q6P9Q3;Rn:D3ZG35	Dr:A2BF92	Mm:Q99N43	Dr:B0BLV6;Rn:A0A0G2K885
Q9HCK0	P40933	57684	3600	ZBTB26	IL15	chromatin immunoprecipitation assay	27924024	Homo sapiens	GTRD	No	Mm:Q6P9Q3;Rn:D3ZG35	Dr:A2BF92	Mm:P48346	Rn:P97604
Q9HCK0	Q14195	57684	1809	ZBTB26	DPYSL3	chromatin immunoprecipitation assay	27924024	Homo sapiens	GTRD	No	Mm:Q6P9Q3;Rn:D3ZG35	Dr:A2BF92	Dr:Q52PJ5;Mm:Q62188;Rn:Q62952	-
Q9HCK0	Q8IYI6	57684	149371	ZBTB26	EXOC8	chromatin immunoprecipitation assay	27924024	Homo sapiens	GTRD	No	Mm:Q6P9Q3;Rn:D3ZG35	Dr:A2BF92	Ce:Q95Q35;Dr:F1QE13;Mm:Q6PGF7;Rn:O54924	Dm:Q9VBI4
Q9HCK0	O75792	57684	10535	ZBTB26	RNASEH2A	chromatin immunoprecipitation assay	27924024	Homo sapiens	GTRD	No	Mm:Q6P9Q3;Rn:D3ZG35	Dr:A2BF92	Ce:Q9U6P6;Dm:Q9VPP5;Dr:Q6TNR0;Mm:Q9CWY8;Rn:Q5U209;Sc:P53942	-
Q9HCK0	A6NCS6	57684	257407	ZBTB26	C2orf72	chromatin immunoprecipitation assay	27924024	Homo sapiens	GTRD	No	Mm:Q6P9Q3;Rn:D3ZG35	Dr:A2BF92	Mm:Q9CYS6;Rn:D4A6R4	-
Q9HCK0	Q8WVH0	57684	594855	ZBTB26	CPLX3	chromatin immunoprecipitation assay	27924024	Homo sapiens	GTRD	No	Mm:Q6P9Q3;Rn:D3ZG35	Dr:A2BF92	Mm:Q8R1B5	Dr:D2K290;Dr:D2K289;Rn:D4ABY0
Q9HCK0	Q14CS0	57684	137886	ZBTB26	UBXN2B	chromatin immunoprecipitation assay	27924024	Homo sapiens	GTRD	No	Mm:Q6P9Q3;Rn:D3ZG35	Dr:A2BF92	Mm:Q0KL01	Rn:P0C627
Q9HCK0	Q5T013	57684	81888	ZBTB26	HYI	chromatin immunoprecipitation assay	27924024	Homo sapiens	GTRD	No	Mm:Q6P9Q3;Rn:D3ZG35	Dr:A2BF92	Dm:P36951;Mm:E9QLT0;Rn:F1LZJ4	Ce:Q11185;Dr:X1WC35
Q9HCK0	O95751	57684	23641	ZBTB26	LDOC1	chromatin immunoprecipitation assay	27924024	Homo sapiens	GTRD	No	Mm:Q6P9Q3;Rn:D3ZG35	Dr:A2BF92	Mm:Q7TPY9	Rn:D3ZTE6
Q9HCK0	Q9BQ61	57684	79002	ZBTB26	TRIR	chromatin immunoprecipitation assay	27924024	Homo sapiens	GTRD	No	Mm:Q6P9Q3;Rn:D3ZG35	Dr:A2BF92	Dr:A0A0R4IP71;Mm:Q9D735;Rn:D3ZGR7	-
Q9HCK0	P35613	57684	682	ZBTB26	BSG	chromatin immunoprecipitation assay	27924024	Homo sapiens	GTRD	No	Mm:Q6P9Q3;Rn:D3ZG35	Dr:A2BF92	Mm:P18572;Rn:P26453	-
Q9HCK0	Q13829	57684	7126	ZBTB26	TNFAIP1	chromatin immunoprecipitation assay	27924024	Homo sapiens	GTRD	No	Mm:Q6P9Q3;Rn:D3ZG35	Dr:A2BF92	Dr:F1R5K5;Mm:O70479;Rn:Q7TNY1	-
Q9HCK0	Q9Y2G0	57684	22979	ZBTB26	EFR3B	chromatin immunoprecipitation assay	27924024	Homo sapiens	GTRD	No	Mm:Q6P9Q3;Rn:D3ZG35	Dr:A2BF92	Mm:Q6ZQ18;Rn:F1LTW9	Dr:Q5SPP5
Q9HCK0	Q96L58	57684	126792	ZBTB26	B3GALT6	chromatin immunoprecipitation assay	27924024	Homo sapiens	GTRD	No	Mm:Q6P9Q3;Rn:D3ZG35	Dr:A2BF92	Ce:Q9N491;Dm:A1Z7G9;Dr:Q256Z7;Mm:Q91Z92;Rn:D3ZQC1	-
Q9HCK0	Q9HDC9	57684	57136	ZBTB26	APMAP	chromatin immunoprecipitation assay	27924024	Homo sapiens	GTRD	No	Mm:Q6P9Q3;Rn:D3ZG35	Dr:A2BF92	Ce:O62265;Ce:Q22437;Ce:O62040;Dm:Q9VAQ9;Dr:A0A0R4I9A0;Mm:Q9D7N9	Rn:A0A0G2K6G2
Q9HCK0	Q14094	57684	10983	ZBTB26	CCNI	chromatin immunoprecipitation assay	27924024	Homo sapiens	GTRD	No	Mm:Q6P9Q3;Rn:D3ZG35	Dr:A2BF92	Ce:H2KZJ3;Dr:Q6NUZ7;Mm:Q9Z2V9;Rn:D4A5E4	-
Q9HCK0	P51149	57684	7879	ZBTB26	RAB7A	chromatin immunoprecipitation assay	27924024	Homo sapiens	GTRD	No	Mm:Q6P9Q3;Rn:D3ZG35	Dr:A2BF92	Dm:O76742;Mm:P51150;Rn:P09527;Sc:P32939	Ce:I7FN66;Dr:Q7T2C6
Q9HCK0	P29992	57684	2767	ZBTB26	GNA11	chromatin immunoprecipitation assay	27924024	Homo sapiens	GTRD	No	Mm:Q6P9Q3;Rn:D3ZG35	Dr:A2BF92	Dr:Q5RKP9;Mm:P21278;Rn:G3V6Q6	Dr:A0A2R8RHQ9
Q9HCK0	Q13952	57684	4802	ZBTB26	NFYC	chromatin immunoprecipitation assay	27924024	Homo sapiens	GTRD	No	Mm:Q6P9Q3;Rn:D3ZG35	Dr:A2BF92	Dr:Q7ZVY3;Mm:P70353	Rn:Q62725
Q9HCK0	Q9NPB0	57684	55776	ZBTB26	SAYSD1	chromatin immunoprecipitation assay	27924024	Homo sapiens	GTRD	No	Mm:Q6P9Q3;Rn:D3ZG35	Dr:A2BF92	Mm:Q8K190;Rn:D3ZQ21	-
Q9HCK0	Q96S96	57684	157310	ZBTB26	PEBP4	chromatin immunoprecipitation assay	27924024	Homo sapiens	GTRD	No	Mm:Q6P9Q3;Rn:D3ZG35	Dr:A2BF92	Mm:G3X8V3	-
Q9HCK0	Q96MX0	57684	123920	ZBTB26	CMTM3	chromatin immunoprecipitation assay	27924024	Homo sapiens	GTRD	No	Mm:Q6P9Q3;Rn:D3ZG35	Dr:A2BF92	Mm:Q99LJ5;Rn:B5DFL6	Dr:Q6DEF8
Q9HCK0	O75691	57684	27340	ZBTB26	UTP20	chromatin immunoprecipitation assay	27924024	Homo sapiens	GTRD	No	Mm:Q6P9Q3;Rn:D3ZG35	Dr:A2BF92	Dm:Q9W246;Dr:A0A0R4IQW7;Mm:E9QK83;Rn:F1LXT3;Sc:P35194	-
Q9HCK0	Q9P246	57684	57620	ZBTB26	STIM2	chromatin immunoprecipitation assay	27924024	Homo sapiens	GTRD	No	Mm:Q6P9Q3;Rn:D3ZG35	Dr:A2BF92	-	-
Q9HCK0	Q9NRQ5	57684	56935	ZBTB26	SMCO4	chromatin immunoprecipitation assay	27924024	Homo sapiens	GTRD	No	Mm:Q6P9Q3;Rn:D3ZG35	Dr:A2BF92	Dm:Q8SY72;Dr:X1WHP7;Mm:Q9JIS3	-
Q9HCK0	Q9NR16	57684	283316	ZBTB26	CD163L1	chromatin immunoprecipitation assay	27924024	Homo sapiens	GTRD	No	Mm:Q6P9Q3;Rn:D3ZG35	Dr:A2BF92	-	-
Q9HCK0	Q6NSJ0	57684	57462	ZBTB26	MYORG	chromatin immunoprecipitation assay	27924024	Homo sapiens	GTRD	No	Mm:Q6P9Q3;Rn:D3ZG35	Dr:A2BF92	Dr:E7F1U0;Mm:Q69ZQ1;Rn:D4AE63	Dm:Q9VBR6;Dr:A0A0R4IJD4
Q9HCK0	Q96IF1	57684	84962	ZBTB26	AJUBA	chromatin immunoprecipitation assay	27924024	Homo sapiens	GTRD	No	Mm:Q6P9Q3;Rn:D3ZG35	Dr:A2BF92	Mm:Q91XC0;Rn:Q5U2Z2	-
Q9HCK0	Q9HAT2	57684	54414	ZBTB26	SIAE	chromatin immunoprecipitation assay	27924024	Homo sapiens	GTRD	No	Mm:Q6P9Q3;Rn:D3ZG35	Dr:A2BF92	Mm:P70665;Rn:A0A0A0MY22	Dr:Q1LUX8
Q9HCK0	Q9H2L5	57684	83937	ZBTB26	RASSF4	chromatin immunoprecipitation assay	27924024	Homo sapiens	GTRD	No	Mm:Q6P9Q3;Rn:D3ZG35	Dr:A2BF92	Dr:B8JII7;Mm:Q8CB96;Rn:Q566C5	-
Q9HCK0	Q9ULM6	57684	-	ZBTB26	CNOT6	chromatin immunoprecipitation assay	27924024	Homo sapiens	GTRD	No	Mm:Q6P9Q3;Rn:D3ZG35	Dr:A2BF92	Dr:Q6PE30;Mm:Q8K3P5;Rn:A0A0G2KA59	Dr:A0A0R4IF89
Q9HCK0	O75467	57684	25799	ZBTB26	ZNF324	chromatin immunoprecipitation assay	27924024	Homo sapiens	GTRD	No	Mm:Q6P9Q3;Rn:D3ZG35	Dr:A2BF92	Mm:Q78F42;Rn:D3ZB44	-
Q9HCK0	Q9Y365	57684	10809	ZBTB26	STARD10	chromatin immunoprecipitation assay	27924024	Homo sapiens	GTRD	No	Mm:Q6P9Q3;Rn:D3ZG35	Dr:A2BF92	Mm:Q9JMD3;Rn:A0A0G2KB11	-
Q9HCK0	Q8N565	57684	55686	ZBTB26	MREG	chromatin immunoprecipitation assay	27924024	Homo sapiens	GTRD	No	Mm:Q6P9Q3;Rn:D3ZG35	Dr:A2BF92	Mm:Q6NVG5;Rn:D4A9U9	-
Q9HCK0	Q00169	57684	5306	ZBTB26	PITPNA	chromatin immunoprecipitation assay	27924024	Homo sapiens	GTRD	No	Mm:Q6P9Q3;Rn:D3ZG35	Dr:A2BF92	-	Dr:F8W544;Mm:J3QPW1;Rn:R9PXS4
Q9HCK0	Q9UM00	57684	54499	ZBTB26	TMCO1	chromatin immunoprecipitation assay	27924024	Homo sapiens	GTRD	No	Mm:Q6P9Q3;Rn:D3ZG35	Dr:A2BF92	-	-
Q9HCK0	Q5F1R6	57684	134218	ZBTB26	DNAJC21	chromatin immunoprecipitation assay	27924024	Homo sapiens	GTRD	No	Mm:Q6P9Q3;Rn:D3ZG35	Dr:A2BF92	Dm:Q9W0X8;Dr:A0A0R4IWR3;Mm:E9Q8D0;Rn:A0A0G2QC19;Sc:P53863	-
Q9HCK0	Q8NFM7	57684	54756	ZBTB26	IL17RD	chromatin immunoprecipitation assay	27924024	Homo sapiens	GTRD	No	Mm:Q6P9Q3;Rn:D3ZG35	Dr:A2BF92	Dr:B3DKQ2;Mm:Q8JZL1;Rn:D3ZGQ0	-
Q9HCK0	P52926	57684	8091	ZBTB26	HMGA2	chromatin immunoprecipitation assay	27924024	Homo sapiens	GTRD	No	Mm:Q6P9Q3;Rn:D3ZG35	Dr:A2BF92	Ce:G5EEL9;Mm:P52927;Rn:O88791	Dr:Q6P038
Q9HCK0	Q9BYI3	57684	84668	ZBTB26	FAM126A	chromatin immunoprecipitation assay	27924024	Homo sapiens	GTRD	No	Mm:Q6P9Q3;Rn:D3ZG35	Dr:A2BF92	Dr:Q6P121;Mm:Q6P9N1;Rn:D4AE31	-
Q9HCK0	P78330	57684	5723	ZBTB26	PSPH	chromatin immunoprecipitation assay	27924024	Homo sapiens	GTRD	No	Mm:Q6P9Q3;Rn:D3ZG35	Dr:A2BF92	Ce:A0A061ACK7;Dm:Q9VSY6;Dr:Q498V7;Mm:Q99LS3;Rn:Q5M819	-
Q9HCK0	Q01432	57684	272	ZBTB26	AMPD3	chromatin immunoprecipitation assay	27924024	Homo sapiens	GTRD	No	Mm:Q6P9Q3;Rn:D3ZG35	Dr:A2BF92	Dr:Q1LYD7;Mm:O08739;Rn:F1M7Q5	Dr:F8W432
Q9HCK0	Q96NG5	57684	148156	ZBTB26	ZNF558	chromatin immunoprecipitation assay	27924024	Homo sapiens	GTRD	No	Mm:Q6P9Q3;Rn:D3ZG35	Dr:A2BF92	Mm:E9Q1J0	-
Q9HCK0	Q3KR37	57684	57476	ZBTB26	GRAMD1B	chromatin immunoprecipitation assay	27924024	Homo sapiens	GTRD	No	Mm:Q6P9Q3;Rn:D3ZG35	Dr:A2BF92	-	-
Q9HCK0	P20671	57684	3013	ZBTB26	H2AC7	chromatin immunoprecipitation assay	27924024	Homo sapiens	GTRD	No	Mm:Q6P9Q3;Rn:D3ZG35	Dr:A2BF92	-	-
Q9HCK0	Q8WV74	57684	254552	ZBTB26	NUDT8	chromatin immunoprecipitation assay	27924024	Homo sapiens	GTRD	No	Mm:Q6P9Q3;Rn:D3ZG35	Dr:A2BF92	Mm:Q9CR24;Rn:D3ZEH6	Ce:Q23236
Q9HCK0	Q9H7M9	57684	64115	ZBTB26	VSIR	chromatin immunoprecipitation assay	27924024	Homo sapiens	GTRD	No	Mm:Q6P9Q3;Rn:D3ZG35	Dr:A2BF92	Rn:G3V9P3	Dr:F1RB47;Mm:A0A171EBK7
Q9HCK0	Q4LE39	57684	51742	ZBTB26	ARID4B	chromatin immunoprecipitation assay	27924024	Homo sapiens	GTRD	No	Mm:Q6P9Q3;Rn:D3ZG35	Dr:A2BF92	Mm:A2CG63	Rn:F1LYA4
Q9HCK0	Q2KHR2	57684	64864	ZBTB26	RFX7	chromatin immunoprecipitation assay	27924024	Homo sapiens	GTRD	No	Mm:Q6P9Q3;Rn:D3ZG35	Dr:A2BF92	-	-
Q9HCK0	Q9Y6H3	57684	91419	ZBTB26	ATP23	chromatin immunoprecipitation assay	27924024	Homo sapiens	GTRD	No	Mm:Q6P9Q3;Rn:D3ZG35	Dr:A2BF92	Dr:A4IGF3;Rn:M0R4I7	Mm:G3UW46
Q9HCK0	Q13627	57684	1859	ZBTB26	DYRK1A	chromatin immunoprecipitation assay	27924024	Homo sapiens	GTRD	No	Mm:Q6P9Q3;Rn:D3ZG35	Dr:A2BF92	Dm:Q9V3D5;Dr:X1WCB7;Mm:Q61214;Rn:Q63470	-
Q9HCK0	Q8TCD1	57684	497661	ZBTB26	C18orf32	chromatin immunoprecipitation assay	27924024	Homo sapiens	GTRD	No	Mm:Q6P9Q3;Rn:D3ZG35	Dr:A2BF92	Mm:Q91WE4;Rn:B1WC88	-
Q9HCK0	Q9BQE4	57684	55829	ZBTB26	SELENOS	chromatin immunoprecipitation assay	27924024	Homo sapiens	GTRD	No	Mm:Q6P9Q3;Rn:D3ZG35	Dr:A2BF92	Dr:Q0VFV6;Mm:Q9BCZ4;Rn:A0A0G2K953	-
Q9HCK0	Q17RC7	57684	91828	ZBTB26	EXOC3L4	chromatin immunoprecipitation assay	27924024	Homo sapiens	GTRD	No	Mm:Q6P9Q3;Rn:D3ZG35	Dr:A2BF92	Dr:B8JJU3;Mm:A0A0R4J0W9;Rn:B2GUV9	-
Q9HCK0	Q9BST9	57684	6242	ZBTB26	RTKN	chromatin immunoprecipitation assay	27924024	Homo sapiens	GTRD	No	Mm:Q6P9Q3;Rn:D3ZG35	Dr:A2BF92	Mm:Q8C6B2	Dr:A2BI20;Rn:Q6V7V2
Q9HCK0	Q9NZD8	57684	51324	ZBTB26	SPG21	chromatin immunoprecipitation assay	27924024	Homo sapiens	GTRD	No	Mm:Q6P9Q3;Rn:D3ZG35	Dr:A2BF92	Mm:Q9CQC8	Dr:F8W490;Rn:A0A0G2JW14
Q9HCK0	P08727	57684	3880	ZBTB26	KRT19	chromatin immunoprecipitation assay	27924024	Homo sapiens	GTRD	No	Mm:Q6P9Q3;Rn:D3ZG35	Dr:A2BF92	Mm:P19001	Rn:Q63279
Q9HCK0	P11926	57684	4953	ZBTB26	ODC1	chromatin immunoprecipitation assay	27924024	Homo sapiens	GTRD	No	Mm:Q6P9Q3;Rn:D3ZG35	Dr:A2BF92	Dr:Q9DGJ4;Mm:P00860;Rn:P09057	-
Q9HCK0	O00192	57684	421	ZBTB26	ARVCF	chromatin immunoprecipitation assay	27924024	Homo sapiens	GTRD	No	Mm:Q6P9Q3;Rn:D3ZG35	Dr:A2BF92	Mm:P98203;Rn:B4F7F3	-
Q9HCK0	Q9BT73	57684	84262	ZBTB26	PSMG3	chromatin immunoprecipitation assay	27924024	Homo sapiens	GTRD	No	Mm:Q6P9Q3;Rn:D3ZG35	Dr:A2BF92	Mm:Q9CZH3;Rn:D3ZIU2	Dr:Q6DGH7
Q9HCK0	Q6ZUT9	57684	160518	ZBTB26	DENND5B	chromatin immunoprecipitation assay	27924024	Homo sapiens	GTRD	No	Mm:Q6P9Q3;Rn:D3ZG35	Dr:A2BF92	Dr:Q6NXD8;Mm:A2RSQ0	Rn:M0R5A9
Q9HCK0	O15547	57684	9127	ZBTB26	P2RX6	chromatin immunoprecipitation assay	27924024	Homo sapiens	GTRD	No	Mm:Q6P9Q3;Rn:D3ZG35	Dr:A2BF92	Mm:O54803	Rn:P51579
Q9HCK0	Q15546	57684	23531	ZBTB26	MMD	chromatin immunoprecipitation assay	27924024	Homo sapiens	GTRD	No	Mm:Q6P9Q3;Rn:D3ZG35	Dr:A2BF92	Dr:D3YLD5;Mm:Q9CQY7;Rn:Q719N3	-
Q9HCK0	Q9UPN9	57684	51592	ZBTB26	TRIM33	chromatin immunoprecipitation assay	27924024	Homo sapiens	GTRD	No	Mm:Q6P9Q3;Rn:D3ZG35	Dr:A2BF92	Dr:B0S5U2;Rn:D3ZUK4	Mm:E9QP19
Q9HCK0	Q13526	57684	5300	ZBTB26	PIN1	chromatin immunoprecipitation assay	27924024	Homo sapiens	GTRD	No	Mm:Q6P9Q3;Rn:D3ZG35	Dr:A2BF92	Ce:Q9N492;Dm:P54353;Mm:Q3ULQ2;Mm:Q9QUR7;Rn:B0BNL2;Sc:P22696	Dr:A0A0G2KNY9
Q9HCK0	Q96IU4	57684	84836	ZBTB26	ABHD14B	chromatin immunoprecipitation assay	27924024	Homo sapiens	GTRD	No	Mm:Q6P9Q3;Rn:D3ZG35	Dr:A2BF92	Ce:Q9N366;Dr:Q7T387;Mm:E9QN99;Rn:Q6DGG1	-
Q9HCK0	P00387	57684	1727	ZBTB26	CYB5R3	chromatin immunoprecipitation assay	27924024	Homo sapiens	GTRD	No	Mm:Q6P9Q3;Rn:D3ZG35	Dr:A2BF92	Ce:O16522;Dr:Q6NYE6;Mm:Q9DCN2;Rn:P20070	Dm:Q0E8F4
Q9HCK0	Q9NWU1	57684	54995	ZBTB26	OXSM	chromatin immunoprecipitation assay	27924024	Homo sapiens	GTRD	No	Mm:Q6P9Q3;Rn:D3ZG35	Dr:A2BF92	Ce:Q6A1T5;Dm:Q9VNF5;Mm:Q9D404;Rn:G3V6R7;Sc:P39525	Dr:F1R7W6
Q9HCK0	Q6ZV73	57684	55785	ZBTB26	FGD6	chromatin immunoprecipitation assay	27924024	Homo sapiens	GTRD	No	Mm:Q6P9Q3;Rn:D3ZG35	Dr:A2BF92	Mm:Q69ZL1;Rn:A0A0G2K7L6	-
Q9HCK0	Q6UXK2	57684	57611	ZBTB26	ISLR2	chromatin immunoprecipitation assay	27924024	Homo sapiens	GTRD	No	Mm:Q6P9Q3;Rn:D3ZG35	Dr:A2BF92	Mm:Q5RKR3;Rn:M0R4G0	-
Q9HCK0	Q9UQQ2	57684	10019	ZBTB26	SH2B3	chromatin immunoprecipitation assay	27924024	Homo sapiens	GTRD	No	Mm:Q6P9Q3;Rn:D3ZG35	Dr:A2BF92	Mm:O09039;Rn:D4ABY6	-
Q9HCK0	Q9NSC2	57684	6299	ZBTB26	SALL1	chromatin immunoprecipitation assay	27924024	Homo sapiens	GTRD	No	Mm:Q6P9Q3;Rn:D3ZG35	Dr:A2BF92	Rn:D3ZIF4	Dr:A0A1D5NSE4;Mm:Q6P5E3
Q9HCK0	Q5SZJ8	57684	221336	ZBTB26	BEND6	chromatin immunoprecipitation assay	27924024	Homo sapiens	GTRD	No	Mm:Q6P9Q3;Rn:D3ZG35	Dr:A2BF92	Mm:Q6PFX2	Rn:A0A0G2K369
Q9HCK0	Q6IMI4	57684	391365	ZBTB26	SULT6B1	chromatin immunoprecipitation assay	27924024	Homo sapiens	GTRD	No	Mm:Q6P9Q3;Rn:D3ZG35	Dr:A2BF92	Dr:F1QYJ6;Mm:P0CC03	Rn:M0R952
Q9HCK0	Q5VTB9	57684	55182	ZBTB26	RNF220	chromatin immunoprecipitation assay	27924024	Homo sapiens	GTRD	No	Mm:Q6P9Q3;Rn:D3ZG35	Dr:A2BF92	Rn:D4AA66	-
Q9HCK0	O15446	57684	10849	ZBTB26	POLR1G	chromatin immunoprecipitation assay	27924024	Homo sapiens	GTRD	No	Mm:Q6P9Q3;Rn:D3ZG35	Dr:A2BF92	Mm:Q76KJ5;Rn:D4ADE7	-
Q9HCK0	P10070	57684	2736	ZBTB26	GLI2	chromatin immunoprecipitation assay	27924024	Homo sapiens	GTRD	No	Mm:Q6P9Q3;Rn:D3ZG35	Dr:A2BF92	Mm:Q0VGT2;Rn:F1M2B7	Dr:B0S6T1
Q9HCK0	Q9UIM3	57684	63943	ZBTB26	FKBPL	chromatin immunoprecipitation assay	27924024	Homo sapiens	GTRD	No	Mm:Q6P9Q3;Rn:D3ZG35	Dr:A2BF92	Mm:O35450;Rn:Q6MG81	-
Q9HCK0	Q13425	57684	6645	ZBTB26	SNTB2	chromatin immunoprecipitation assay	27924024	Homo sapiens	GTRD	No	Mm:Q6P9Q3;Rn:D3ZG35	Dr:A2BF92	Dm:Q9VNY2;Mm:Q61235;Rn:D3ZMX6	Dr:E7FDL7
Q9HCK0	Q9NVU0	57684	55718	ZBTB26	POLR3E	chromatin immunoprecipitation assay	27924024	Homo sapiens	GTRD	No	Mm:Q6P9Q3;Rn:D3ZG35	Dr:A2BF92	Dr:F1R866;Mm:Q9CZT4;Rn:D3ZP45	Ce:Q23206
Q9HCK0	Q9Y6W6	57684	11221	ZBTB26	DUSP10	chromatin immunoprecipitation assay	27924024	Homo sapiens	GTRD	No	Mm:Q6P9Q3;Rn:D3ZG35	Dr:A2BF92	Dr:A0A0R4I9C9;Mm:Q9ESS0;Rn:D3ZBG7	-
Q9HCK0	Q5JTV8	57684	26092	ZBTB26	TOR1AIP1	chromatin immunoprecipitation assay	27924024	Homo sapiens	GTRD	No	Mm:Q6P9Q3;Rn:D3ZG35	Dr:A2BF92	Mm:Q921T2;Rn:Q5PQX1	-
Q9HCK0	Q8IZJ6	57684	-	ZBTB26	TDH	chromatin immunoprecipitation assay	27924024	Homo sapiens	GTRD	No	Mm:Q6P9Q3;Rn:D3ZG35	Dr:A2BF92	-	-
Q9HCK0	Q658L1	57684	283726	ZBTB26	SAXO2	chromatin immunoprecipitation assay	27924024	Homo sapiens	GTRD	No	Mm:Q6P9Q3;Rn:D3ZG35	Dr:A2BF92	Dm:Q9VE97;Mm:Q8BQB6;Rn:A0A0G2JYT2	Dr:F1QIG9
Q9HCK0	Q9BQ48	57684	64981	ZBTB26	MRPL34	chromatin immunoprecipitation assay	27924024	Homo sapiens	GTRD	No	Mm:Q6P9Q3;Rn:D3ZG35	Dr:A2BF92	Mm:Q99N91;Rn:Q5XFV6	-
Q9HCK0	Q9NRC1	57684	7982	ZBTB26	ST7	chromatin immunoprecipitation assay	27924024	Homo sapiens	GTRD	No	Mm:Q6P9Q3;Rn:D3ZG35	Dr:A2BF92	Mm:Q99M96	Rn:Q2IBC9
Q9HCK0	Q9GZV5	57684	25937	ZBTB26	WWTR1	chromatin immunoprecipitation assay	27924024	Homo sapiens	GTRD	No	Mm:Q6P9Q3;Rn:D3ZG35	Dr:A2BF92	Dr:Q307I6;Mm:Q9EPK5;Rn:Q4V7E6	-
Q9HCK0	Q9BVI0	57684	51230	ZBTB26	PHF20	chromatin immunoprecipitation assay	27924024	Homo sapiens	GTRD	No	Mm:Q6P9Q3;Rn:D3ZG35	Dr:A2BF92	Mm:Q8BLG0;Rn:D3ZQB7	Dr:A8HAK1
Q9HCK0	P42224	57684	6772	ZBTB26	STAT1	chromatin immunoprecipitation assay	27924024	Homo sapiens	GTRD	No	Mm:Q6P9Q3;Rn:D3ZG35	Dr:A2BF92	Dr:Q6P943	Mm:A0A087WSP5
Q9HCK0	A8MUP2	57684	751071	ZBTB26	CSKMT	chromatin immunoprecipitation assay	27924024	Homo sapiens	GTRD	No	Mm:Q6P9Q3;Rn:D3ZG35	Dr:A2BF92	-	Dr:F1Q500
Q9HCK0	Q6NUK1	57684	29957	ZBTB26	SLC25A24	chromatin immunoprecipitation assay	27924024	Homo sapiens	GTRD	No	Mm:Q6P9Q3;Rn:D3ZG35	Dr:A2BF92	Mm:Q8BMD8;Rn:B1WC67	-
Q9HCK0	A2RRH5	57684	253769	ZBTB26	WDR27	chromatin immunoprecipitation assay	27924024	Homo sapiens	GTRD	No	Mm:Q6P9Q3;Rn:D3ZG35	Dr:A2BF92	-	Dr:B8JJR1;Mm:A0A338P6H6;Rn:F1M8Z5
Q9HCK0	O95861	57684	10380	ZBTB26	BPNT1	chromatin immunoprecipitation assay	27924024	Homo sapiens	GTRD	No	Mm:Q6P9Q3;Rn:D3ZG35	Dr:A2BF92	Ce:Q23493;Dm:Q9VAG9;Mm:Q9Z0S1	Dr:Q5RGA7;Rn:A0A0G2K0V3
Q9HCK0	A6NKX4	57684	-	ZBTB26	SLC22A31	chromatin immunoprecipitation assay	27924024	Homo sapiens	GTRD	No	Mm:Q6P9Q3;Rn:D3ZG35	Dr:A2BF92	-	-
Q9HCK0	Q5VX71	57684	55061	ZBTB26	SUSD4	chromatin immunoprecipitation assay	27924024	Homo sapiens	GTRD	No	Mm:Q6P9Q3;Rn:D3ZG35	Dr:A2BF92	Dr:E7FEC4;Mm:Q8BH32;Rn:D4A231	-
Q9HCK0	O75063	57684	9917	ZBTB26	FAM20B	chromatin immunoprecipitation assay	27924024	Homo sapiens	GTRD	No	Mm:Q6P9Q3;Rn:D3ZG35	Dr:A2BF92	Dm:Q95T10;Dr:Q5RH51;Mm:Q8VCS3	Rn:D3ZUZ4
Q9HCK0	P23919	57684	1841	ZBTB26	DTYMK	chromatin immunoprecipitation assay	27924024	Homo sapiens	GTRD	No	Mm:Q6P9Q3;Rn:D3ZG35	Dr:A2BF92	Ce:Q22018;Dm:A1ZB29;Dr:Q3B752;Mm:P97930;Rn:D3ZUJ5;Sc:P00572	-
Q9HCK0	Q96RK0	57684	23152	ZBTB26	CIC	chromatin immunoprecipitation assay	27924024	Homo sapiens	GTRD	No	Mm:Q6P9Q3;Rn:D3ZG35	Dr:A2BF92	-	-
Q9HCK0	Q9Y576	57684	51665	ZBTB26	ASB1	chromatin immunoprecipitation assay	27924024	Homo sapiens	GTRD	No	Mm:Q6P9Q3;Rn:D3ZG35	Dr:A2BF92	Mm:Q9WV74	Rn:B5DF97
Q9HCK0	Q99676	57684	7738	ZBTB26	ZNF184	chromatin immunoprecipitation assay	27924024	Homo sapiens	GTRD	No	Mm:Q6P9Q3;Rn:D3ZG35	Dr:A2BF92	Mm:Q7TSH9;Rn:A0A0G2JUV0	-
Q9HCK0	Q9Y5W5	57684	11197	ZBTB26	WIF1	chromatin immunoprecipitation assay	27924024	Homo sapiens	GTRD	No	Mm:Q6P9Q3;Rn:D3ZG35	Dr:A2BF92	Mm:Q9WUA1;Rn:Q6IN38	Dm:X2JED7;Dr:Q5TZI0
Q9HCK0	Q6ZTW0	57684	91978	ZBTB26	TPGS1	chromatin immunoprecipitation assay	27924024	Homo sapiens	GTRD	No	Mm:Q6P9Q3;Rn:D3ZG35	Dr:A2BF92	Dr:B0S661;Mm:Q99MS8;Rn:D4A463	-
Q9HCK0	P46778	57684	6144	ZBTB26	RPL21	chromatin immunoprecipitation assay	27924024	Homo sapiens	GTRD	No	Mm:Q6P9Q3;Rn:D3ZG35	Dr:A2BF92	Ce:P34334;Dm:Q9V9M7;Dr:Q6IQQ0;Mm:Q9CQM8;Rn:D3ZZH9;Sc:Q02753;Sc:Q12672	Rn:D3Z9G3;Rn:D3ZPN7;Rn:Q6PDW2
Q9HCK0	P50502	57684	6767	ZBTB26	ST13	chromatin immunoprecipitation assay	27924024	Homo sapiens	GTRD	No	Mm:Q6P9Q3;Rn:D3ZG35	Dr:A2BF92	Ce:G5EE04;Dm:C4NYP8;Dr:Q6NX98;Mm:Q99L47;Rn:P50503	-
Q9HCK0	Q96E29	57684	51001	ZBTB26	MTERF3	chromatin immunoprecipitation assay	27924024	Homo sapiens	GTRD	No	Mm:Q6P9Q3;Rn:D3ZG35	Dr:A2BF92	Ce:Q18746;Dm:Q9VPD5;Mm:Q8R3J4;Rn:Q6P6Q6	Dr:Q1L8H2
Q9HCK0	Q5UCC4	57684	284361	ZBTB26	EMC10	chromatin immunoprecipitation assay	27924024	Homo sapiens	GTRD	No	Mm:Q6P9Q3;Rn:D3ZG35	Dr:A2BF92	Dr:F1QB44;Mm:Q3TAS6;Rn:Q6AYH6	-
Q9HCK0	Q9UBX8	57684	9331	ZBTB26	B4GALT6	chromatin immunoprecipitation assay	27924024	Homo sapiens	GTRD	No	Mm:Q6P9Q3;Rn:D3ZG35	Dr:A2BF92	Mm:Q9WVK5	Dr:F1QHW8;Rn:A0A0A0MXX9
Q9HCK0	Q9BQ70	57684	22980	ZBTB26	TCF25	chromatin immunoprecipitation assay	27924024	Homo sapiens	GTRD	No	Mm:Q6P9Q3;Rn:D3ZG35	Dr:A2BF92	Mm:Q8R3L2;Rn:D3ZC46	Ce:P90919;Dm:M9PBV6
Q9HCK0	Q15858	57684	6335	ZBTB26	SCN9A	chromatin immunoprecipitation assay	27924024	Homo sapiens	GTRD	No	Mm:Q6P9Q3;Rn:D3ZG35	Dr:A2BF92	Mm:Q62205	Rn:O08562
Q9HCK0	Q9UMN6	57684	9757	ZBTB26	KMT2B	chromatin immunoprecipitation assay	27924024	Homo sapiens	GTRD	No	Mm:Q6P9Q3;Rn:D3ZG35	Dr:A2BF92	Rn:A0A0G2K1E3	Dr:F1R9N4;Mm:F8WJ40
Q9HCK0	Q13838	57684	7919	ZBTB26	DDX39B	chromatin immunoprecipitation assay	27924024	Homo sapiens	GTRD	No	Mm:Q6P9Q3;Rn:D3ZG35	Dr:A2BF92	Ce:Q18212;Dm:Q27268;Dr:Q7SXU7;Mm:Q9Z1N5;Rn:Q63413;Sc:Q07478	-
Q9HCK0	Q11203	57684	6487	ZBTB26	ST3GAL3	chromatin immunoprecipitation assay	27924024	Homo sapiens	GTRD	No	Mm:Q6P9Q3;Rn:D3ZG35	Dr:A2BF92	Mm:P97325;Rn:F1LM32	-
Q9HCK0	P55198	57684	4302	ZBTB26	MLLT6	chromatin immunoprecipitation assay	27924024	Homo sapiens	GTRD	No	Mm:Q6P9Q3;Rn:D3ZG35	Dr:A2BF92	Mm:B1AR10;Rn:A0A0G2K809	-
Q9HCK0	P78317	57684	6047	ZBTB26	RNF4	chromatin immunoprecipitation assay	27924024	Homo sapiens	GTRD	No	Mm:Q6P9Q3;Rn:D3ZG35	Dr:A2BF92	Dr:A0A0R4IUS5;Mm:Q9QZS2	Rn:A0A0G2K799
Q9HCK0	P62820	57684	5861	ZBTB26	RAB1A	chromatin immunoprecipitation assay	27924024	Homo sapiens	GTRD	No	Mm:Q6P9Q3;Rn:D3ZG35	Dr:A2BF92	Dr:Q4V984;Dr:Q7ZSZ0;Dr:B8JLC8;Mm:P62821	-
Q9HCK0	Q15019	57684	4735	ZBTB26	SEPTIN2	chromatin immunoprecipitation assay	27924024	Homo sapiens	GTRD	No	Mm:Q6P9Q3;Rn:D3ZG35	Dr:A2BF92	Dm:P42207;Dr:F1QQN9;Mm:P42208;Rn:Q91Y81	-
Q9HCK0	Q5SQI0	57684	79969	ZBTB26	ATAT1	chromatin immunoprecipitation assay	27924024	Homo sapiens	GTRD	No	Mm:Q6P9Q3;Rn:D3ZG35	Dr:A2BF92	Ce:Q23192;Mm:Q8K341;Rn:Q6MG11	Dr:Q6PH17
Q9HCK0	Q96DR7	57684	26084	ZBTB26	ARHGEF26	chromatin immunoprecipitation assay	27924024	Homo sapiens	GTRD	No	Mm:Q6P9Q3;Rn:D3ZG35	Dr:A2BF92	Mm:D3YYY8;Rn:D4A1D2	-
Q9HCK0	P40617	57684	10124	ZBTB26	ARL4A	chromatin immunoprecipitation assay	27924024	Homo sapiens	GTRD	No	Mm:Q6P9Q3;Rn:D3ZG35	Dr:A2BF92	Dr:Q6P5K1;Mm:P61213;Rn:P61214	-
Q9HCK0	Q9NRR4	57684	29102	ZBTB26	DROSHA	chromatin immunoprecipitation assay	27924024	Homo sapiens	GTRD	No	Mm:Q6P9Q3;Rn:D3ZG35	Dr:A2BF92	Dm:Q7KNF1;Dr:F1QKS5;Mm:Q5HZJ0;Rn:E9PTR3	-
Q9HCK0	F8W1H4	57684	-	ZBTB26	-	chromatin immunoprecipitation assay	27924024	Homo sapiens	GTRD	No	Mm:Q6P9Q3;Rn:D3ZG35	Dr:A2BF92	-	-
Q9HCK0	O15143	57684	10095	ZBTB26	ARPC1B	chromatin immunoprecipitation assay	27924024	Homo sapiens	GTRD	No	Mm:Q6P9Q3;Rn:D3ZG35	Dr:A2BF92	Mm:Q9WV32;Rn:O88656;Sc:P38328	Dr:Q7T372
Q9HCK0	A6NIX2	57684	126374	ZBTB26	WTIP	chromatin immunoprecipitation assay	27924024	Homo sapiens	GTRD	No	Mm:Q6P9Q3;Rn:D3ZG35	Dr:A2BF92	Mm:Q7TQJ8	Rn:F1LMC1
Q9HCK0	P49736	57684	4171	ZBTB26	MCM2	chromatin immunoprecipitation assay	27924024	Homo sapiens	GTRD	No	Mm:Q6P9Q3;Rn:D3ZG35	Dr:A2BF92	Ce:Q9XXI9;Dm:P49735;Mm:P97310;Rn:D3ZP96;Sc:P29469	Dr:A0A0R4IF65
Q9HCK0	Q8TF47	57684	146198	ZBTB26	ZFP90	chromatin immunoprecipitation assay	27924024	Homo sapiens	GTRD	No	Mm:Q6P9Q3;Rn:D3ZG35	Dr:A2BF92	Mm:Q61967;Rn:Q4V8A8	-
Q9HCK0	Q96AC1	57684	10979	ZBTB26	FERMT2	chromatin immunoprecipitation assay	27924024	Homo sapiens	GTRD	No	Mm:Q6P9Q3;Rn:D3ZG35	Dr:A2BF92	Dr:F1Q8X5;Mm:Q8CIB5;Rn:A0A0G2JWC7	-
Q9HCK0	Q9H9Q2	57684	64708	ZBTB26	COPS7B	chromatin immunoprecipitation assay	27924024	Homo sapiens	GTRD	No	Mm:Q6P9Q3;Rn:D3ZG35	Dr:A2BF92	Dm:Q9V4S8;Dr:F6PBL6;Mm:Q8BV13;Rn:D3ZU52	-
Q9HCK0	P18621	57684	6139	ZBTB26	RPL17	chromatin immunoprecipitation assay	27924024	Homo sapiens	GTRD	No	Mm:Q6P9Q3;Rn:D3ZG35	Dr:A2BF92	-	-
Q9HCK0	Q05481	57684	7644	ZBTB26	ZNF91	chromatin immunoprecipitation assay	27924024	Homo sapiens	GTRD	No	Mm:Q6P9Q3;Rn:D3ZG35	Dr:A2BF92	-	-
Q9HCK0	P17481	57684	3218	ZBTB26	HOXB8	chromatin immunoprecipitation assay	27924024	Homo sapiens	GTRD	No	Mm:Q6P9Q3;Rn:D3ZG35	Dr:A2BF92	Mm:P09632;Rn:G3V6Y1	Dr:Q8AWZ0
Q9HCK0	Q92889	57684	2072	ZBTB26	ERCC4	chromatin immunoprecipitation assay	27924024	Homo sapiens	GTRD	No	Mm:Q6P9Q3;Rn:D3ZG35	Dr:A2BF92	Ce:G5EBZ1;Dm:Q24087;Dr:F1QK90;Mm:Q9QZD4;Rn:D3ZT95;Sc:P06777	Rn:A0A0G2K855
Q9HCK0	P51795	57684	1184	ZBTB26	CLCN5	chromatin immunoprecipitation assay	27924024	Homo sapiens	GTRD	No	Mm:Q6P9Q3;Rn:D3ZG35	Dr:A2BF92	Dr:X1WEF7;Dr:E7FFG9;Rn:P51796	-
Q9HCK0	Q9NWS8	57684	55005	ZBTB26	RMND1	chromatin immunoprecipitation assay	27924024	Homo sapiens	GTRD	No	Mm:Q6P9Q3;Rn:D3ZG35	Dr:A2BF92	Mm:Q8CI78;Sc:Q05648	Dr:F1QNC5;Rn:E9PU34
Q9HCK0	P0DJ93	57684	221710	ZBTB26	SMIM13	chromatin immunoprecipitation assay	27924024	Homo sapiens	GTRD	No	Mm:Q6P9Q3;Rn:D3ZG35	Dr:A2BF92	Mm:E9Q942;Rn:D3ZR35	-
Q9HCK0	Q8WV83	57684	80255	ZBTB26	SLC35F5	chromatin immunoprecipitation assay	27924024	Homo sapiens	GTRD	No	Mm:Q6P9Q3;Rn:D3ZG35	Dr:A2BF92	Ce:O02057;Dm:Q7K3M9;Mm:Q8R314;Rn:D3ZT80;Sc:Q04083;Sc:Q03730	-
Q9HCK0	Q6UXI9	57684	255743	ZBTB26	NPNT	chromatin immunoprecipitation assay	27924024	Homo sapiens	GTRD	No	Mm:Q6P9Q3;Rn:D3ZG35	Dr:A2BF92	Mm:Q91V88;Rn:A0A0G2K8C1	Dr:B8A5G4
Q9HCK0	O15042	57684	23350	ZBTB26	U2SURP	chromatin immunoprecipitation assay	27924024	Homo sapiens	GTRD	No	Mm:Q6P9Q3;Rn:D3ZG35	Dr:A2BF92	Ce:Q95YF1;Dm:Q9W2N6;Mm:Q6NV83;Rn:D3ZAI0	Dr:B0S5J3
Q9HCK0	Q15041	57684	23204	ZBTB26	ARL6IP1	chromatin immunoprecipitation assay	27924024	Homo sapiens	GTRD	No	Mm:Q6P9Q3;Rn:D3ZG35	Dr:A2BF92	-	-
Q9HCK0	Q13636	57684	11031	ZBTB26	RAB31	chromatin immunoprecipitation assay	27924024	Homo sapiens	GTRD	No	Mm:Q6P9Q3;Rn:D3ZG35	Dr:A2BF92	-	Mm:Q921E2;Rn:Q6GQP4
Q9HCK0	Q0VDF9	57684	51182	ZBTB26	HSPA14	chromatin immunoprecipitation assay	27924024	Homo sapiens	GTRD	No	Mm:Q6P9Q3;Rn:D3ZG35	Dr:A2BF92	Dr:Q5RGE6;Mm:Q99M31;Rn:Q6AYB4	-
Q9HCK0	P25021	57684	3274	ZBTB26	HRH2	chromatin immunoprecipitation assay	27924024	Homo sapiens	GTRD	No	Mm:Q6P9Q3;Rn:D3ZG35	Dr:A2BF92	Mm:P97292	Rn:F1LNK8
Q9HCK0	P04920	57684	6522	ZBTB26	SLC4A2	chromatin immunoprecipitation assay	27924024	Homo sapiens	GTRD	No	Mm:Q6P9Q3;Rn:D3ZG35	Dr:A2BF92	Mm:A0A0R4J101;Rn:P23347	Dm:Q7KUD6;Dr:F1QGN4
Q9HCK0	Q9NX62	57684	54928	ZBTB26	BPNT2	chromatin immunoprecipitation assay	27924024	Homo sapiens	GTRD	No	Mm:Q6P9Q3;Rn:D3ZG35	Dr:A2BF92	Ce:Q5ZEQ3;Dm:Q9VYF2;Mm:Q80V26	Dr:Q2YDR3
Q9HCK0	Q99988	57684	9518	ZBTB26	GDF15	chromatin immunoprecipitation assay	27924024	Homo sapiens	GTRD	No	Mm:Q6P9Q3;Rn:D3ZG35	Dr:A2BF92	Mm:Q9Z0J7;Rn:G3V8K5	-
Q9HCK0	Q49A92	57684	116328	ZBTB26	C8orf34	chromatin immunoprecipitation assay	27924024	Homo sapiens	GTRD	No	Mm:Q6P9Q3;Rn:D3ZG35	Dr:A2BF92	Rn:D3ZPH6	Mm:B2RQF6
Q9HCK0	Q01955	57684	1285	ZBTB26	COL4A3	chromatin immunoprecipitation assay	27924024	Homo sapiens	GTRD	No	Mm:Q6P9Q3;Rn:D3ZG35	Dr:A2BF92	Mm:Q9QZS0;Rn:F1LRJ1	-
Q9HCK0	Q96B26	57684	11340	ZBTB26	EXOSC8	chromatin immunoprecipitation assay	27924024	Homo sapiens	GTRD	No	Mm:Q6P9Q3;Rn:D3ZG35	Dr:A2BF92	Ce:Q95QG7;Dr:Q4VBT6;Mm:Q9D753	Rn:A0A0G2K5A0
Q9HCK0	Q96BR5	57684	65260	ZBTB26	COA7	chromatin immunoprecipitation assay	27924024	Homo sapiens	GTRD	No	Mm:Q6P9Q3;Rn:D3ZG35	Dr:A2BF92	Ce:Q23450;Dm:Q9W5N0;Mm:Q921H9;Rn:D4AC65	Dr:Q5TYQ3
Q9HCK0	Q9NPR2	57684	10509	ZBTB26	SEMA4B	chromatin immunoprecipitation assay	27924024	Homo sapiens	GTRD	No	Mm:Q6P9Q3;Rn:D3ZG35	Dr:A2BF92	Dr:E7F898;Mm:Q62179;Rn:F1LSV0	Dm:M9PB77;Dr:F1QU86
Q9HCK0	Q86XP1	57684	160851	ZBTB26	DGKH	chromatin immunoprecipitation assay	27924024	Homo sapiens	GTRD	No	Mm:Q6P9Q3;Rn:D3ZG35	Dr:A2BF92	Dr:F1RC67	Rn:D3ZSZ6
Q9HCK0	Q15555	57684	10982	ZBTB26	MAPRE2	chromatin immunoprecipitation assay	27924024	Homo sapiens	GTRD	No	Mm:Q6P9Q3;Rn:D3ZG35	Dr:A2BF92	Mm:Q8R001;Rn:M0R7M8	Dr:A0A0J9YJI1
Q9HCK0	Q9P2D8	57684	57578	ZBTB26	UNC79	chromatin immunoprecipitation assay	27924024	Homo sapiens	GTRD	No	Mm:Q6P9Q3;Rn:D3ZG35	Dr:A2BF92	Mm:Q0KK59	Ce:G5ECI9;Dm:E1JIP9;Rn:D3ZSV8
Q9HCK0	Q13535	57684	545	ZBTB26	ATR	chromatin immunoprecipitation assay	27924024	Homo sapiens	GTRD	No	Mm:Q6P9Q3;Rn:D3ZG35	Dr:A2BF92	Dr:F1QMM7;Mm:A0A1L1SSL9;Rn:D3Z822	-
Q9HCK0	Q9NRA8	57684	56478	ZBTB26	EIF4ENIF1	chromatin immunoprecipitation assay	27924024	Homo sapiens	GTRD	No	Mm:Q6P9Q3;Rn:D3ZG35	Dr:A2BF92	Dr:Q5BL27;Mm:Q9EST3;Rn:D4ACF1	-
Q9HCK0	P0C875	57684	375190	ZBTB26	FAM228B	chromatin immunoprecipitation assay	27924024	Homo sapiens	GTRD	No	Mm:Q6P9Q3;Rn:D3ZG35	Dr:A2BF92	Mm:Q497Q6;Rn:M0R8F7	-
Q9HCK0	P61254	57684	6154	ZBTB26	RPL26	chromatin immunoprecipitation assay	27924024	Homo sapiens	GTRD	No	Mm:Q6P9Q3;Rn:D3ZG35	Dr:A2BF92	-	-
Q9HCK0	A0A096LNG9	57684	-	ZBTB26	-	chromatin immunoprecipitation assay	27924024	Homo sapiens	GTRD	No	Mm:Q6P9Q3;Rn:D3ZG35	Dr:A2BF92	-	-
Q9HCK0	Q9NW61	57684	55111	ZBTB26	PLEKHJ1	chromatin immunoprecipitation assay	27924024	Homo sapiens	GTRD	No	Mm:Q6P9Q3;Rn:D3ZG35	Dr:A2BF92	Dr:B0S660;Mm:Q9D240;Rn:B4F791	-
Q9HCK0	Q8N987	57684	64168	ZBTB26	NECAB1	chromatin immunoprecipitation assay	27924024	Homo sapiens	GTRD	No	Mm:Q6P9Q3;Rn:D3ZG35	Dr:A2BF92	Dr:Q568Q5;Mm:Q8BG18	Rn:Q9ESB5
Q9HCK0	Q96KE9	57684	90135	ZBTB26	BTBD6	chromatin immunoprecipitation assay	27924024	Homo sapiens	GTRD	No	Mm:Q6P9Q3;Rn:D3ZG35	Dr:A2BF92	-	-
Q9HCK0	Q6KB66	57684	144501	ZBTB26	KRT80	chromatin immunoprecipitation assay	27924024	Homo sapiens	GTRD	No	Mm:Q6P9Q3;Rn:D3ZG35	Dr:A2BF92	Mm:Q0VBK2;Rn:Q6IMF1	-
Q9HCK0	Q9UQR1	57684	7707	ZBTB26	ZNF148	chromatin immunoprecipitation assay	27924024	Homo sapiens	GTRD	No	Mm:Q6P9Q3;Rn:D3ZG35	Dr:A2BF92	Dr:A0MS83;Mm:Q61624;Rn:Q62806	-
Q9HCK0	P54753	57684	2049	ZBTB26	EPHB3	chromatin immunoprecipitation assay	27924024	Homo sapiens	GTRD	No	Mm:Q6P9Q3;Rn:D3ZG35	Dr:A2BF92	Mm:P54754;Rn:D3ZH39	-
Q9HCK0	Q8N5F7	57684	79576	ZBTB26	NKAP	chromatin immunoprecipitation assay	27924024	Homo sapiens	GTRD	No	Mm:Q6P9Q3;Rn:D3ZG35	Dr:A2BF92	Ce:Q966L6;Dm:Q9VB74;Mm:Q9D0F4;Rn:A0A0G2K4P5	-
Q9HCK0	P0C0S5	57684	3015	ZBTB26	H2AZ1	chromatin immunoprecipitation assay	27924024	Homo sapiens	GTRD	No	Mm:Q6P9Q3;Rn:D3ZG35	Dr:A2BF92	-	-
Q9HCK0	Q5T848	57684	57512	ZBTB26	GPR158	chromatin immunoprecipitation assay	27924024	Homo sapiens	GTRD	No	Mm:Q6P9Q3;Rn:D3ZG35	Dr:A2BF92	Mm:Q8C419;Rn:A0A0A0MY13	Dr:E9QIZ8
Q9HCK0	O15455	57684	7098	ZBTB26	TLR3	chromatin immunoprecipitation assay	27924024	Homo sapiens	GTRD	No	Mm:Q6P9Q3;Rn:D3ZG35	Dr:A2BF92	Mm:Q99MB1;Rn:F1LN63	Dr:B8JIL3
Q9HCK0	P29474	57684	4846	ZBTB26	NOS3	chromatin immunoprecipitation assay	27924024	Homo sapiens	GTRD	No	Mm:Q6P9Q3;Rn:D3ZG35	Dr:A2BF92	Mm:P70313	Rn:F1LQC7
Q9HCK0	P63173	57684	6169	ZBTB26	RPL38	chromatin immunoprecipitation assay	27924024	Homo sapiens	GTRD	No	Mm:Q6P9Q3;Rn:D3ZG35	Dr:A2BF92	Ce:O17570;Dm:Q9W5N2;Dr:Q6DGL9;Mm:Q9JJI8;Rn:D4A862;Rn:D4AD70;Rn:P63174;Sc:P49167	Rn:D3ZZH2
Q9HCK0	Q9BUG6	57684	79149	ZBTB26	ZSCAN5A	chromatin immunoprecipitation assay	27924024	Homo sapiens	GTRD	No	Mm:Q6P9Q3;Rn:D3ZG35	Dr:A2BF92	-	-
Q9HCK0	A0A2R8Y6S5	57684	-	ZBTB26	-	chromatin immunoprecipitation assay	27924024	Homo sapiens	GTRD	No	Mm:Q6P9Q3;Rn:D3ZG35	Dr:A2BF92	-	-
Q9HCK0	Q8TC44	57684	282809	ZBTB26	POC1B	chromatin immunoprecipitation assay	27924024	Homo sapiens	GTRD	No	Mm:Q6P9Q3;Rn:D3ZG35	Dr:A2BF92	Mm:Q8BHD1;Rn:A0A0A0MY03	-
Q9HCK0	O95747	57684	9943	ZBTB26	OXSR1	chromatin immunoprecipitation assay	27924024	Homo sapiens	GTRD	No	Mm:Q6P9Q3;Rn:D3ZG35	Dr:A2BF92	Ce:G5EEN4;Dr:Q6NWY2;Mm:Q6P9R2;Rn:D3ZUC9	-
Q9HCK0	Q9UPR0	57684	23228	ZBTB26	PLCL2	chromatin immunoprecipitation assay	27924024	Homo sapiens	GTRD	No	Mm:Q6P9Q3;Rn:D3ZG35	Dr:A2BF92	Mm:Q8K394	Rn:F1M324
Q9HCK0	P54652	57684	3306	ZBTB26	HSPA2	chromatin immunoprecipitation assay	27924024	Homo sapiens	GTRD	No	Mm:Q6P9Q3;Rn:D3ZG35	Dr:A2BF92	Mm:P17156;Rn:P14659	-
Q9HCK0	P35609	57684	88	ZBTB26	ACTN2	chromatin immunoprecipitation assay	27924024	Homo sapiens	GTRD	No	Mm:Q6P9Q3;Rn:D3ZG35	Dr:A2BF92	Mm:Q9JI91;Rn:D3ZCV0	Dr:E9QFR8
Q9HCK0	Q9UGK8	57684	26297	ZBTB26	SERGEF	chromatin immunoprecipitation assay	27924024	Homo sapiens	GTRD	No	Mm:Q6P9Q3;Rn:D3ZG35	Dr:A2BF92	Dr:F1QKS2;Mm:Q80YD6;Rn:D3ZN16	Dm:Q9VQ16
Q9HCK0	Q8TAQ9	57684	256979	ZBTB26	SUN3	chromatin immunoprecipitation assay	27924024	Homo sapiens	GTRD	No	Mm:Q6P9Q3;Rn:D3ZG35	Dr:A2BF92	Mm:Q5SS91;Rn:F1LY77	-
Q9HCK0	O95870	57684	7920	ZBTB26	ABHD16A	chromatin immunoprecipitation assay	27924024	Homo sapiens	GTRD	No	Mm:Q6P9Q3;Rn:D3ZG35	Dr:A2BF92	Ce:P41879;Dr:F1Q6S4;Mm:Q9Z1Q2;Rn:A0A0G2K0X5	-
Q9HCK0	Q9BX95	57684	81537	ZBTB26	SGPP1	chromatin immunoprecipitation assay	27924024	Homo sapiens	GTRD	No	Mm:Q6P9Q3;Rn:D3ZG35	Dr:A2BF92	Dr:F1QZ67;Mm:Q9JI99;Rn:F1LPB0	-
Q9HCK0	Q9BXY4	57684	84870	ZBTB26	RSPO3	chromatin immunoprecipitation assay	27924024	Homo sapiens	GTRD	No	Mm:Q6P9Q3;Rn:D3ZG35	Dr:A2BF92	Dr:F1R6D4;Mm:Q2TJ95;Rn:A7LKE6	-
Q9HCK0	K7ERU9	57684	-	ZBTB26	-	chromatin immunoprecipitation assay	27924024	Homo sapiens	GTRD	No	Mm:Q6P9Q3;Rn:D3ZG35	Dr:A2BF92	-	-
Q9HCK0	P62807	57684	3017;8339;8343;8344;8346;8347	ZBTB26	H2BC4;H2BC6;H2BC7;H2BC8;H2BC10	chromatin immunoprecipitation assay	27924024	Homo sapiens	GTRD	No	Mm:Q6P9Q3;Rn:D3ZG35	Dr:A2BF92	-	-
Q9HCK0	O15354	57684	2861	ZBTB26	GPR37	chromatin immunoprecipitation assay	27924024	Homo sapiens	GTRD	No	Mm:Q6P9Q3;Rn:D3ZG35	Dr:A2BF92	Mm:Q9QY42;Rn:Q9QYC6	-
Q9HCK0	Q7L590	57684	55388	ZBTB26	MCM10	chromatin immunoprecipitation assay	27924024	Homo sapiens	GTRD	No	Mm:Q6P9Q3;Rn:D3ZG35	Dr:A2BF92	Ce:Q9U2C2;Dm:Q9VIE6;Mm:Q0VBD2;Rn:D3Z8C4	Dr:Q5RHY1
Q9HCK0	Q9UHN1	57684	11232	ZBTB26	POLG2	chromatin immunoprecipitation assay	27924024	Homo sapiens	GTRD	No	Mm:Q6P9Q3;Rn:D3ZG35	Dr:A2BF92	Mm:Q9QZM2;Rn:D3ZYP7	Dr:E7F4P9
Q9HCK0	Q7Z3D6	57684	80017	ZBTB26	DGLUCY	chromatin immunoprecipitation assay	27924024	Homo sapiens	GTRD	No	Mm:Q6P9Q3;Rn:D3ZG35	Dr:A2BF92	Mm:Q8BH86;Rn:D4A9W3	-
Q9HCK0	O75072	57684	2218	ZBTB26	FKTN	chromatin immunoprecipitation assay	27924024	Homo sapiens	GTRD	No	Mm:Q6P9Q3;Rn:D3ZG35	Dr:A2BF92	Dr:B8JMA5;Mm:Q8R507;Rn:D3ZI33	-
Q9HCK0	Q8WUG5	57684	51310	ZBTB26	SLC22A17	chromatin immunoprecipitation assay	27924024	Homo sapiens	GTRD	No	Mm:Q6P9Q3;Rn:D3ZG35	Dr:A2BF92	Rn:Q9P290	Mm:A0A2I3BQG7
Q9HCK0	Q99685	57684	11343	ZBTB26	MGLL	chromatin immunoprecipitation assay	27924024	Homo sapiens	GTRD	No	Mm:Q6P9Q3;Rn:D3ZG35	Dr:A2BF92	Dr:Q7ZWC2;Mm:O35678;Sc:P28321	Rn:A0A0G2JYI5
Q9HCK0	Q8IYK4	57684	23127	ZBTB26	COLGALT2	chromatin immunoprecipitation assay	27924024	Homo sapiens	GTRD	No	Mm:Q6P9Q3;Rn:D3ZG35	Dr:A2BF92	Mm:Q6NVG7;Rn:D3Z9Z7	Dr:A9C3Q0
Q9HCK0	P11509	57684	1548	ZBTB26	CYP2A6	chromatin immunoprecipitation assay	27924024	Homo sapiens	GTRD	No	Mm:Q6P9Q3;Rn:D3ZG35	Dr:A2BF92	-	-
Q9HCK0	Q96CD2	57684	60490	ZBTB26	PPCDC	chromatin immunoprecipitation assay	27924024	Homo sapiens	GTRD	No	Mm:Q6P9Q3;Rn:D3ZG35	Dr:A2BF92	Ce:P91988;Dm:Q8MKK3;Dr:Q1LWK2;Mm:Q8BZB2;Rn:D3ZZZ5	-
Q9HCK0	Q96ES7	57684	112869	ZBTB26	SGF29	chromatin immunoprecipitation assay	27924024	Homo sapiens	GTRD	No	Mm:Q6P9Q3;Rn:D3ZG35	Dr:A2BF92	Dm:Q9W2I4;Dr:F1QQW7;Mm:Q9DA08;Rn:P0C606	-
Q9HCK0	Q9HBV1	57684	64208	ZBTB26	POPDC3	chromatin immunoprecipitation assay	27924024	Homo sapiens	GTRD	No	Mm:Q6P9Q3;Rn:D3ZG35	Dr:A2BF92	Dr:F1R6V1;Mm:Q9ES81;Rn:A0A096MJH9	-
Q9HCK0	K7EQU8	57684	-	ZBTB26	-	chromatin immunoprecipitation assay	27924024	Homo sapiens	GTRD	No	Mm:Q6P9Q3;Rn:D3ZG35	Dr:A2BF92	-	-
Q9HCK0	Q53F19	57684	55421	ZBTB26	NCBP3	chromatin immunoprecipitation assay	27924024	Homo sapiens	GTRD	No	Mm:Q6P9Q3;Rn:D3ZG35	Dr:A2BF92	Dr:F1QH50;Mm:Q8BZR9;Rn:D3ZXL5	-
Q9HCK0	Q13232	57684	4832	ZBTB26	NME3	chromatin immunoprecipitation assay	27924024	Homo sapiens	GTRD	No	Mm:Q6P9Q3;Rn:D3ZG35	Dr:A2BF92	Dr:Q9PTF3;Mm:Q9WV85;Rn:G3V816	-
Q9HCK0	Q96FV0	57684	90506	ZBTB26	LRRC46	chromatin immunoprecipitation assay	27924024	Homo sapiens	GTRD	No	Mm:Q6P9Q3;Rn:D3ZG35	Dr:A2BF92	Mm:Q9DAP0;Rn:G3V7B2	-
Q9HCK0	Q9Y484	57684	11152	ZBTB26	WDR45	chromatin immunoprecipitation assay	27924024	Homo sapiens	GTRD	No	Mm:Q6P9Q3;Rn:D3ZG35	Dr:A2BF92	-	-
Q9HCK0	Q8N684	57684	79869	ZBTB26	CPSF7	chromatin immunoprecipitation assay	27924024	Homo sapiens	GTRD	No	Mm:Q6P9Q3;Rn:D3ZG35	Dr:A2BF92	Mm:Q8BTV2;Rn:Q5XI29	-
Q9HCK0	P47211	57684	2587	ZBTB26	GALR1	chromatin immunoprecipitation assay	27924024	Homo sapiens	GTRD	No	Mm:Q6P9Q3;Rn:D3ZG35	Dr:A2BF92	Mm:P56479;Rn:Q62805	-
Q9HCK0	Q7KZN9	57684	1355	ZBTB26	COX15	chromatin immunoprecipitation assay	27924024	Homo sapiens	GTRD	No	Mm:Q6P9Q3;Rn:D3ZG35	Dr:A2BF92	Ce:Q22251;Dm:Q9W1F5;Mm:Q8BJ03;Rn:D4A414;Sc:P40086	Dr:F1R355
Q9HCK0	Q8WVV9	57684	92906	ZBTB26	HNRNPLL	chromatin immunoprecipitation assay	27924024	Homo sapiens	GTRD	No	Mm:Q6P9Q3;Rn:D3ZG35	Dr:A2BF92	-	-
Q9HCK0	Q53GT1	57684	84861	ZBTB26	KLHL22	chromatin immunoprecipitation assay	27924024	Homo sapiens	GTRD	No	Mm:Q6P9Q3;Rn:D3ZG35	Dr:A2BF92	Dm:Q9VRA7;Mm:Q99JN2	Dr:F1Q9R3;Rn:A0A0G2KA06
Q9HCK0	P01009	57684	5265	ZBTB26	SERPINA1	chromatin immunoprecipitation assay	27924024	Homo sapiens	GTRD	No	Mm:Q6P9Q3;Rn:D3ZG35	Dr:A2BF92	Mm:P22599;Mm:Q00897;Mm:P07758;Mm:A0A0R4J0X5;Mm:Q00898;Rn:A0A0G2JZ73	Dr:Q5SPJ1
Q9HCK0	Q32P41	57684	57570	ZBTB26	TRMT5	chromatin immunoprecipitation assay	27924024	Homo sapiens	GTRD	No	Mm:Q6P9Q3;Rn:D3ZG35	Dr:A2BF92	-	-
Q9HCK0	Q9Y6G9	57684	51143	ZBTB26	DYNC1LI1	chromatin immunoprecipitation assay	27924024	Homo sapiens	GTRD	No	Mm:Q6P9Q3;Rn:D3ZG35	Dr:A2BF92	Mm:Q8R1Q8	Dr:Q1LUM9;Rn:G3V7G0
Q9HCK0	Q6PH81	57684	388272	ZBTB26	C16orf87	chromatin immunoprecipitation assay	27924024	Homo sapiens	GTRD	No	Mm:Q6P9Q3;Rn:D3ZG35	Dr:A2BF92	Mm:Q9CR55;Rn:B2RZC8	Dr:A0A1N8PGD4
Q9HCK0	H7C469	57684	-	ZBTB26	-	chromatin immunoprecipitation assay	27924024	Homo sapiens	GTRD	No	Mm:Q6P9Q3;Rn:D3ZG35	Dr:A2BF92	-	-
Q9HCK0	Q9NR34	57684	57134	ZBTB26	MAN1C1	chromatin immunoprecipitation assay	27924024	Homo sapiens	GTRD	No	Mm:Q6P9Q3;Rn:D3ZG35	Dr:A2BF92	Mm:Q6NXK9;Rn:D3Z979	Dr:A0A140LGE1
Q9HCK0	P05787	57684	3856	ZBTB26	KRT8	chromatin immunoprecipitation assay	27924024	Homo sapiens	GTRD	No	Mm:Q6P9Q3;Rn:D3ZG35	Dr:A2BF92	Mm:P11679;Rn:Q10758	Dr:E9QBD7;Dr:F1QK60
Q9HCK0	Q9HAV0	57684	59345	ZBTB26	GNB4	chromatin immunoprecipitation assay	27924024	Homo sapiens	GTRD	No	Mm:Q6P9Q3;Rn:D3ZG35	Dr:A2BF92	Mm:P29387	Dr:E7F0T7;Rn:A0A0G2K8M9
Q9HCK0	Q6PJG6	57684	221927	ZBTB26	BRAT1	chromatin immunoprecipitation assay	27924024	Homo sapiens	GTRD	No	Mm:Q6P9Q3;Rn:D3ZG35	Dr:A2BF92	Dr:Q1RLU1;Mm:Q8C3R1;Rn:D3ZSM9	-
Q9HCK0	Q9Y2U9	57684	23588	ZBTB26	KLHDC2	chromatin immunoprecipitation assay	27924024	Homo sapiens	GTRD	No	Mm:Q6P9Q3;Rn:D3ZG35	Dr:A2BF92	Mm:Q4G5Y1;Rn:Q3KRE6	-
Q9HCK0	Q13131	57684	5562	ZBTB26	PRKAA1	chromatin immunoprecipitation assay	27924024	Homo sapiens	GTRD	No	Mm:Q6P9Q3;Rn:D3ZG35	Dr:A2BF92	Mm:Q5EG47;Rn:P54645	Dr:A5WUM0
Q9HCK0	Q96K75	57684	84874	ZBTB26	ZNF514	chromatin immunoprecipitation assay	27924024	Homo sapiens	GTRD	No	Mm:Q6P9Q3;Rn:D3ZG35	Dr:A2BF92	-	-
Q9HCK0	P19387	57684	5432	ZBTB26	POLR2C	chromatin immunoprecipitation assay	27924024	Homo sapiens	GTRD	No	Mm:Q6P9Q3;Rn:D3ZG35	Dr:A2BF92	Ce:Q93338;Dm:O97183;Dr:Q7ZV11;Mm:P97760;Rn:Q5EB90;Sc:P16370	-
Q9HCK0	Q8WYH8	57684	84289	ZBTB26	ING5	chromatin immunoprecipitation assay	27924024	Homo sapiens	GTRD	No	Mm:Q6P9Q3;Rn:D3ZG35	Dr:A2BF92	Dr:A5WVS7;Mm:Q9D8Y8;Rn:B2RZ71	-
Q9HCK0	Q9NY72	57684	55800	ZBTB26	SCN3B	chromatin immunoprecipitation assay	27924024	Homo sapiens	GTRD	No	Mm:Q6P9Q3;Rn:D3ZG35	Dr:A2BF92	Mm:Q8BHK2;Rn:Q9JK00	Dr:F8W4B3
Q9HCK0	Q10586	57684	1628	ZBTB26	DBP	chromatin immunoprecipitation assay	27924024	Homo sapiens	GTRD	No	Mm:Q6P9Q3;Rn:D3ZG35	Dr:A2BF92	Mm:Q60925;Rn:P16443	-
Q9HCK0	Q9P0S9	57684	51522	ZBTB26	TMEM14C	chromatin immunoprecipitation assay	27924024	Homo sapiens	GTRD	No	Mm:Q6P9Q3;Rn:D3ZG35	Dr:A2BF92	Dr:A0A2R8QK55;Mm:Q9CQN6;Rn:M0R701;Rn:B0BNJ9	-
Q9HCK0	Q9C004	57684	81848	ZBTB26	SPRY4	chromatin immunoprecipitation assay	27924024	Homo sapiens	GTRD	No	Mm:Q6P9Q3;Rn:D3ZG35	Dr:A2BF92	Dr:F1QZW4;Mm:Q9WTP2;Rn:D3ZJA3	-
Q9HCK0	Q9Y383	57684	51631	ZBTB26	LUC7L2	chromatin immunoprecipitation assay	27924024	Homo sapiens	GTRD	No	Mm:Q6P9Q3;Rn:D3ZG35	Dr:A2BF92	-	-
Q9HCK0	Q86XN8	57684	399664	ZBTB26	MEX3D	chromatin immunoprecipitation assay	27924024	Homo sapiens	GTRD	No	Mm:Q6P9Q3;Rn:D3ZG35	Dr:A2BF92	Mm:D3YTR3;Rn:F1M5V7	-
Q9HCK0	Q7Z3S9	57684	388677	ZBTB26	NOTCH2NLA	chromatin immunoprecipitation assay	27924024	Homo sapiens	GTRD	No	Mm:Q6P9Q3;Rn:D3ZG35	Dr:A2BF92	-	-
Q9HCK0	Q96GE5	57684	90576	ZBTB26	ZNF799	chromatin immunoprecipitation assay	27924024	Homo sapiens	GTRD	No	Mm:Q6P9Q3;Rn:D3ZG35	Dr:A2BF92	-	-
Q9HCK0	H3BV83	57684	-	ZBTB26	-	chromatin immunoprecipitation assay	27924024	Homo sapiens	GTRD	No	Mm:Q6P9Q3;Rn:D3ZG35	Dr:A2BF92	-	-
Q9HCK0	M0QYU6	57684	-	ZBTB26	-	chromatin immunoprecipitation assay	27924024	Homo sapiens	GTRD	No	Mm:Q6P9Q3;Rn:D3ZG35	Dr:A2BF92	-	-
Q9HCK0	Q96C36	57684	29920	ZBTB26	PYCR2	chromatin immunoprecipitation assay	27924024	Homo sapiens	GTRD	No	Mm:Q6P9Q3;Rn:D3ZG35	Dr:A2BF92	Rn:Q6AY23	-
Q9HCK0	Q99259	57684	2571	ZBTB26	GAD1	chromatin immunoprecipitation assay	27924024	Homo sapiens	GTRD	No	Mm:Q6P9Q3;Rn:D3ZG35	Dr:A2BF92	Mm:P48318;Rn:P18088	Dr:F1Q5U5
Q9HCK0	Q08426	57684	1962	ZBTB26	EHHADH	chromatin immunoprecipitation assay	27924024	Homo sapiens	GTRD	No	Mm:Q6P9Q3;Rn:D3ZG35	Dr:A2BF92	Dr:Q6NYL3;Mm:Q9DBM2;Rn:P07896	-
Q9HCK0	Q8WV92	57684	129531	ZBTB26	MITD1	chromatin immunoprecipitation assay	27924024	Homo sapiens	GTRD	No	Mm:Q6P9Q3;Rn:D3ZG35	Dr:A2BF92	Ce:Q95Q05;Dm:Q8MLV2;Dm:Q9VZK1;Mm:Q8VDV8	Dr:B0S8J9;Rn:Q5I0J5
Q9HCK0	P01031	57684	727	ZBTB26	C5	chromatin immunoprecipitation assay	27924024	Homo sapiens	GTRD	No	Mm:Q6P9Q3;Rn:D3ZG35	Dr:A2BF92	Mm:P06684;Rn:A0A096P6L9	Dr:E7FCV2
Q9HCK0	Q15050	57684	23212	ZBTB26	RRS1	chromatin immunoprecipitation assay	27924024	Homo sapiens	GTRD	No	Mm:Q6P9Q3;Rn:D3ZG35	Dr:A2BF92	Ce:Q9XVT0;Dm:Q8I937;Dr:Q7SX91;Mm:Q9CYH6;Rn:A1A5P2	-
Q9HCK0	Q9NSB8	57684	9455	ZBTB26	HOMER2	chromatin immunoprecipitation assay	27924024	Homo sapiens	GTRD	No	Mm:Q6P9Q3;Rn:D3ZG35	Dr:A2BF92	Mm:Q9QWW1;Rn:O88801	Dm:Q9VM94
Q9HCK0	Q9HBE5	57684	50615	ZBTB26	IL21R	chromatin immunoprecipitation assay	27924024	Homo sapiens	GTRD	No	Mm:Q6P9Q3;Rn:D3ZG35	Dr:A2BF92	Mm:Q9JHX3	Dr:X1WC58;Rn:Q5EBB1
Q9HCK0	Q5VYV7	57684	128710	ZBTB26	SLX4IP	chromatin immunoprecipitation assay	27924024	Homo sapiens	GTRD	No	Mm:Q6P9Q3;Rn:D3ZG35	Dr:A2BF92	Mm:Q9D7Y9	Rn:M0R893
Q9HCK0	Q92797	57684	8189	ZBTB26	SYMPK	chromatin immunoprecipitation assay	27924024	Homo sapiens	GTRD	No	Mm:Q6P9Q3;Rn:D3ZG35	Dr:A2BF92	Ce:O16929;Dm:Q8MSU4;Dr:A0A0R4I9D6;Rn:F1LSH0	Mm:Q80X82
Q9HCK0	P40424	57684	5087	ZBTB26	PBX1	chromatin immunoprecipitation assay	27924024	Homo sapiens	GTRD	No	Mm:Q6P9Q3;Rn:D3ZG35	Dr:A2BF92	Dr:F1QSY5;Mm:P41778	Dr:Q9I9B6;Rn:D3ZJI6
Q9HCK0	Q3KQU3	57684	55700	ZBTB26	MAP7D1	chromatin immunoprecipitation assay	27924024	Homo sapiens	GTRD	No	Mm:Q6P9Q3;Rn:D3ZG35	Dr:A2BF92	Mm:A2AJI0;Rn:D4A644	Dr:A0A0R4IEP5
Q9HCK0	Q9BZZ5	57684	8539	ZBTB26	API5	chromatin immunoprecipitation assay	27924024	Homo sapiens	GTRD	No	Mm:Q6P9Q3;Rn:D3ZG35	Dr:A2BF92	Dm:Q9V431;Dr:R4GDP5;Mm:O35841;Rn:B1WC49	-
Q9HCK0	Q9P2E7	57684	57575	ZBTB26	PCDH10	chromatin immunoprecipitation assay	27924024	Homo sapiens	GTRD	No	Mm:Q6P9Q3;Rn:D3ZG35	Dr:A2BF92	Dr:Q805F0;Mm:E9PXQ7;Rn:F1M6B6	-
Q9HCK0	O43903	57684	2620	ZBTB26	GAS2	chromatin immunoprecipitation assay	27924024	Homo sapiens	GTRD	No	Mm:Q6P9Q3;Rn:D3ZG35	Dr:A2BF92	Mm:P11862;Rn:G3V857	-
Q9HCK0	Q4ZG55	57684	9687	ZBTB26	GREB1	chromatin immunoprecipitation assay	27924024	Homo sapiens	GTRD	No	Mm:Q6P9Q3;Rn:D3ZG35	Dr:A2BF92	Dr:F1QAG4;Mm:Q3UHK3	Rn:F1LW89
Q9HCK0	Q69YQ0	57684	23384	ZBTB26	SPECC1L	chromatin immunoprecipitation assay	27924024	Homo sapiens	GTRD	No	Mm:Q6P9Q3;Rn:D3ZG35	Dr:A2BF92	-	-
Q9HCK0	Q96EE3	57684	81929	ZBTB26	SEH1L	chromatin immunoprecipitation assay	27924024	Homo sapiens	GTRD	No	Mm:Q6P9Q3;Rn:D3ZG35	Dr:A2BF92	Ce:O45933;Dm:Q7K2X8;Dr:Q6TGU2;Mm:Q8R2U0;Sc:P53011	-
Q9HCK0	P54762	57684	2047	ZBTB26	EPHB1	chromatin immunoprecipitation assay	27924024	Homo sapiens	GTRD	No	Mm:Q6P9Q3;Rn:D3ZG35	Dr:A2BF92	Mm:Q8CBF3;Rn:P09759	-
Q9HCK0	H3BT81	57684	-	ZBTB26	-	chromatin immunoprecipitation assay	27924024	Homo sapiens	GTRD	No	Mm:Q6P9Q3;Rn:D3ZG35	Dr:A2BF92	-	-
Q9HCK0	H3BTX0	57684	-	ZBTB26	-	chromatin immunoprecipitation assay	27924024	Homo sapiens	GTRD	No	Mm:Q6P9Q3;Rn:D3ZG35	Dr:A2BF92	Mm:F6V0H0	-
Q9HCK0	Q9NYF5	57684	51306	ZBTB26	FAM13B	chromatin immunoprecipitation assay	27924024	Homo sapiens	GTRD	No	Mm:Q6P9Q3;Rn:D3ZG35	Dr:A2BF92	Mm:Q8K2H3;Rn:D3ZJY0	Dr:E7FEF1
Q9HCK0	Q92696	57684	5875	ZBTB26	RABGGTA	chromatin immunoprecipitation assay	27924024	Homo sapiens	GTRD	No	Mm:Q6P9Q3;Rn:D3ZG35	Dr:A2BF92	Ce:Q9TYY0;Dm:Q9VN77;Dr:F1QJ77;Mm:Q9JHK4;Rn:Q08602	-
Q9HCK0	Q9H9A5	57684	25904	ZBTB26	CNOT10	chromatin immunoprecipitation assay	27924024	Homo sapiens	GTRD	No	Mm:Q6P9Q3;Rn:D3ZG35	Dr:A2BF92	Dm:Q9V3G6;Mm:Q8BH15	Dr:E7FA32;Rn:A0A0G2K8P0
Q9HCK0	P40938	57684	5983	ZBTB26	RFC3	chromatin immunoprecipitation assay	27924024	Homo sapiens	GTRD	No	Mm:Q6P9Q3;Rn:D3ZG35	Dr:A2BF92	Ce:Q18547;Dm:Q9U9Q1;Dr:A7MCR5;Mm:Q8R323;Rn:Q5M830;Sc:P38251	-
Q9HCK0	Q0VF96	57684	84952	ZBTB26	CGNL1	chromatin immunoprecipitation assay	27924024	Homo sapiens	GTRD	No	Mm:Q6P9Q3;Rn:D3ZG35	Dr:A2BF92	Ce:A0A0K3AX73;Dr:F1R1I5;Mm:B2RSU6;Rn:D4A3V5	-
Q9HCK0	O95980	57684	8434	ZBTB26	RECK	chromatin immunoprecipitation assay	27924024	Homo sapiens	GTRD	No	Mm:Q6P9Q3;Rn:D3ZG35	Dr:A2BF92	Dm:Q9VUJ2;Dr:A0A0R4IKU3;Mm:Q9Z0J1;Rn:A0A0G2JZ40	-
Q9HCK0	Q8N157	57684	54806	ZBTB26	AHI1	chromatin immunoprecipitation assay	27924024	Homo sapiens	GTRD	No	Mm:Q6P9Q3;Rn:D3ZG35	Dr:A2BF92	Mm:E9QP54	Dr:F8W3V6;Rn:F1M9F9
Q9HCK0	P62917	57684	6132	ZBTB26	RPL8	chromatin immunoprecipitation assay	27924024	Homo sapiens	GTRD	No	Mm:Q6P9Q3;Rn:D3ZG35	Dr:A2BF92	Ce:Q9XVF7;Dm:Q9V3G1;Dr:Q6P0V6;Mm:P62918;Sc:P0CX45	Rn:P62919
Q9HCK0	Q96CB9	57684	387338	ZBTB26	NSUN4	chromatin immunoprecipitation assay	27924024	Homo sapiens	GTRD	No	Mm:Q6P9Q3;Rn:D3ZG35	Dr:A2BF92	-	-
Q9HCK0	Q07699	57684	6324	ZBTB26	SCN1B	chromatin immunoprecipitation assay	27924024	Homo sapiens	GTRD	No	Mm:Q6P9Q3;Rn:D3ZG35	Dr:A2BF92	Mm:P97952;Rn:Q00954	Dr:Q06W32;Dr:A0A0H2UKN7
Q9HCK0	Q13443	57684	8754	ZBTB26	ADAM9	chromatin immunoprecipitation assay	27924024	Homo sapiens	GTRD	No	Mm:Q6P9Q3;Rn:D3ZG35	Dr:A2BF92	Ce:G5EDW5;Dr:F1QU24;Rn:E9PTA4	Mm:A0A140LHU0
Q9HCK0	P0C7X2	57684	146542	ZBTB26	ZNF688	chromatin immunoprecipitation assay	27924024	Homo sapiens	GTRD	No	Mm:Q6P9Q3;Rn:D3ZG35	Dr:A2BF92	Mm:E9Q5M9;Rn:D3ZAB7	-
Q9HCK0	Q96H72	57684	91252	ZBTB26	SLC39A13	chromatin immunoprecipitation assay	27924024	Homo sapiens	GTRD	No	Mm:Q6P9Q3;Rn:D3ZG35	Dr:A2BF92	Ce:Q17996;Dm:Q9VAF0;Mm:Q8BZH0;Rn:Q2M1K6;Sc:P40544	Dr:F1R7I6
Q9HCK0	P78537	57684	2647	ZBTB26	BLOC1S1	chromatin immunoprecipitation assay	27924024	Homo sapiens	GTRD	No	Mm:Q6P9Q3;Rn:D3ZG35	Dr:A2BF92	Dm:A1Z9S1	-
Q9HCK0	Q9HBT8	57684	57335	ZBTB26	ZNF286A	chromatin immunoprecipitation assay	27924024	Homo sapiens	GTRD	No	Mm:Q6P9Q3;Rn:D3ZG35	Dr:A2BF92	-	-
Q9HCK0	Q5VUG0	57684	57713	ZBTB26	SFMBT2	chromatin immunoprecipitation assay	27924024	Homo sapiens	GTRD	No	Mm:Q6P9Q3;Rn:D3ZG35	Dr:A2BF92	-	Mm:Q3UH07;Rn:D4A643
Q9HCK0	Q8NI08	57684	135112	ZBTB26	NCOA7	chromatin immunoprecipitation assay	27924024	Homo sapiens	GTRD	No	Mm:Q6P9Q3;Rn:D3ZG35	Dr:A2BF92	Mm:Q6DFV7;Rn:F1LWN1	-
Q9HCK0	P42857	57684	27065	ZBTB26	NSG1	chromatin immunoprecipitation assay	27924024	Homo sapiens	GTRD	No	Mm:Q6P9Q3;Rn:D3ZG35	Dr:A2BF92	Mm:Q62092;Rn:P02683	-
Q9HCK0	Q96FT7	57684	55515	ZBTB26	ASIC4	chromatin immunoprecipitation assay	27924024	Homo sapiens	GTRD	No	Mm:Q6P9Q3;Rn:D3ZG35	Dr:A2BF92	-	-
Q9HCK0	P40222	57684	200081	ZBTB26	TXLNA	chromatin immunoprecipitation assay	27924024	Homo sapiens	GTRD	No	Mm:Q6P9Q3;Rn:D3ZG35	Dr:A2BF92	Mm:Q6PAM1;Rn:B2GV14	Dr:A5D6U5
Q9HCK0	Q9ULA0	57684	23549	ZBTB26	DNPEP	chromatin immunoprecipitation assay	27924024	Homo sapiens	GTRD	No	Mm:Q6P9Q3;Rn:D3ZG35	Dr:A2BF92	Ce:Q19087;Mm:Q9Z2W0;Rn:Q4V8H5;Sc:P38821	Dr:F1QRP8
Q9HCK0	Q32P28	57684	64175	ZBTB26	P3H1	chromatin immunoprecipitation assay	27924024	Homo sapiens	GTRD	No	Mm:Q6P9Q3;Rn:D3ZG35	Dr:A2BF92	Rn:A0A0G2K199	Dr:A0A0R4I9E8;Mm:A2A7Q5
Q9HCK0	Q7Z3E5	57684	80210	ZBTB26	ARMC9	chromatin immunoprecipitation assay	27924024	Homo sapiens	GTRD	No	Mm:Q6P9Q3;Rn:D3ZG35	Dr:A2BF92	Mm:Q9D2I5;Rn:F1M3U9	-
Q9HCK0	Q5FWF5	57684	114799	ZBTB26	ESCO1	chromatin immunoprecipitation assay	27924024	Homo sapiens	GTRD	No	Mm:Q6P9Q3;Rn:D3ZG35	Dr:A2BF92	-	Rn:B2GUX2
Q9HCK0	Q8TB52	57684	84085	ZBTB26	FBXO30	chromatin immunoprecipitation assay	27924024	Homo sapiens	GTRD	No	Mm:Q6P9Q3;Rn:D3ZG35	Dr:A2BF92	Dr:F1QQR6;Mm:Q8BJL1;Rn:Q5XI67	-
Q9HCK0	A0A1B0GW73	57684	-	ZBTB26	-	chromatin immunoprecipitation assay	27924024	Homo sapiens	GTRD	No	Mm:Q6P9Q3;Rn:D3ZG35	Dr:A2BF92	-	-
Q9HCK0	Q6NSJ5	57684	80131	ZBTB26	LRRC8E	chromatin immunoprecipitation assay	27924024	Homo sapiens	GTRD	No	Mm:Q6P9Q3;Rn:D3ZG35	Dr:A2BF92	Mm:Q66JT1;Rn:Q3KRC6	Dr:E7FB32
Q9HCK0	Q8IYL3	57684	339448	ZBTB26	C1orf174	chromatin immunoprecipitation assay	27924024	Homo sapiens	GTRD	No	Mm:Q6P9Q3;Rn:D3ZG35	Dr:A2BF92	Mm:Q80WR5;Rn:G3V981	-
Q9HCK0	A0A1B0GV72	57684	-	ZBTB26	-	chromatin immunoprecipitation assay	27924024	Homo sapiens	GTRD	No	Mm:Q6P9Q3;Rn:D3ZG35	Dr:A2BF92	-	-
Q9HCK0	V9GYH0	57684	-	ZBTB26	-	chromatin immunoprecipitation assay	27924024	Homo sapiens	GTRD	No	Mm:Q6P9Q3;Rn:D3ZG35	Dr:A2BF92	-	-
Q9HCK0	Q13118	57684	7071	ZBTB26	KLF10	chromatin immunoprecipitation assay	27924024	Homo sapiens	GTRD	No	Mm:Q6P9Q3;Rn:D3ZG35	Dr:A2BF92	Mm:O89091;Rn:O08876	-
Q9HCK0	P40121	57684	822	ZBTB26	CAPG	chromatin immunoprecipitation assay	27924024	Homo sapiens	GTRD	No	Mm:Q6P9Q3;Rn:D3ZG35	Dr:A2BF92	Ce:Q21253;Dr:A0A0R4IML0	Mm:Q99LB4;Rn:Q6AYC4
Q9HCK0	O60500	57684	4868	ZBTB26	NPHS1	chromatin immunoprecipitation assay	27924024	Homo sapiens	GTRD	No	Mm:Q6P9Q3;Rn:D3ZG35	Dr:A2BF92	Ce:Q9U3P2;Mm:Q9QZS7;Rn:A0A140TAG4	Dm:A1Z7J1;Dm:Q8MRA3;Dr:F8W3X9
Q9HCK0	Q9NY59	57684	55512	ZBTB26	SMPD3	chromatin immunoprecipitation assay	27924024	Homo sapiens	GTRD	No	Mm:Q6P9Q3;Rn:D3ZG35	Dr:A2BF92	Dr:B1B5D9;Mm:Q9JJY3;Rn:D4A8L3	-
Q9HCK0	Q6DD88	57684	25923	ZBTB26	ATL3	chromatin immunoprecipitation assay	27924024	Homo sapiens	GTRD	No	Mm:Q6P9Q3;Rn:D3ZG35	Dr:A2BF92	Dr:A2CEM4;Mm:Q91YH5;Rn:A0A0G2JSS9	-
Q9HCK0	Q9HBW0	57684	9170	ZBTB26	LPAR2	chromatin immunoprecipitation assay	27924024	Homo sapiens	GTRD	No	Mm:Q6P9Q3;Rn:D3ZG35	Dr:A2BF92	Dr:F1Q734;Mm:Q6P290;Rn:A0A0G2K505	-
Q9HCK0	Q9HB71	57684	27101	ZBTB26	CACYBP	chromatin immunoprecipitation assay	27924024	Homo sapiens	GTRD	No	Mm:Q6P9Q3;Rn:D3ZG35	Dr:A2BF92	Dm:Q9W3Y3;Mm:Q9CXW3;Rn:Q6AYK6	Dr:B0S6K3
Q9HCK0	Q8IWI9	57684	23269	ZBTB26	MGA	chromatin immunoprecipitation assay	27924024	Homo sapiens	GTRD	No	Mm:Q6P9Q3;Rn:D3ZG35	Dr:A2BF92	-	Mm:E9QLG3;Rn:D3ZP58
Q9HCK0	Q9H9P8	57684	79944	ZBTB26	L2HGDH	chromatin immunoprecipitation assay	27924024	Homo sapiens	GTRD	No	Mm:Q6P9Q3;Rn:D3ZG35	Dr:A2BF92	Ce:Q9N4Z0;Dm:Q9VJ28;Dr:B8A6D3;Mm:Q91YP0;Rn:D3ZVS2	-
Q9HCK0	A4D0V7	57684	79974	ZBTB26	CPED1	chromatin immunoprecipitation assay	27924024	Homo sapiens	GTRD	No	Mm:Q6P9Q3;Rn:D3ZG35	Dr:A2BF92	Mm:B2RX70;Rn:A0A0G2QC10	Dr:F1Q4M6
Q9HCK0	Q6TCH7	57684	152559	ZBTB26	PAQR3	chromatin immunoprecipitation assay	27924024	Homo sapiens	GTRD	No	Mm:Q6P9Q3;Rn:D3ZG35	Dr:A2BF92	Ce:Q9U1V1;Mm:Q6TCG8;Rn:Q6AXP7	Dm:A0A0B4KGP3
Q9HCK0	Q8N6Y2	57684	10234	ZBTB26	LRRC17	chromatin immunoprecipitation assay	27924024	Homo sapiens	GTRD	No	Mm:Q6P9Q3;Rn:D3ZG35	Dr:A2BF92	Dr:F1R0N0;Mm:Q9CXD9;Rn:Q6AYD0	-
Q9HCK0	H0UI37	57684	100130890	ZBTB26	TSTD3	chromatin immunoprecipitation assay	27924024	Homo sapiens	GTRD	No	Mm:Q6P9Q3;Rn:D3ZG35	Dr:A2BF92	-	-
Q9HCK0	Q9BU79	57684	79161	ZBTB26	TMEM243	chromatin immunoprecipitation assay	27924024	Homo sapiens	GTRD	No	Mm:Q6P9Q3;Rn:D3ZG35	Dr:A2BF92	Dr:Q6NWJ1;Mm:B2RVB9;Rn:G3V9U5	-
Q9HCK0	Q8NG06	57684	25893	ZBTB26	TRIM58	chromatin immunoprecipitation assay	27924024	Homo sapiens	GTRD	No	Mm:Q6P9Q3;Rn:D3ZG35	Dr:A2BF92	Mm:Q5NCC9	Rn:D3ZYF5
Q9HCK0	P46695	57684	8870	ZBTB26	IER3	chromatin immunoprecipitation assay	27924024	Homo sapiens	GTRD	No	Mm:Q6P9Q3;Rn:D3ZG35	Dr:A2BF92	Mm:Q91VZ5;Rn:Q6MG18	-
Q9HCK0	Q9Y6H8	57684	2700	ZBTB26	GJA3	chromatin immunoprecipitation assay	27924024	Homo sapiens	GTRD	No	Mm:Q6P9Q3;Rn:D3ZG35	Dr:A2BF92	Mm:Q64448;Rn:G3V747	Dr:Q8JFD2
Q9HCK0	Q8TCD6	57684	493911	ZBTB26	PHOSPHO2	chromatin immunoprecipitation assay	27924024	Homo sapiens	GTRD	No	Mm:Q6P9Q3;Rn:D3ZG35	Dr:A2BF92	Dm:Q9VWF0;Dr:A9JRB9;Mm:Q9D9M5;Rn:Q66HC4	-
Q9HCK0	Q13017	57684	394	ZBTB26	ARHGAP5	chromatin immunoprecipitation assay	27924024	Homo sapiens	GTRD	No	Mm:Q6P9Q3;Rn:D3ZG35	Dr:A2BF92	Dr:F1R372;Mm:E9PYT0;Rn:A0A0G2K7N9	-
Q9HCK0	Q9BZL1	57684	59286	ZBTB26	UBL5	chromatin immunoprecipitation assay	27924024	Homo sapiens	GTRD	No	Mm:Q6P9Q3;Rn:D3ZG35	Dr:A2BF92	Ce:P91302;Dm:Q9V998;Mm:Q9EPV8;Rn:A9UMW0;Sc:Q6Q546	Mm:A0A1Y7VKT9
Q9HCK0	P27037	57684	92	ZBTB26	ACVR2A	chromatin immunoprecipitation assay	27924024	Homo sapiens	GTRD	No	Mm:Q6P9Q3;Rn:D3ZG35	Dr:A2BF92	Mm:P27038;Rn:F1MA24	-
Q9HCK0	Q96DT5	57684	8701	ZBTB26	DNAH11	chromatin immunoprecipitation assay	27924024	Homo sapiens	GTRD	No	Mm:Q6P9Q3;Rn:D3ZG35	Dr:A2BF92	Mm:E9Q7N9;Rn:E9PU24	-
Q9HCK0	Q96D46	57684	51068	ZBTB26	NMD3	chromatin immunoprecipitation assay	27924024	Homo sapiens	GTRD	No	Mm:Q6P9Q3;Rn:D3ZG35	Dr:A2BF92	Ce:Q22792;Dm:O46050;Dr:Q5BLF0;Mm:Q99L48;Sc:P38861	Rn:F6PUQ7
Q9HCK0	Q9BQE9	57684	9275	ZBTB26	BCL7B	chromatin immunoprecipitation assay	27924024	Homo sapiens	GTRD	No	Mm:Q6P9Q3;Rn:D3ZG35	Dr:A2BF92	Dr:A2BIL8;Mm:Q921K9;Rn:B1H245	Dr:Q6NWJ0
Q9HCK0	Q5T5U3	57684	57584	ZBTB26	ARHGAP21	chromatin immunoprecipitation assay	27924024	Homo sapiens	GTRD	No	Mm:Q6P9Q3;Rn:D3ZG35	Dr:A2BF92	Dr:F1QST2;Rn:F1LXQ7	Mm:B7ZCJ0
Q9HCK0	Q9P273	57684	55714	ZBTB26	TENM3	chromatin immunoprecipitation assay	27924024	Homo sapiens	GTRD	No	Mm:Q6P9Q3;Rn:D3ZG35	Dr:A2BF92	Mm:G3X907	Rn:F1LV44
Q9HCK0	P05181	57684	1571	ZBTB26	CYP2E1	chromatin immunoprecipitation assay	27924024	Homo sapiens	GTRD	No	Mm:Q6P9Q3;Rn:D3ZG35	Dr:A2BF92	Mm:Q05421;Rn:P05182	-
Q9HCK0	P28300	57684	4015	ZBTB26	LOX	chromatin immunoprecipitation assay	27924024	Homo sapiens	GTRD	No	Mm:Q6P9Q3;Rn:D3ZG35	Dr:A2BF92	Mm:P28301	Rn:P16636
Q9HCK0	Q9H808	57684	79816	ZBTB26	TLE6	chromatin immunoprecipitation assay	27924024	Homo sapiens	GTRD	No	Mm:Q6P9Q3;Rn:D3ZG35	Dr:A2BF92	Mm:Q9WVB3;Rn:F1LXS4	-
Q9HCK0	Q49A88	57684	64770	ZBTB26	CCDC14	chromatin immunoprecipitation assay	27924024	Homo sapiens	GTRD	No	Mm:Q6P9Q3;Rn:D3ZG35	Dr:A2BF92	Mm:Q8K2J4;Rn:D3ZBB5	Dr:A0A0R4I9X3
Q9HCK0	O75494	57684	10772	ZBTB26	SRSF10	chromatin immunoprecipitation assay	27924024	Homo sapiens	GTRD	No	Mm:Q6P9Q3;Rn:D3ZG35	Dr:A2BF92	Dr:Q7SZS0;Mm:Q9R0U0;Rn:Q4KM38	-
Q9HCK0	Q6P1M3	57684	3993	ZBTB26	LLGL2	chromatin immunoprecipitation assay	27924024	Homo sapiens	GTRD	No	Mm:Q6P9Q3;Rn:D3ZG35	Dr:A2BF92	Dr:Q7SZE3;Rn:A0A0G2JU05	Mm:J3QJU5
Q9HCK0	Q8TF65	57684	54810	ZBTB26	GIPC2	chromatin immunoprecipitation assay	27924024	Homo sapiens	GTRD	No	Mm:Q6P9Q3;Rn:D3ZG35	Dr:A2BF92	Dr:Q7ZV93;Mm:Q9Z2H7;Rn:F1M018	-
Q9HCK0	Q9NPQ8	57684	60626	ZBTB26	RIC8A	chromatin immunoprecipitation assay	27924024	Homo sapiens	GTRD	No	Mm:Q6P9Q3;Rn:D3ZG35	Dr:A2BF92	Mm:Q3TIR3;Rn:B1H241	-
Q9HCK0	O95453	57684	5073	ZBTB26	PARN	chromatin immunoprecipitation assay	27924024	Homo sapiens	GTRD	No	Mm:Q6P9Q3;Rn:D3ZG35	Dr:A2BF92	-	-
Q9HCK0	Q8NFP4	57684	266727	ZBTB26	MDGA1	chromatin immunoprecipitation assay	27924024	Homo sapiens	GTRD	No	Mm:Q6P9Q3;Rn:D3ZG35	Dr:A2BF92	Ce:Q9TXI8;Rn:A0A140TAF4	Dm:Q6IDE9;Mm:Q0PMG2
Q9HCK0	P08240	57684	6734	ZBTB26	SRPRA	chromatin immunoprecipitation assay	27924024	Homo sapiens	GTRD	No	Mm:Q6P9Q3;Rn:D3ZG35	Dr:A2BF92	Ce:G4RYA5;Dm:Q9U5L1;Dr:E7EZW6;Mm:Q9DBG7;Rn:Q3KRC3	-
Q9HCK0	Q8N1G2	57684	23070	ZBTB26	CMTR1	chromatin immunoprecipitation assay	27924024	Homo sapiens	GTRD	No	Mm:Q6P9Q3;Rn:D3ZG35	Dr:A2BF92	Ce:Q9NAA5;Dm:Q9W4N2;Dr:F1R5C5;Mm:Q9DBC3	Rn:Q6QI79
Q9HCK0	Q96C45	57684	54986	ZBTB26	ULK4	chromatin immunoprecipitation assay	27924024	Homo sapiens	GTRD	No	Mm:Q6P9Q3;Rn:D3ZG35	Dr:A2BF92	Dr:E7F1L0	Mm:E9Q2P5;Rn:M0R685
Q9HCK0	Q7Z4W1	57684	51181	ZBTB26	DCXR	chromatin immunoprecipitation assay	27924024	Homo sapiens	GTRD	No	Mm:Q6P9Q3;Rn:D3ZG35	Dr:A2BF92	Ce:Q21929;Dm:Q9VWP2;Mm:Q91X52;Rn:Q920P0	Dr:Q567K5
Q9HCK0	Q9H7P6	57684	89853	ZBTB26	MVB12B	chromatin immunoprecipitation assay	27924024	Homo sapiens	GTRD	No	Mm:Q6P9Q3;Rn:D3ZG35	Dr:A2BF92	Ce:Q17687;Dr:F1QCV9;Mm:Q6KAU4;Rn:D4A732	-
Q9HCK0	O95229	57684	11130	ZBTB26	ZWINT	chromatin immunoprecipitation assay	27924024	Homo sapiens	GTRD	No	Mm:Q6P9Q3;Rn:D3ZG35	Dr:A2BF92	Mm:Q9CQU5;Rn:Q8VIL3	Dr:A0A0G2KGH5
Q9HCK0	Q9Y6K0	57684	10390	ZBTB26	CEPT1	chromatin immunoprecipitation assay	27924024	Homo sapiens	GTRD	No	Mm:Q6P9Q3;Rn:D3ZG35	Dr:A2BF92	Dr:A7MBY6;Mm:Q8BGS7;Rn:Q6AXM5	Dm:A1Z9D9;Dr:B8JLM0
Q9HCK0	Q9HBF4	57684	53349	ZBTB26	ZFYVE1	chromatin immunoprecipitation assay	27924024	Homo sapiens	GTRD	No	Mm:Q6P9Q3;Rn:D3ZG35	Dr:A2BF92	-	-
Q9HCK0	Q641Q2	57684	387680	ZBTB26	WASHC2A	chromatin immunoprecipitation assay	27924024	Homo sapiens	GTRD	No	Mm:Q6P9Q3;Rn:D3ZG35	Dr:A2BF92	-	-
Q9HCK0	P17275	57684	3726	ZBTB26	JUNB	chromatin immunoprecipitation assay	27924024	Homo sapiens	GTRD	No	Mm:Q6P9Q3;Rn:D3ZG35	Dr:A2BF92	Dr:A8E7N0;Mm:P09450;Rn:A0A0G2JSY8	-
Q9HCK0	Q9Y291	57684	51650	ZBTB26	MRPS33	chromatin immunoprecipitation assay	27924024	Homo sapiens	GTRD	No	Mm:Q6P9Q3;Rn:D3ZG35	Dr:A2BF92	Dm:Q9VEV5;Dr:Q6L5P4;Mm:Q9D2R8;Rn:Q0ZFS4	Ce:Q19685
Q9HCK0	Q9Y2Y0	57684	23568	ZBTB26	ARL2BP	chromatin immunoprecipitation assay	27924024	Homo sapiens	GTRD	No	Mm:Q6P9Q3;Rn:D3ZG35	Dr:A2BF92	Dr:A3KQ85;Mm:Q9D385	Rn:A0A0G2K5P6
Q9HCK0	Q8IVL0	57684	89795	ZBTB26	NAV3	chromatin immunoprecipitation assay	27924024	Homo sapiens	GTRD	No	Mm:Q6P9Q3;Rn:D3ZG35	Dr:A2BF92	Mm:E9QMF5;Rn:A0A0G2JZB7	-
Q9HCK0	O95967	57684	30008	ZBTB26	EFEMP2	chromatin immunoprecipitation assay	27924024	Homo sapiens	GTRD	No	Mm:Q6P9Q3;Rn:D3ZG35	Dr:A2BF92	Dr:A2CEN1;Mm:Q9WVJ9;Rn:A0A0G2K2R5	-
Q9HCK0	O95352	57684	10533	ZBTB26	ATG7	chromatin immunoprecipitation assay	27924024	Homo sapiens	GTRD	No	Mm:Q6P9Q3;Rn:D3ZG35	Dr:A2BF92	Ce:G5EBK4;Dm:Q7JY94;Mm:Q9D906;Sc:P38862	Dr:A0A140LFM5;Rn:Q641Y5
Q9HCK0	Q8NEP3	57684	123872	ZBTB26	DNAAF1	chromatin immunoprecipitation assay	27924024	Homo sapiens	GTRD	No	Mm:Q6P9Q3;Rn:D3ZG35	Dr:A2BF92	Mm:Q9D2H9	Rn:A0A0G2K5B1
Q9HCK0	P10075	57684	2738	ZBTB26	GLI4	chromatin immunoprecipitation assay	27924024	Homo sapiens	GTRD	No	Mm:Q6P9Q3;Rn:D3ZG35	Dr:A2BF92	Rn:Q4QR79	-
Q9HCK0	P80192	57684	4293	ZBTB26	MAP3K9	chromatin immunoprecipitation assay	27924024	Homo sapiens	GTRD	No	Mm:Q6P9Q3;Rn:D3ZG35	Dr:A2BF92	Rn:F1LRA7	Mm:A0A1Y7VKX4
Q9HCK0	Q8TAD4	57684	64924	ZBTB26	SLC30A5	chromatin immunoprecipitation assay	27924024	Homo sapiens	GTRD	No	Mm:Q6P9Q3;Rn:D3ZG35	Dr:A2BF92	Ce:Q8WQB6;Dr:Q6DG36;Mm:Q8R4H9;Rn:D3ZY54	-
Q9HCK0	Q96HU8	57684	54769	ZBTB26	DIRAS2	chromatin immunoprecipitation assay	27924024	Homo sapiens	GTRD	No	Mm:Q6P9Q3;Rn:D3ZG35	Dr:A2BF92	Dm:Q9VH66;Mm:Q5PR73	Rn:D3ZHX3
Q9HCK0	Q01973	57684	4919	ZBTB26	ROR1	chromatin immunoprecipitation assay	27924024	Homo sapiens	GTRD	No	Mm:Q6P9Q3;Rn:D3ZG35	Dr:A2BF92	Mm:Q9Z139	Rn:D3ZZ97
Q9HCK0	Q96BT3	57684	80152	ZBTB26	CENPT	chromatin immunoprecipitation assay	27924024	Homo sapiens	GTRD	No	Mm:Q6P9Q3;Rn:D3ZG35	Dr:A2BF92	Mm:Q3TJM4;Rn:Q561R1	-
Q9HCK0	Q9NV56	57684	55257	ZBTB26	MRGBP	chromatin immunoprecipitation assay	27924024	Homo sapiens	GTRD	No	Mm:Q6P9Q3;Rn:D3ZG35	Dr:A2BF92	Dr:Q6PC03;Mm:Q9DAT2	Rn:G3V751
Q9HCK0	Q08334	57684	3588	ZBTB26	IL10RB	chromatin immunoprecipitation assay	27924024	Homo sapiens	GTRD	No	Mm:Q6P9Q3;Rn:D3ZG35	Dr:A2BF92	Mm:Q8VHM7;Rn:D3ZM36	Dr:A0A0R4IKJ6;Dr:B0S652
Q9HCK0	Q96DC9	57684	78990	ZBTB26	OTUB2	chromatin immunoprecipitation assay	27924024	Homo sapiens	GTRD	No	Mm:Q6P9Q3;Rn:D3ZG35	Dr:A2BF92	Mm:Q9CQX0;Rn:D3ZAR8	-
Q9HCK0	Q9H6P5	57684	55617	ZBTB26	TASP1	chromatin immunoprecipitation assay	27924024	Homo sapiens	GTRD	No	Mm:Q6P9Q3;Rn:D3ZG35	Dr:A2BF92	Dm:Q9VUX9;Dr:A5PMQ0;Mm:Q8R1G1;Rn:Q0VGK5	-
Q9HCK0	Q15573	57684	9015	ZBTB26	TAF1A	chromatin immunoprecipitation assay	27924024	Homo sapiens	GTRD	No	Mm:Q6P9Q3;Rn:D3ZG35	Dr:A2BF92	Dr:Q5SP02;Mm:J3KMG9	Rn:A0A0G2JTZ3
Q9HCK0	Q9P2F6	57684	57569	ZBTB26	ARHGAP20	chromatin immunoprecipitation assay	27924024	Homo sapiens	GTRD	No	Mm:Q6P9Q3;Rn:D3ZG35	Dr:A2BF92	-	-
Q9HCK0	Q9NRC6	57684	51332	ZBTB26	SPTBN5	chromatin immunoprecipitation assay	27924024	Homo sapiens	GTRD	No	Mm:Q6P9Q3;Rn:D3ZG35	Dr:A2BF92	-	Dm:Q9VZQ3;Mm:A0A571BF02
Q9HCK0	Q76EJ3	57684	11046	ZBTB26	SLC35D2	chromatin immunoprecipitation assay	27924024	Homo sapiens	GTRD	No	Mm:Q6P9Q3;Rn:D3ZG35	Dr:A2BF92	Mm:A0A0R4J181;Rn:D4A1T9;Sc:P40107	Dr:F1QWP9
Q9HCK0	Q96I82	57684	81621	ZBTB26	KAZALD1	chromatin immunoprecipitation assay	27924024	Homo sapiens	GTRD	No	Mm:Q6P9Q3;Rn:D3ZG35	Dr:A2BF92	Dr:F1QBJ0;Mm:Q8BJ66;Rn:Q3ZAU4	-
Q9HCK0	Q6PJW8	57684	163882	ZBTB26	CNST	chromatin immunoprecipitation assay	27924024	Homo sapiens	GTRD	No	Mm:Q6P9Q3;Rn:D3ZG35	Dr:A2BF92	Mm:Q8CBC4	Rn:D3ZKK3
Q9HCK0	Q03154	57684	95	ZBTB26	ACY1	chromatin immunoprecipitation assay	27924024	Homo sapiens	GTRD	No	Mm:Q6P9Q3;Rn:D3ZG35	Dr:A2BF92	Dr:F1QZ04	-
Q9HCK0	P42229	57684	6776	ZBTB26	STAT5A	chromatin immunoprecipitation assay	27924024	Homo sapiens	GTRD	No	Mm:Q6P9Q3;Rn:D3ZG35	Dr:A2BF92	Mm:P42230;Rn:G3V8K7	-
Q9HCK0	Q8WWI5	57684	23446	ZBTB26	SLC44A1	chromatin immunoprecipitation assay	27924024	Homo sapiens	GTRD	No	Mm:Q6P9Q3;Rn:D3ZG35	Dr:A2BF92	Mm:Q6X893;Rn:A0A0G2K0P8	Dm:M9PHD2
Q9HCK0	Q9HCU8	57684	57804	ZBTB26	POLD4	chromatin immunoprecipitation assay	27924024	Homo sapiens	GTRD	No	Mm:Q6P9Q3;Rn:D3ZG35	Dr:A2BF92	-	-
Q9HCK0	Q9BR76	57684	57175	ZBTB26	CORO1B	chromatin immunoprecipitation assay	27924024	Homo sapiens	GTRD	No	Mm:Q6P9Q3;Rn:D3ZG35	Dr:A2BF92	Mm:Q9WUM3;Rn:G3V940	-
Q9HCK0	Q15349	57684	6196	ZBTB26	RPS6KA2	chromatin immunoprecipitation assay	27924024	Homo sapiens	GTRD	No	Mm:Q6P9Q3;Rn:D3ZG35	Dr:A2BF92	Dr:E7F164;Mm:Q9WUT3;Rn:F1M7N7	-
Q9HCK0	Q6ZMS7	57684	100289678	ZBTB26	ZNF783	chromatin immunoprecipitation assay	27924024	Homo sapiens	GTRD	No	Mm:Q6P9Q3;Rn:D3ZG35	Dr:A2BF92	-	-
Q9HCK0	P10589	57684	7025	ZBTB26	NR2F1	chromatin immunoprecipitation assay	27924024	Homo sapiens	GTRD	No	Mm:Q6P9Q3;Rn:D3ZG35	Dr:A2BF92	Mm:Q32NY6;Rn:F2Z3S9	-
Q9HCK0	Q9H9B4	57684	94081	ZBTB26	SFXN1	chromatin immunoprecipitation assay	27924024	Homo sapiens	GTRD	No	Mm:Q6P9Q3;Rn:D3ZG35	Dr:A2BF92	Dr:F1R5W5;Mm:Q99JR1;Rn:Q6AYS2	-
Q9HCK0	O60711	57684	9404	ZBTB26	LPXN	chromatin immunoprecipitation assay	27924024	Homo sapiens	GTRD	No	Mm:Q6P9Q3;Rn:D3ZG35	Dr:A2BF92	Ce:Q09476;Dr:F1QK19;Mm:Q99N69	Rn:Q5M852
Q9HCK0	P68371	57684	10383	ZBTB26	TUBB4B	chromatin immunoprecipitation assay	27924024	Homo sapiens	GTRD	No	Mm:Q6P9Q3;Rn:D3ZG35	Dr:A2BF92	Dr:Q6P5M9;Dr:Q6IQJ2;Mm:P68372;Rn:G3V7C6	-
Q9HCK0	Q16612	57684	9315	ZBTB26	NREP	chromatin immunoprecipitation assay	27924024	Homo sapiens	GTRD	No	Mm:Q6P9Q3;Rn:D3ZG35	Dr:A2BF92	Mm:Q07475;Rn:Q80Z34	-
Q9HCK0	Q5VTE6	57684	90806	ZBTB26	ANGEL2	chromatin immunoprecipitation assay	27924024	Homo sapiens	GTRD	No	Mm:Q6P9Q3;Rn:D3ZG35	Dr:A2BF92	Dr:Q5RGT6;Mm:Q8K1C0	Rn:F1LT13
Q9HCK0	Q9H5P4	57684	79955	ZBTB26	PDZD7	chromatin immunoprecipitation assay	27924024	Homo sapiens	GTRD	No	Mm:Q6P9Q3;Rn:D3ZG35	Dr:A2BF92	Mm:E9Q9W7;Rn:D4AAZ9	-
Q9HCK0	Q8NBM8	57684	78991	ZBTB26	PCYOX1L	chromatin immunoprecipitation assay	27924024	Homo sapiens	GTRD	No	Mm:Q6P9Q3;Rn:D3ZG35	Dr:A2BF92	Dr:A0A2R8S001;Mm:Q8C7K6;Rn:B5DEI0	-
Q9HCK0	Q96N96	57684	221178	ZBTB26	SPATA13	chromatin immunoprecipitation assay	27924024	Homo sapiens	GTRD	No	Mm:Q6P9Q3;Rn:D3ZG35	Dr:A2BF92	-	-
Q9HCK0	Q6PI78	57684	157378	ZBTB26	TMEM65	chromatin immunoprecipitation assay	27924024	Homo sapiens	GTRD	No	Mm:Q6P9Q3;Rn:D3ZG35	Dr:A2BF92	Dr:B3DHU2;Mm:Q4VAE3;Rn:F1LQZ0	-
Q9HCK0	O75191	57684	9942	ZBTB26	XYLB	chromatin immunoprecipitation assay	27924024	Homo sapiens	GTRD	No	Mm:Q6P9Q3;Rn:D3ZG35	Dr:A2BF92	Dm:Q9VEQ0;Mm:Q3TNA1;Rn:G3V7T5;Sc:P42826	Ce:P30646
Q9HCK0	Q9BUI4	57684	10623	ZBTB26	POLR3C	chromatin immunoprecipitation assay	27924024	Homo sapiens	GTRD	No	Mm:Q6P9Q3;Rn:D3ZG35	Dr:A2BF92	Dm:Q9VG60;Dr:F1QNQ7;Mm:Q9D483;Rn:Q5XIL3	Ce:Q8IG67
Q9HCK0	Q5JTY5	57684	220869;445571	ZBTB26	CBWD3	chromatin immunoprecipitation assay	27924024	Homo sapiens	GTRD	No	Mm:Q6P9Q3;Rn:D3ZG35	Dr:A2BF92	-	-
Q9HCK0	Q9HB58	57684	3431	ZBTB26	SP110	chromatin immunoprecipitation assay	27924024	Homo sapiens	GTRD	No	Mm:Q6P9Q3;Rn:D3ZG35	Dr:A2BF92	-	Rn:R9PXZ9
Q9HCK0	Q9BQ75	57684	84319	ZBTB26	CMSS1	chromatin immunoprecipitation assay	27924024	Homo sapiens	GTRD	No	Mm:Q6P9Q3;Rn:D3ZG35	Dr:A2BF92	Dr:F1QIT7;Mm:Q9CZT6	Rn:A0A0H2UHT9
Q9HCK0	P01229	57684	3972	ZBTB26	LHB	chromatin immunoprecipitation assay	27924024	Homo sapiens	GTRD	No	Mm:Q6P9Q3;Rn:D3ZG35	Dr:A2BF92	-	-
Q9HCK0	Q9UGM6	57684	10352	ZBTB26	WARS2	chromatin immunoprecipitation assay	27924024	Homo sapiens	GTRD	No	Mm:Q6P9Q3;Rn:D3ZG35	Dr:A2BF92	Ce:C0HKD6;Mm:Q9CYK1;Rn:F1M8H2;Sc:P04803	Dr:B0S5M9
Q9HCK0	O60610	57684	1729	ZBTB26	DIAPH1	chromatin immunoprecipitation assay	27924024	Homo sapiens	GTRD	No	Mm:Q6P9Q3;Rn:D3ZG35	Dr:A2BF92	Rn:F1M775	Mm:E9PV41
Q9HCK0	Q9NZV8	57684	3751	ZBTB26	KCND2	chromatin immunoprecipitation assay	27924024	Homo sapiens	GTRD	No	Mm:Q6P9Q3;Rn:D3ZG35	Dr:A2BF92	Mm:Q9Z0V2	-
Q9HCK0	Q8IXJ9	57684	171023	ZBTB26	ASXL1	chromatin immunoprecipitation assay	27924024	Homo sapiens	GTRD	No	Mm:Q6P9Q3;Rn:D3ZG35	Dr:A2BF92	Mm:P59598;Rn:A0A0G2JU33	Dr:F1RC47
Q9HCK0	Q8N0V4	57684	55203	ZBTB26	LGI2	chromatin immunoprecipitation assay	27924024	Homo sapiens	GTRD	No	Mm:Q6P9Q3;Rn:D3ZG35	Dr:A2BF92	Dr:A0A2R8QJP8;Mm:Q8K4Z0;Rn:F7ESR8	-
Q9HCK0	O15372	57684	8667	ZBTB26	EIF3H	chromatin immunoprecipitation assay	27924024	Homo sapiens	GTRD	No	Mm:Q6P9Q3;Rn:D3ZG35	Dr:A2BF92	-	-
Q9HCK0	Q53GS7	57684	2733	ZBTB26	GLE1	chromatin immunoprecipitation assay	27924024	Homo sapiens	GTRD	No	Mm:Q6P9Q3;Rn:D3ZG35	Dr:A2BF92	Dr:B0S5D2;Mm:Q8R322;Rn:Q4KLN4	-
Q9HCK0	P27986	57684	5295	ZBTB26	PIK3R1	chromatin immunoprecipitation assay	27924024	Homo sapiens	GTRD	No	Mm:Q6P9Q3;Rn:D3ZG35	Dr:A2BF92	Mm:P26450;Rn:F1LNG5	-
Q9HCK0	Q8J025	57684	147495	ZBTB26	APCDD1	chromatin immunoprecipitation assay	27924024	Homo sapiens	GTRD	No	Mm:Q6P9Q3;Rn:D3ZG35	Dr:A2BF92	Mm:Q3U128	Rn:F1M5Q7
Q9HCK0	Q96M95	57684	146849	ZBTB26	CCDC42	chromatin immunoprecipitation assay	27924024	Homo sapiens	GTRD	No	Mm:Q6P9Q3;Rn:D3ZG35	Dr:A2BF92	Mm:Q5SV66;Rn:D3ZAZ8	-
Q9HCK0	P50406	57684	3362	ZBTB26	HTR6	chromatin immunoprecipitation assay	27924024	Homo sapiens	GTRD	No	Mm:Q6P9Q3;Rn:D3ZG35	Dr:A2BF92	Dr:E9QFU3;Mm:Q9R1C8	Rn:A0A0G2JYX7
Q9HCK0	Q68EM7	57684	55114	ZBTB26	ARHGAP17	chromatin immunoprecipitation assay	27924024	Homo sapiens	GTRD	No	Mm:Q6P9Q3;Rn:D3ZG35	Dr:A2BF92	Mm:Q3UIA2;Rn:F1M6X7	Dr:A0A286YAK8
Q9HCK0	P21926	57684	928	ZBTB26	CD9	chromatin immunoprecipitation assay	27924024	Homo sapiens	GTRD	No	Mm:Q6P9Q3;Rn:D3ZG35	Dr:A2BF92	Ce:Q9U2K6;Mm:P40240;Rn:P40241	Dr:E9QBC5;Dr:Q1L9G8
Q9HCK0	Q8TB61	57684	347734	ZBTB26	SLC35B2	chromatin immunoprecipitation assay	27924024	Homo sapiens	GTRD	No	Mm:Q6P9Q3;Rn:D3ZG35	Dr:A2BF92	Ce:Q8MXJ9;Dm:Q9VEI3;Dr:Q6P101;Mm:Q91ZN5;Rn:Q497A2	-
Q9HCK0	Q5VZI3	57684	203197	ZBTB26	TMEM268	chromatin immunoprecipitation assay	27924024	Homo sapiens	GTRD	No	Mm:Q6P9Q3;Rn:D3ZG35	Dr:A2BF92	Mm:Q8R239;Rn:D3ZSU8	-
Q9HCK0	P18850	57684	22926	ZBTB26	ATF6	chromatin immunoprecipitation assay	27924024	Homo sapiens	GTRD	No	Mm:Q6P9Q3;Rn:D3ZG35	Dr:A2BF92	Dr:Q5RH85;Mm:F6VAN0;Rn:G3V909	-
Q9HCK0	Q8NBP0	57684	79573	ZBTB26	TTC13	chromatin immunoprecipitation assay	27924024	Homo sapiens	GTRD	No	Mm:Q6P9Q3;Rn:D3ZG35	Dr:A2BF92	Mm:A0A1L1SSC7;Rn:A0A0G2JZ94	-
Q9HCK0	Q9H2M9	57684	25782	ZBTB26	RAB3GAP2	chromatin immunoprecipitation assay	27924024	Homo sapiens	GTRD	No	Mm:Q6P9Q3;Rn:D3ZG35	Dr:A2BF92	Ce:Q22670;Dr:K7DYN0;Mm:E9QKE4;Rn:D4ABP4	-
Q9HCK0	Q15147	57684	5332	ZBTB26	PLCB4	chromatin immunoprecipitation assay	27924024	Homo sapiens	GTRD	No	Mm:Q6P9Q3;Rn:D3ZG35	Dr:A2BF92	Dm:P13217;Mm:Q91UZ1;Rn:D4A8C5	Ce:A0A0K3AXH8
Q9HCK0	Q13127	57684	5978	ZBTB26	REST	chromatin immunoprecipitation assay	27924024	Homo sapiens	GTRD	No	Mm:Q6P9Q3;Rn:D3ZG35	Dr:A2BF92	-	-
Q9HCK0	P42765	57684	10449	ZBTB26	ACAA2	chromatin immunoprecipitation assay	27924024	Homo sapiens	GTRD	No	Mm:Q6P9Q3;Rn:D3ZG35	Dr:A2BF92	Ce:O45552;Dm:Q9VL70;Dr:B0S5C5;Mm:Q8BWT1;Rn:G3V9U2	-
Q9HCK0	Q9H7B2	57684	84154	ZBTB26	RPF2	chromatin immunoprecipitation assay	27924024	Homo sapiens	GTRD	No	Mm:Q6P9Q3;Rn:D3ZG35	Dr:A2BF92	Ce:Q9N3F0;Dm:Q9VEB3;Mm:Q9JJ80;Rn:B0BN82;Sc:P36160	Dr:Q6P0C5
Q9HCK0	Q9NSU2	57684	11277	ZBTB26	TREX1	chromatin immunoprecipitation assay	27924024	Homo sapiens	GTRD	No	Mm:Q6P9Q3;Rn:D3ZG35	Dr:A2BF92	Mm:Q91XB0;Rn:Q5BK16	-
Q9HCK0	Q8N5W8	57684	196792	ZBTB26	FAM24B	chromatin immunoprecipitation assay	27924024	Homo sapiens	GTRD	No	Mm:Q6P9Q3;Rn:D3ZG35	Dr:A2BF92	-	-
Q9HCK0	Q96AC6	57684	90990	ZBTB26	KIFC2	chromatin immunoprecipitation assay	27924024	Homo sapiens	GTRD	No	Mm:Q6P9Q3;Rn:D3ZG35	Dr:A2BF92	-	-
Q9HCK0	Q9H3P2	57684	7469	ZBTB26	NELFA	chromatin immunoprecipitation assay	27924024	Homo sapiens	GTRD	No	Mm:Q6P9Q3;Rn:D3ZG35	Dr:A2BF92	-	-
Q9HCK0	Q9UMQ3	57684	8538	ZBTB26	BARX2	chromatin immunoprecipitation assay	27924024	Homo sapiens	GTRD	No	Mm:Q6P9Q3;Rn:D3ZG35	Dr:A2BF92	Dr:F6NKZ9;Mm:O08686;Rn:D4A7E7	-
Q9HCK0	Q96L94	57684	79856	ZBTB26	SNX22	chromatin immunoprecipitation assay	27924024	Homo sapiens	GTRD	No	Mm:Q6P9Q3;Rn:D3ZG35	Dr:A2BF92	Dr:F1Q9H4;Mm:Q8C084;Rn:D3ZYB1	-
Q9HCK0	F8VP03	57684	-	ZBTB26	-	chromatin immunoprecipitation assay	27924024	Homo sapiens	GTRD	No	Mm:Q6P9Q3;Rn:D3ZG35	Dr:A2BF92	-	-
Q9HCK0	Q643R3	57684	254531	ZBTB26	LPCAT4	chromatin immunoprecipitation assay	27924024	Homo sapiens	GTRD	No	Mm:Q6P9Q3;Rn:D3ZG35	Dr:A2BF92	Dr:F1QD35;Mm:Q6NVG1;Rn:D3ZR52	-
Q9HCK0	P78344	57684	1982	ZBTB26	EIF4G2	chromatin immunoprecipitation assay	27924024	Homo sapiens	GTRD	No	Mm:Q6P9Q3;Rn:D3ZG35	Dr:A2BF92	Dr:A3KQB2;Dr:F1R9I0;Mm:G3XA17;Rn:F1LN59	-
Q9HCK0	Q9NQ29	57684	55692	ZBTB26	LUC7L	chromatin immunoprecipitation assay	27924024	Homo sapiens	GTRD	No	Mm:Q6P9Q3;Rn:D3ZG35	Dr:A2BF92	Dr:F1R8J8;Mm:Q9CYI4;Rn:G3V9R0;Sc:Q07508	-
Q9HCK0	P05067	57684	351	ZBTB26	APP	chromatin immunoprecipitation assay	27924024	Homo sapiens	GTRD	No	Mm:Q6P9Q3;Rn:D3ZG35	Dr:A2BF92	Dr:A0A0R4IN41;Mm:P12023;Rn:P08592	Dr:B0V0E4
Q9HCK0	O95563	57684	25874	ZBTB26	MPC2	chromatin immunoprecipitation assay	27924024	Homo sapiens	GTRD	No	Mm:Q6P9Q3;Rn:D3ZG35	Dr:A2BF92	Ce:O01578;Dr:Q6IQT9;Mm:Q9D023;Rn:P38718;Sc:P38857	Dm:A0A0B4KFZ7
Q9HCK0	Q0VGL1	57684	389541	ZBTB26	LAMTOR4	chromatin immunoprecipitation assay	27924024	Homo sapiens	GTRD	No	Mm:Q6P9Q3;Rn:D3ZG35	Dr:A2BF92	Dr:Q0P3X8;Mm:Q8CF66;Rn:D4AD29	-
Q9HCK0	Q15046	57684	3735	ZBTB26	KARS1	chromatin immunoprecipitation assay	27924024	Homo sapiens	GTRD	No	Mm:Q6P9Q3;Rn:D3ZG35	Dr:A2BF92	Mm:Q99MN1;Rn:Q5XIM7;Sc:P15180	Ce:Q95ZQ3;Dm:Q8SXM8;Dr:A0A0R4IKM7
Q9HCK0	O15047	57684	9739	ZBTB26	SETD1A	chromatin immunoprecipitation assay	27924024	Homo sapiens	GTRD	No	Mm:Q6P9Q3;Rn:D3ZG35	Dr:A2BF92	Ce:A0A0K3AUE4;Dm:Q9VXJ5;Dr:E9QGQ0;Mm:E9PYH6;Rn:A0A0G2K6T6	-
Q9HCK0	Q9Y6I7	57684	26118	ZBTB26	WSB1	chromatin immunoprecipitation assay	27924024	Homo sapiens	GTRD	No	Mm:Q6P9Q3;Rn:D3ZG35	Dr:A2BF92	Dr:Q7T2F6;Mm:O54927;Rn:B3DM89	-
Q9HCK0	Q5JTH9	57684	23223	ZBTB26	RRP12	chromatin immunoprecipitation assay	27924024	Homo sapiens	GTRD	No	Mm:Q6P9Q3;Rn:D3ZG35	Dr:A2BF92	Ce:Q965N8;Dm:Q9VYA7;Dr:B8A4E7;Mm:Q6P5B0;Rn:M0R3M8;Sc:Q12754	-
Q9HCK0	Q2TB18	57684	28990	ZBTB26	ASTE1	chromatin immunoprecipitation assay	27924024	Homo sapiens	GTRD	No	Mm:Q6P9Q3;Rn:D3ZG35	Dr:A2BF92	Dr:E7F2I2;Mm:Q8BIR2	Dr:Q1LYL8;Rn:E9PU85
Q9HCK0	Q9NXV6	57684	55602	ZBTB26	CDKN2AIP	chromatin immunoprecipitation assay	27924024	Homo sapiens	GTRD	No	Mm:Q6P9Q3;Rn:D3ZG35	Dr:A2BF92	Mm:Q8BI72;Rn:Q5U2X0	-
Q9HCK0	Q9Y2W7	57684	30818	ZBTB26	KCNIP3	chromatin immunoprecipitation assay	27924024	Homo sapiens	GTRD	No	Mm:Q6P9Q3;Rn:D3ZG35	Dr:A2BF92	Dr:Q6PBP8;Rn:Q9JM47	Mm:Q3YAA9
Q9HCK0	Q9Y278	57684	9956	ZBTB26	HS3ST2	chromatin immunoprecipitation assay	27924024	Homo sapiens	GTRD	No	Mm:Q6P9Q3;Rn:D3ZG35	Dr:A2BF92	Mm:Q673U1;Rn:Q80W66	Dr:F1QIK3
Q9HCK0	Q96QZ7	57684	9223	ZBTB26	MAGI1	chromatin immunoprecipitation assay	27924024	Homo sapiens	GTRD	No	Mm:Q6P9Q3;Rn:D3ZG35	Dr:A2BF92	Dm:Q9W2L2;Dr:F1QZB9;Mm:Q6RHR9;Rn:A0A0G2JZE4	-
Q9HCK0	Q8WYJ6	57684	1731	ZBTB26	SEPTIN1	chromatin immunoprecipitation assay	27924024	Homo sapiens	GTRD	No	Mm:Q6P9Q3;Rn:D3ZG35	Dr:A2BF92	Mm:P42209	Rn:Q5EB96
Q9HCK0	A0A0B4J203	57684	-	ZBTB26	-	chromatin immunoprecipitation assay	27924024	Homo sapiens	GTRD	No	Mm:Q6P9Q3;Rn:D3ZG35	Dr:A2BF92	-	-
Q9HCK0	P49763	57684	5228	ZBTB26	PGF	chromatin immunoprecipitation assay	27924024	Homo sapiens	GTRD	No	Mm:Q6P9Q3;Rn:D3ZG35	Dr:A2BF92	Rn:Q63434	Dr:X1WBL7
Q9HCK0	Q8TF74	57684	147179	ZBTB26	WIPF2	chromatin immunoprecipitation assay	27924024	Homo sapiens	GTRD	No	Mm:Q6P9Q3;Rn:D3ZG35	Dr:A2BF92	Dr:F1QNX8;Mm:Q6PEV3	Rn:D3ZUD3
Q9HCK0	Q8N5Z0	57684	51166	ZBTB26	AADAT	chromatin immunoprecipitation assay	27924024	Homo sapiens	GTRD	No	Mm:Q6P9Q3;Rn:D3ZG35	Dr:A2BF92	Mm:Q9WVM8;Rn:Q64602;Sc:P53090;Sc:P38840	Dr:E7F5G8
Q9HCK0	P63279	57684	7329	ZBTB26	UBE2I	chromatin immunoprecipitation assay	27924024	Homo sapiens	GTRD	No	Mm:Q6P9Q3;Rn:D3ZG35	Dr:A2BF92	Ce:Q95017;Dm:Q7KNM2;Dr:Q9W6H5;Dr:Q9DDJ0;Mm:P63280;Sc:P50623	Rn:P63281
Q9HCK0	Q5XKR9	57684	90736	ZBTB26	FAM104B	chromatin immunoprecipitation assay	27924024	Homo sapiens	GTRD	No	Mm:Q6P9Q3;Rn:D3ZG35	Dr:A2BF92	-	Mm:E9PZH0
Q9HCK0	Q6PII3	57684	51244	ZBTB26	CCDC174	chromatin immunoprecipitation assay	27924024	Homo sapiens	GTRD	No	Mm:Q6P9Q3;Rn:D3ZG35	Dr:A2BF92	Dm:Q9VEB6;Dr:Q5BLG0;Mm:A0A0R4J0L8;Rn:G3V7A6	-
Q9HCK0	Q96ED9	57684	29911	ZBTB26	HOOK2	chromatin immunoprecipitation assay	27924024	Homo sapiens	GTRD	No	Mm:Q6P9Q3;Rn:D3ZG35	Dr:A2BF92	Mm:Q7TMK6;Rn:E9PTX3	Dr:A0A0R4IRV0
Q9HCK0	Q8NDN9	57684	55213	ZBTB26	RCBTB1	chromatin immunoprecipitation assay	27924024	Homo sapiens	GTRD	No	Mm:Q6P9Q3;Rn:D3ZG35	Dr:A2BF92	Dr:B8A4R1;Mm:A0A0R4J025;Rn:D4AD40	-
Q9HCK0	P52738	57684	7699	ZBTB26	ZNF140	chromatin immunoprecipitation assay	27924024	Homo sapiens	GTRD	No	Mm:Q6P9Q3;Rn:D3ZG35	Dr:A2BF92	-	-
Q9HCK0	P46379	57684	7917	ZBTB26	BAG6	chromatin immunoprecipitation assay	27924024	Homo sapiens	GTRD	No	Mm:Q6P9Q3;Rn:D3ZG35	Dr:A2BF92	-	-
Q9HCK0	Q9BWJ5	57684	83443	ZBTB26	SF3B5	chromatin immunoprecipitation assay	27924024	Homo sapiens	GTRD	No	Mm:Q6P9Q3;Rn:D3ZG35	Dr:A2BF92	Dm:Q9VHI4;Dr:Q6ZM78;Mm:Q923D4;Rn:D4A5T1	-
Q9HCK0	Q9BQI0	57684	83543	ZBTB26	AIF1L	chromatin immunoprecipitation assay	27924024	Homo sapiens	GTRD	No	Mm:Q6P9Q3;Rn:D3ZG35	Dr:A2BF92	Dr:Q6PBZ5;Mm:Q9EQX4;Rn:D3ZRD9	-
Q9HCK0	P49662	57684	837	ZBTB26	CASP4	chromatin immunoprecipitation assay	27924024	Homo sapiens	GTRD	No	Mm:Q6P9Q3;Rn:D3ZG35	Dr:A2BF92	Mm:P70343	-
Q9HCK0	Q96FG2	57684	84173	ZBTB26	ELMOD3	chromatin immunoprecipitation assay	27924024	Homo sapiens	GTRD	No	Mm:Q6P9Q3;Rn:D3ZG35	Dr:A2BF92	Dr:E9QFT2;Mm:Q91YP6	Rn:A0A0G2KBB8
Q9HCK0	O95361	57684	10626	ZBTB26	TRIM16	chromatin immunoprecipitation assay	27924024	Homo sapiens	GTRD	No	Mm:Q6P9Q3;Rn:D3ZG35	Dr:A2BF92	-	Dr:F1QYM0;Rn:D3ZW47
Q9HCK0	Q15459	57684	10291	ZBTB26	SF3A1	chromatin immunoprecipitation assay	27924024	Homo sapiens	GTRD	No	Mm:Q6P9Q3;Rn:D3ZG35	Dr:A2BF92	Ce:G5ECL3;Dm:Q9VEP9;Dr:Q90X41;Mm:Q8K4Z5;Rn:D3ZQM0	-
Q9HCK0	Q13439	57684	2803	ZBTB26	GOLGA4	chromatin immunoprecipitation assay	27924024	Homo sapiens	GTRD	No	Mm:Q6P9Q3;Rn:D3ZG35	Dr:A2BF92	Dm:Q9W1R3;Mm:Q91VW5	Dr:E7FEK9;Rn:A0A0G2JUE4
Q9HCK0	P61158	57684	10096	ZBTB26	ACTR3	chromatin immunoprecipitation assay	27924024	Homo sapiens	GTRD	No	Mm:Q6P9Q3;Rn:D3ZG35	Dr:A2BF92	Mm:Q99JY9	Rn:A0A0G2K1C0
Q9HCK0	Q9NP50	57684	58516	ZBTB26	SINHCAF	chromatin immunoprecipitation assay	27924024	Homo sapiens	GTRD	No	Mm:Q6P9Q3;Rn:D3ZG35	Dr:A2BF92	Dr:Q5RJ79;Mm:Q8C8M1	Rn:M0R746;Rn:M0RC11
Q9HCK0	Q8TCT8	57684	84888	ZBTB26	SPPL2A	chromatin immunoprecipitation assay	27924024	Homo sapiens	GTRD	No	Mm:Q6P9Q3;Rn:D3ZG35	Dr:A2BF92	Mm:Q9JJF9;Rn:D3ZNG3	-
Q9HCK0	Q06323	57684	5720	ZBTB26	PSME1	chromatin immunoprecipitation assay	27924024	Homo sapiens	GTRD	No	Mm:Q6P9Q3;Rn:D3ZG35	Dr:A2BF92	Dr:Q9PTH5;Mm:P97371;Rn:Q6P9V7	-
Q9HCK0	Q9H6Q4	57684	64428	ZBTB26	CIAO3	chromatin immunoprecipitation assay	27924024	Homo sapiens	GTRD	No	Mm:Q6P9Q3;Rn:D3ZG35	Dr:A2BF92	Dm:Q8SYS7;Dr:G1K2S6;Mm:Q7TMW6;Rn:Q5BK18;Sc:P23503	-
Q9HCK0	Q9H000	57684	23609	ZBTB26	MKRN2	chromatin immunoprecipitation assay	27924024	Homo sapiens	GTRD	No	Mm:Q6P9Q3;Rn:D3ZG35	Dr:A2BF92	Mm:Q9ERV1;Rn:Q5XI23	-
Q9HCK0	Q9UPR5	57684	6543	ZBTB26	SLC8A2	chromatin immunoprecipitation assay	27924024	Homo sapiens	GTRD	No	Mm:Q6P9Q3;Rn:D3ZG35	Dr:A2BF92	Mm:Q8K596	Rn:F1M9A2
Q9HCK0	Q13562	57684	4760	ZBTB26	NEUROD1	chromatin immunoprecipitation assay	27924024	Homo sapiens	GTRD	No	Mm:Q6P9Q3;Rn:D3ZG35	Dr:A2BF92	Dr:O42202;Mm:Q60867;Rn:Q64289	-
Q9HCK0	M0R2N4	57684	-	ZBTB26	-	chromatin immunoprecipitation assay	27924024	Homo sapiens	GTRD	No	Mm:Q6P9Q3;Rn:D3ZG35	Dr:A2BF92	-	-
Q9HCK0	Q5H9K5	57684	84460	ZBTB26	ZMAT1	chromatin immunoprecipitation assay	27924024	Homo sapiens	GTRD	No	Mm:Q6P9Q3;Rn:D3ZG35	Dr:A2BF92	-	-
Q9HCK0	Q32NB8	57684	9489	ZBTB26	PGS1	chromatin immunoprecipitation assay	27924024	Homo sapiens	GTRD	No	Mm:Q6P9Q3;Rn:D3ZG35	Dr:A2BF92	Dm:Q8SYL0;Mm:Q8BHF7;Sc:P25578	Ce:Q9BL79;Dr:F1RDT5;Rn:D4A5W8
Q9HCK0	Q96EG1	57684	22901	ZBTB26	ARSG	chromatin immunoprecipitation assay	27924024	Homo sapiens	GTRD	No	Mm:Q6P9Q3;Rn:D3ZG35	Dr:A2BF92	Mm:Q3TYD4	Dr:A0A0R4ILQ9;Rn:Q32KJ9
Q9HCK0	O95260	57684	11101	ZBTB26	ATE1	chromatin immunoprecipitation assay	27924024	Homo sapiens	GTRD	No	Mm:Q6P9Q3;Rn:D3ZG35	Dr:A2BF92	Dm:O96539;Mm:Q9Z2A5	Ce:P90914;Rn:A0A0G2JX45
Q9HCK0	Q9UHN6	57684	23670	ZBTB26	CEMIP2	chromatin immunoprecipitation assay	27924024	Homo sapiens	GTRD	No	Mm:Q6P9Q3;Rn:D3ZG35	Dr:A2BF92	Mm:Q5FWI3;Rn:A0A0G2JZA7	Dr:G0ZDN6
Q9HCK0	Q9UBM1	57684	10400	ZBTB26	PEMT	chromatin immunoprecipitation assay	27924024	Homo sapiens	GTRD	No	Mm:Q6P9Q3;Rn:D3ZG35	Dr:A2BF92	Mm:Q61907;Rn:Q08388;Sc:P05375	-
Q9HCK0	O75077	57684	8745	ZBTB26	ADAM23	chromatin immunoprecipitation assay	27924024	Homo sapiens	GTRD	No	Mm:Q6P9Q3;Rn:D3ZG35	Dr:A2BF92	Mm:Q9R1V7;Rn:D3ZT36	Dr:F8W4G2
Q9HCK0	Q16621	57684	4778	ZBTB26	NFE2	chromatin immunoprecipitation assay	27924024	Homo sapiens	GTRD	No	Mm:Q6P9Q3;Rn:D3ZG35	Dr:A2BF92	Rn:Q6AYT2	Mm:A0A0R4J0Y5
Q9HCK0	Q9Y5X9	57684	9388	ZBTB26	LIPG	chromatin immunoprecipitation assay	27924024	Homo sapiens	GTRD	No	Mm:Q6P9Q3;Rn:D3ZG35	Dr:A2BF92	Dr:F1QET5;Mm:Q9WVG5;Rn:Q8VBX1	-
Q9HCK0	Q99075	57684	1839	ZBTB26	HBEGF	chromatin immunoprecipitation assay	27924024	Homo sapiens	GTRD	No	Mm:Q6P9Q3;Rn:D3ZG35	Dr:A2BF92	Mm:Q06186;Rn:Q06175	-
Q9HCK0	Q9UI10	57684	8890	ZBTB26	EIF2B4	chromatin immunoprecipitation assay	27924024	Homo sapiens	GTRD	No	Mm:Q6P9Q3;Rn:D3ZG35	Dr:A2BF92	Ce:G5EFF9;Mm:Q61749;Rn:A0A096MIS3	Dm:Q0E8X6;Dr:Q5RIE1
Q9HCK0	Q8NBN7	57684	112724	ZBTB26	RDH13	chromatin immunoprecipitation assay	27924024	Homo sapiens	GTRD	No	Mm:Q6P9Q3;Rn:D3ZG35	Dr:A2BF92	Mm:Q8CEE7;Rn:D3ZFR9	-
Q9HCK0	Q93015	57684	24142	ZBTB26	NAA80	chromatin immunoprecipitation assay	27924024	Homo sapiens	GTRD	No	Mm:Q6P9Q3;Rn:D3ZG35	Dr:A2BF92	Ce:Q09518;Mm:Q9R123;Rn:A0A0G2JV35	-
Q9HCK0	Q7Z4G4	57684	60487	ZBTB26	TRMT11	chromatin immunoprecipitation assay	27924024	Homo sapiens	GTRD	No	Mm:Q6P9Q3;Rn:D3ZG35	Dr:A2BF92	Ce:Q9N4H1;Dm:Q960G1;Dr:F1R1R2;Mm:E9QKG3;Rn:A0A0G2JWR1;Sc:Q12463	-
Q9HCK0	O43820	57684	8372	ZBTB26	HYAL3	chromatin immunoprecipitation assay	27924024	Homo sapiens	GTRD	No	Mm:Q6P9Q3;Rn:D3ZG35	Dr:A2BF92	Dr:A9C3S9;Mm:Q8VEI3;Rn:A0A0G2JSP4	-
Q9HCK0	Q5T036	57684	158293	ZBTB26	FAM120AOS	chromatin immunoprecipitation assay	27924024	Homo sapiens	GTRD	No	Mm:Q6P9Q3;Rn:D3ZG35	Dr:A2BF92	-	-
Q9HCK0	Q8TC71	57684	132671	ZBTB26	SPATA18	chromatin immunoprecipitation assay	27924024	Homo sapiens	GTRD	No	Mm:Q6P9Q3;Rn:D3ZG35	Dr:A2BF92	Mm:Q0P557	Dr:Q503Q1;Rn:A0A0H2UHA4
Q9HCK0	Q86UP3	57684	79776	ZBTB26	ZFHX4	chromatin immunoprecipitation assay	27924024	Homo sapiens	GTRD	No	Mm:Q6P9Q3;Rn:D3ZG35	Dr:A2BF92	Dr:F6NXU9;Rn:D4A3U5	Mm:H3BLK8
Q9HCK0	Q15257	57684	5524	ZBTB26	PTPA	chromatin immunoprecipitation assay	27924024	Homo sapiens	GTRD	No	Mm:Q6P9Q3;Rn:D3ZG35	Dr:A2BF92	Ce:Q9BL35;Dm:Q9VQQ0;Dr:A2CF49;Mm:P58389;Rn:B2RYQ2;Sc:Q12461	-
Q9HCK0	O15258	57684	11079	ZBTB26	RER1	chromatin immunoprecipitation assay	27924024	Homo sapiens	GTRD	No	Mm:Q6P9Q3;Rn:D3ZG35	Dr:A2BF92	Ce:P52879;Dr:Q6PE45;Mm:Q9CQU3;Rn:Q498C8;Sc:P25560	Dm:Q9VBU6
Q9HCK0	Q9UGN5	57684	10038	ZBTB26	PARP2	chromatin immunoprecipitation assay	27924024	Homo sapiens	GTRD	No	Mm:Q6P9Q3;Rn:D3ZG35	Dr:A2BF92	Mm:O88554;Rn:G3V749	Ce:Q09525;Dr:F1QLV3
Q9HCK0	Q9GZZ1	57684	80218	ZBTB26	NAA50	chromatin immunoprecipitation assay	27924024	Homo sapiens	GTRD	No	Mm:Q6P9Q3;Rn:D3ZG35	Dr:A2BF92	Dm:Q9NHD5;Dr:Q6DBY2;Mm:Q6PGB6;Rn:B5DFB7	Rn:A0A0G2K1A0
Q9HCK0	P14920	57684	1610	ZBTB26	DAO	chromatin immunoprecipitation assay	27924024	Homo sapiens	GTRD	No	Mm:Q6P9Q3;Rn:D3ZG35	Dr:A2BF92	Dr:A2BGT3;Mm:A0A0R4J203;Rn:A0A0G2JUK6	Dr:A2BGT2;Dr:Q6P009
Q9HCK0	A0A0B4J2E5	57684	-	ZBTB26	LOC102724159	chromatin immunoprecipitation assay	27924024	Homo sapiens	GTRD	No	Mm:Q6P9Q3;Rn:D3ZG35	Dr:A2BF92	-	-
Q9HCK0	Q01780	57684	5394	ZBTB26	EXOSC10	chromatin immunoprecipitation assay	27924024	Homo sapiens	GTRD	No	Mm:Q6P9Q3;Rn:D3ZG35	Dr:A2BF92	Dm:Q9VFF3;Dr:F1Q5Q7;Mm:P56960;Rn:D4A1X2	-
Q9HCK0	Q8TAT6	57684	55666	ZBTB26	NPLOC4	chromatin immunoprecipitation assay	27924024	Homo sapiens	GTRD	No	Mm:Q6P9Q3;Rn:D3ZG35	Dr:A2BF92	Dm:Q9VBP9;Mm:P60670;Sc:P33755	Ce:Q95QZ9;Ce:H2KYU6;Dr:Q7ZVI8;Rn:A0A0G2JU66
Q9HCK0	P62834	57684	5906	ZBTB26	RAP1A	chromatin immunoprecipitation assay	27924024	Homo sapiens	GTRD	No	Mm:Q6P9Q3;Rn:D3ZG35	Dr:A2BF92	Mm:P62835	-
Q9HCK0	Q13360	57684	100529215;7730	ZBTB26	ZNF177	chromatin immunoprecipitation assay	27924024	Homo sapiens	GTRD	No	Mm:Q6P9Q3;Rn:D3ZG35	Dr:A2BF92	Mm:F6T2D2;Mm:A0A1D5RM15	-
Q9HCK0	P52435	57684	5439	ZBTB26	POLR2J	chromatin immunoprecipitation assay	27924024	Homo sapiens	GTRD	No	Mm:Q6P9Q3;Rn:D3ZG35	Dr:A2BF92	-	-
Q9HCK0	Q9NPD3	57684	54512	ZBTB26	EXOSC4	chromatin immunoprecipitation assay	27924024	Homo sapiens	GTRD	No	Mm:Q6P9Q3;Rn:D3ZG35	Dr:A2BF92	Ce:Q17533;Dm:Q9VK19;Mm:Q921I9;Rn:D4A4Y0;Sc:P46948	Dr:A0A0R4IV90
Q9HCK0	Q9BZK7	57684	79718	ZBTB26	TBL1XR1	chromatin immunoprecipitation assay	27924024	Homo sapiens	GTRD	No	Mm:Q6P9Q3;Rn:D3ZG35	Dr:A2BF92	Dr:A5PF33;Mm:Q8BHJ5;Sc:P38262	Rn:D3ZNF4
Q9HCK0	P0CG13	57684	54921	ZBTB26	CHTF8	chromatin immunoprecipitation assay	27924024	Homo sapiens	GTRD	No	Mm:Q6P9Q3;Rn:D3ZG35	Dr:A2BF92	Ce:Q22664;Dm:Q2PDX2;Dr:Q1LUE7;Mm:P0CG15;Rn:P0C6T1	-
Q9HCK0	P07197	57684	4741	ZBTB26	NEFM	chromatin immunoprecipitation assay	27924024	Homo sapiens	GTRD	No	Mm:Q6P9Q3;Rn:D3ZG35	Dr:A2BF92	Mm:A0A0R4J036;Rn:G3V7S2	Dr:F1QCR7
Q9HCK0	Q86T03	57684	90809	ZBTB26	PIP4P1	chromatin immunoprecipitation assay	27924024	Homo sapiens	GTRD	No	Mm:Q6P9Q3;Rn:D3ZG35	Dr:A2BF92	Dr:Q32PR0;Mm:Q3TWL2;Rn:Q5PPM8	Dr:Q66I51
Q9HCK0	Q2TAC2	57684	284001	ZBTB26	CCDC57	chromatin immunoprecipitation assay	27924024	Homo sapiens	GTRD	No	Mm:Q6P9Q3;Rn:D3ZG35	Dr:A2BF92	-	-
Q9HCK0	Q13136	57684	8500	ZBTB26	PPFIA1	chromatin immunoprecipitation assay	27924024	Homo sapiens	GTRD	No	Mm:Q6P9Q3;Rn:D3ZG35	Dr:A2BF92	-	Mm:B2RXW8;Rn:A0A0G2K3L9
Q9HCK0	Q3T8J9	57684	54856	ZBTB26	GON4L	chromatin immunoprecipitation assay	27924024	Homo sapiens	GTRD	No	Mm:Q6P9Q3;Rn:D3ZG35	Dr:A2BF92	Dr:F1QI87;Rn:A0A0G2K0W6	Mm:K4DI71
Q9HCK0	Q9NS62	57684	55901	ZBTB26	THSD1	chromatin immunoprecipitation assay	27924024	Homo sapiens	GTRD	No	Mm:Q6P9Q3;Rn:D3ZG35	Dr:A2BF92	Mm:A0A0R4J0U4;Rn:D3ZW62	Dr:A0A0R4IA87
Q9HCK0	Q9C009	57684	94234	ZBTB26	FOXQ1	chromatin immunoprecipitation assay	27924024	Homo sapiens	GTRD	No	Mm:Q6P9Q3;Rn:D3ZG35	Dr:A2BF92	Mm:O70220	-
Q9HCK0	Q9Y388	57684	51634	ZBTB26	RBMX2	chromatin immunoprecipitation assay	27924024	Homo sapiens	GTRD	No	Mm:Q6P9Q3;Rn:D3ZG35	Dr:A2BF92	Mm:Q8R0F5;Rn:B0BN49	-
Q9HCK0	Q8N5X7	57684	317649	ZBTB26	EIF4E3	chromatin immunoprecipitation assay	27924024	Homo sapiens	GTRD	No	Mm:Q6P9Q3;Rn:D3ZG35	Dr:A2BF92	Dr:Q66HY7;Mm:Q9DBB5;Rn:B5DF58	-
Q9HCK0	Q9H3Q1	57684	23580	ZBTB26	CDC42EP4	chromatin immunoprecipitation assay	27924024	Homo sapiens	GTRD	No	Mm:Q6P9Q3;Rn:D3ZG35	Dr:A2BF92	Mm:Q9JM96;Rn:B1WC33	-
Q9HCK0	Q9UMR2	57684	11269	ZBTB26	DDX19B	chromatin immunoprecipitation assay	27924024	Homo sapiens	GTRD	No	Mm:Q6P9Q3;Rn:D3ZG35	Dr:A2BF92	-	-
Q9HCK0	P16615	57684	488	ZBTB26	ATP2A2	chromatin immunoprecipitation assay	27924024	Homo sapiens	GTRD	No	Mm:Q6P9Q3;Rn:D3ZG35	Dr:A2BF92	Dr:A0A0R4IQS8;Mm:O55143;Rn:P11507	Dr:A9C3Q5
Q9HCK0	P08236	57684	2990	ZBTB26	GUSB	chromatin immunoprecipitation assay	27924024	Homo sapiens	GTRD	No	Mm:Q6P9Q3;Rn:D3ZG35	Dr:A2BF92	Dm:Q9V9T9;Dr:F1QGS9;Mm:P12265;Rn:Q7TPJ3	Ce:Q95Q32;Dm:A0A0B4LFU6
Q9HCK0	Q8N1F8	57684	114790	ZBTB26	STK11IP	chromatin immunoprecipitation assay	27924024	Homo sapiens	GTRD	No	Mm:Q6P9Q3;Rn:D3ZG35	Dr:A2BF92	Dr:F1Q5L2;Mm:Q3TAA7;Rn:B4F7D6	-
Q9HCK0	O60909	57684	8704	ZBTB26	B4GALT2	chromatin immunoprecipitation assay	27924024	Homo sapiens	GTRD	No	Mm:Q6P9Q3;Rn:D3ZG35	Dr:A2BF92	Dr:A8WHZ0;Mm:Q9Z2Y2;Rn:D4A2A5	-
Q9HCK0	Q9NQS7	57684	3619	ZBTB26	INCENP	chromatin immunoprecipitation assay	27924024	Homo sapiens	GTRD	No	Mm:Q6P9Q3;Rn:D3ZG35	Dr:A2BF92	Dr:A0A0G2L1R2;Mm:Q9WU62;Rn:A0A0G2K0Q6	-
Q9HCK0	Q96NI8	57684	148268	ZBTB26	ZNF570	chromatin immunoprecipitation assay	27924024	Homo sapiens	GTRD	No	Mm:Q6P9Q3;Rn:D3ZG35	Dr:A2BF92	-	-
Q9HCK0	Q9NVH0	57684	55218	ZBTB26	EXD2	chromatin immunoprecipitation assay	27924024	Homo sapiens	GTRD	No	Mm:Q6P9Q3;Rn:D3ZG35	Dr:A2BF92	Dm:Q9VGN7;Dr:F1QBW6;Mm:Q8VEG4;Rn:B2GUW4	-
Q9HCK0	Q9H1N7	57684	51000	ZBTB26	SLC35B3	chromatin immunoprecipitation assay	27924024	Homo sapiens	GTRD	No	Mm:Q6P9Q3;Rn:D3ZG35	Dr:A2BF92	Ce:Q20787;Dm:Q9VVD9;Mm:Q922Q5;Rn:D4AAG3	Dr:Q29RC8
Q9HCK0	O15056	57684	8871	ZBTB26	SYNJ2	chromatin immunoprecipitation assay	27924024	Homo sapiens	GTRD	No	Mm:Q6P9Q3;Rn:D3ZG35	Dr:A2BF92	Mm:Q9D2G5;Rn:F1M0S5	-
Q9HCK0	Q8N8J6	57684	284370	ZBTB26	ZNF615	chromatin immunoprecipitation assay	27924024	Homo sapiens	GTRD	No	Mm:Q6P9Q3;Rn:D3ZG35	Dr:A2BF92	-	-
Q9HCK0	P67812	57684	23478	ZBTB26	SEC11A	chromatin immunoprecipitation assay	27924024	Homo sapiens	GTRD	No	Mm:Q6P9Q3;Rn:D3ZG35	Dr:A2BF92	Dr:Q1LVK8;Rn:Q6P9X2	Mm:D3Z569
Q9HCK0	Q9NX76	57684	54918	ZBTB26	CMTM6	chromatin immunoprecipitation assay	27924024	Homo sapiens	GTRD	No	Mm:Q6P9Q3;Rn:D3ZG35	Dr:A2BF92	Mm:Q9CZ69;Rn:Q7TNZ9	-
Q9HCK0	Q9NR61	57684	54567	ZBTB26	DLL4	chromatin immunoprecipitation assay	27924024	Homo sapiens	GTRD	No	Mm:Q6P9Q3;Rn:D3ZG35	Dr:A2BF92	Mm:Q9JI71;Rn:D3ZHH1	Dr:Q5SPB5
Q9HCK0	Q9Y287	57684	9445	ZBTB26	ITM2B	chromatin immunoprecipitation assay	27924024	Homo sapiens	GTRD	No	Mm:Q6P9Q3;Rn:D3ZG35	Dr:A2BF92	Dr:Q803H7;Mm:O89051;Rn:Q5XIE8	Dr:Q7T328
Q9HCK0	A6NDG6	57684	283871	ZBTB26	PGP	chromatin immunoprecipitation assay	27924024	Homo sapiens	GTRD	No	Mm:Q6P9Q3;Rn:D3ZG35	Dr:A2BF92	Dm:Q9VVL5;Mm:Q8CHP8;Rn:D3ZDK7	Dr:F1QGU0
Q9HCK0	Q9H211	57684	81620	ZBTB26	CDT1	chromatin immunoprecipitation assay	27924024	Homo sapiens	GTRD	No	Mm:Q6P9Q3;Rn:D3ZG35	Dr:A2BF92	Dr:E7F2R5;Mm:Q8R4E9;Rn:D3ZKD4	-
Q9HCK0	P54868	57684	3158	ZBTB26	HMGCS2	chromatin immunoprecipitation assay	27924024	Homo sapiens	GTRD	No	Mm:Q6P9Q3;Rn:D3ZG35	Dr:A2BF92	Mm:P54869	Rn:P22791
Q9HCK0	P54253	57684	6310	ZBTB26	ATXN1	chromatin immunoprecipitation assay	27924024	Homo sapiens	GTRD	No	Mm:Q6P9Q3;Rn:D3ZG35	Dr:A2BF92	Dr:Q1L966;Mm:P54254	Rn:Q63540
Q9HCK0	P52848	57684	3340	ZBTB26	NDST1	chromatin immunoprecipitation assay	27924024	Homo sapiens	GTRD	No	Mm:Q6P9Q3;Rn:D3ZG35	Dr:A2BF92	Dr:A0A0R4IR84;Mm:Q3UHN9;Rn:Q02353	-
Q9HCK0	Q9HCH3	57684	57699	ZBTB26	CPNE5	chromatin immunoprecipitation assay	27924024	Homo sapiens	GTRD	No	Mm:Q6P9Q3;Rn:D3ZG35	Dr:A2BF92	Mm:Q8JZW4;Rn:D3ZGN2	-
Q9HCK0	P50213	57684	3419	ZBTB26	IDH3A	chromatin immunoprecipitation assay	27924024	Homo sapiens	GTRD	No	Mm:Q6P9Q3;Rn:D3ZG35	Dr:A2BF92	Ce:Q93714;Dm:Q9VWH4;Dr:Q6NV33;Rn:F1LNF7;Sc:P28241	-
Q9HCK0	Q03989	57684	10865	ZBTB26	ARID5A	chromatin immunoprecipitation assay	27924024	Homo sapiens	GTRD	No	Mm:Q6P9Q3;Rn:D3ZG35	Dr:A2BF92	Mm:Q3U108;Rn:A0A0G2K0Q5	-
Q9HCK0	Q9BXK5	57684	23786	ZBTB26	BCL2L13	chromatin immunoprecipitation assay	27924024	Homo sapiens	GTRD	No	Mm:Q6P9Q3;Rn:D3ZG35	Dr:A2BF92	Dr:Q1LX53;Mm:P59017;Rn:D3ZT71	-
Q9HCK0	Q92187	57684	7903	ZBTB26	ST8SIA4	chromatin immunoprecipitation assay	27924024	Homo sapiens	GTRD	No	Mm:Q6P9Q3;Rn:D3ZG35	Dr:A2BF92	Mm:Q64692;Rn:A1KQY6	Dr:Q6KC03
Q9HCK0	P40429	57684	23521	ZBTB26	RPL13A	chromatin immunoprecipitation assay	27924024	Homo sapiens	GTRD	No	Mm:Q6P9Q3;Rn:D3ZG35	Dr:A2BF92	Ce:Q27389;Dm:Q9VNE9;Dr:Q1LYB7;Mm:P19253;Rn:Q5RK10;Sc:P26784;Sc:P26785	-
Q9HCK0	P15374	57684	7347	ZBTB26	UCHL3	chromatin immunoprecipitation assay	27924024	Homo sapiens	GTRD	No	Mm:Q6P9Q3;Rn:D3ZG35	Dr:A2BF92	Ce:Q965V9;Ce:Q9UAV3;Dr:Q504C0;Mm:Q9JKB1;Rn:D4ABI6;Sc:P35127	Dm:M9PE40
Q9HCK0	O95471	57684	1366	ZBTB26	CLDN7	chromatin immunoprecipitation assay	27924024	Homo sapiens	GTRD	No	Mm:Q6P9Q3;Rn:D3ZG35	Dr:A2BF92	Dr:Q6DHP1;Mm:Q9Z261;Rn:Q9Z1L1	Dr:Q9YH92
Q9HCK0	Q15569	57684	7016	ZBTB26	TESK1	chromatin immunoprecipitation assay	27924024	Homo sapiens	GTRD	No	Mm:Q6P9Q3;Rn:D3ZG35	Dr:A2BF92	Mm:O70146;Rn:Q63572;Sc:P29295	Ce:Q9U3B5
Q9HCK0	Q9Y5J5	57684	23612	ZBTB26	PHLDA3	chromatin immunoprecipitation assay	27924024	Homo sapiens	GTRD	No	Mm:Q6P9Q3;Rn:D3ZG35	Dr:A2BF92	Mm:Q9WV95;Rn:Q5PQT7	-
Q9HCK0	Q8N1I0	57684	9732	ZBTB26	DOCK4	chromatin immunoprecipitation assay	27924024	Homo sapiens	GTRD	No	Mm:Q6P9Q3;Rn:D3ZG35	Dr:A2BF92	Mm:P59764	Dr:F6PC67;Rn:F1LZ81
Q9HCK0	Q96IW7	57684	26984	ZBTB26	SEC22A	chromatin immunoprecipitation assay	27924024	Homo sapiens	GTRD	No	Mm:Q6P9Q3;Rn:D3ZG35	Dr:A2BF92	Mm:Q8BH47;Rn:Q642F4	Dr:F1QC92
Q9HCK0	O60931	57684	1497	ZBTB26	CTNS	chromatin immunoprecipitation assay	27924024	Homo sapiens	GTRD	No	Mm:Q6P9Q3;Rn:D3ZG35	Dr:A2BF92	Dm:Q9VCR7;Dr:F1QM07;Mm:P57757;Rn:A0A0G2K358;Sc:P17261	-
Q9HCK0	O43908	57684	8302	ZBTB26	KLRC4	chromatin immunoprecipitation assay	27924024	Homo sapiens	GTRD	No	Mm:Q6P9Q3;Rn:D3ZG35	Dr:A2BF92	-	-
Q9HCK0	Q9NW75	57684	55105	ZBTB26	GPATCH2	chromatin immunoprecipitation assay	27924024	Homo sapiens	GTRD	No	Mm:Q6P9Q3;Rn:D3ZG35	Dr:A2BF92	Mm:Q7TQC7;Rn:F7FA15	Dr:A0A0R4IP63
Q9HCK0	Q96NL0	57684	154661	ZBTB26	RUNDC3B	chromatin immunoprecipitation assay	27924024	Homo sapiens	GTRD	No	Mm:Q6P9Q3;Rn:D3ZG35	Dr:A2BF92	Dr:F1Q6S3	Mm:D3YUQ5;Rn:A0A0G2JVF1
Q9HCK0	P30153	57684	5518	ZBTB26	PPP2R1A	chromatin immunoprecipitation assay	27924024	Homo sapiens	GTRD	No	Mm:Q6P9Q3;Rn:D3ZG35	Dr:A2BF92	Mm:Q76MZ3;Rn:Q5XI34	-
Q9HCK0	Q8IUK5	57684	57125	ZBTB26	PLXDC1	chromatin immunoprecipitation assay	27924024	Homo sapiens	GTRD	No	Mm:Q6P9Q3;Rn:D3ZG35	Dr:A2BF92	Dr:C0SQ71;Mm:Q91ZV7;Rn:D3ZEE4	-
Q9HCK0	P18433	57684	5786	ZBTB26	PTPRA	chromatin immunoprecipitation assay	27924024	Homo sapiens	GTRD	No	Mm:Q6P9Q3;Rn:D3ZG35	Dr:A2BF92	Dr:F1QE38;Mm:P18052	Rn:A0A0G2JVR0
Q9HCK0	P52747	57684	7702	ZBTB26	ZNF143	chromatin immunoprecipitation assay	27924024	Homo sapiens	GTRD	No	Mm:Q6P9Q3;Rn:D3ZG35	Dr:A2BF92	Mm:O70230;Rn:A0A0H2UHI0	Dr:Q7SXJ2
Q9HCK0	Q9UBK8	57684	4552	ZBTB26	MTRR	chromatin immunoprecipitation assay	27924024	Homo sapiens	GTRD	No	Mm:Q6P9Q3;Rn:D3ZG35	Dr:A2BF92	Ce:Q17574;Dr:F1RE28;Mm:A0A0R4J0G9;Rn:Q498R1	-
Q9HCK0	Q8TE82	57684	54436	ZBTB26	SH3TC1	chromatin immunoprecipitation assay	27924024	Homo sapiens	GTRD	No	Mm:Q6P9Q3;Rn:D3ZG35	Dr:A2BF92	Mm:G3X9F6	Dr:F1QHY2;Rn:D3ZLQ9
Q9HCK0	P11233	57684	5898	ZBTB26	RALA	chromatin immunoprecipitation assay	27924024	Homo sapiens	GTRD	No	Mm:Q6P9Q3;Rn:D3ZG35	Dr:A2BF92	Dr:Q5U3A3;Mm:P63321;Rn:P63322	Dm:Q962I2;Dr:Q7T383
Q9HCK0	O95985	57684	8940	ZBTB26	TOP3B	chromatin immunoprecipitation assay	27924024	Homo sapiens	GTRD	No	Mm:Q6P9Q3;Rn:D3ZG35	Dr:A2BF92	Ce:H1UBJ9;Dm:O96651;Mm:Q9Z321;Rn:D4A9Z2	Dr:F1QNX4
Q9HCK0	A5PLN9	57684	80006	ZBTB26	TRAPPC13	chromatin immunoprecipitation assay	27924024	Homo sapiens	GTRD	No	Mm:Q6P9Q3;Rn:D3ZG35	Dr:A2BF92	Ce:Q95QQ2;Dm:Q95TN1;Dr:Q6PBY7;Mm:Q3TIR1;Rn:Q5M887	-
Q9HCK0	Q9BSY4	57684	84269	ZBTB26	CHCHD5	chromatin immunoprecipitation assay	27924024	Homo sapiens	GTRD	No	Mm:Q6P9Q3;Rn:D3ZG35	Dr:A2BF92	Dr:E7F5H1;Mm:Q9CQP3;Rn:B0BMY5	-
Q9HCK0	Q8NE22	57684	133383	ZBTB26	SETD9	chromatin immunoprecipitation assay	27924024	Homo sapiens	GTRD	No	Mm:Q6P9Q3;Rn:D3ZG35	Dr:A2BF92	-	-
Q9HCK0	Q15468	57684	6491	ZBTB26	STIL	chromatin immunoprecipitation assay	27924024	Homo sapiens	GTRD	No	Mm:Q6P9Q3;Rn:D3ZG35	Dr:A2BF92	Dr:Q8JGS1;Mm:A2AD39	Rn:A0A0G2KB96
Q9HCK0	Q6ZN57	57684	80108	ZBTB26	ZFP2	chromatin immunoprecipitation assay	27924024	Homo sapiens	GTRD	No	Mm:Q6P9Q3;Rn:D3ZG35	Dr:A2BF92	Mm:P08043	Rn:B1WBX4
Q9HCK0	P35232	57684	5245	ZBTB26	PHB	chromatin immunoprecipitation assay	27924024	Homo sapiens	GTRD	No	Mm:Q6P9Q3;Rn:D3ZG35	Dr:A2BF92	Ce:Q9BKU4;Dm:P24156;Dr:Q7T1D8;Mm:P67778;Rn:P67779;Sc:P40961	-
Q9HCK0	P04732	57684	4493	ZBTB26	MT1E	chromatin immunoprecipitation assay	27924024	Homo sapiens	GTRD	No	Mm:Q6P9Q3;Rn:D3ZG35	Dr:A2BF92	-	-
Q9HCK0	Q8IZL9	57684	23552	ZBTB26	CDK20	chromatin immunoprecipitation assay	27924024	Homo sapiens	GTRD	No	Mm:Q6P9Q3;Rn:D3ZG35	Dr:A2BF92	Dm:Q9VD82;Mm:Q9JHU3;Rn:Q4KM34	Dr:A8WIP6
Q9HCK0	Q9H6R3	57684	79611	ZBTB26	ACSS3	chromatin immunoprecipitation assay	27924024	Homo sapiens	GTRD	No	Mm:Q6P9Q3;Rn:D3ZG35	Dr:A2BF92	Dm:Q9VC92;Mm:Q14DH7;Rn:A0A0G2K047	Dr:F1R1I6
Q9HCK0	P31930	57684	7384	ZBTB26	UQCRC1	chromatin immunoprecipitation assay	27924024	Homo sapiens	GTRD	No	Mm:Q6P9Q3;Rn:D3ZG35	Dr:A2BF92	Ce:P98080;Dr:F1QUE3;Mm:Q9CZ13;Rn:Q68FY0	-
Q9HCK0	P40227	57684	908	ZBTB26	CCT6A	chromatin immunoprecipitation assay	27924024	Homo sapiens	GTRD	No	Mm:Q6P9Q3;Rn:D3ZG35	Dr:A2BF92	Rn:Q3MHS9	Dr:E9QGU4;Mm:A0A571BEL9
Q9HCK0	P05388	57684	6175	ZBTB26	RPLP0	chromatin immunoprecipitation assay	27924024	Homo sapiens	GTRD	No	Mm:Q6P9Q3;Rn:D3ZG35	Dr:A2BF92	Ce:Q93572;Dm:P19889;Dr:Q6P5K3;Mm:P14869;Rn:P19945;Sc:P05317	-
Q9HCK0	Q9HC77	57684	55835	ZBTB26	CENPJ	chromatin immunoprecipitation assay	27924024	Homo sapiens	GTRD	No	Mm:Q6P9Q3;Rn:D3ZG35	Dr:A2BF92	Dr:E7FCY1;Mm:Q569L8	Rn:D4A194
Q9HCK0	A6NIK2	57684	390205	ZBTB26	LRRC10B	chromatin immunoprecipitation assay	27924024	Homo sapiens	GTRD	No	Mm:Q6P9Q3;Rn:D3ZG35	Dr:A2BF92	Mm:G3XA50;Rn:D3ZED9	-
Q9HCK0	Q96A61	57684	84851	ZBTB26	TRIM52	chromatin immunoprecipitation assay	27924024	Homo sapiens	GTRD	No	Mm:Q6P9Q3;Rn:D3ZG35	Dr:A2BF92	Mm:Q8CDV4	Rn:D3ZJ28
Q9HCK0	Q16630	57684	11052	ZBTB26	CPSF6	chromatin immunoprecipitation assay	27924024	Homo sapiens	GTRD	No	Mm:Q6P9Q3;Rn:D3ZG35	Dr:A2BF92	Dm:Q9VSH4;Dr:Q6NWC6;Mm:Q6NVF9;Rn:D3ZPL1	-
Q9HCK0	P30566	57684	158	ZBTB26	ADSL	chromatin immunoprecipitation assay	27924024	Homo sapiens	GTRD	No	Mm:Q6P9Q3;Rn:D3ZG35	Dr:A2BF92	Ce:Q21774;Dm:Q9VEP6;Mm:P54822;Rn:D3ZW08;Sc:Q05911	Dr:F1R293
Q9HCK0	Q8N184	57684	163081	ZBTB26	ZNF567	chromatin immunoprecipitation assay	27924024	Homo sapiens	GTRD	No	Mm:Q6P9Q3;Rn:D3ZG35	Dr:A2BF92	-	-
Q9HCK0	A0A1B0GVD1	57684	-	ZBTB26	FAM237B	chromatin immunoprecipitation assay	27924024	Homo sapiens	GTRD	No	Mm:Q6P9Q3;Rn:D3ZG35	Dr:A2BF92	Mm:Q3UQ24	-
Q9HCK0	O95045	57684	151531	ZBTB26	UPP2	chromatin immunoprecipitation assay	27924024	Homo sapiens	GTRD	No	Mm:Q6P9Q3;Rn:D3ZG35	Dr:A2BF92	-	-
Q9HCK0	Q5T4F4	57684	118813	ZBTB26	ZFYVE27	chromatin immunoprecipitation assay	27924024	Homo sapiens	GTRD	No	Mm:Q6P9Q3;Rn:D3ZG35	Dr:A2BF92	Dr:F1QVN6;Mm:Q3TXX3	Rn:A0A140TAG8
Q9HCK0	P18846	57684	466	ZBTB26	ATF1	chromatin immunoprecipitation assay	27924024	Homo sapiens	GTRD	No	Mm:Q6P9Q3;Rn:D3ZG35	Dr:A2BF92	Dr:Q7T351;Mm:P81269;Rn:F7FD47	-
Q9HCK0	Q86YC2	57684	79728	ZBTB26	PALB2	chromatin immunoprecipitation assay	27924024	Homo sapiens	GTRD	No	Mm:Q6P9Q3;Rn:D3ZG35	Dr:A2BF92	Mm:Q3U0P1;Rn:D3ZM14	Dr:E9QGW5
Q9HCK0	Q6PIY5	57684	339541	ZBTB26	ARMH1	chromatin immunoprecipitation assay	27924024	Homo sapiens	GTRD	No	Mm:Q6P9Q3;Rn:D3ZG35	Dr:A2BF92	Mm:E9Q963;Rn:D4A9P2	Dr:F1QUJ6
Q9HCK0	Q92499	57684	1653	ZBTB26	DDX1	chromatin immunoprecipitation assay	27924024	Homo sapiens	GTRD	No	Mm:Q6P9Q3;Rn:D3ZG35	Dr:A2BF92	Ce:Q9N341;Dm:Q9VNV3;Dr:F1R2L8;Mm:Q91VR5;Rn:Q641Y8	-
Q9HCK0	Q8WVK2	57684	11017	ZBTB26	SNRNP27	chromatin immunoprecipitation assay	27924024	Homo sapiens	GTRD	No	Mm:Q6P9Q3;Rn:D3ZG35	Dr:A2BF92	Ce:Q21739;Dm:Q9W1I6;Dr:Q6DH74;Mm:Q8K194;Rn:D3ZR17	-
Q9HCK0	Q9UKA4	57684	11215	ZBTB26	AKAP11	chromatin immunoprecipitation assay	27924024	Homo sapiens	GTRD	No	Mm:Q6P9Q3;Rn:D3ZG35	Dr:A2BF92	Dr:E7EZX7;Mm:E9Q777;Rn:D3ZS99	-
Q9HCK0	O94903	57684	11212	ZBTB26	PLPBP	chromatin immunoprecipitation assay	27924024	Homo sapiens	GTRD	No	Mm:Q6P9Q3;Rn:D3ZG35	Dr:A2BF92	Ce:P52057;Dm:Q9VA97;Dr:B1H1M3;Mm:Q9Z2Y8;Rn:D3ZCA0;Sc:P38197	-
Q9HCK0	P13051	57684	7374	ZBTB26	UNG	chromatin immunoprecipitation assay	27924024	Homo sapiens	GTRD	No	Mm:Q6P9Q3;Rn:D3ZG35	Dr:A2BF92	Ce:Q9U221;Mm:P97931;Rn:Q5BK44	Dr:A2BIQ2
Q9HCK0	Q8NI35	57684	-	ZBTB26	PATJ	chromatin immunoprecipitation assay	27924024	Homo sapiens	GTRD	No	Mm:Q6P9Q3;Rn:D3ZG35	Dr:A2BF92	-	-
Q9HCK0	Q9Y2J2	57684	23136	ZBTB26	EPB41L3	chromatin immunoprecipitation assay	27924024	Homo sapiens	GTRD	No	Mm:Q6P9Q3;Rn:D3ZG35	Dr:A2BF92	Dr:Q68EI5;Mm:Q9WV92;Rn:Q9JMB3	-
Q9HCK0	Q6ICG6	57684	23313	ZBTB26	KIAA0930	chromatin immunoprecipitation assay	27924024	Homo sapiens	GTRD	No	Mm:Q6P9Q3;Rn:D3ZG35	Dr:A2BF92	Dr:A0A0R4IGU3;Mm:Q3UE31;Rn:Q4G008	-
Q9HCK0	Q99598	57684	7257	ZBTB26	TSNAX	chromatin immunoprecipitation assay	27924024	Homo sapiens	GTRD	No	Mm:Q6P9Q3;Rn:D3ZG35	Dr:A2BF92	Dm:Q9VF77;Dr:A0A2R8QG76;Mm:Q9QZE7;Rn:Q9JHB5	-
Q9HCK0	Q8N0X2	57684	79582	ZBTB26	SPAG16	chromatin immunoprecipitation assay	27924024	Homo sapiens	GTRD	No	Mm:Q6P9Q3;Rn:D3ZG35	Dr:A2BF92	Mm:Q8K450	-
Q9HCK0	Q9H422	57684	10114	ZBTB26	HIPK3	chromatin immunoprecipitation assay	27924024	Homo sapiens	GTRD	No	Mm:Q6P9Q3;Rn:D3ZG35	Dr:A2BF92	Dr:Q1LUZ7;Mm:Q9ERH7;Rn:A0A0G2K4W6	-
Q9HCK0	Q04725	57684	7089	ZBTB26	TLE2	chromatin immunoprecipitation assay	27924024	Homo sapiens	GTRD	No	Mm:Q6P9Q3;Rn:D3ZG35	Dr:A2BF92	-	-
Q9HCK0	Q9UNS2	57684	8533	ZBTB26	COPS3	chromatin immunoprecipitation assay	27924024	Homo sapiens	GTRD	No	Mm:Q6P9Q3;Rn:D3ZG35	Dr:A2BF92	Dm:Q8SYG2;Mm:O88543;Rn:Q68FW9	-
Q9HCK0	Q9NPE2	57684	51335	ZBTB26	NGRN	chromatin immunoprecipitation assay	27924024	Homo sapiens	GTRD	No	Mm:Q6P9Q3;Rn:D3ZG35	Dr:A2BF92	Dr:A5PMG7;Mm:Q99KS2;Rn:Q3T1H2	-
Q9HCK0	Q9P278	57684	57600	ZBTB26	FNIP2	chromatin immunoprecipitation assay	27924024	Homo sapiens	GTRD	No	Mm:Q6P9Q3;Rn:D3ZG35	Dr:A2BF92	Dr:B8A4V9;Rn:D3Z8I3	Mm:D3YUC5
Q9HCK0	Q9P2W7	57684	27087	ZBTB26	B3GAT1	chromatin immunoprecipitation assay	27924024	Homo sapiens	GTRD	No	Mm:Q6P9Q3;Rn:D3ZG35	Dr:A2BF92	Mm:Q9CW73;Rn:O35789	Dr:Q5CB02
Q9HCK0	Q9NR48	57684	55870	ZBTB26	ASH1L	chromatin immunoprecipitation assay	27924024	Homo sapiens	GTRD	No	Mm:Q6P9Q3;Rn:D3ZG35	Dr:A2BF92	Mm:Q99MY8;Rn:D3ZKH4	Dr:F1QY85
Q9HCK0	Q8NHS3	57684	256471	ZBTB26	MFSD8	chromatin immunoprecipitation assay	27924024	Homo sapiens	GTRD	No	Mm:Q6P9Q3;Rn:D3ZG35	Dr:A2BF92	Ce:Q9N3G2;Dm:Q9VS51;Dr:Q0VA82;Mm:Q8BH31	Ce:Q19845;Rn:A0A0G2JYD6
Q9HCK0	Q15165	57684	5445	ZBTB26	PON2	chromatin immunoprecipitation assay	27924024	Homo sapiens	GTRD	No	Mm:Q6P9Q3;Rn:D3ZG35	Dr:A2BF92	Mm:Q62086;Rn:Q6AXM8	-
Q9HCK0	Q13145	57684	25805	ZBTB26	BAMBI	chromatin immunoprecipitation assay	27924024	Homo sapiens	GTRD	No	Mm:Q6P9Q3;Rn:D3ZG35	Dr:A2BF92	Dr:Q9DFZ0;Mm:Q9D0L6;Rn:Q91XN4	-
Q9HCK0	Q6ZVK1	57684	388021	ZBTB26	TMEM179	chromatin immunoprecipitation assay	27924024	Homo sapiens	GTRD	No	Mm:Q6P9Q3;Rn:D3ZG35	Dr:A2BF92	Dm:Q9VCF1;Dr:E7EYU1;Mm:Q8BHH9;Rn:E9PU04	Dr:Q6AZD1
Q9HCK0	Q9H7D0	57684	80005	ZBTB26	DOCK5	chromatin immunoprecipitation assay	27924024	Homo sapiens	GTRD	No	Mm:Q6P9Q3;Rn:D3ZG35	Dr:A2BF92	Dr:B8JID6;Mm:B2RY04;Rn:F1LVA9	-
Q9HCK0	P40763	57684	6774	ZBTB26	STAT3	chromatin immunoprecipitation assay	27924024	Homo sapiens	GTRD	No	Mm:Q6P9Q3;Rn:D3ZG35	Dr:A2BF92	-	-
Q9HCK0	P49759	57684	1195	ZBTB26	CLK1	chromatin immunoprecipitation assay	27924024	Homo sapiens	GTRD	No	Mm:Q6P9Q3;Rn:D3ZG35	Dr:A2BF92	Mm:P22518;Rn:D4ADG3	-
Q9HCK0	Q99497	57684	11315	ZBTB26	PARK7	chromatin immunoprecipitation assay	27924024	Homo sapiens	GTRD	No	Mm:Q6P9Q3;Rn:D3ZG35	Dr:A2BF92	Dm:A1Z9J4;Dm:Q9VA37;Dr:Q5XJ36;Mm:Q99LX0;Rn:O88767	Ce:P90994
Q9HCK0	Q9Y397	57684	51114	ZBTB26	ZDHHC9	chromatin immunoprecipitation assay	27924024	Homo sapiens	GTRD	No	Mm:Q6P9Q3;Rn:D3ZG35	Dr:A2BF92	Dr:F1R013;Mm:P59268;Rn:Q2TGJ9	-
Q9HCK0	Q96AE4	57684	8880	ZBTB26	FUBP1	chromatin immunoprecipitation assay	27924024	Homo sapiens	GTRD	No	Mm:Q6P9Q3;Rn:D3ZG35	Dr:A2BF92	Dr:Q6P2A9;Rn:A0A140TAJ3	Mm:Q3TUE1
Q9HCK0	Q9H936	57684	79751	ZBTB26	SLC25A22	chromatin immunoprecipitation assay	27924024	Homo sapiens	GTRD	No	Mm:Q6P9Q3;Rn:D3ZG35	Dr:A2BF92	Ce:Q93540;Dm:Q9VGF7;Mm:Q9D6M3	Ce:Q20847;Dr:F8W494;Rn:A0A0G2K5L2
Q9HCK0	Q9H9S5	57684	79147	ZBTB26	FKRP	chromatin immunoprecipitation assay	27924024	Homo sapiens	GTRD	No	Mm:Q6P9Q3;Rn:D3ZG35	Dr:A2BF92	Dm:Q9W2P2;Dr:Q0PIP5;Mm:Q8CG64	Rn:Q4KLJ4
Q9HCK0	Q9H3R0	57684	23081	ZBTB26	KDM4C	chromatin immunoprecipitation assay	27924024	Homo sapiens	GTRD	No	Mm:Q6P9Q3;Rn:D3ZG35	Dr:A2BF92	Ce:Q9U297;Dr:F1QPD2;Mm:Q8VCD7	-
Q9HCK0	Q6P6B1	57684	203111	ZBTB26	ERICH5	chromatin immunoprecipitation assay	27924024	Homo sapiens	GTRD	No	Mm:Q6P9Q3;Rn:D3ZG35	Dr:A2BF92	Mm:Q8K0S2;Rn:F1M6T7	-
Q9HCK0	Q8NFP9	57684	26960	ZBTB26	NBEA	chromatin immunoprecipitation assay	27924024	Homo sapiens	GTRD	No	Mm:Q6P9Q3;Rn:D3ZG35	Dr:A2BF92	Mm:Q9EPN1	Dr:E9QCE1
Q9HCK0	Q6XR72	57684	55532	ZBTB26	SLC30A10	chromatin immunoprecipitation assay	27924024	Homo sapiens	GTRD	No	Mm:Q6P9Q3;Rn:D3ZG35	Dr:A2BF92	Mm:Q3UVU3;Rn:D3ZJB7	Dr:A0A0R4IEQ2
Q9HCK0	Q9BSK0	57684	83742	ZBTB26	MARVELD1	chromatin immunoprecipitation assay	27924024	Homo sapiens	GTRD	No	Mm:Q6P9Q3;Rn:D3ZG35	Dr:A2BF92	Dr:Q5BLB7;Mm:Q7TQJ1	-
Q9HCK0	P78362	57684	6733	ZBTB26	SRPK2	chromatin immunoprecipitation assay	27924024	Homo sapiens	GTRD	No	Mm:Q6P9Q3;Rn:D3ZG35	Dr:A2BF92	Mm:A0A0R4J124	Rn:A0A0G2JX62
Q9HCK0	Q6ZNG2	57684	440097	ZBTB26	DBX2	chromatin immunoprecipitation assay	27924024	Homo sapiens	GTRD	No	Mm:Q6P9Q3;Rn:D3ZG35	Dr:A2BF92	Mm:F8VQH7	Rn:F1LRM4
Q9HCK0	O60303	57684	23247	ZBTB26	KATNIP	chromatin immunoprecipitation assay	27924024	Homo sapiens	GTRD	No	Mm:Q6P9Q3;Rn:D3ZG35	Dr:A2BF92	Mm:Q8C753;Rn:F1LX85	Dr:F1QDZ0
Q9HCK0	Q9NQT6	57684	29999	ZBTB26	FSCN3	chromatin immunoprecipitation assay	27924024	Homo sapiens	GTRD	No	Mm:Q6P9Q3;Rn:D3ZG35	Dr:A2BF92	Mm:Q9QXW4;Rn:Q6AXQ1	-
Q9HCK0	Q16204	57684	8030	ZBTB26	CCDC6	chromatin immunoprecipitation assay	27924024	Homo sapiens	GTRD	No	Mm:Q6P9Q3;Rn:D3ZG35	Dr:A2BF92	Dr:A0AUQ3;Mm:D3YZP9;Rn:D4AEK9	-
Q9HCK0	Q86Y26	57684	256646	ZBTB26	NUTM1	chromatin immunoprecipitation assay	27924024	Homo sapiens	GTRD	No	Mm:Q6P9Q3;Rn:D3ZG35	Dr:A2BF92	Mm:Q8BHP2;Rn:D3ZMR4	-
Q9HCK0	Q86SQ0	57684	90102	ZBTB26	PHLDB2	chromatin immunoprecipitation assay	27924024	Homo sapiens	GTRD	No	Mm:Q6P9Q3;Rn:D3ZG35	Dr:A2BF92	Mm:Q8K1N2;Rn:D4A779	Dr:F1R574
Q9HCK0	P56159	57684	2674	ZBTB26	GFRA1	chromatin immunoprecipitation assay	27924024	Homo sapiens	GTRD	No	Mm:Q6P9Q3;Rn:D3ZG35	Dr:A2BF92	Mm:P97785	Dr:F1QDI3;Rn:A0A0A0MXY7
Q9HCK0	P29084	57684	2961	ZBTB26	GTF2E2	chromatin immunoprecipitation assay	27924024	Homo sapiens	GTRD	No	Mm:Q6P9Q3;Rn:D3ZG35	Dr:A2BF92	Ce:G5EG47;Dm:O96881;Dr:Q6NXA3;Mm:Q9D902;Rn:D3ZCP9	-
Q9HCK0	Q7RTN6	57684	92335	ZBTB26	STRADA	chromatin immunoprecipitation assay	27924024	Homo sapiens	GTRD	No	Mm:Q6P9Q3;Rn:D3ZG35	Dr:A2BF92	Mm:Q3UUJ4	Dr:F1Q5T1;Rn:F1M341
Q9HCK0	Q96J88	57684	94240	ZBTB26	EPSTI1	chromatin immunoprecipitation assay	27924024	Homo sapiens	GTRD	No	Mm:Q6P9Q3;Rn:D3ZG35	Dr:A2BF92	-	Mm:A0A140T8I6;Rn:Q5BK43
Q9HCK0	O75398	57684	10522	ZBTB26	DEAF1	chromatin immunoprecipitation assay	27924024	Homo sapiens	GTRD	No	Mm:Q6P9Q3;Rn:D3ZG35	Dr:A2BF92	Mm:Q9Z1T5;Rn:F1LQ17	Dm:E8NH34;Dr:B3DHN2
Q9HCK0	Q9Y296	57684	51399	ZBTB26	TRAPPC4	chromatin immunoprecipitation assay	27924024	Homo sapiens	GTRD	No	Mm:Q6P9Q3;Rn:D3ZG35	Dr:A2BF92	Ce:Q20100;Dm:Q9VLI9;Mm:Q9ES56;Rn:A0A0G2JSL2	Dr:F1QNE7
Q9HCK0	Q8TE69	57684	91966	ZBTB26	EOLA1	chromatin immunoprecipitation assay	27924024	Homo sapiens	GTRD	No	Mm:Q6P9Q3;Rn:D3ZG35	Dr:A2BF92	-	-
Q9HCK0	Q8IVL5	57684	55214	ZBTB26	P3H2	chromatin immunoprecipitation assay	27924024	Homo sapiens	GTRD	No	Mm:Q6P9Q3;Rn:D3ZG35	Dr:A2BF92	Dr:A0A0R4IJJ1;Mm:Q8CG71;Rn:A0A0G2K8N3	-
Q9HCK0	Q6DN12	57684	55784	ZBTB26	MCTP2	chromatin immunoprecipitation assay	27924024	Homo sapiens	GTRD	No	Mm:Q6P9Q3;Rn:D3ZG35	Dr:A2BF92	Mm:Q5RJH2	Rn:A0A096MKH3
Q9HCK0	P56282	57684	5427	ZBTB26	POLE2	chromatin immunoprecipitation assay	27924024	Homo sapiens	GTRD	No	Mm:Q6P9Q3;Rn:D3ZG35	Dr:A2BF92	Dm:Q9VRQ7;Mm:O54956;Rn:D4ABZ5	-
Q9HCK0	P35219	57684	767	ZBTB26	CA8	chromatin immunoprecipitation assay	27924024	Homo sapiens	GTRD	No	Mm:Q6P9Q3;Rn:D3ZG35	Dr:A2BF92	Dr:B0V1F9;Mm:P28651;Rn:Q5PPN4	-
Q9HCK0	Q96B49	57684	100188893	ZBTB26	TOMM6	chromatin immunoprecipitation assay	27924024	Homo sapiens	GTRD	No	Mm:Q6P9Q3;Rn:D3ZG35	Dr:A2BF92	Mm:Q9CQN3;Rn:D3ZJS3	-
Q9HCK0	Q9H4A5	57684	55204	ZBTB26	GOLPH3L	chromatin immunoprecipitation assay	27924024	Homo sapiens	GTRD	No	Mm:Q6P9Q3;Rn:D3ZG35	Dr:A2BF92	Mm:H3BJ07	Rn:A0A0G2K9Q1
Q9HCK0	Q9C040	57684	23321	ZBTB26	TRIM2	chromatin immunoprecipitation assay	27924024	Homo sapiens	GTRD	No	Mm:Q6P9Q3;Rn:D3ZG35	Dr:A2BF92	-	-
Q9HCK0	Q96CW1	57684	1173	ZBTB26	AP2M1	chromatin immunoprecipitation assay	27924024	Homo sapiens	GTRD	No	Mm:Q6P9Q3;Rn:D3ZG35	Dr:A2BF92	Ce:P35603;Dm:O62530;Mm:P84091;Rn:P84092;Sc:Q99186	Dr:A8E7K7;Dr:F1Q9V1
Q9HCK0	Q5VVH5	57684	134728	ZBTB26	IRAK1BP1	chromatin immunoprecipitation assay	27924024	Homo sapiens	GTRD	No	Mm:Q6P9Q3;Rn:D3ZG35	Dr:A2BF92	Dr:F1QGD3;Mm:Q9ESJ7;Rn:D3ZBV8	-
Q9HCK0	P56181	57684	4731	ZBTB26	NDUFV3	chromatin immunoprecipitation assay	27924024	Homo sapiens	GTRD	No	Mm:Q6P9Q3;Rn:D3ZG35	Dr:A2BF92	-	Mm:Q3U422;Rn:G3V644
Q9HCK0	P60520	57684	11345	ZBTB26	GABARAPL2	chromatin immunoprecipitation assay	27924024	Homo sapiens	GTRD	No	Mm:Q6P9Q3;Rn:D3ZG35	Dr:A2BF92	Dr:Q6TH05;Mm:P60521;Rn:P60522;Rn:F1M1J6	-
Q9HCK0	P16422	57684	4072	ZBTB26	EPCAM	chromatin immunoprecipitation assay	27924024	Homo sapiens	GTRD	No	Mm:Q6P9Q3;Rn:D3ZG35	Dr:A2BF92	Dr:B8JM11;Mm:Q99JW5;Rn:O55159	-
Q9HCK0	Q9HBI1	57684	29780	ZBTB26	PARVB	chromatin immunoprecipitation assay	27924024	Homo sapiens	GTRD	No	Mm:Q6P9Q3;Rn:D3ZG35	Dr:A2BF92	Dr:Q6PC42;Mm:Q9ES46;Rn:D3ZKG5	-
Q9HCK0	Q9BWL3	57684	25912	ZBTB26	C1orf43	chromatin immunoprecipitation assay	27924024	Homo sapiens	GTRD	No	Mm:Q6P9Q3;Rn:D3ZG35	Dr:A2BF92	Mm:Q8R092	Dr:F1R6K2;Rn:Q4KMA3
Q9HCK0	A8MVS5	57684	255809	ZBTB26	HIDE1	chromatin immunoprecipitation assay	27924024	Homo sapiens	GTRD	No	Mm:Q6P9Q3;Rn:D3ZG35	Dr:A2BF92	Mm:A0A0B4J1G2	Rn:D3ZMI7
Q9HCK0	P40337	57684	7428	ZBTB26	VHL	chromatin immunoprecipitation assay	27924024	Homo sapiens	GTRD	No	Mm:Q6P9Q3;Rn:D3ZG35	Dr:A2BF92	Dr:F1QY17;Mm:P40338;Rn:Q64259	-
Q9HCK0	O60716	57684	1500	ZBTB26	CTNND1	chromatin immunoprecipitation assay	27924024	Homo sapiens	GTRD	No	Mm:Q6P9Q3;Rn:D3ZG35	Dr:A2BF92	Dr:F1R6C8;Mm:P30999;Rn:D3ZZZ9	-
Q9HCK0	A2IDD5	57684	124093	ZBTB26	CCDC78	chromatin immunoprecipitation assay	27924024	Homo sapiens	GTRD	No	Mm:Q6P9Q3;Rn:D3ZG35	Dr:A2BF92	-	-
Q9HCK0	Q86W24	57684	338323	ZBTB26	NLRP14	chromatin immunoprecipitation assay	27924024	Homo sapiens	GTRD	No	Mm:Q6P9Q3;Rn:D3ZG35	Dr:A2BF92	Mm:Q6B966	Rn:F1M918
Q9HCK0	P0C5J1	57684	653333	ZBTB26	FAM86B2	chromatin immunoprecipitation assay	27924024	Homo sapiens	GTRD	No	Mm:Q6P9Q3;Rn:D3ZG35	Dr:A2BF92	-	-
Q9HCK0	Q7Z2W4	57684	56829	ZBTB26	ZC3HAV1	chromatin immunoprecipitation assay	27924024	Homo sapiens	GTRD	No	Mm:Q6P9Q3;Rn:D3ZG35	Dr:A2BF92	Rn:F7F0B1	Mm:D3Z5I1
Q9HCK0	P62316	57684	6633	ZBTB26	SNRPD2	chromatin immunoprecipitation assay	27924024	Homo sapiens	GTRD	No	Mm:Q6P9Q3;Rn:D3ZG35	Dr:A2BF92	Ce:Q18786;Dm:Q9VI10;Dr:Q567V5;Mm:P62317;Rn:B5DES0;Sc:Q06217	Rn:M0R8K2
Q9HCK0	Q8NE31	57684	220965	ZBTB26	FAM13C	chromatin immunoprecipitation assay	27924024	Homo sapiens	GTRD	No	Mm:Q6P9Q3;Rn:D3ZG35	Dr:A2BF92	Mm:Q9DBR2;Rn:F1LUC1	-
Q9HCK0	Q15477	57684	6499	ZBTB26	SKIV2L	chromatin immunoprecipitation assay	27924024	Homo sapiens	GTRD	No	Mm:Q6P9Q3;Rn:D3ZG35	Dr:A2BF92	Ce:Q19103;Dm:Q9VCH8;Dr:F1R881;Mm:Q6NZR5;Rn:A0A0G2QC02;Sc:P35207	-
Q9HCK0	P35241	57684	5962	ZBTB26	RDX	chromatin immunoprecipitation assay	27924024	Homo sapiens	GTRD	No	Mm:Q6P9Q3;Rn:D3ZG35	Dr:A2BF92	Mm:P26043;Rn:E9PT65	-
Q9HCK0	Q9Y4K3	57684	7189	ZBTB26	TRAF6	chromatin immunoprecipitation assay	27924024	Homo sapiens	GTRD	No	Mm:Q6P9Q3;Rn:D3ZG35	Dr:A2BF92	Dm:Q9W3I9;Dr:Q6IWL4;Mm:P70196;Rn:B5DF45	-
Q9HCK0	Q96H86	57684	92595	ZBTB26	ZNF764	chromatin immunoprecipitation assay	27924024	Homo sapiens	GTRD	No	Mm:Q6P9Q3;Rn:D3ZG35	Dr:A2BF92	-	-
Q9HCK0	Q9NVX2	57684	54475	ZBTB26	NLE1	chromatin immunoprecipitation assay	27924024	Homo sapiens	GTRD	No	Mm:Q6P9Q3;Rn:D3ZG35	Dr:A2BF92	Ce:Q9TYV3;Dm:Q9VPR4;Dr:F1QDT3;Mm:Q8VEJ4;Rn:B2GV82;Sc:P25382	-
Q9HCK0	Q16740	57684	8192	ZBTB26	CLPP	chromatin immunoprecipitation assay	27924024	Homo sapiens	GTRD	No	Mm:Q6P9Q3;Rn:D3ZG35	Dr:A2BF92	Ce:Q27539;Dm:Q9VKY3;Mm:O88696;Rn:M0RAD5	Dr:Q5PNM4
Q9HCK0	Q8IZM8	57684	-	ZBTB26	ZNF654	chromatin immunoprecipitation assay	27924024	Homo sapiens	GTRD	No	Mm:Q6P9Q3;Rn:D3ZG35	Dr:A2BF92	-	-
Q9HCK0	Q9H633	57684	79897	ZBTB26	RPP21	chromatin immunoprecipitation assay	27924024	Homo sapiens	GTRD	No	Mm:Q6P9Q3;Rn:D3ZG35	Dr:A2BF92	Dr:Q1L878;Mm:Q8R040;Rn:Q6MFZ6	-
Q9HCK0	O95155	57684	10277	ZBTB26	UBE4B	chromatin immunoprecipitation assay	27924024	Homo sapiens	GTRD	No	Mm:Q6P9Q3;Rn:D3ZG35	Dr:A2BF92	Dr:F1Q5A9;Mm:Q9ES00;Rn:F1M8V2	-
Q9HCK0	Q6XUX3	57684	25778	ZBTB26	DSTYK	chromatin immunoprecipitation assay	27924024	Homo sapiens	GTRD	No	Mm:Q6P9Q3;Rn:D3ZG35	Dr:A2BF92	Dr:Q4VSN1;Mm:Q6XUX1;Rn:Q6XUX2	-
Q9HCK0	P52655	57684	2957	ZBTB26	GTF2A1	chromatin immunoprecipitation assay	27924024	Homo sapiens	GTRD	No	Mm:Q6P9Q3;Rn:D3ZG35	Dr:A2BF92	Ce:O44625;Dm:P52654;Dr:Q5TYT6;Mm:Q99PM3;Rn:O08949	-
Q9HCK0	Q9Y2H9	57684	22983	ZBTB26	MAST1	chromatin immunoprecipitation assay	27924024	Homo sapiens	GTRD	No	Mm:Q6P9Q3;Rn:D3ZG35	Dr:A2BF92	Mm:Q9R1L5;Rn:Q810W7	Dr:E7F0L8
Q9HCK0	Q9BVL2	57684	9818	ZBTB26	NUP58	chromatin immunoprecipitation assay	27924024	Homo sapiens	GTRD	No	Mm:Q6P9Q3;Rn:D3ZG35	Dr:A2BF92	Ce:Q9XWK3;Dm:Q9VDV3;Dr:F1R2H0;Mm:Q8R332;Rn:P70581;Sc:Q02199	-
Q9HCK0	Q03181	57684	5467	ZBTB26	PPARD	chromatin immunoprecipitation assay	27924024	Homo sapiens	GTRD	No	Mm:Q6P9Q3;Rn:D3ZG35	Dr:A2BF92	Dr:A9C4A5;Mm:P35396;Rn:Q99ND3	Dr:F8W3D2
Q9HCK0	P23560	57684	627	ZBTB26	BDNF	chromatin immunoprecipitation assay	27924024	Homo sapiens	GTRD	No	Mm:Q6P9Q3;Rn:D3ZG35	Dr:A2BF92	Dr:Q6NZ01;Mm:P21237	Rn:A0A0H2UI28
Q9HCK0	Q8WWL2	57684	84501	ZBTB26	SPIRE2	chromatin immunoprecipitation assay	27924024	Homo sapiens	GTRD	No	Mm:Q6P9Q3;Rn:D3ZG35	Dr:A2BF92	Mm:Q8K1S6	Dr:E7EZ28;Rn:G3V870
Q9HCK0	Q9H2A3	57684	63973	ZBTB26	NEUROG2	chromatin immunoprecipitation assay	27924024	Homo sapiens	GTRD	No	Mm:Q6P9Q3;Rn:D3ZG35	Dr:A2BF92	Rn:D4A2E3	Mm:Q6GTH9
Q9HCK0	Q86VR2	57684	162427	ZBTB26	RETREG3	chromatin immunoprecipitation assay	27924024	Homo sapiens	GTRD	No	Mm:Q6P9Q3;Rn:D3ZG35	Dr:A2BF92	Dr:F1QYM7;Mm:Q9CQV4;Rn:B2GV94	-
Q9HCK0	Q9BRZ2	57684	81844	ZBTB26	TRIM56	chromatin immunoprecipitation assay	27924024	Homo sapiens	GTRD	No	Mm:Q6P9Q3;Rn:D3ZG35	Dr:A2BF92	Mm:A0A0R4J0Q6	-
Q9HCK0	Q9NYJ1	57684	51287	ZBTB26	COA4	chromatin immunoprecipitation assay	27924024	Homo sapiens	GTRD	No	Mm:Q6P9Q3;Rn:D3ZG35	Dr:A2BF92	Ce:C6KRJ5;Dr:E7F2T5;Mm:Q8BT51;Rn:B0K013	-
Q9HCK0	Q8ND30	57684	8495	ZBTB26	PPFIBP2	chromatin immunoprecipitation assay	27924024	Homo sapiens	GTRD	No	Mm:Q6P9Q3;Rn:D3ZG35	Dr:A2BF92	Dm:Q9VU88;Mm:O35711	Dr:A2CET5;Rn:A0A0G2K383
Q9HCK0	Q13356	57684	23759	ZBTB26	PPIL2	chromatin immunoprecipitation assay	27924024	Homo sapiens	GTRD	No	Mm:Q6P9Q3;Rn:D3ZG35	Dr:A2BF92	Ce:P52012;Dm:Q7K231;Dr:A2BGH2;Mm:Q9D787;Rn:Q5RKH8	-
Q9HCK0	Q9H9E1	57684	57763	ZBTB26	ANKRA2	chromatin immunoprecipitation assay	27924024	Homo sapiens	GTRD	No	Mm:Q6P9Q3;Rn:D3ZG35	Dr:A2BF92	Rn:Q6Q287	-
Q9HCK0	O75095	57684	1953	ZBTB26	MEGF6	chromatin immunoprecipitation assay	27924024	Homo sapiens	GTRD	No	Mm:Q6P9Q3;Rn:D3ZG35	Dr:A2BF92	Ce:G5EFX3;Dr:E9QHA9;Mm:A0A0A0MQ83	Rn:D4AA94
Q9HCK0	O43715	57684	51499	ZBTB26	TRIAP1	chromatin immunoprecipitation assay	27924024	Homo sapiens	GTRD	No	Mm:Q6P9Q3;Rn:D3ZG35	Dr:A2BF92	Dm:A1ZAX2;Dm:Q6NLJ9;Dr:F1Q6Y0;Mm:Q9D8Z2	Rn:D3ZY71
Q9HCK0	Q6WKZ4	57684	80223	ZBTB26	RAB11FIP1	chromatin immunoprecipitation assay	27924024	Homo sapiens	GTRD	No	Mm:Q6P9Q3;Rn:D3ZG35	Dr:A2BF92	-	Mm:E9Q8L9;Rn:A0A0G2JYK2
Q9HCK0	Q9Y5Z7	57684	29915	ZBTB26	HCFC2	chromatin immunoprecipitation assay	27924024	Homo sapiens	GTRD	No	Mm:Q6P9Q3;Rn:D3ZG35	Dr:A2BF92	Ce:G5EC23;Dr:X1WCP5;Rn:A0A0G2JXF9	Mm:Q9D968
Q9HCK0	Q8NBP5	57684	84804	ZBTB26	MFSD9	chromatin immunoprecipitation assay	27924024	Homo sapiens	GTRD	No	Mm:Q6P9Q3;Rn:D3ZG35	Dr:A2BF92	Mm:Q8C0T7;Rn:D3ZTY6	-
Q9HCK0	P16220	57684	1385	ZBTB26	CREB1	chromatin immunoprecipitation assay	27924024	Homo sapiens	GTRD	No	Mm:Q6P9Q3;Rn:D3ZG35	Dr:A2BF92	Dr:Q803K8;Mm:Q01147;Rn:P15337	Dr:E9QHG0
Q9HCK0	Q86YD1	57684	53635	ZBTB26	PTOV1	chromatin immunoprecipitation assay	27924024	Homo sapiens	GTRD	No	Mm:Q6P9Q3;Rn:D3ZG35	Dr:A2BF92	Dm:Q9VCB1;Mm:Q91VU8;Rn:Q5U2W6	-
Q9HCK0	Q5SXM8	57684	728489	ZBTB26	DNLZ	chromatin immunoprecipitation assay	27924024	Homo sapiens	GTRD	No	Mm:Q6P9Q3;Rn:D3ZG35	Dr:A2BF92	Mm:Q9D113;Rn:D3ZWJ1	-
Q9HCK0	P82912	57684	64963	ZBTB26	MRPS11	chromatin immunoprecipitation assay	27924024	Homo sapiens	GTRD	No	Mm:Q6P9Q3;Rn:D3ZG35	Dr:A2BF92	Dr:Q5VSI2;Mm:Q3U8Y1;Rn:D4A040	Rn:D4A0K2
Q9HCK0	Q969S0	57684	84912	ZBTB26	SLC35B4	chromatin immunoprecipitation assay	27924024	Homo sapiens	GTRD	No	Mm:Q6P9Q3;Rn:D3ZG35	Dr:A2BF92	Ce:O44166;Dm:Q9W429;Dr:F1Q9W9;Mm:Q8CIA5;Rn:D3ZAN4;Sc:P40004	Ce:Q18800
Q9HCK0	Q96JJ3	57684	63916	ZBTB26	ELMO2	chromatin immunoprecipitation assay	27924024	Homo sapiens	GTRD	No	Mm:Q6P9Q3;Rn:D3ZG35	Dr:A2BF92	Mm:Q8BHL5;Rn:G3V982	Dr:A0A140LGQ0
Q9HCK0	Q86UR1	57684	10811	ZBTB26	NOXA1	chromatin immunoprecipitation assay	27924024	Homo sapiens	GTRD	No	Mm:Q6P9Q3;Rn:D3ZG35	Dr:A2BF92	Mm:Q8CJ00	Rn:A7E3N7
Q9HCK0	Q6J4K2	57684	80024	ZBTB26	SLC8B1	chromatin immunoprecipitation assay	27924024	Homo sapiens	GTRD	No	Mm:Q6P9Q3;Rn:D3ZG35	Dr:A2BF92	Ce:P34315;Ce:P34322;Dm:A1Z7I1;Mm:Q925Q3;Rn:Q6AXS0	Ce:O16241;Ce:O16242;Ce:Q965R5
Q9HCK0	Q9UM19	57684	51440	ZBTB26	HPCAL4	chromatin immunoprecipitation assay	27924024	Homo sapiens	GTRD	No	Mm:Q6P9Q3;Rn:D3ZG35	Dr:A2BF92	Mm:Q8BGZ1	Rn:P35332
Q9HCK0	P60709	57684	60	ZBTB26	ACTB	chromatin immunoprecipitation assay	27924024	Homo sapiens	GTRD	No	Mm:Q6P9Q3;Rn:D3ZG35	Dr:A2BF92	Dm:P02572;Dm:P10987;Mm:P60710	Rn:A0A0G2K3K2
Q9HCK0	Q13255	57684	2911	ZBTB26	GRM1	chromatin immunoprecipitation assay	27924024	Homo sapiens	GTRD	No	Mm:Q6P9Q3;Rn:D3ZG35	Dr:A2BF92	Ce:G5EG10;Mm:P97772	Dr:A0A2R9YJL7;Rn:G3V7U1
Q9HCK0	Q9Y2K1	57684	22890	ZBTB26	ZBTB1	chromatin immunoprecipitation assay	27924024	Homo sapiens	GTRD	No	Mm:Q6P9Q3;Rn:D3ZG35	Dr:A2BF92	Dr:Q5RIH1;Mm:Q91VL9;Rn:A0A0G2K3D7	-
Q9HCK0	O95568	57684	92342	ZBTB26	METTL18	chromatin immunoprecipitation assay	27924024	Homo sapiens	GTRD	No	Mm:Q6P9Q3;Rn:D3ZG35	Dr:A2BF92	Mm:Q9CZ09;Rn:Q4KM84	-
Q9HCK0	Q9UNT1	57684	11158	ZBTB26	RABL2B	chromatin immunoprecipitation assay	27924024	Homo sapiens	GTRD	No	Mm:Q6P9Q3;Rn:D3ZG35	Dr:A2BF92	-	-
Q9HCK0	P18754	57684	1104	ZBTB26	RCC1	chromatin immunoprecipitation assay	27924024	Homo sapiens	GTRD	No	Mm:Q6P9Q3;Rn:D3ZG35	Dr:A2BF92	Ce:Q18211;Dm:P25171;Dr:Q6NY65;Mm:Q8VE37;Rn:B1H227;Sc:P21827	-
Q9HCK0	Q9BZM5	57684	80328	ZBTB26	ULBP2	chromatin immunoprecipitation assay	27924024	Homo sapiens	GTRD	No	Mm:Q6P9Q3;Rn:D3ZG35	Dr:A2BF92	Mm:Q8HWA3	-
Q9HCK0	P0CG31	57684	-	ZBTB26	ZNF286B	chromatin immunoprecipitation assay	27924024	Homo sapiens	GTRD	No	Mm:Q6P9Q3;Rn:D3ZG35	Dr:A2BF92	-	-
Q9HCK0	Q9P287	57684	56647	ZBTB26	BCCIP	chromatin immunoprecipitation assay	27924024	Homo sapiens	GTRD	No	Mm:Q6P9Q3;Rn:D3ZG35	Dr:A2BF92	Dm:Q9VFR0;Dr:F1QQU8;Mm:Q9CWI3;Rn:D3ZB65;Sc:Q06338	-
Q9HCK0	O94811	57684	11076	ZBTB26	TPPP	chromatin immunoprecipitation assay	27924024	Homo sapiens	GTRD	No	Mm:Q6P9Q3;Rn:D3ZG35	Dr:A2BF92	Mm:Q7TQD2	Rn:A0A5H1ZRV3
Q9HCK0	P47972	57684	4885	ZBTB26	NPTX2	chromatin immunoprecipitation assay	27924024	Homo sapiens	GTRD	No	Mm:Q6P9Q3;Rn:D3ZG35	Dr:A2BF92	Dr:D2D0C1;Mm:O70340;Rn:F1LR84	Dr:F1Q689
Q9HCK0	Q6PJI9	57684	79726	ZBTB26	WDR59	chromatin immunoprecipitation assay	27924024	Homo sapiens	GTRD	No	Mm:Q6P9Q3;Rn:D3ZG35	Dr:A2BF92	Dm:Q9VKK2;Mm:Q8C0M0;Rn:D3ZGZ9;Sc:Q03897	Dr:E7FE58
Q9HCK0	Q96EX2	57684	84900	ZBTB26	RNFT2	chromatin immunoprecipitation assay	27924024	Homo sapiens	GTRD	No	Mm:Q6P9Q3;Rn:D3ZG35	Dr:A2BF92	Mm:Q3UF64;Rn:D3ZTN5	Dr:F1Q8R4
Q9HCK0	Q9H330	57684	23731	ZBTB26	TMEM245	chromatin immunoprecipitation assay	27924024	Homo sapiens	GTRD	No	Mm:Q6P9Q3;Rn:D3ZG35	Dr:A2BF92	Ce:Q21453	Dm:B7Z0V2;Mm:D3YWD3;Rn:D3ZR79
Q9HCK0	Q8NFQ8	57684	163590	ZBTB26	TOR1AIP2	chromatin immunoprecipitation assay	27924024	Homo sapiens	GTRD	No	Mm:Q6P9Q3;Rn:D3ZG35	Dr:A2BF92	Mm:Q8BYU6;Rn:Q6P752	-
Q9HCK0	Q8TBE9	57684	140838	ZBTB26	NANP	chromatin immunoprecipitation assay	27924024	Homo sapiens	GTRD	No	Mm:Q6P9Q3;Rn:D3ZG35	Dr:A2BF92	Dr:B8JKD6;Mm:Q9CPT3;Rn:Q5M969	-
Q9HCK0	P78371	57684	10576	ZBTB26	CCT2	chromatin immunoprecipitation assay	27924024	Homo sapiens	GTRD	No	Mm:Q6P9Q3;Rn:D3ZG35	Dr:A2BF92	Ce:P47207;Dm:Q9W392;Mm:P80314;Rn:Q5XIM9;Sc:P39076	-
Q9HCK0	P42568	57684	4300	ZBTB26	MLLT3	chromatin immunoprecipitation assay	27924024	Homo sapiens	GTRD	No	Mm:Q6P9Q3;Rn:D3ZG35	Dr:A2BF92	Mm:A2AM29	Rn:A0A0G2QC34
Q9HCK0	Q6ZTI6	57684	100533183;144347	ZBTB26	RFLNA	chromatin immunoprecipitation assay	27924024	Homo sapiens	GTRD	No	Mm:Q6P9Q3;Rn:D3ZG35	Dr:A2BF92	Dr:Q8QHA4;Mm:Q7TS73;Rn:D3ZXN7	-
Q9HCK0	O60927	57684	6992	ZBTB26	PPP1R11	chromatin immunoprecipitation assay	27924024	Homo sapiens	GTRD	No	Mm:Q6P9Q3;Rn:D3ZG35	Dr:A2BF92	Dm:Q9VMI2;Dr:Q568K2;Mm:A5A4Y9;Rn:Q6MFY6	-
Q9HCK0	Q16828	57684	1848	ZBTB26	DUSP6	chromatin immunoprecipitation assay	27924024	Homo sapiens	GTRD	No	Mm:Q6P9Q3;Rn:D3ZG35	Dr:A2BF92	Dr:Q7T2L8;Mm:Q9DBB1;Rn:Q64346	-
Q9HCK0	Q9NQU5	57684	106821730;56924	ZBTB26	PAK6	chromatin immunoprecipitation assay	27924024	Homo sapiens	GTRD	No	Mm:Q6P9Q3;Rn:D3ZG35	Dr:A2BF92	Mm:Q3ULB5;Rn:D3ZQ51	Dr:A5PEY8
Q9HCK0	A8CG34	57684	-	ZBTB26	POM121C	chromatin immunoprecipitation assay	27924024	Homo sapiens	GTRD	No	Mm:Q6P9Q3;Rn:D3ZG35	Dr:A2BF92	Dm:Q9VE45	-
Q9HCK0	Q9UK17	57684	3752	ZBTB26	KCND3	chromatin immunoprecipitation assay	27924024	Homo sapiens	GTRD	No	Mm:Q6P9Q3;Rn:D3ZG35	Dr:A2BF92	Mm:Q9Z0V1	Dr:Q7ZW36;Rn:A0A0G2JSN5
Q9HCK0	Q96JY6	57684	64236	ZBTB26	PDLIM2	chromatin immunoprecipitation assay	27924024	Homo sapiens	GTRD	No	Mm:Q6P9Q3;Rn:D3ZG35	Dr:A2BF92	Dr:F1QCW0;Mm:Q8R1G6;Rn:Q6AYD6	-
Q9HCK0	Q8NCB2	57684	79012	ZBTB26	CAMKV	chromatin immunoprecipitation assay	27924024	Homo sapiens	GTRD	No	Mm:Q6P9Q3;Rn:D3ZG35	Dr:A2BF92	Dr:E7FE74;Mm:Q3UHL1	Rn:A0A0G2K1R5
Q9HCK0	P11229	57684	1128	ZBTB26	CHRM1	chromatin immunoprecipitation assay	27924024	Homo sapiens	GTRD	No	Mm:Q6P9Q3;Rn:D3ZG35	Dr:A2BF92	Mm:P12657	Rn:P08482
Q9HCK0	P54886	57684	5832	ZBTB26	ALDH18A1	chromatin immunoprecipitation assay	27924024	Homo sapiens	GTRD	No	Mm:Q6P9Q3;Rn:D3ZG35	Dr:A2BF92	Ce:P54889;Dm:Q9VNW6;Dr:A4IGC8;Mm:Q9Z110	Rn:D3ZIE9
Q9HCK0	Q9UL40	57684	23567	ZBTB26	ZNF346	chromatin immunoprecipitation assay	27924024	Homo sapiens	GTRD	No	Mm:Q6P9Q3;Rn:D3ZG35	Dr:A2BF92	-	-
Q9HCK0	Q5MY95	57684	377841	ZBTB26	ENTPD8	chromatin immunoprecipitation assay	27924024	Homo sapiens	GTRD	No	Mm:Q6P9Q3;Rn:D3ZG35	Dr:A2BF92	Mm:Q8K0L2;Rn:F1LPV1	-
Q9HCK0	Q9HCJ1	57684	56172	ZBTB26	ANKH	chromatin immunoprecipitation assay	27924024	Homo sapiens	GTRD	No	Mm:Q6P9Q3;Rn:D3ZG35	Dr:A2BF92	Dr:P58368;Mm:Q9JHZ2;Rn:F1LN34	Dr:F1Q528
Q9HCK0	K7ERI8	57684	-	ZBTB26	-	chromatin immunoprecipitation assay	27924024	Homo sapiens	GTRD	No	Mm:Q6P9Q3;Rn:D3ZG35	Dr:A2BF92	-	-
Q9HCK0	P06748	57684	4869	ZBTB26	NPM1	chromatin immunoprecipitation assay	27924024	Homo sapiens	GTRD	No	Mm:Q6P9Q3;Rn:D3ZG35	Dr:A2BF92	Mm:Q61937;Rn:P13084	-
Q9HCK0	P06133	57684	7363	ZBTB26	UGT2B4	chromatin immunoprecipitation assay	27924024	Homo sapiens	GTRD	No	Mm:Q6P9Q3;Rn:D3ZG35	Dr:A2BF92	-	-
Q9HCK0	Q9H4B4	57684	1263	ZBTB26	PLK3	chromatin immunoprecipitation assay	27924024	Homo sapiens	GTRD	No	Mm:Q6P9Q3;Rn:D3ZG35	Dr:A2BF92	Dr:B0S6K2;Mm:Q6P571;Rn:Q9R011	-
Q9HCK0	O60826	57684	28952	ZBTB26	CCDC22	chromatin immunoprecipitation assay	27924024	Homo sapiens	GTRD	No	Mm:Q6P9Q3;Rn:D3ZG35	Dr:A2BF92	Dm:Q9VVB4;Dr:B0S5H0;Mm:Q9JIG7;Rn:P86182	-
Q9HCK0	P49790	57684	9972	ZBTB26	NUP153	chromatin immunoprecipitation assay	27924024	Homo sapiens	GTRD	No	Mm:Q6P9Q3;Rn:D3ZG35	Dr:A2BF92	Dr:A0A0R4IVZ0;Mm:E9Q3G8;Rn:G3V662	Dm:A8JV18
Q9HCK0	Q9NVV9	57684	55145	ZBTB26	THAP1	chromatin immunoprecipitation assay	27924024	Homo sapiens	GTRD	No	Mm:Q6P9Q3;Rn:D3ZG35	Dr:A2BF92	Dr:Q1JPT7;Mm:Q8CHW1;Rn:Q5U208	-
Q9HCK0	P30048	57684	10935	ZBTB26	PRDX3	chromatin immunoprecipitation assay	27924024	Homo sapiens	GTRD	No	Mm:Q6P9Q3;Rn:D3ZG35	Dr:A2BF92	Ce:Q21824;Dm:Q9VEJ0;Mm:P20108;Rn:G3V7I0	Dr:A8E7G6
Q9HCK0	Q9Y5L3	57684	954	ZBTB26	ENTPD2	chromatin immunoprecipitation assay	27924024	Homo sapiens	GTRD	No	Mm:Q6P9Q3;Rn:D3ZG35	Dr:A2BF92	Dr:F1RDI7;Mm:O55026;Rn:F1M7N2	Dr:F1QSE5;Dr:Q6ZM69
Q9HCK0	Q7LBR1	57684	57132	ZBTB26	CHMP1B	chromatin immunoprecipitation assay	27924024	Homo sapiens	GTRD	No	Mm:Q6P9Q3;Rn:D3ZG35	Dr:A2BF92	Ce:Q9TXI3;Dm:Q95SH2;Dr:Q7ZVB1;Mm:Q9CQD4;Rn:G3V6A6	Mm:Q99LU0
Q9HCK0	Q16850	57684	1595	ZBTB26	CYP51A1	chromatin immunoprecipitation assay	27924024	Homo sapiens	GTRD	No	Mm:Q6P9Q3;Rn:D3ZG35	Dr:A2BF92	-	-
Q9HCK0	Q8N3Z3	57684	29083	ZBTB26	GTPBP8	chromatin immunoprecipitation assay	27924024	Homo sapiens	GTRD	No	Mm:Q6P9Q3;Rn:D3ZG35	Dr:A2BF92	Dr:B0S8I0;Mm:Q9CY28;Rn:Q5BK22	-
Q9HCK0	Q9BRX9	57684	84292	ZBTB26	WDR83	chromatin immunoprecipitation assay	27924024	Homo sapiens	GTRD	No	Mm:Q6P9Q3;Rn:D3ZG35	Dr:A2BF92	Ce:Q19986;Dm:Q9VJL9;Dr:A5PMP4;Mm:Q9DAJ4;Rn:G3V6J9	-
Q9HCK0	Q8NDQ6	57684	163255	ZBTB26	ZNF540	chromatin immunoprecipitation assay	27924024	Homo sapiens	GTRD	No	Mm:Q6P9Q3;Rn:D3ZG35	Dr:A2BF92	-	-
Q9HCK0	Q7L5Y9	57684	10296	ZBTB26	MAEA	chromatin immunoprecipitation assay	27924024	Homo sapiens	GTRD	No	Mm:Q6P9Q3;Rn:D3ZG35	Dr:A2BF92	Ce:O18188;Dm:Q8MSB1;Dr:Q7SXR3;Mm:Q4VC33;Rn:Q5RKJ1;Sc:P40492	-
Q9HCK0	Q8N5I9	57684	121053	ZBTB26	C12orf45	chromatin immunoprecipitation assay	27924024	Homo sapiens	GTRD	No	Mm:Q6P9Q3;Rn:D3ZG35	Dr:A2BF92	Dr:F1QGR8;Mm:Q9CX66;Rn:F1M6B3	-
Q9HCK0	Q96A57	57684	29058	ZBTB26	TMEM230	chromatin immunoprecipitation assay	27924024	Homo sapiens	GTRD	No	Mm:Q6P9Q3;Rn:D3ZG35	Dr:A2BF92	Mm:Q8CIB6;Rn:Q5BJP5	Dr:Q68EJ3;Dr:A7E2V0
Q9HCK0	P15291	57684	2683	ZBTB26	B4GALT1	chromatin immunoprecipitation assay	27924024	Homo sapiens	GTRD	No	Mm:Q6P9Q3;Rn:D3ZG35	Dr:A2BF92	Dr:C1KH59;Mm:P15535;Rn:G3V722	Dr:A0A0R4IYM8
Q9HCK0	Q16626	57684	4201	ZBTB26	MEA1	chromatin immunoprecipitation assay	27924024	Homo sapiens	GTRD	No	Mm:Q6P9Q3;Rn:D3ZG35	Dr:A2BF92	Mm:Q64327	Dr:B8A557;Rn:A0A0G2JV28
Q9HCK0	Q86W33	57684	131601	ZBTB26	TPRA1	chromatin immunoprecipitation assay	27924024	Homo sapiens	GTRD	No	Mm:Q6P9Q3;Rn:D3ZG35	Dr:A2BF92	Dr:Q4V8X0;Mm:Q99MU1;Rn:G3V859	-
Q9HCK0	P07910	57684	3183	ZBTB26	HNRNPC	chromatin immunoprecipitation assay	27924024	Homo sapiens	GTRD	No	Mm:Q6P9Q3;Rn:D3ZG35	Dr:A2BF92	-	-
Q9HCK0	P35250	57684	5982	ZBTB26	RFC2	chromatin immunoprecipitation assay	27924024	Homo sapiens	GTRD	No	Mm:Q6P9Q3;Rn:D3ZG35	Dr:A2BF92	Ce:O44175;Dm:P53034;Dr:F1R0T0;Mm:Q9WUK4;Rn:Q641W4;Sc:P40339	-
Q9HCK0	Q86YB8	57684	56605	ZBTB26	ERO1B	chromatin immunoprecipitation assay	27924024	Homo sapiens	GTRD	No	Mm:Q6P9Q3;Rn:D3ZG35	Dr:A2BF92	Dr:F1QE51;Mm:Q8R2E9;Rn:A0A0G2KAP1	-
Q9HCK0	Q9NV92	57684	54602	ZBTB26	NDFIP2	chromatin immunoprecipitation assay	27924024	Homo sapiens	GTRD	No	Mm:Q6P9Q3;Rn:D3ZG35	Dr:A2BF92	Dm:Q9VVJ5;Dr:F1QYW5;Rn:F1M1W4	Mm:Q91ZP6
Q9HCK0	O14730	57684	8780	ZBTB26	RIOK3	chromatin immunoprecipitation assay	27924024	Homo sapiens	GTRD	No	Mm:Q6P9Q3;Rn:D3ZG35	Dr:A2BF92	Dm:Q9VR42;Dr:F1QCP9;Mm:Q9DBU3	Rn:D3ZND9
Q9HCK0	P53804	57684	7267	ZBTB26	TTC3	chromatin immunoprecipitation assay	27924024	Homo sapiens	GTRD	No	Mm:Q6P9Q3;Rn:D3ZG35	Dr:A2BF92	Dr:E7EYR3;Mm:G5E8T2;Rn:D3ZSP7	-
Q9HCK0	Q9BQ89	57684	83541	ZBTB26	FAM110A	chromatin immunoprecipitation assay	27924024	Homo sapiens	GTRD	No	Mm:Q6P9Q3;Rn:D3ZG35	Dr:A2BF92	Mm:Q8R184;Rn:M0RB04	Dr:A9C4A1
Q9HCK0	O95164	57684	5412	ZBTB26	UBL3	chromatin immunoprecipitation assay	27924024	Homo sapiens	GTRD	No	Mm:Q6P9Q3;Rn:D3ZG35	Dr:A2BF92	Ce:Q7YX48;Dr:Q6NY69;Mm:Q9Z2M6;Rn:Q5BJT2	-
Q9HCK0	Q9P2J2	57684	57549	ZBTB26	IGSF9	chromatin immunoprecipitation assay	27924024	Homo sapiens	GTRD	No	Mm:Q6P9Q3;Rn:D3ZG35	Dr:A2BF92	Dm:Q967D7;Mm:Q05BQ1;Rn:P0C5H6	-
Q9HCK0	P43405	57684	6850	ZBTB26	SYK	chromatin immunoprecipitation assay	27924024	Homo sapiens	GTRD	No	Mm:Q6P9Q3;Rn:D3ZG35	Dr:A2BF92	Mm:P48025;Rn:G3V7N4	Dr:E9QFU7
Q9HCK0	Q8NCQ5	57684	201456	ZBTB26	FBXO15	chromatin immunoprecipitation assay	27924024	Homo sapiens	GTRD	No	Mm:Q6P9Q3;Rn:D3ZG35	Dr:A2BF92	Dr:A3KNG1;Mm:Q3TJW2	Dr:F1RC48;Rn:D3Z8N7
Q9HCK0	Q9Y2I8	57684	22884	ZBTB26	WDR37	chromatin immunoprecipitation assay	27924024	Homo sapiens	GTRD	No	Mm:Q6P9Q3;Rn:D3ZG35	Dr:A2BF92	Ce:Q95X42;Dm:Q9VE73;Dr:E7FEE4;Mm:Q8CBE3;Rn:D3ZQ02	-
Q9HCK0	Q6QHC5	57684	123099	ZBTB26	DEGS2	chromatin immunoprecipitation assay	27924024	Homo sapiens	GTRD	No	Mm:Q6P9Q3;Rn:D3ZG35	Dr:A2BF92	Dr:F1QW74;Mm:Q8R2F2;Rn:Q564G3	-
Q9HCK0	Q9H2B2	57684	6860	ZBTB26	SYT4	chromatin immunoprecipitation assay	27924024	Homo sapiens	GTRD	No	Mm:Q6P9Q3;Rn:D3ZG35	Dr:A2BF92	Dr:Q6PBU6;Mm:P40749	Rn:P50232
Q9HCK0	Q9ULC3	57684	51715	ZBTB26	RAB23	chromatin immunoprecipitation assay	27924024	Homo sapiens	GTRD	No	Mm:Q6P9Q3;Rn:D3ZG35	Dr:A2BF92	Dm:Q9VNG6;Dr:B8A453;Mm:Q9D4I9;Rn:D3ZRM5	-
Q9HCK0	Q6ZMW3	57684	400954	ZBTB26	EML6	chromatin immunoprecipitation assay	27924024	Homo sapiens	GTRD	No	Mm:Q6P9Q3;Rn:D3ZG35	Dr:A2BF92	Mm:Q5SQM0;Rn:D3ZQR6	-
Q9HCK0	Q9C0D2	57684	85459	ZBTB26	CEP295	chromatin immunoprecipitation assay	27924024	Homo sapiens	GTRD	No	Mm:Q6P9Q3;Rn:D3ZG35	Dr:A2BF92	-	Mm:A0A1N9NPH8;Rn:A0A0G2K773
Q9HCK0	Q9NPD8	57684	29089	ZBTB26	UBE2T	chromatin immunoprecipitation assay	27924024	Homo sapiens	GTRD	No	Mm:Q6P9Q3;Rn:D3ZG35	Dr:A2BF92	Mm:Q9CQ37;Rn:G3V6M7	-
Q9HCK0	P0CAP2	57684	81488	ZBTB26	POLR2M	chromatin immunoprecipitation assay	27924024	Homo sapiens	GTRD	No	Mm:Q6P9Q3;Rn:D3ZG35	Dr:A2BF92	Dr:F1Q864;Mm:Q6P6I6	Rn:D4A3N7
Q9HCK0	Q8IYN6	57684	283991	ZBTB26	UBALD2	chromatin immunoprecipitation assay	27924024	Homo sapiens	GTRD	No	Mm:Q6P9Q3;Rn:D3ZG35	Dr:A2BF92	Mm:Q8BQH4;Rn:D3ZX60	-
Q9HCK0	Q04844	57684	1145	ZBTB26	CHRNE	chromatin immunoprecipitation assay	27924024	Homo sapiens	GTRD	No	Mm:Q6P9Q3;Rn:D3ZG35	Dr:A2BF92	Mm:P20782	Rn:G3V6H4
Q9HCK0	Q9BPX7	57684	79020	ZBTB26	C7orf25	chromatin immunoprecipitation assay	27924024	Homo sapiens	GTRD	No	Mm:Q6P9Q3;Rn:D3ZG35	Dr:A2BF92	Dm:Q9W0M6;Dr:B0V0W9;Mm:Q91WD4;Rn:Q5M888	Ce:Q19987
Q9HCK0	P43304	57684	2820	ZBTB26	GPD2	chromatin immunoprecipitation assay	27924024	Homo sapiens	GTRD	No	Mm:Q6P9Q3;Rn:D3ZG35	Dr:A2BF92	Ce:P90795;Dm:Q7K569;Mm:Q64521;Rn:F1LNI0;Sc:P32191	Dr:F1R2R0
Q9HCK0	Q8NHR9	57684	375189	ZBTB26	PFN4	chromatin immunoprecipitation assay	27924024	Homo sapiens	GTRD	No	Mm:Q6P9Q3;Rn:D3ZG35	Dr:A2BF92	Mm:Q9D6I3;Rn:Q5IRJ7;Sc:P07274	Dr:X1WCU6
Q9HCK0	Q8NB15	57684	118472	ZBTB26	ZNF511	chromatin immunoprecipitation assay	27924024	Homo sapiens	GTRD	No	Mm:Q6P9Q3;Rn:D3ZG35	Dr:A2BF92	Dr:Q7ZZ00;Mm:Q6P0X2;Rn:D4AAR5	-
Q9HCK0	Q9NQG1	57684	63905	ZBTB26	MANBAL	chromatin immunoprecipitation assay	27924024	Homo sapiens	GTRD	No	Mm:Q6P9Q3;Rn:D3ZG35	Dr:A2BF92	Mm:A2BGN7;Rn:Q5BJY8	Dr:E7F7U5
Q9HCK0	Q8N3I7	57684	129880	ZBTB26	BBS5	chromatin immunoprecipitation assay	27924024	Homo sapiens	GTRD	No	Mm:Q6P9Q3;Rn:D3ZG35	Dr:A2BF92	Ce:Q21626;Dm:Q9I7P3;Dr:Q7ZWB7;Mm:Q9CZQ9;Rn:B2RZ48	-
Q9HCK0	Q8WVM0	57684	51106	ZBTB26	TFB1M	chromatin immunoprecipitation assay	27924024	Homo sapiens	GTRD	No	Mm:Q6P9Q3;Rn:D3ZG35	Dr:A2BF92	Ce:P91424;Dm:Q9VTM5;Mm:Q8JZM0;Rn:A0A0G2JZ68	Dr:F1QQ24
Q9HCK0	P82921	57684	54460	ZBTB26	MRPS21	chromatin immunoprecipitation assay	27924024	Homo sapiens	GTRD	No	Mm:Q6P9Q3;Rn:D3ZG35	Dr:A2BF92	Ce:Q9GYI2;Dm:Q8I0J3;Dr:F1QKS9;Mm:P58059;Rn:B2RYT0	Rn:M0R3S1
Q9HCK0	O94921	57684	5218	ZBTB26	CDK14	chromatin immunoprecipitation assay	27924024	Homo sapiens	GTRD	No	Mm:Q6P9Q3;Rn:D3ZG35	Dr:A2BF92	Mm:O35495	Dm:Q7KM04
Q9HCK0	Q9NS67	57684	2850	ZBTB26	GPR27	chromatin immunoprecipitation assay	27924024	Homo sapiens	GTRD	No	Mm:Q6P9Q3;Rn:D3ZG35	Dr:A2BF92	Mm:O54897;Rn:Q9JJH3	-
Q9HCK0	Q92900	57684	5976	ZBTB26	UPF1	chromatin immunoprecipitation assay	27924024	Homo sapiens	GTRD	No	Mm:Q6P9Q3;Rn:D3ZG35	Dr:A2BF92	Dm:Q9VYS3;Mm:Q9EPU0;Rn:A0A0U1RS25;Sc:P30771	Dr:F1RCY6
Q9HCK0	Q96JK2	57684	8816	ZBTB26	DCAF5	chromatin immunoprecipitation assay	27924024	Homo sapiens	GTRD	No	Mm:Q6P9Q3;Rn:D3ZG35	Dr:A2BF92	Mm:Q80T85;Rn:G3V6K4	-
Q9HCK0	Q9UGQ2	57684	11094	ZBTB26	CACFD1	chromatin immunoprecipitation assay	27924024	Homo sapiens	GTRD	No	Mm:Q6P9Q3;Rn:D3ZG35	Dr:A2BF92	Ce:Q93533;Dm:Q95T12;Mm:Q8BG21;Rn:D4A9I3	Dr:E7FBL8
Q9HCK0	Q96LZ7	57684	151393	ZBTB26	RMDN2	chromatin immunoprecipitation assay	27924024	Homo sapiens	GTRD	No	Mm:Q6P9Q3;Rn:D3ZG35	Dr:A2BF92	Ce:Q8MQB5;Mm:Q8BSE0;Rn:Q498D5	-
Q9HCK0	Q9BSJ6	57684	54478	ZBTB26	PIMREG	chromatin immunoprecipitation assay	27924024	Homo sapiens	GTRD	No	Mm:Q6P9Q3;Rn:D3ZG35	Dr:A2BF92	Mm:Q8BFY7;Rn:B0BN57	-
Q9HCK0	O43623	57684	6591	ZBTB26	SNAI2	chromatin immunoprecipitation assay	27924024	Homo sapiens	GTRD	No	Mm:Q6P9Q3;Rn:D3ZG35	Dr:A2BF92	Ce:Q65ZG6;Dr:Q5PQY5;Mm:P97469;Rn:O08954	-
Q9HCK0	P53602	57684	4597	ZBTB26	MVD	chromatin immunoprecipitation assay	27924024	Homo sapiens	GTRD	No	Mm:Q6P9Q3;Rn:D3ZG35	Dr:A2BF92	Ce:Q9U294;Dm:Q9VXQ3;Mm:Q99JF5;Sc:P32377	Dr:A0A0R4IS81;Rn:Q62967
Q9HCK0	P62861	57684	-	ZBTB26	FAU	chromatin immunoprecipitation assay	27924024	Homo sapiens	GTRD	No	Mm:Q6P9Q3;Rn:D3ZG35	Dr:A2BF92	-	-
Q9HCK0	Q04743	57684	2018	ZBTB26	EMX2	chromatin immunoprecipitation assay	27924024	Homo sapiens	GTRD	No	Mm:Q6P9Q3;Rn:D3ZG35	Dr:A2BF92	Dr:Q90264;Mm:Q04744;Rn:D3ZCK7	-
Q9HCK0	Q9P0J0	57684	51079	ZBTB26	NDUFA13	chromatin immunoprecipitation assay	27924024	Homo sapiens	GTRD	No	Mm:Q6P9Q3;Rn:D3ZG35	Dr:A2BF92	-	-
Q9HCK0	P0CG40	57684	100131390	ZBTB26	SP9	chromatin immunoprecipitation assay	27924024	Homo sapiens	GTRD	No	Mm:Q6P9Q3;Rn:D3ZG35	Dr:A2BF92	Dr:Q6NW96;Mm:Q64HY3;Rn:D3ZZ24	-
Q9HCK0	Q9P2Y5	57684	7405	ZBTB26	UVRAG	chromatin immunoprecipitation assay	27924024	Homo sapiens	GTRD	No	Mm:Q6P9Q3;Rn:D3ZG35	Dr:A2BF92	Dr:E7EY87;Mm:Q8K245;Rn:D3ZKE1	-
Q9HCK0	Q96IK1	57684	91272	ZBTB26	BOD1	chromatin immunoprecipitation assay	27924024	Homo sapiens	GTRD	No	Mm:Q6P9Q3;Rn:D3ZG35	Dr:A2BF92	Mm:Q5SQY2;Rn:A0A0H2UHS5	-
Q9HCK0	Q9HAY2	57684	64110	ZBTB26	MAGEF1	chromatin immunoprecipitation assay	27924024	Homo sapiens	GTRD	No	Mm:Q6P9Q3;Rn:D3ZG35	Dr:A2BF92	-	-
Q9HCK0	P56278	57684	4515	ZBTB26	MTCP1	chromatin immunoprecipitation assay	27924024	Homo sapiens	GTRD	No	Mm:Q6P9Q3;Rn:D3ZG35	Dr:A2BF92	Mm:Q60945	Rn:D4A3B6
Q9HCK0	Q70E73	57684	65059	ZBTB26	RAPH1	chromatin immunoprecipitation assay	27924024	Homo sapiens	GTRD	No	Mm:Q6P9Q3;Rn:D3ZG35	Dr:A2BF92	Dm:A0A0B4KFA3;Dr:F1QZE7;Dr:F1Q4V7;Mm:F2Z3U3	Rn:D4ADX8
Q9HCK0	Q9UF12	57684	58510	ZBTB26	PRODH2	chromatin immunoprecipitation assay	27924024	Homo sapiens	GTRD	No	Mm:Q6P9Q3;Rn:D3ZG35	Dr:A2BF92	-	-
Q9HCK0	Q13163	57684	5607	ZBTB26	MAP2K5	chromatin immunoprecipitation assay	27924024	Homo sapiens	GTRD	No	Mm:Q6P9Q3;Rn:D3ZG35	Dr:A2BF92	Mm:Q9WVS7;Rn:Q62862	-
Q9HCK0	P16519	57684	5126	ZBTB26	PCSK2	chromatin immunoprecipitation assay	27924024	Homo sapiens	GTRD	No	Mm:Q6P9Q3;Rn:D3ZG35	Dr:A2BF92	Ce:G5ECN9;Dm:Q9VBC7;Mm:P21661;Rn:P28841	-
Q9HCK0	Q96EY1	57684	9093	ZBTB26	DNAJA3	chromatin immunoprecipitation assay	27924024	Homo sapiens	GTRD	No	Mm:Q6P9Q3;Rn:D3ZG35	Dr:A2BF92	Ce:Q8TA83;Dr:Q7ZUW0;Mm:Q99M87;Rn:A0A0G2K5E4;Sc:P35191	Dm:D3DN23
Q9HCK0	A1A4V9	57684	90835	ZBTB26	CCDC189	chromatin immunoprecipitation assay	27924024	Homo sapiens	GTRD	No	Mm:Q6P9Q3;Rn:D3ZG35	Dr:A2BF92	Dr:U3JAD7;Mm:Q6NZQ0;Rn:B0BMZ6	-
Q9HCK0	C9J3V5	57684	647310	ZBTB26	TEX22	chromatin immunoprecipitation assay	27924024	Homo sapiens	GTRD	No	Mm:Q6P9Q3;Rn:D3ZG35	Dr:A2BF92	Mm:Q9D9U4;Rn:D3ZKV6	-
Q9HCK0	P62760	57684	7447	ZBTB26	VSNL1	chromatin immunoprecipitation assay	27924024	Homo sapiens	GTRD	No	Mm:Q6P9Q3;Rn:D3ZG35	Dr:A2BF92	Dr:Q5TZ35;Mm:P62761;Rn:P62762	Dr:F6NI63
Q9HCK0	O95476	57684	23399	ZBTB26	CTDNEP1	chromatin immunoprecipitation assay	27924024	Homo sapiens	GTRD	No	Mm:Q6P9Q3;Rn:D3ZG35	Dr:A2BF92	Ce:Q20432;Dr:Q5U395;Mm:Q3TP92;Rn:Q3B7T6	Dm:X2JCV6
Q9HCK0	Q8NFR7	57684	130940	ZBTB26	CCDC148	chromatin immunoprecipitation assay	27924024	Homo sapiens	GTRD	No	Mm:Q6P9Q3;Rn:D3ZG35	Dr:A2BF92	Mm:Q6P5U8;Rn:E9PU06	-
Q9HCK0	Q8TBF8	57684	145773	ZBTB26	FAM81A	chromatin immunoprecipitation assay	27924024	Homo sapiens	GTRD	No	Mm:Q6P9Q3;Rn:D3ZG35	Dr:A2BF92	Mm:Q3UXZ6;Rn:D4A7T8	-
Q9HCK0	Q68DQ2	57684	131544	ZBTB26	CRYBG3	chromatin immunoprecipitation assay	27924024	Homo sapiens	GTRD	No	Mm:Q6P9Q3;Rn:D3ZG35	Dr:A2BF92	-	Mm:A0A338P6N4
Q9HCK0	O60936	57684	8996	ZBTB26	NOL3	chromatin immunoprecipitation assay	27924024	Homo sapiens	GTRD	No	Mm:Q6P9Q3;Rn:D3ZG35	Dr:A2BF92	Mm:Q9D1X0	Rn:G3V7Z3
Q9HCK0	Q16222	57684	6675	ZBTB26	UAP1	chromatin immunoprecipitation assay	27924024	Homo sapiens	GTRD	No	Mm:Q6P9Q3;Rn:D3ZG35	Dr:A2BF92	Mm:Q3UHZ7;Rn:D3ZF39	Dm:Q8IPJ6;Dr:F1QZD3
Q9HCK0	O14818	57684	5688	ZBTB26	PSMA7	chromatin immunoprecipitation assay	27924024	Homo sapiens	GTRD	No	Mm:Q6P9Q3;Rn:D3ZG35	Dr:A2BF92	Dr:Q6P0I2;Mm:Q9Z2U0;Rn:A0A0G2K0W9	-
Q9HCK0	Q14202	57684	9203	ZBTB26	ZMYM3	chromatin immunoprecipitation assay	27924024	Homo sapiens	GTRD	No	Mm:Q6P9Q3;Rn:D3ZG35	Dr:A2BF92	Mm:Q9JLM4;Rn:E9PTE5	-
Q9HCK0	P28222	57684	3351	ZBTB26	HTR1B	chromatin immunoprecipitation assay	27924024	Homo sapiens	GTRD	No	Mm:Q6P9Q3;Rn:D3ZG35	Dr:A2BF92	Mm:P28334;Rn:P28564	-
Q9HCK0	P56177	57684	1745	ZBTB26	DLX1	chromatin immunoprecipitation assay	27924024	Homo sapiens	GTRD	No	Mm:Q6P9Q3;Rn:D3ZG35	Dr:A2BF92	Dr:Q98875;Mm:Q64317;Rn:G3V669	-
Q9HCK0	Q15697	57684	7727	ZBTB26	ZNF174	chromatin immunoprecipitation assay	27924024	Homo sapiens	GTRD	No	Mm:Q6P9Q3;Rn:D3ZG35	Dr:A2BF92	Mm:B9EJW5;Rn:D3ZNW1	-
Q9HCK0	Q9H115	57684	63908	ZBTB26	NAPB	chromatin immunoprecipitation assay	27924024	Homo sapiens	GTRD	No	Mm:Q6P9Q3;Rn:D3ZG35	Dr:A2BF92	Dr:E7FE03;Dr:F1Q9P4;Mm:P28663;Rn:F8WFM2	-
Q9HCK0	O15083	57684	26059	ZBTB26	ERC2	chromatin immunoprecipitation assay	27924024	Homo sapiens	GTRD	No	Mm:Q6P9Q3;Rn:D3ZG35	Dr:A2BF92	Ce:O44490	Dr:A0A0R4IGY4;Mm:Q3UHT7;Rn:D3ZMM4
Q9HCK0	Q9UKR5	57684	11161	ZBTB26	ERG28	chromatin immunoprecipitation assay	27924024	Homo sapiens	GTRD	No	Mm:Q6P9Q3;Rn:D3ZG35	Dr:A2BF92	Mm:Q9ERY9;Rn:D3ZBN4;Sc:P40030	Dr:A0A2R8QCL8
Q9HCK0	Q6PEX7	57684	374973	ZBTB26	TEX38	chromatin immunoprecipitation assay	27924024	Homo sapiens	GTRD	No	Mm:Q6P9Q3;Rn:D3ZG35	Dr:A2BF92	Mm:A2A8T7	Rn:D3ZTL9
Q9HCK0	Q9BQJ4	57684	83604	ZBTB26	TMEM47	chromatin immunoprecipitation assay	27924024	Homo sapiens	GTRD	No	Mm:Q6P9Q3;Rn:D3ZG35	Dr:A2BF92	Ce:G5ED30;Dr:Q6PFT6;Mm:Q9JJG6;Rn:D3ZBB3	Dm:Q9VCV1
Q9HCK0	P30281	57684	896	ZBTB26	CCND3	chromatin immunoprecipitation assay	27924024	Homo sapiens	GTRD	No	Mm:Q6P9Q3;Rn:D3ZG35	Dr:A2BF92	Ce:Q9U2M5;Mm:P30282;Rn:Q5U321	-
Q9HCK0	Q14940	57684	6553	ZBTB26	SLC9A5	chromatin immunoprecipitation assay	27924024	Homo sapiens	GTRD	No	Mm:Q6P9Q3;Rn:D3ZG35	Dr:A2BF92	Mm:B2RXE2	Dr:F1R610;Rn:G3V9Y4
Q9HCK0	P09917	57684	240	ZBTB26	ALOX5	chromatin immunoprecipitation assay	27924024	Homo sapiens	GTRD	No	Mm:Q6P9Q3;Rn:D3ZG35	Dr:A2BF92	Dr:B8A697;Mm:P48999;Rn:F1LMM5	-
Q9HCK0	Q9BSY9	57684	51029	ZBTB26	DESI2	chromatin immunoprecipitation assay	27924024	Homo sapiens	GTRD	No	Mm:Q6P9Q3;Rn:D3ZG35	Dr:A2BF92	Dm:Q7K2B1;Dr:Q6DC39;Mm:Q9D291;Rn:Q5XIT6	-
Q9HCK0	Q9NZI8	57684	10642	ZBTB26	IGF2BP1	chromatin immunoprecipitation assay	27924024	Homo sapiens	GTRD	No	Mm:Q6P9Q3;Rn:D3ZG35	Dr:A2BF92	Dr:A0A0B4J1A6;Mm:O88477;Rn:Q8CGX0	-
Q9HCK0	P35237	57684	5269	ZBTB26	SERPINB6	chromatin immunoprecipitation assay	27924024	Homo sapiens	GTRD	No	Mm:Q6P9Q3;Rn:D3ZG35	Dr:A2BF92	Rn:Q6P9U0;Rn:F7F6T5	Dr:Q7T309;Mm:E9Q4R2
Q9HCK0	Q9HCK0	57684	57684	ZBTB26	ZBTB26	chromatin immunoprecipitation assay	27924024	Homo sapiens	GTRD	No	Mm:Q6P9Q3;Rn:D3ZG35	Dr:A2BF92	Mm:Q6P9Q3;Rn:D3ZG35	Dr:A2BF92
Q9HCK0	Q8TAF7	57684	92283	ZBTB26	ZNF461	chromatin immunoprecipitation assay	27924024	Homo sapiens	GTRD	No	Mm:Q6P9Q3;Rn:D3ZG35	Dr:A2BF92	-	-
Q9HCK0	M0QXX7	57684	-	ZBTB26	-	chromatin immunoprecipitation assay	27924024	Homo sapiens	GTRD	No	Mm:Q6P9Q3;Rn:D3ZG35	Dr:A2BF92	-	-
Q9HCK0	Q96B67	57684	57561	ZBTB26	ARRDC3	chromatin immunoprecipitation assay	27924024	Homo sapiens	GTRD	No	Mm:Q6P9Q3;Rn:D3ZG35	Dr:A2BF92	Ce:Q9XXI0;Dr:Q1ECU3;Mm:Q7TPQ9;Rn:Q6TXF1	-
Q9HCK0	Q9NV79	57684	55251	ZBTB26	PCMTD2	chromatin immunoprecipitation assay	27924024	Homo sapiens	GTRD	No	Mm:Q6P9Q3;Rn:D3ZG35	Dr:A2BF92	-	-
Q9HCK0	Q86XT2	57684	155382	ZBTB26	VPS37D	chromatin immunoprecipitation assay	27924024	Homo sapiens	GTRD	No	Mm:Q6P9Q3;Rn:D3ZG35	Dr:A2BF92	Dr:X1WEV5;Mm:Q810I0;Rn:B2GV76	-
Q9HCK0	O14717	57684	1787	ZBTB26	TRDMT1	chromatin immunoprecipitation assay	27924024	Homo sapiens	GTRD	No	Mm:Q6P9Q3;Rn:D3ZG35	Dr:A2BF92	Dm:Q9VKB3;Dr:Q588C1;Mm:O55055	Rn:Q4G073
Q9HCK0	Q08357	57684	6575	ZBTB26	SLC20A2	chromatin immunoprecipitation assay	27924024	Homo sapiens	GTRD	No	Mm:Q6P9Q3;Rn:D3ZG35	Dr:A2BF92	Ce:Q18697;Mm:Q80UP8;Rn:Q63488	-
Q9HCK0	K7EN88	57684	-	ZBTB26	-	chromatin immunoprecipitation assay	27924024	Homo sapiens	GTRD	No	Mm:Q6P9Q3;Rn:D3ZG35	Dr:A2BF92	-	-
Q9HCK0	Q8NF50	57684	81704	ZBTB26	DOCK8	chromatin immunoprecipitation assay	27924024	Homo sapiens	GTRD	No	Mm:Q6P9Q3;Rn:D3ZG35	Dr:A2BF92	Mm:Q8C147;Rn:F1LPG2	Dr:B0V2T6
Q9HCK0	Q15596	57684	10499	ZBTB26	NCOA2	chromatin immunoprecipitation assay	27924024	Homo sapiens	GTRD	No	Mm:Q6P9Q3;Rn:D3ZG35	Dr:A2BF92	Dr:E7F5J8;Mm:Q61026	Rn:F1MA61
Q9HCK0	Q6UWM9	57684	79799	ZBTB26	UGT2A3	chromatin immunoprecipitation assay	27924024	Homo sapiens	GTRD	No	Mm:Q6P9Q3;Rn:D3ZG35	Dr:A2BF92	Dm:Q9VJ81;Dm:Q9W2J4;Dm:Q9W2J3;Dm:Q9VGT2	-
Q9HCK0	Q9H0Q3	57684	53826	ZBTB26	FXYD6	chromatin immunoprecipitation assay	27924024	Homo sapiens	GTRD	No	Mm:Q6P9Q3;Rn:D3ZG35	Dr:A2BF92	Mm:Q9D164;Rn:Q91XV6	Dr:F1QK04
Q9HCK0	Q6P9B9	57684	80789	ZBTB26	INTS5	chromatin immunoprecipitation assay	27924024	Homo sapiens	GTRD	No	Mm:Q6P9Q3;Rn:D3ZG35	Dr:A2BF92	Ce:Q9U267;Dm:Q9VFS6;Mm:Q8CHT3;Rn:D3ZTW1	Dr:A0A0R4IY96
Q9HCK0	Q13576	57684	10788	ZBTB26	IQGAP2	chromatin immunoprecipitation assay	27924024	Homo sapiens	GTRD	No	Mm:Q6P9Q3;Rn:D3ZG35	Dr:A2BF92	Dr:A2CE93;Mm:Q3UQ44;Rn:F1LW74;Sc:Q12280	-
Q9HCK0	Q8N7M2	57684	284349	ZBTB26	ZNF283	chromatin immunoprecipitation assay	27924024	Homo sapiens	GTRD	No	Mm:Q6P9Q3;Rn:D3ZG35	Dr:A2BF92	-	-
Q9HCK0	Q5HYK9	57684	63934	ZBTB26	ZNF667	chromatin immunoprecipitation assay	27924024	Homo sapiens	GTRD	No	Mm:Q6P9Q3;Rn:D3ZG35	Dr:A2BF92	Mm:Q2TL60;Rn:Q5MYW4	-
Q9HCK0	Q96C90	57684	26472	ZBTB26	PPP1R14B	chromatin immunoprecipitation assay	27924024	Homo sapiens	GTRD	No	Mm:Q6P9Q3;Rn:D3ZG35	Dr:A2BF92	Dr:Q7ZZ37;Mm:Q62084;Rn:Q8K3F3	-
Q9HCK0	Q9BVK8	57684	10430	ZBTB26	TMEM147	chromatin immunoprecipitation assay	27924024	Homo sapiens	GTRD	No	Mm:Q6P9Q3;Rn:D3ZG35	Dr:A2BF92	Ce:Q23483;Dm:Q9V3I6;Dr:F1R3D4;Mm:Q9CQG6;Rn:Q2TA63	-
Q9HCK0	Q6NUM9	57684	54884	ZBTB26	RETSAT	chromatin immunoprecipitation assay	27924024	Homo sapiens	GTRD	No	Mm:Q6P9Q3;Rn:D3ZG35	Dr:A2BF92	Dr:Q5BLE8;Dr:A0JMQ8;Mm:Q64FW2;Rn:G3V7V6	-
Q9HCK0	P11137	57684	4133	ZBTB26	MAP2	chromatin immunoprecipitation assay	27924024	Homo sapiens	GTRD	No	Mm:Q6P9Q3;Rn:D3ZG35	Dr:A2BF92	-	-
Q9HCK0	Q96EH5	57684	116832	ZBTB26	RPL39L	chromatin immunoprecipitation assay	27924024	Homo sapiens	GTRD	No	Mm:Q6P9Q3;Rn:D3ZG35	Dr:A2BF92	-	-
Q9HCK0	Q9H7U1	57684	54462	ZBTB26	CCSER2	chromatin immunoprecipitation assay	27924024	Homo sapiens	GTRD	No	Mm:Q6P9Q3;Rn:D3ZG35	Dr:A2BF92	Mm:Q3UHI0;Rn:D4A4E5	Dr:X1WBH4
Q9HCK0	Q9C0B9	57684	54877	ZBTB26	ZCCHC2	chromatin immunoprecipitation assay	27924024	Homo sapiens	GTRD	No	Mm:Q6P9Q3;Rn:D3ZG35	Dr:A2BF92	Mm:Q69ZB8	Rn:A0A0H2UHB2
Q9HCK0	O00401	57684	8976	ZBTB26	WASL	chromatin immunoprecipitation assay	27924024	Homo sapiens	GTRD	No	Mm:Q6P9Q3;Rn:D3ZG35	Dr:A2BF92	Dr:F1QNY1;Mm:Q91YD9;Rn:F1LSG0	-
Q9HCK0	Q16635	57684	6901	ZBTB26	TAZ	chromatin immunoprecipitation assay	27924024	Homo sapiens	GTRD	No	Mm:Q6P9Q3;Rn:D3ZG35	Dr:A2BF92	-	-
Q9HCK0	Q86W42	57684	79228	ZBTB26	THOC6	chromatin immunoprecipitation assay	27924024	Homo sapiens	GTRD	No	Mm:Q6P9Q3;Rn:D3ZG35	Dr:A2BF92	Dm:Q9VTV1;Dr:A9JT13;Mm:Q5U4D9;Rn:Q6AY87	-
Q9HCK0	Q7Z4H8	57684	143888	ZBTB26	POGLUT3	chromatin immunoprecipitation assay	27924024	Homo sapiens	GTRD	No	Mm:Q6P9Q3;Rn:D3ZG35	Dr:A2BF92	Dr:A5PLC1;Mm:G5E897;Rn:Q566E5	-
Q9HCK0	P17096	57684	3159	ZBTB26	HMGA1	chromatin immunoprecipitation assay	27924024	Homo sapiens	GTRD	No	Mm:Q6P9Q3;Rn:D3ZG35	Dr:A2BF92	Dr:Q08BD1;Mm:P17095;Rn:Q8K585	Dr:E9QD31;Mm:A0A338P6E8
Q9HCK0	P13056	57684	7181	ZBTB26	NR2C1	chromatin immunoprecipitation assay	27924024	Homo sapiens	GTRD	No	Mm:Q6P9Q3;Rn:D3ZG35	Dr:A2BF92	Dr:Q5RH32;Mm:Q505F1;Rn:Q8VIJ4	-
Q9HCK0	Q6UW02	57684	57404	ZBTB26	CYP20A1	chromatin immunoprecipitation assay	27924024	Homo sapiens	GTRD	No	Mm:Q6P9Q3;Rn:D3ZG35	Dr:A2BF92	-	-
Q9HCK0	Q6IA86	57684	55250	ZBTB26	ELP2	chromatin immunoprecipitation assay	27924024	Homo sapiens	GTRD	No	Mm:Q6P9Q3;Rn:D3ZG35	Dr:A2BF92	Ce:Q9NEW7;Dm:Q7K4B3;Mm:Q91WG4;Rn:Q496Z0;Sc:P42935	Dr:A0A286Y893
Q9HCK0	Q9NRH1	57684	57002	ZBTB26	YAE1	chromatin immunoprecipitation assay	27924024	Homo sapiens	GTRD	No	Mm:Q6P9Q3;Rn:D3ZG35	Dr:A2BF92	Mm:Q9DAY6;Rn:D4AEK7	Dr:F1RE07
Q9HCK0	F2Z2F3	57684	-	ZBTB26	-	chromatin immunoprecipitation assay	27924024	Homo sapiens	GTRD	No	Mm:Q6P9Q3;Rn:D3ZG35	Dr:A2BF92	-	-
Q9HCK0	O00300	57684	4982	ZBTB26	TNFRSF11B	chromatin immunoprecipitation assay	27924024	Homo sapiens	GTRD	No	Mm:Q6P9Q3;Rn:D3ZG35	Dr:A2BF92	Mm:O08712;Rn:O08727	-
Q9HCK0	A0A0A6YYL0	57684	100527943	ZBTB26	TGIF2-C20orf24	chromatin immunoprecipitation assay	27924024	Homo sapiens	GTRD	No	Mm:Q6P9Q3;Rn:D3ZG35	Dr:A2BF92	-	-
Q9HCK0	Q5JPI9	57684	399818	ZBTB26	EEF1AKMT2	chromatin immunoprecipitation assay	27924024	Homo sapiens	GTRD	No	Mm:Q6P9Q3;Rn:D3ZG35	Dr:A2BF92	-	-
Q9HCK0	Q9ULD2	57684	57509	ZBTB26	MTUS1	chromatin immunoprecipitation assay	27924024	Homo sapiens	GTRD	No	Mm:Q6P9Q3;Rn:D3ZG35	Dr:A2BF92	-	Mm:A0A0R4J0N9;Rn:D2XRB8
Q9HCK0	Q16534	57684	3131	ZBTB26	HLF	chromatin immunoprecipitation assay	27924024	Homo sapiens	GTRD	No	Mm:Q6P9Q3;Rn:D3ZG35	Dr:A2BF92	Dr:U3JAN3;Mm:Q8BW74	Dm:Q7KKI2;Rn:F1M972
Q9HCK0	Q8N0X7	57684	23111	ZBTB26	SPART	chromatin immunoprecipitation assay	27924024	Homo sapiens	GTRD	No	Mm:Q6P9Q3;Rn:D3ZG35	Dr:A2BF92	Mm:Q8R1X6	Rn:E9PT90
Q9HCK0	Q5VSG8	57684	149175	ZBTB26	MANEAL	chromatin immunoprecipitation assay	27924024	Homo sapiens	GTRD	No	Mm:Q6P9Q3;Rn:D3ZG35	Dr:A2BF92	Mm:Q6P1J0;Rn:F1M1G2	Dr:Q1L8D2
Q9HCK0	A0A0G2JH32	57684	286128	ZBTB26	-	chromatin immunoprecipitation assay	27924024	Homo sapiens	GTRD	No	Mm:Q6P9Q3;Rn:D3ZG35	Dr:A2BF92	-	-
Q9HCK0	Q5T3F8	57684	55362	ZBTB26	TMEM63B	chromatin immunoprecipitation assay	27924024	Homo sapiens	GTRD	No	Mm:Q6P9Q3;Rn:D3ZG35	Dr:A2BF92	Dr:A0A0R4IKF9;Mm:Q3TWI9;Rn:D4A105;Sc:Q12252	-
Q9HCK0	Q6P1A2	57684	10162	ZBTB26	LPCAT3	chromatin immunoprecipitation assay	27924024	Homo sapiens	GTRD	No	Mm:Q6P9Q3;Rn:D3ZG35	Dr:A2BF92	Ce:O01925;Dm:Q9VVX5;Dr:E7FAX1;Mm:Q91V01;Rn:Q5FVN0	-
Q9HCK0	Q96II8	57684	84859	ZBTB26	LRCH3	chromatin immunoprecipitation assay	27924024	Homo sapiens	GTRD	No	Mm:Q6P9Q3;Rn:D3ZG35	Dr:A2BF92	Rn:D4A8M4	Mm:E9QAU9
Q9HCK0	Q02833	57684	8045	ZBTB26	RASSF7	chromatin immunoprecipitation assay	27924024	Homo sapiens	GTRD	No	Mm:Q6P9Q3;Rn:D3ZG35	Dr:A2BF92	Dr:F1QJA9;Mm:Q9DD19;Rn:B0BNA2	Dr:E7FFL4
Q9HCK0	P50552	57684	7408	ZBTB26	VASP	chromatin immunoprecipitation assay	27924024	Homo sapiens	GTRD	No	Mm:Q6P9Q3;Rn:D3ZG35	Dr:A2BF92	Dr:Q1LVK6;Mm:P70460;Rn:A0A0G2K9C0	-
Q9HCK0	Q6XE24	57684	27303	ZBTB26	RBMS3	chromatin immunoprecipitation assay	27924024	Homo sapiens	GTRD	No	Mm:Q6P9Q3;Rn:D3ZG35	Dr:A2BF92	Mm:Q8BWL5	Dr:F1Q8Z0;Rn:F1M2F1
Q9HCK0	Q8N3J6	57684	253559	ZBTB26	CADM2	chromatin immunoprecipitation assay	27924024	Homo sapiens	GTRD	No	Mm:Q6P9Q3;Rn:D3ZG35	Dr:A2BF92	Mm:Q8BLQ9;Rn:A0A0A0MY16	Dr:F1RAD4;Dr:F1QTW2
Q9HCK0	P06454	57684	5757	ZBTB26	PTMA	chromatin immunoprecipitation assay	27924024	Homo sapiens	GTRD	No	Mm:Q6P9Q3;Rn:D3ZG35	Dr:A2BF92	Dr:F1QUD0;Mm:P26350;Rn:F1M772;Rn:P06302	-
Q9HCK0	P82930	57684	65993	ZBTB26	MRPS34	chromatin immunoprecipitation assay	27924024	Homo sapiens	GTRD	No	Mm:Q6P9Q3;Rn:D3ZG35	Dr:A2BF92	-	-
Q9HCK0	Q9UKD1	57684	26205	ZBTB26	GMEB2	chromatin immunoprecipitation assay	27924024	Homo sapiens	GTRD	No	Mm:Q6P9Q3;Rn:D3ZG35	Dr:A2BF92	Mm:P58929;Rn:G3V7R3	Dr:E9QCL9
Q9HCK0	P13693	57684	7178	ZBTB26	TPT1	chromatin immunoprecipitation assay	27924024	Homo sapiens	GTRD	No	Mm:Q6P9Q3;Rn:D3ZG35	Dr:A2BF92	Ce:Q93573;Dm:Q9VGS2;Mm:P63028;Rn:P63029;Sc:P35691	-
Q9HCK0	Q9HBZ2	57684	9915	ZBTB26	ARNT2	chromatin immunoprecipitation assay	27924024	Homo sapiens	GTRD	No	Mm:Q6P9Q3;Rn:D3ZG35	Dr:A2BF92	Dr:A0A0R4ID51;Mm:Q61324;Rn:Q78E60	-
Q9HCK0	Q15293	57684	5954	ZBTB26	RCN1	chromatin immunoprecipitation assay	27924024	Homo sapiens	GTRD	No	Mm:Q6P9Q3;Rn:D3ZG35	Dr:A2BF92	-	-
Q9HCK0	O15294	57684	8473	ZBTB26	OGT	chromatin immunoprecipitation assay	27924024	Homo sapiens	GTRD	No	Mm:Q6P9Q3;Rn:D3ZG35	Dr:A2BF92	Ce:O18158;Dm:Q7KJA9;Mm:Q8CGY8;Rn:A0A0G2K3V4	Dr:A0A0R4IYQ8
Q9HCK0	P54368	57684	4946	ZBTB26	OAZ1	chromatin immunoprecipitation assay	27924024	Homo sapiens	GTRD	No	Mm:Q6P9Q3;Rn:D3ZG35	Dr:A2BF92	Dr:Q9YI98;Mm:P54369;Rn:F1M8D8	-
Q9HCK0	Q496Y0	57684	79836	ZBTB26	LONRF3	chromatin immunoprecipitation assay	27924024	Homo sapiens	GTRD	No	Mm:Q6P9Q3;Rn:D3ZG35	Dr:A2BF92	Mm:Q9D4H7;Rn:A0A0G2K884	-
Q9HCK0	Q07912	57684	10188	ZBTB26	TNK2	chromatin immunoprecipitation assay	27924024	Homo sapiens	GTRD	No	Mm:Q6P9Q3;Rn:D3ZG35	Dr:A2BF92	-	-
Q9HCK0	Q01469	57684	2171	ZBTB26	FABP5	chromatin immunoprecipitation assay	27924024	Homo sapiens	GTRD	No	Mm:Q6P9Q3;Rn:D3ZG35	Dr:A2BF92	Dr:Q66I80;Mm:Q05816;Rn:P55053	-
Q9HCK0	O60308	57684	9731	ZBTB26	CEP104	chromatin immunoprecipitation assay	27924024	Homo sapiens	GTRD	No	Mm:Q6P9Q3;Rn:D3ZG35	Dr:A2BF92	Ce:Q22249;Dm:Q9VIU5;Mm:Q80V31;Rn:D3Z8X7	-
Q9HCK0	P53611	57684	5876	ZBTB26	RABGGTB	chromatin immunoprecipitation assay	27924024	Homo sapiens	GTRD	No	Mm:Q6P9Q3;Rn:D3ZG35	Dr:A2BF92	Ce:P41992;Dm:Q9XZ68;Dr:Q4V946;Rn:F1LSM6;Sc:P20133	Mm:Q3TVF4
Q9HCK0	Q7LGC8	57684	9469	ZBTB26	CHST3	chromatin immunoprecipitation assay	27924024	Homo sapiens	GTRD	No	Mm:Q6P9Q3;Rn:D3ZG35	Dr:A2BF92	Dr:B8A5X2	Mm:G5E8X5;Rn:F1LN90
Q9HCK0	Q5T3I0	57684	-	ZBTB26	GPATCH4	chromatin immunoprecipitation assay	27924024	Homo sapiens	GTRD	No	Mm:Q6P9Q3;Rn:D3ZG35	Dr:A2BF92	-	-
Q9HCK0	Q8NA23	57684	114987	ZBTB26	WDR31	chromatin immunoprecipitation assay	27924024	Homo sapiens	GTRD	No	Mm:Q6P9Q3;Rn:D3ZG35	Dr:A2BF92	Ce:O44856;Dr:A5WV44;Mm:Q9JHB4;Rn:D4ACM5	-
Q9HCK0	Q13049	57684	22954	ZBTB26	TRIM32	chromatin immunoprecipitation assay	27924024	Homo sapiens	GTRD	No	Mm:Q6P9Q3;Rn:D3ZG35	Dr:A2BF92	Mm:Q8CH72;Rn:Q66H79	Dr:A0A0R4IL45
Q9HCK0	Q9NRW4	57684	56940	ZBTB26	DUSP22	chromatin immunoprecipitation assay	27924024	Homo sapiens	GTRD	No	Mm:Q6P9Q3;Rn:D3ZG35	Dr:A2BF92	Ce:Q9TY00;Dr:Q566R7;Mm:Q99N11;Rn:D3ZC16	-
Q9HCK0	Q96IL0	57684	84334	ZBTB26	COA8	chromatin immunoprecipitation assay	27924024	Homo sapiens	GTRD	No	Mm:Q6P9Q3;Rn:D3ZG35	Dr:A2BF92	-	-
Q9HCK0	Q9HAZ1	57684	57396	ZBTB26	CLK4	chromatin immunoprecipitation assay	27924024	Homo sapiens	GTRD	No	Mm:Q6P9Q3;Rn:D3ZG35	Dr:A2BF92	Mm:O35493;Rn:Q6AYK7	-
Q9HCK0	Q12907	57684	10960	ZBTB26	LMAN2	chromatin immunoprecipitation assay	27924024	Homo sapiens	GTRD	No	Mm:Q6P9Q3;Rn:D3ZG35	Dr:A2BF92	Mm:Q9DBH5;Rn:B0BNG3	Dr:A5PMC4
Q9HCK0	P26927	57684	4485	ZBTB26	MST1	chromatin immunoprecipitation assay	27924024	Homo sapiens	GTRD	No	Mm:Q6P9Q3;Rn:D3ZG35	Dr:A2BF92	-	-
Q9HCK0	Q9H8S9	57684	55233	ZBTB26	MOB1A	chromatin immunoprecipitation assay	27924024	Homo sapiens	GTRD	No	Mm:Q6P9Q3;Rn:D3ZG35	Dr:A2BF92	Dr:Q6NYJ8;Mm:Q921Y0;Rn:Q3T1J9	-
Q9HCK0	Q9ULS5	57684	57458	ZBTB26	TMCC3	chromatin immunoprecipitation assay	27924024	Homo sapiens	GTRD	No	Mm:Q6P9Q3;Rn:D3ZG35	Dr:A2BF92	Mm:Q8R310;Rn:D3ZLE2	Dr:Q5RH30
Q9HCK0	Q9UL36	57684	7776	ZBTB26	ZNF236	chromatin immunoprecipitation assay	27924024	Homo sapiens	GTRD	No	Mm:Q6P9Q3;Rn:D3ZG35	Dr:A2BF92	-	-
Q9HCK0	Q6IQ20	57684	222236	ZBTB26	NAPEPLD	chromatin immunoprecipitation assay	27924024	Homo sapiens	GTRD	No	Mm:Q6P9Q3;Rn:D3ZG35	Dr:A2BF92	Ce:Q8MXT4;Ce:Q965X7;Dr:Q5TZE8;Mm:Q8BH82;Rn:Q769K2;Sc:Q02883	-
Q9HCK0	Q9HCI7	57684	55167	ZBTB26	MSL2	chromatin immunoprecipitation assay	27924024	Homo sapiens	GTRD	No	Mm:Q6P9Q3;Rn:D3ZG35	Dr:A2BF92	Dm:P50534;Dr:F1QVJ4;Mm:Q69ZF8;Rn:D4A9S3	-
Q9HCK0	Q9BRK4	57684	84445	ZBTB26	LZTS2	chromatin immunoprecipitation assay	27924024	Homo sapiens	GTRD	No	Mm:Q6P9Q3;Rn:D3ZG35	Dr:A2BF92	Mm:Q91YU6;Rn:F7FLS6	Dr:E7EYJ6;Dr:A0A288CG34
Q9HCK0	Q8NDD1	57684	128061	ZBTB26	C1orf131	chromatin immunoprecipitation assay	27924024	Homo sapiens	GTRD	No	Mm:Q6P9Q3;Rn:D3ZG35	Dr:A2BF92	Mm:Q8CIL4;Rn:Q3KRF3	-
Q9HCK0	A8MQ27	57684	54492	ZBTB26	NEURL1B	chromatin immunoprecipitation assay	27924024	Homo sapiens	GTRD	No	Mm:Q6P9Q3;Rn:D3ZG35	Dr:A2BF92	Mm:Q0MW30;Rn:C9DQJ9	Dr:A0A0R4IYT3
Q9HCK0	Q8NF37	57684	79888	ZBTB26	LPCAT1	chromatin immunoprecipitation assay	27924024	Homo sapiens	GTRD	No	Mm:Q6P9Q3;Rn:D3ZG35	Dr:A2BF92	Dm:Q0KHU5;Dr:Q1LWG4;Mm:Q3TFD2;Rn:Q1HAQ0	-
Q9HCK0	P08887	57684	3570	ZBTB26	IL6R	chromatin immunoprecipitation assay	27924024	Homo sapiens	GTRD	No	Mm:Q6P9Q3;Rn:D3ZG35	Dr:A2BF92	-	-
Q9HCK0	Q96CW6	57684	84138	ZBTB26	SLC7A6OS	chromatin immunoprecipitation assay	27924024	Homo sapiens	GTRD	No	Mm:Q6P9Q3;Rn:D3ZG35	Dr:A2BF92	Dr:F1QEZ3;Mm:Q7TPE5;Rn:G3V8N8	-
Q9HCK0	A8MXV4	57684	390916	ZBTB26	NUDT19	chromatin immunoprecipitation assay	27924024	Homo sapiens	GTRD	No	Mm:Q6P9Q3;Rn:D3ZG35	Dr:A2BF92	Ce:P91148;Dm:Q9VIV6;Mm:P11930	Dr:F6NQZ7;Rn:Q6AYD9
Q9HCK0	Q9P1Z3	57684	57657	ZBTB26	HCN3	chromatin immunoprecipitation assay	27924024	Homo sapiens	GTRD	No	Mm:Q6P9Q3;Rn:D3ZG35	Dr:A2BF92	Ce:G5EFJ9;Mm:O88705;Rn:Q9JKA8	Dm:A1Z9P0
Q9HCK0	O43307	57684	23229	ZBTB26	ARHGEF9	chromatin immunoprecipitation assay	27924024	Homo sapiens	GTRD	No	Mm:Q6P9Q3;Rn:D3ZG35	Dr:A2BF92	-	-
Q9HCK0	A8K855	57684	84455	ZBTB26	EFCAB7	chromatin immunoprecipitation assay	27924024	Homo sapiens	GTRD	No	Mm:Q6P9Q3;Rn:D3ZG35	Dr:A2BF92	Mm:F6XAI7	Dr:F1QTG3;Rn:D3ZZK0
Q9HCK0	Q96NM4	57684	84969	ZBTB26	TOX2	chromatin immunoprecipitation assay	27924024	Homo sapiens	GTRD	No	Mm:Q6P9Q3;Rn:D3ZG35	Dr:A2BF92	Dr:Q6NXC9;Mm:E9Q0B9;Rn:F1M8E3	-
Q9HCK0	O14827	57684	5924	ZBTB26	RASGRF2	chromatin immunoprecipitation assay	27924024	Homo sapiens	GTRD	No	Mm:Q6P9Q3;Rn:D3ZG35	Dr:A2BF92	Dr:A2CEA7;Mm:D3Z6K8	Rn:A0A0G2JW65
Q9HCK0	Q6UXN9	57684	80335	ZBTB26	WDR82	chromatin immunoprecipitation assay	27924024	Homo sapiens	GTRD	No	Mm:Q6P9Q3;Rn:D3ZG35	Dr:A2BF92	Ce:Q18403;Dm:Q9VLN1;Dr:Q6NV31;Mm:Q8BFQ4;Rn:M0R565;Sc:P36104	-
Q9HCK0	Q13686	57684	8846	ZBTB26	ALKBH1	chromatin immunoprecipitation assay	27924024	Homo sapiens	GTRD	No	Mm:Q6P9Q3;Rn:D3ZG35	Dr:A2BF92	Dm:Q7KUZ2;Dr:E9QHS2;Mm:P0CB42;Rn:D3Z8W2	Ce:E0DBL0
Q9HCK0	Q8TCJ0	57684	26260	ZBTB26	FBXO25	chromatin immunoprecipitation assay	27924024	Homo sapiens	GTRD	No	Mm:Q6P9Q3;Rn:D3ZG35	Dr:A2BF92	Mm:Q9D2Y6	Dr:Q6TH11;Rn:F1M4T6
Q9HCK0	P25686	57684	3300	ZBTB26	DNAJB2	chromatin immunoprecipitation assay	27924024	Homo sapiens	GTRD	No	Mm:Q6P9Q3;Rn:D3ZG35	Dr:A2BF92	Mm:Q9QYI5;Rn:B2RYA8	-
Q9HCK0	Q8TEY5	57684	148327	ZBTB26	CREB3L4	chromatin immunoprecipitation assay	27924024	Homo sapiens	GTRD	No	Mm:Q6P9Q3;Rn:D3ZG35	Dr:A2BF92	Mm:Q9D2A5	Rn:Q5UEM7
Q9HCK0	O14950	57684	103910;10627	ZBTB26	MYL12B	chromatin immunoprecipitation assay	27924024	Homo sapiens	GTRD	No	Mm:Q6P9Q3;Rn:D3ZG35	Dr:A2BF92	Mm:Q3THE2;Rn:A0A0G2JSW0	-
Q9HCK0	Q7Z2W9	57684	219927	ZBTB26	MRPL21	chromatin immunoprecipitation assay	27924024	Homo sapiens	GTRD	No	Mm:Q6P9Q3;Rn:D3ZG35	Dr:A2BF92	Ce:Q6A575;Dr:Q05AN2;Mm:Q9D1N9;Rn:D3ZMR9	-
Q9HCK0	O95999	57684	8915	ZBTB26	BCL10	chromatin immunoprecipitation assay	27924024	Homo sapiens	GTRD	No	Mm:Q6P9Q3;Rn:D3ZG35	Dr:A2BF92	Dr:E7F8A6;Mm:Q9Z0H7;Rn:Q9QYN5	-
Q9HCK0	Q9NZJ7	57684	23787	ZBTB26	MTCH1	chromatin immunoprecipitation assay	27924024	Homo sapiens	GTRD	No	Mm:Q6P9Q3;Rn:D3ZG35	Dr:A2BF92	Mm:Q791T5;Rn:B0BN30	-
Q9HCK0	Q9NTI2	57684	51761	ZBTB26	ATP8A2	chromatin immunoprecipitation assay	27924024	Homo sapiens	GTRD	No	Mm:Q6P9Q3;Rn:D3ZG35	Dr:A2BF92	Mm:P98200	Rn:D4A3X6
Q9HCK0	Q9NVX7	57684	55709	ZBTB26	KBTBD4	chromatin immunoprecipitation assay	27924024	Homo sapiens	GTRD	No	Mm:Q6P9Q3;Rn:D3ZG35	Dr:A2BF92	Mm:Q8R179;Rn:A0A0G2K102	Dr:Q1LUF9
Q9HCK0	Q9NP73	57684	79868	ZBTB26	ALG13	chromatin immunoprecipitation assay	27924024	Homo sapiens	GTRD	No	Mm:Q6P9Q3;Rn:D3ZG35	Dr:A2BF92	Ce:P92012;Dm:Q9VAP1;Dr:F1R0S3;Mm:Q8BML3;Mm:Q9D8C3;Rn:Q5I0K7;Sc:P53178	-
Q9HCK0	Q96SN8	57684	55755	ZBTB26	CDK5RAP2	chromatin immunoprecipitation assay	27924024	Homo sapiens	GTRD	No	Mm:Q6P9Q3;Rn:D3ZG35	Dr:A2BF92	Mm:Q8K389;Rn:A0A0G2K6K7	-
Q9HCK0	Q86X52	57684	22856	ZBTB26	CHSY1	chromatin immunoprecipitation assay	27924024	Homo sapiens	GTRD	No	Mm:Q6P9Q3;Rn:D3ZG35	Dr:A2BF92	Dr:Q6P296;Mm:Q6ZQ11;Rn:D3ZRM3	-
Q9HCK0	Q8N2Y8	57684	9853	ZBTB26	RUSC2	chromatin immunoprecipitation assay	27924024	Homo sapiens	GTRD	No	Mm:Q6P9Q3;Rn:D3ZG35	Dr:A2BF92	Mm:Q3V1Z0;Rn:M0RCV5	-
Q9HCK0	Q9UPT8	57684	23211	ZBTB26	ZC3H4	chromatin immunoprecipitation assay	27924024	Homo sapiens	GTRD	No	Mm:Q6P9Q3;Rn:D3ZG35	Dr:A2BF92	Dr:E7FGZ9;Mm:E9Q8K8;Rn:D3ZVW3	-
Q9HCK0	Q9Y5N1	57684	11255	ZBTB26	HRH3	chromatin immunoprecipitation assay	27924024	Homo sapiens	GTRD	No	Mm:Q6P9Q3;Rn:D3ZG35	Dr:A2BF92	Mm:P58406;Rn:A0A0G2JU84	-
Q9HCK0	Q9NRF8	57684	56474	ZBTB26	CTPS2	chromatin immunoprecipitation assay	27924024	Homo sapiens	GTRD	No	Mm:Q6P9Q3;Rn:D3ZG35	Dr:A2BF92	Mm:P70303	Rn:Q5U2N0
Q9HCK0	Q8N7N1	57684	85002	ZBTB26	FAM86B1	chromatin immunoprecipitation assay	27924024	Homo sapiens	GTRD	No	Mm:Q6P9Q3;Rn:D3ZG35	Dr:A2BF92	-	-
Q9HCK0	Q8WWL7	57684	85417	ZBTB26	CCNB3	chromatin immunoprecipitation assay	27924024	Homo sapiens	GTRD	No	Mm:Q6P9Q3;Rn:D3ZG35	Dr:A2BF92	-	-
Q9HCK0	Q8NHE4	57684	155066	ZBTB26	ATP6V0E2	chromatin immunoprecipitation assay	27924024	Homo sapiens	GTRD	No	Mm:Q6P9Q3;Rn:D3ZG35	Dr:A2BF92	-	-
Q9HCK0	Q86VR7	57684	147645	ZBTB26	VSIG10L	chromatin immunoprecipitation assay	27924024	Homo sapiens	GTRD	No	Mm:Q6P9Q3;Rn:D3ZG35	Dr:A2BF92	-	Dm:B7Z0R1;Dr:X1WHZ4;Mm:A0A0N4SUI1;Rn:F1M5N2
Q9HCK0	Q7Z6L1	57684	25851	ZBTB26	TECPR1	chromatin immunoprecipitation assay	27924024	Homo sapiens	GTRD	No	Mm:Q6P9Q3;Rn:D3ZG35	Dr:A2BF92	Dm:Q9VWB0;Mm:Q80VP0;Rn:Q3ZBA0	-
Q9HCK0	O00410	57684	3843	ZBTB26	IPO5	chromatin immunoprecipitation assay	27924024	Homo sapiens	GTRD	No	Mm:Q6P9Q3;Rn:D3ZG35	Dr:A2BF92	-	-
Q9HCK0	Q96GX9	57684	51074	ZBTB26	APIP	chromatin immunoprecipitation assay	27924024	Homo sapiens	GTRD	No	Mm:Q6P9Q3;Rn:D3ZG35	Dr:A2BF92	Ce:Q23261;Dm:Q9VY93;Mm:Q9WVQ5;Rn:D3ZUI1;Sc:P47095	-
Q9HCK0	Q16644	57684	7867	ZBTB26	MAPKAPK3	chromatin immunoprecipitation assay	27924024	Homo sapiens	GTRD	No	Mm:Q6P9Q3;Rn:D3ZG35	Dr:A2BF92	Ce:Q965G5;Dr:A0A2R8QPN8;Mm:Q3UMW7;Rn:Q66H84	-
Q9HCK0	Q6PML9	57684	10463	ZBTB26	SLC30A9	chromatin immunoprecipitation assay	27924024	Homo sapiens	GTRD	No	Mm:Q6P9Q3;Rn:D3ZG35	Dr:A2BF92	Ce:Q3V5J4;Dr:Q5PQZ3;Mm:Q5IRJ6;Rn:D3ZWW5	Dm:A1Z936
Q9HCK0	Q7Z2Z1	57684	90381	ZBTB26	TICRR	chromatin immunoprecipitation assay	27924024	Homo sapiens	GTRD	No	Mm:Q6P9Q3;Rn:D3ZG35	Dr:A2BF92	Mm:Q8BQ33	Rn:D3ZFP6
Q9HCK0	Q14624	57684	3700	ZBTB26	ITIH4	chromatin immunoprecipitation assay	27924024	Homo sapiens	GTRD	No	Mm:Q6P9Q3;Rn:D3ZG35	Dr:A2BF92	Mm:A6X935;Rn:Q5EBC0	Dr:A0A0R4IU44;Dr:A0A0R4IT72
Q9HCK0	O95059	57684	11102	ZBTB26	RPP14	chromatin immunoprecipitation assay	27924024	Homo sapiens	GTRD	No	Mm:Q6P9Q3;Rn:D3ZG35	Dr:A2BF92	Dr:Q502A2	Rn:D4A157
Q9HCK0	P60323	57684	342977	ZBTB26	NANOS3	chromatin immunoprecipitation assay	27924024	Homo sapiens	GTRD	No	Mm:Q6P9Q3;Rn:D3ZG35	Dr:A2BF92	Mm:P60324	Dr:Q90WW1;Rn:D4A138
Q9HCK0	P50539	57684	4601	ZBTB26	MXI1	chromatin immunoprecipitation assay	27924024	Homo sapiens	GTRD	No	Mm:Q6P9Q3;Rn:D3ZG35	Dr:A2BF92	Mm:P50540;Rn:Q642D1	Dr:A3KQG1
Q9HCK0	Q9H1A7	57684	-	ZBTB26	POLR2J3	chromatin immunoprecipitation assay	27924024	Homo sapiens	GTRD	No	Mm:Q6P9Q3;Rn:D3ZG35	Dr:A2BF92	-	-
Q9HCK0	O60519	57684	1389	ZBTB26	CREBL2	chromatin immunoprecipitation assay	27924024	Homo sapiens	GTRD	No	Mm:Q6P9Q3;Rn:D3ZG35	Dr:A2BF92	Dr:Q642H2;Mm:A0A0R4J0D8;Rn:A0A0G2JYS9	-
Q9HCK0	Q6P4Q7	57684	26504	ZBTB26	CNNM4	chromatin immunoprecipitation assay	27924024	Homo sapiens	GTRD	No	Mm:Q6P9Q3;Rn:D3ZG35	Dr:A2BF92	Dm:A0A0B7P9G0;Mm:Q69ZF7;Rn:P0C588	-
Q9HCK0	Q5SWA1	57684	-	ZBTB26	PPP1R15B	chromatin immunoprecipitation assay	27924024	Homo sapiens	GTRD	No	Mm:Q6P9Q3;Rn:D3ZG35	Dr:A2BF92	-	-
Q9HCK0	Q9UPW0	57684	22887	ZBTB26	FOXJ3	chromatin immunoprecipitation assay	27924024	Homo sapiens	GTRD	No	Mm:Q6P9Q3;Rn:D3ZG35	Dr:A2BF92	Mm:Q8BUR3;Rn:A0A0G2JWM4	Dr:E7F138
Q9HCK0	O95182	57684	4701	ZBTB26	NDUFA7	chromatin immunoprecipitation assay	27924024	Homo sapiens	GTRD	No	Mm:Q6P9Q3;Rn:D3ZG35	Dr:A2BF92	-	-
Q9HCK0	Q6P9F0	57684	84660	ZBTB26	CCDC62	chromatin immunoprecipitation assay	27924024	Homo sapiens	GTRD	No	Mm:Q6P9Q3;Rn:D3ZG35	Dr:A2BF92	Mm:E9PVD1;Rn:F1LSQ7	-
Q9HCK0	Q9P2L0	57684	57539	ZBTB26	WDR35	chromatin immunoprecipitation assay	27924024	Homo sapiens	GTRD	No	Mm:Q6P9Q3;Rn:D3ZG35	Dr:A2BF92	Ce:Q18859;Dm:Q9W097;Dr:B7ZD88;Mm:Q8BND3;Rn:A6N6J5	-
Q9HCK0	Q9NXJ5	57684	54858	ZBTB26	PGPEP1	chromatin immunoprecipitation assay	27924024	Homo sapiens	GTRD	No	Mm:Q6P9Q3;Rn:D3ZG35	Dr:A2BF92	Dr:Q504F8;Mm:Q9ESW8;Rn:Q76IC5	-
Q9HCK0	P35659	57684	7913	ZBTB26	DEK	chromatin immunoprecipitation assay	27924024	Homo sapiens	GTRD	No	Mm:Q6P9Q3;Rn:D3ZG35	Dr:A2BF92	Dr:F1R6C4;Mm:Q7TNV0;Rn:Q6AXS3	-
Q9HCK0	Q9UGP8	57684	11231	ZBTB26	SEC63	chromatin immunoprecipitation assay	27924024	Homo sapiens	GTRD	No	Mm:Q6P9Q3;Rn:D3ZG35	Dr:A2BF92	Dm:Q9VS57;Dr:F1QGI2;Mm:Q8VHE0	Ce:Q9U1V9;Rn:A0A0G2JUJ9
Q9HCK0	Q9Y2K6	57684	10868	ZBTB26	USP20	chromatin immunoprecipitation assay	27924024	Homo sapiens	GTRD	No	Mm:Q6P9Q3;Rn:D3ZG35	Dr:A2BF92	Mm:Q8C6M1;Rn:D3ZLQ8	-
Q9HCK0	P42898	57684	4524	ZBTB26	MTHFR	chromatin immunoprecipitation assay	27924024	Homo sapiens	GTRD	No	Mm:Q6P9Q3;Rn:D3ZG35	Dr:A2BF92	Ce:Q17693;Dr:B0V153;Rn:D4A7E8;Sc:P53128	Mm:A2A7F9
Q9HCK0	Q96FX8	57684	64065	ZBTB26	PERP	chromatin immunoprecipitation assay	27924024	Homo sapiens	GTRD	No	Mm:Q6P9Q3;Rn:D3ZG35	Dr:A2BF92	Dr:E9QHT9;Mm:Q9JK95;Rn:B2GVC0	-
Q9HCK0	Q8NEB9	57684	5289	ZBTB26	PIK3C3	chromatin immunoprecipitation assay	27924024	Homo sapiens	GTRD	No	Mm:Q6P9Q3;Rn:D3ZG35	Dr:A2BF92	-	-
Q9HCK0	Q9NTX5	57684	55862	ZBTB26	ECHDC1	chromatin immunoprecipitation assay	27924024	Homo sapiens	GTRD	No	Mm:Q6P9Q3;Rn:D3ZG35	Dr:A2BF92	Ce:P91130;Mm:Q9D9V3;Rn:Q6AYG5	-
Q9HCK0	Q16543	57684	11140	ZBTB26	CDC37	chromatin immunoprecipitation assay	27924024	Homo sapiens	GTRD	No	Mm:Q6P9Q3;Rn:D3ZG35	Dr:A2BF92	Dm:Q24276;Mm:Q61081;Rn:A0A140TAG9	Ce:Q336L8
Q9HCK0	O14524	57684	23306	ZBTB26	NEMP1	chromatin immunoprecipitation assay	27924024	Homo sapiens	GTRD	No	Mm:Q6P9Q3;Rn:D3ZG35	Dr:A2BF92	Mm:Q6ZQE4;Rn:M0R7R7	-
Q9HCK0	P62857	57684	6234	ZBTB26	RPS28	chromatin immunoprecipitation assay	27924024	Homo sapiens	GTRD	No	Mm:Q6P9Q3;Rn:D3ZG35	Dr:A2BF92	Ce:Q95Y04;Dm:Q9VAB9;Dm:Q9W334;Dr:Q6PBK3;Mm:P62858;Rn:A0A0A0MY14;Rn:P62859;Sc:P0C0X0;Sc:Q3E7X9	-
Q9HCK0	Q9C0F0	57684	80816	ZBTB26	ASXL3	chromatin immunoprecipitation assay	27924024	Homo sapiens	GTRD	No	Mm:Q6P9Q3;Rn:D3ZG35	Dr:A2BF92	-	Rn:F1M090
Q9HCK0	Q86XD5	57684	9715	ZBTB26	FAM131B	chromatin immunoprecipitation assay	27924024	Homo sapiens	GTRD	No	Mm:Q6P9Q3;Rn:D3ZG35	Dr:A2BF92	Mm:Q3TY60;Rn:F8WFH6	-
Q9HCK0	Q5BLP8	57684	-	ZBTB26	C4orf48	chromatin immunoprecipitation assay	27924024	Homo sapiens	GTRD	No	Mm:Q6P9Q3;Rn:D3ZG35	Dr:A2BF92	-	-
Q9HCK0	Q9H0A6	57684	140545	ZBTB26	RNF32	chromatin immunoprecipitation assay	27924024	Homo sapiens	GTRD	No	Mm:Q6P9Q3;Rn:D3ZG35	Dr:A2BF92	Mm:Q9JIT1;Rn:F7ENQ2	Dr:A0A1D5NSF2
Q9HCK0	H3BMG7	57684	-	ZBTB26	-	chromatin immunoprecipitation assay	27924024	Homo sapiens	GTRD	No	Mm:Q6P9Q3;Rn:D3ZG35	Dr:A2BF92	-	Mm:A0A2I3BRG5
Q9HCK0	Q5VZL5	57684	9202	ZBTB26	ZMYM4	chromatin immunoprecipitation assay	27924024	Homo sapiens	GTRD	No	Mm:Q6P9Q3;Rn:D3ZG35	Dr:A2BF92	Dr:Q1LWY5;Mm:A2A791;Rn:D4A069	Dr:F6NVC8
Q9HCK0	O95696	57684	23774	ZBTB26	BRD1	chromatin immunoprecipitation assay	27924024	Homo sapiens	GTRD	No	Mm:Q6P9Q3;Rn:D3ZG35	Dr:A2BF92	Dr:F1R0J6;Dr:F1QFR1;Mm:G5E8P1;Rn:D3ZUW8	-
Q9HCK0	O95081	57684	3268	ZBTB26	AGFG2	chromatin immunoprecipitation assay	27924024	Homo sapiens	GTRD	No	Mm:Q6P9Q3;Rn:D3ZG35	Dr:A2BF92	Ce:O18181;Mm:Q80WC7;Rn:A0A0G2K7G2	-
Q9HCK0	O76038	57684	10590	ZBTB26	SCGN	chromatin immunoprecipitation assay	27924024	Homo sapiens	GTRD	No	Mm:Q6P9Q3;Rn:D3ZG35	Dr:A2BF92	Mm:Q91WD9;Rn:F1LN07	-
Q9HCK0	Q5TEA3	57684	25943	ZBTB26	C20orf194	chromatin immunoprecipitation assay	27924024	Homo sapiens	GTRD	No	Mm:Q6P9Q3;Rn:D3ZG35	Dr:A2BF92	Mm:Q7TT23;Rn:D3ZVN5	-
Q9HCK0	P67936	57684	7171	ZBTB26	TPM4	chromatin immunoprecipitation assay	27924024	Homo sapiens	GTRD	No	Mm:Q6P9Q3;Rn:D3ZG35	Dr:A2BF92	Dr:F1R412;Dr:Q7SXW1;Mm:Q6IRU2;Rn:P09495	-
Q9HCK0	Q9NS85	57684	56934	ZBTB26	CA10	chromatin immunoprecipitation assay	27924024	Homo sapiens	GTRD	No	Mm:Q6P9Q3;Rn:D3ZG35	Dr:A2BF92	Dr:F1QMF0;Mm:P61215	Rn:M0R8A5
Q9HCK0	P00403	57684	4513	ZBTB26	MT-CO2	chromatin immunoprecipitation assay	27924024	Homo sapiens	GTRD	No	Mm:Q6P9Q3;Rn:D3ZG35	Dr:A2BF92	Dm:P00408;Mm:P00405;Rn:P00406;Sc:P00410	Dr:Q9MIY7
Q9HCK0	B2RBV5	57684	-	ZBTB26	-	chromatin immunoprecipitation assay	27924024	Homo sapiens	GTRD	No	Mm:Q6P9Q3;Rn:D3ZG35	Dr:A2BF92	-	-
Q9HCK0	Q9H3S4	57684	27010	ZBTB26	TPK1	chromatin immunoprecipitation assay	27924024	Homo sapiens	GTRD	No	Mm:Q6P9Q3;Rn:D3ZG35	Dr:A2BF92	Ce:P30636;Dr:F1RBJ9;Mm:Q9R0M5;Rn:B5DEJ6;Sc:P35202	-
Q9HCK0	Q2KJY2	57684	55083	ZBTB26	KIF26B	chromatin immunoprecipitation assay	27924024	Homo sapiens	GTRD	No	Mm:Q6P9Q3;Rn:D3ZG35	Dr:A2BF92	Dr:E7FDX9;Mm:Q7TNC6;Rn:D4ADC4	-
Q9HCK0	G3V3P5	57684	-	ZBTB26	-	chromatin immunoprecipitation assay	27924024	Homo sapiens	GTRD	No	Mm:Q6P9Q3;Rn:D3ZG35	Dr:A2BF92	-	-
Q9HCK0	P31641	57684	6533	ZBTB26	SLC6A6	chromatin immunoprecipitation assay	27924024	Homo sapiens	GTRD	No	Mm:Q6P9Q3;Rn:D3ZG35	Dr:A2BF92	Dr:B0V3R4;Mm:O35316	Rn:A0A0G2K227
Q9HCK0	P14618	57684	5315	ZBTB26	PKM	chromatin immunoprecipitation assay	27924024	Homo sapiens	GTRD	No	Mm:Q6P9Q3;Rn:D3ZG35	Dr:A2BF92	Dr:Q7ZVT2;Mm:P52480;Rn:P11980	-
Q9HCK0	P49281	57684	4891	ZBTB26	SLC11A2	chromatin immunoprecipitation assay	27924024	Homo sapiens	GTRD	No	Mm:Q6P9Q3;Rn:D3ZG35	Dr:A2BF92	Dm:P49283;Mm:P49282;Rn:A0A140TAD8	-
Q9HCK0	Q8IX04	57684	55293	ZBTB26	UEVLD	chromatin immunoprecipitation assay	27924024	Homo sapiens	GTRD	No	Mm:Q6P9Q3;Rn:D3ZG35	Dr:A2BF92	Mm:Q3U1V6;Rn:F1M0M3	Dr:Q6DBY5
Q9HCK0	Q15078	57684	8851	ZBTB26	CDK5R1	chromatin immunoprecipitation assay	27924024	Homo sapiens	GTRD	No	Mm:Q6P9Q3;Rn:D3ZG35	Dr:A2BF92	Dr:F1Q6W4;Mm:P61809;Rn:P61810	-
Q9HCK0	P42696	57684	23029	ZBTB26	RBM34	chromatin immunoprecipitation assay	27924024	Homo sapiens	GTRD	No	Mm:Q6P9Q3;Rn:D3ZG35	Dr:A2BF92	Dm:Q9VJG2;Dr:Q6DHU2;Rn:Q5M9F1	Mm:Q8C5L7
Q9HCK0	P21980	57684	7052	ZBTB26	TGM2	chromatin immunoprecipitation assay	27924024	Homo sapiens	GTRD	No	Mm:Q6P9Q3;Rn:D3ZG35	Dr:A2BF92	Dr:Q1ECX3;Mm:P21981;Rn:Q9WVJ6	-
Q9HCK0	P32297	57684	1136	ZBTB26	CHRNA3	chromatin immunoprecipitation assay	27924024	Homo sapiens	GTRD	No	Mm:Q6P9Q3;Rn:D3ZG35	Dr:A2BF92	Mm:Q0VBK4	Rn:Q6PW51
Q9HCK0	Q9NRX3	57684	56901	ZBTB26	NDUFA4L2	chromatin immunoprecipitation assay	27924024	Homo sapiens	GTRD	No	Mm:Q6P9Q3;Rn:D3ZG35	Dr:A2BF92	Mm:Q4FZG9	Dr:A0A0R4IT01;Rn:D3ZXX8
Q9HCK0	Q9Y2Z9	57684	51004	ZBTB26	COQ6	chromatin immunoprecipitation assay	27924024	Homo sapiens	GTRD	No	Mm:Q6P9Q3;Rn:D3ZG35	Dr:A2BF92	Dm:Q9VMQ5;Dr:F1RAX8;Mm:Q8R1S0;Rn:Q68FU7;Sc:P53318	Ce:O01884
Q9HCK0	Q9UL45	57684	26258	ZBTB26	BLOC1S6	chromatin immunoprecipitation assay	27924024	Homo sapiens	GTRD	No	Mm:Q6P9Q3;Rn:D3ZG35	Dr:A2BF92	Dr:E9QGH2;Mm:Q9R0C0;Rn:Q4V8A6	-
Q9HCK0	P35580	57684	4628	ZBTB26	MYH10	chromatin immunoprecipitation assay	27924024	Homo sapiens	GTRD	No	Mm:Q6P9Q3;Rn:D3ZG35	Dr:A2BF92	Dr:F1R3G4;Rn:G3V9Y1	Mm:Q5SV64
Q9HCK0	Q4KMG0	57684	50937	ZBTB26	CDON	chromatin immunoprecipitation assay	27924024	Homo sapiens	GTRD	No	Mm:Q6P9Q3;Rn:D3ZG35	Dr:A2BF92	Dr:Q1L8D0;Mm:Q32MD9;Rn:G3V7K7	-
Q9HCK0	Q7Z7J9	57684	55450	ZBTB26	CAMK2N1	chromatin immunoprecipitation assay	27924024	Homo sapiens	GTRD	No	Mm:Q6P9Q3;Rn:D3ZG35	Dr:A2BF92	Mm:Q6QWF9;Rn:Q9JI15	Dr:A0A0R4IRW2
Q9HCK0	Q07820	57684	4170	ZBTB26	MCL1	chromatin immunoprecipitation assay	27924024	Homo sapiens	GTRD	No	Mm:Q6P9Q3;Rn:D3ZG35	Dr:A2BF92	Mm:P97287	Dr:Q1L8X3
Q9HCK0	P49795	57684	10287	ZBTB26	RGS19	chromatin immunoprecipitation assay	27924024	Homo sapiens	GTRD	No	Mm:Q6P9Q3;Rn:D3ZG35	Dr:A2BF92	Mm:Q9CX84;Rn:O70521	-
Q9HCK0	P47775	57684	2835	ZBTB26	GPR12	chromatin immunoprecipitation assay	27924024	Homo sapiens	GTRD	No	Mm:Q6P9Q3;Rn:D3ZG35	Dr:A2BF92	Mm:P35412;Rn:P30951	Dr:E7FFG5
Q9HCK0	Q86XS8	57684	55819	ZBTB26	RNF130	chromatin immunoprecipitation assay	27924024	Homo sapiens	GTRD	No	Mm:Q6P9Q3;Rn:D3ZG35	Dr:A2BF92	Mm:Q8VEM1;Rn:M0R971	-
Q9HCK0	Q9H972	57684	60686	ZBTB26	C14orf93	chromatin immunoprecipitation assay	27924024	Homo sapiens	GTRD	No	Mm:Q6P9Q3;Rn:D3ZG35	Dr:A2BF92	Mm:Q8K2W9;Rn:D4AB71	-
Q9HCK0	Q4ADV7	57684	57589	ZBTB26	RIC1	chromatin immunoprecipitation assay	27924024	Homo sapiens	GTRD	No	Mm:Q6P9Q3;Rn:D3ZG35	Dr:A2BF92	Ce:Q09417;Dm:Q9V3C5;Rn:D4A224	Mm:E9QPA1
Q9HCK0	P10600	57684	7043	ZBTB26	TGFB3	chromatin immunoprecipitation assay	27924024	Homo sapiens	GTRD	No	Mm:Q6P9Q3;Rn:D3ZG35	Dr:A2BF92	Mm:Q91YU7;Rn:Q07258	Dr:Q66I23
Q9HCK0	A0A1B0GW23	57684	-	ZBTB26	ABHD14A-ACY1	chromatin immunoprecipitation assay	27924024	Homo sapiens	GTRD	No	Mm:Q6P9Q3;Rn:D3ZG35	Dr:A2BF92	-	-
Q9HCK0	Q12815	57684	10024	ZBTB26	TROAP	chromatin immunoprecipitation assay	27924024	Homo sapiens	GTRD	No	Mm:Q6P9Q3;Rn:D3ZG35	Dr:A2BF92	-	-
Q9HCK0	Q7Z6J8	57684	90025	ZBTB26	UBE3D	chromatin immunoprecipitation assay	27924024	Homo sapiens	GTRD	No	Mm:Q6P9Q3;Rn:D3ZG35	Dr:A2BF92	Dr:F1Q7U1;Mm:Q8BX13;Rn:Q3T1H6	-
Q9HCK0	Q9H871	57684	64795	ZBTB26	RMND5A	chromatin immunoprecipitation assay	27924024	Homo sapiens	GTRD	No	Mm:Q6P9Q3;Rn:D3ZG35	Dr:A2BF92	Ce:Q22302;Dm:Q9W2N5;Mm:Q80YQ8;Rn:D3ZWU9	-
Q9HCK0	P37275	57684	6935	ZBTB26	ZEB1	chromatin immunoprecipitation assay	27924024	Homo sapiens	GTRD	No	Mm:Q6P9Q3;Rn:D3ZG35	Dr:A2BF92	Dr:F1QPM7;Mm:Q64318;Rn:F8WG35	-
Q9HCK0	O14735	57684	10423	ZBTB26	CDIPT	chromatin immunoprecipitation assay	27924024	Homo sapiens	GTRD	No	Mm:Q6P9Q3;Rn:D3ZG35	Dr:A2BF92	Ce:Q9U2G1;Dm:Q8SX37;Dr:Q6DRN8;Mm:Q8VDP6;Rn:P70500;Sc:P06197	-
Q9HCK0	Q9UPU7	57684	23102	ZBTB26	TBC1D2B	chromatin immunoprecipitation assay	27924024	Homo sapiens	GTRD	No	Mm:Q6P9Q3;Rn:D3ZG35	Dr:A2BF92	Dr:E7FB23;Mm:Q3U0J8;Rn:D3ZAF7	-
Q9HCK0	Q9NRG7	57684	56948	ZBTB26	SDR39U1	chromatin immunoprecipitation assay	27924024	Homo sapiens	GTRD	No	Mm:Q6P9Q3;Rn:D3ZG35	Dr:A2BF92	Dm:Q8T0N5;Mm:Q5M8N4;Rn:D3ZYY0	-
Q9HCK0	P86452	57684	100381270	ZBTB26	ZBED6	chromatin immunoprecipitation assay	27924024	Homo sapiens	GTRD	No	Mm:Q6P9Q3;Rn:D3ZG35	Dr:A2BF92	Dm:Q9VM61;Mm:D2EAC2	-
Q9HCK0	P21554	57684	1268	ZBTB26	CNR1	chromatin immunoprecipitation assay	27924024	Homo sapiens	GTRD	No	Mm:Q6P9Q3;Rn:D3ZG35	Dr:A2BF92	Mm:P47746	Dr:Q7T3Q3;Rn:P20272
Q9HCK0	Q9ULC8	57684	29801	ZBTB26	ZDHHC8	chromatin immunoprecipitation assay	27924024	Homo sapiens	GTRD	No	Mm:Q6P9Q3;Rn:D3ZG35	Dr:A2BF92	Dr:A2CEX1;Mm:Q5Y5T5;Rn:Q2THW6	-
Q9HCK0	Q96T21	57684	79048	ZBTB26	SECISBP2	chromatin immunoprecipitation assay	27924024	Homo sapiens	GTRD	No	Mm:Q6P9Q3;Rn:D3ZG35	Dr:A2BF92	Mm:Q3U1C4;Rn:F1LPQ8	-
Q9HCK0	P49593	57684	9647	ZBTB26	PPM1F	chromatin immunoprecipitation assay	27924024	Homo sapiens	GTRD	No	Mm:Q6P9Q3;Rn:D3ZG35	Dr:A2BF92	Ce:P49594;Dr:A2BE49;Mm:Q8CGA0;Rn:Q9WVR7	-
Q9HCK0	Q1XH10	57684	387640	ZBTB26	SKIDA1	chromatin immunoprecipitation assay	27924024	Homo sapiens	GTRD	No	Mm:Q6P9Q3;Rn:D3ZG35	Dr:A2BF92	-	Mm:G3X9M2;Rn:F1LXY5
Q9HCK0	O95292	57684	9217	ZBTB26	VAPB	chromatin immunoprecipitation assay	27924024	Homo sapiens	GTRD	No	Mm:Q6P9Q3;Rn:D3ZG35	Dr:A2BF92	Mm:Q8BH80;Rn:Q9Z269	-
Q9HCK0	P07814	57684	2058	ZBTB26	EPRS1	chromatin immunoprecipitation assay	27924024	Homo sapiens	GTRD	No	Mm:Q6P9Q3;Rn:D3ZG35	Dr:A2BF92	Dm:P28668;Dr:F1QP23;Mm:Q8CGC7;Rn:A0A0G2JZI2	-
Q9HCK0	Q9NYK5	57684	54148	ZBTB26	MRPL39	chromatin immunoprecipitation assay	27924024	Homo sapiens	GTRD	No	Mm:Q6P9Q3;Rn:D3ZG35	Dr:A2BF92	Dm:Q9VUJ0;Mm:Q9JKF7;Rn:M0R6J0	Dr:Q7T3F9
Q9HCK0	Q9C0D7	57684	85463	ZBTB26	ZC3H12C	chromatin immunoprecipitation assay	27924024	Homo sapiens	GTRD	No	Mm:Q6P9Q3;Rn:D3ZG35	Dr:A2BF92	Mm:Q5DTV4;Rn:A0A0G2K000	-
Q9HCK0	Q96A84	57684	129080	ZBTB26	EMID1	chromatin immunoprecipitation assay	27924024	Homo sapiens	GTRD	No	Mm:Q6P9Q3;Rn:D3ZG35	Dr:A2BF92	Mm:Q91VF5	-
Q9HCK0	Q9NQG6	57684	54471	ZBTB26	MIEF1	chromatin immunoprecipitation assay	27924024	Homo sapiens	GTRD	No	Mm:Q6P9Q3;Rn:D3ZG35	Dr:A2BF92	Mm:Q8BGV8;Rn:Q5XIS8	Dr:F1Q8R5
Q9HCK0	P16234	57684	5156	ZBTB26	PDGFRA	chromatin immunoprecipitation assay	27924024	Homo sapiens	GTRD	No	Mm:Q6P9Q3;Rn:D3ZG35	Dr:A2BF92	Mm:P26618;Rn:G3V6A0	-
Q9HCK0	P50548	57684	2077	ZBTB26	ERF	chromatin immunoprecipitation assay	27924024	Homo sapiens	GTRD	No	Mm:Q6P9Q3;Rn:D3ZG35	Dr:A2BF92	Rn:D3ZJW0	Mm:A0A0R4J0I0
Q9HCK0	O43852	57684	813	ZBTB26	CALU	chromatin immunoprecipitation assay	27924024	Homo sapiens	GTRD	No	Mm:Q6P9Q3;Rn:D3ZG35	Dr:A2BF92	-	-
Q9HCK0	Q969T4	57684	10477	ZBTB26	UBE2E3	chromatin immunoprecipitation assay	27924024	Homo sapiens	GTRD	No	Mm:Q6P9Q3;Rn:D3ZG35	Dr:A2BF92	Dr:B0S6A7;Mm:P52483;Rn:F7F5A1	-
Q9HCK0	P21453	57684	1901	ZBTB26	S1PR1	chromatin immunoprecipitation assay	27924024	Homo sapiens	GTRD	No	Mm:Q6P9Q3;Rn:D3ZG35	Dr:A2BF92	Dr:Q1LV63;Mm:O08530;Rn:P48303	-
Q9HCK0	Q14CX5	57684	79847	ZBTB26	MFSD13A	chromatin immunoprecipitation assay	27924024	Homo sapiens	GTRD	No	Mm:Q6P9Q3;Rn:D3ZG35	Dr:A2BF92	Dr:Q5PRC2;Mm:Q6PDE8;Rn:A0A0G2JUB6	-
Q9HCK0	P55851	57684	7351	ZBTB26	UCP2	chromatin immunoprecipitation assay	27924024	Homo sapiens	GTRD	No	Mm:Q6P9Q3;Rn:D3ZG35	Dr:A2BF92	Mm:P70406;Rn:P56500	-
Q9HCK0	Q8TCZ2	57684	83692	ZBTB26	CD99L2	chromatin immunoprecipitation assay	27924024	Homo sapiens	GTRD	No	Mm:Q6P9Q3;Rn:D3ZG35	Dr:A2BF92	Dr:Q6DBW9;Mm:Q8BIF0	Rn:Q8R1R5;Rn:F1M1I3
Q9HCK0	Q92905	57684	10987	ZBTB26	COPS5	chromatin immunoprecipitation assay	27924024	Homo sapiens	GTRD	No	Mm:Q6P9Q3;Rn:D3ZG35	Dr:A2BF92	Ce:P91001;Dm:Q9XZ58;Dr:Q6PC30;Mm:O35864;Rn:F7EUU4	-
Q9HCK0	P51811	57684	7504	ZBTB26	XK	chromatin immunoprecipitation assay	27924024	Homo sapiens	GTRD	No	Mm:Q6P9Q3;Rn:D3ZG35	Dr:A2BF92	Dr:Q5GH44;Mm:Q9QXY7;Rn:Q3B7L3	-
Q9HCK0	Q02952	57684	9590	ZBTB26	AKAP12	chromatin immunoprecipitation assay	27924024	Homo sapiens	GTRD	No	Mm:Q6P9Q3;Rn:D3ZG35	Dr:A2BF92	Mm:Q9WTQ5;Rn:Q5QD51	-
Q9HCK0	Q9Y2L5	57684	22878	ZBTB26	TRAPPC8	chromatin immunoprecipitation assay	27924024	Homo sapiens	GTRD	No	Mm:Q6P9Q3;Rn:D3ZG35	Dr:A2BF92	Dm:Q9VW22;Dr:E7FA12;Mm:A0A286YCX6	Rn:F1M9W9
Q9HCK0	Q5SY16	57684	79707	ZBTB26	NOL9	chromatin immunoprecipitation assay	27924024	Homo sapiens	GTRD	No	Mm:Q6P9Q3;Rn:D3ZG35	Dr:A2BF92	Dr:E7F654;Mm:Q3TZX8;Rn:G3V7B0	-
Q9HCK0	P10912	57684	2690	ZBTB26	GHR	chromatin immunoprecipitation assay	27924024	Homo sapiens	GTRD	No	Mm:Q6P9Q3;Rn:D3ZG35	Dr:A2BF92	Dr:F1QFX3;Rn:P16310	Mm:Q3UP14
Q9HCK0	Q6ZMZ0	57684	127544	ZBTB26	RNF19B	chromatin immunoprecipitation assay	27924024	Homo sapiens	GTRD	No	Mm:Q6P9Q3;Rn:D3ZG35	Dr:A2BF92	Mm:A2A7Q9;Rn:A0A0G2K6H9	Dr:Q1L8L6
Q9HCK0	Q8NA19	57684	91133	ZBTB26	L3MBTL4	chromatin immunoprecipitation assay	27924024	Homo sapiens	GTRD	No	Mm:Q6P9Q3;Rn:D3ZG35	Dr:A2BF92	Mm:D3YW39;Rn:F1M8A7	-
Q9HCK0	P31751	57684	208	ZBTB26	AKT2	chromatin immunoprecipitation assay	27924024	Homo sapiens	GTRD	No	Mm:Q6P9Q3;Rn:D3ZG35	Dr:A2BF92	-	-
Q9HCK0	Q8WUM4	57684	10015	ZBTB26	PDCD6IP	chromatin immunoprecipitation assay	27924024	Homo sapiens	GTRD	No	Mm:Q6P9Q3;Rn:D3ZG35	Dr:A2BF92	Ce:P34552;Dm:Q9VB05;Dr:B8JLR1;Mm:Q9WU78;Rn:A0A140TAA4;Sc:Q12033;Sc:P48582	-
Q9HCK0	O60427	57684	3992	ZBTB26	FADS1	chromatin immunoprecipitation assay	27924024	Homo sapiens	GTRD	No	Mm:Q6P9Q3;Rn:D3ZG35	Dr:A2BF92	Mm:Q920L1;Rn:Q920R3	-
Q9HCK0	Q92804	57684	8148	ZBTB26	TAF15	chromatin immunoprecipitation assay	27924024	Homo sapiens	GTRD	No	Mm:Q6P9Q3;Rn:D3ZG35	Dr:A2BF92	Dr:A1A5X7;Mm:Q8BQ46	Rn:B2RYG5
Q9HCK0	Q96CJ1	57684	55840	ZBTB26	EAF2	chromatin immunoprecipitation assay	27924024	Homo sapiens	GTRD	No	Mm:Q6P9Q3;Rn:D3ZG35	Dr:A2BF92	Dr:Q6IQU8;Mm:Q91ZD6;Rn:Q811X5	-
Q9HCK0	P28328	57684	5828	ZBTB26	PEX2	chromatin immunoprecipitation assay	27924024	Homo sapiens	GTRD	No	Mm:Q6P9Q3;Rn:D3ZG35	Dr:A2BF92	Ce:Q23601;Dm:Q9VSH8;Dr:E7F4V8;Rn:P24392	Mm:Q91YZ5
Q9HCK0	Q8NHU6	57684	23424	ZBTB26	TDRD7	chromatin immunoprecipitation assay	27924024	Homo sapiens	GTRD	No	Mm:Q6P9Q3;Rn:D3ZG35	Dr:A2BF92	Dr:F1QTF8;Dr:E7FDW8;Rn:Q9R1R4	Mm:A0A0A0MQD1
Q9HCK0	P0DP23	57684	801;805;808	ZBTB26	CALM1	chromatin immunoprecipitation assay	27924024	Homo sapiens	GTRD	No	Mm:Q6P9Q3;Rn:D3ZG35	Dr:A2BF92	-	-
Q9HCK0	Q8NB42	57684	84503	ZBTB26	ZNF527	chromatin immunoprecipitation assay	27924024	Homo sapiens	GTRD	No	Mm:Q6P9Q3;Rn:D3ZG35	Dr:A2BF92	-	-
Q9HCK0	P50570	57684	1785	ZBTB26	DNM2	chromatin immunoprecipitation assay	27924024	Homo sapiens	GTRD	No	Mm:Q6P9Q3;Rn:D3ZG35	Dr:A2BF92	Mm:P39054;Rn:P39052	Dr:Q4V8Z7
Q9HCK0	Q6IQ16	57684	339745	ZBTB26	SPOPL	chromatin immunoprecipitation assay	27924024	Homo sapiens	GTRD	No	Mm:Q6P9Q3;Rn:D3ZG35	Dr:A2BF92	Dr:Q5BL35;Mm:Q2M2N2;Rn:A0A0G2KB38	-
Q9HCK0	A8MT70	57684	79740	ZBTB26	ZBBX	chromatin immunoprecipitation assay	27924024	Homo sapiens	GTRD	No	Mm:Q6P9Q3;Rn:D3ZG35	Dr:A2BF92	Mm:Q0P5X5	Rn:A0A0G2K3P2
Q9HCK0	Q4VC39	57684	-	ZBTB26	HIGD2B	chromatin immunoprecipitation assay	27924024	Homo sapiens	GTRD	No	Mm:Q6P9Q3;Rn:D3ZG35	Dr:A2BF92	-	-
Q9HCK0	Q3YBR2	57684	84897	ZBTB26	TBRG1	chromatin immunoprecipitation assay	27924024	Homo sapiens	GTRD	No	Mm:Q6P9Q3;Rn:D3ZG35	Dr:A2BF92	Dr:F1QY49;Mm:Q3UB74;Rn:Q5PQK8	Rn:M0RDI3
Q9HCK0	Q0ZGT2	57684	91624	ZBTB26	NEXN	chromatin immunoprecipitation assay	27924024	Homo sapiens	GTRD	No	Mm:Q6P9Q3;Rn:D3ZG35	Dr:A2BF92	Dr:F1QGT0	Mm:A0A0G2JEX1;Rn:A0A0G2K6I3
Q9HCK0	Q14207	57684	4863	ZBTB26	NPAT	chromatin immunoprecipitation assay	27924024	Homo sapiens	GTRD	No	Mm:Q6P9Q3;Rn:D3ZG35	Dr:A2BF92	Dr:A0A0R4IH22;Mm:Q8BMA5;Rn:D4A6Y1	-
Q9HCK0	Q02750	57684	5604	ZBTB26	MAP2K1	chromatin immunoprecipitation assay	27924024	Homo sapiens	GTRD	No	Mm:Q6P9Q3;Rn:D3ZG35	Dr:A2BF92	Dr:A5WWB4;Mm:P31938;Rn:A0A0H2UHI2	-
Q9HCK0	B1AK53	57684	83715	ZBTB26	ESPN	chromatin immunoprecipitation assay	27924024	Homo sapiens	GTRD	No	Mm:Q6P9Q3;Rn:D3ZG35	Dr:A2BF92	-	Mm:B1AWQ4;Rn:F1LQ34
Q9HCK0	Q86UB9	57684	65084	ZBTB26	TMEM135	chromatin immunoprecipitation assay	27924024	Homo sapiens	GTRD	No	Mm:Q6P9Q3;Rn:D3ZG35	Dr:A2BF92	Ce:Q95QD1;Dm:Q9VHQ5;Dm:Q8INQ8;Mm:Q9CYV5;Rn:Q5U4F4	Dm:Q9VHQ4
Q9HCK0	Q9H6F2	57684	79041	ZBTB26	TMEM38A	chromatin immunoprecipitation assay	27924024	Homo sapiens	GTRD	No	Mm:Q6P9Q3;Rn:D3ZG35	Dr:A2BF92	Dr:Q6P2T0;Mm:Q3TMP8;Rn:G3V9T4	-
Q9HCK0	O43426	57684	8867	ZBTB26	SYNJ1	chromatin immunoprecipitation assay	27924024	Homo sapiens	GTRD	No	Mm:Q6P9Q3;Rn:D3ZG35	Dr:A2BF92	Dm:Q5U0V7;Dr:E9QHF3;Mm:D3Z656;Rn:Q62910	-
Q9HCK0	Q9GZL7	57684	55759	ZBTB26	WDR12	chromatin immunoprecipitation assay	27924024	Homo sapiens	GTRD	No	Mm:Q6P9Q3;Rn:D3ZG35	Dr:A2BF92	Ce:P91343;Dr:Q6NX08;Mm:Q9JJA4;Rn:P61480;Sc:Q12024	Dm:M9PB96
Q9HCK0	Q5VWJ9	57684	401548	ZBTB26	SNX30	chromatin immunoprecipitation assay	27924024	Homo sapiens	GTRD	No	Mm:Q6P9Q3;Rn:D3ZG35	Dr:A2BF92	Dr:F1QDU5;Mm:Q8CE50	Rn:A0A0G2JUF2
Q9HCK0	Q9UL54	57684	9344	ZBTB26	TAOK2	chromatin immunoprecipitation assay	27924024	Homo sapiens	GTRD	No	Mm:Q6P9Q3;Rn:D3ZG35	Dr:A2BF92	Mm:Q6ZQ29	Rn:F1LSD5
Q9HCK0	Q6P1R3	57684	79684	ZBTB26	MSANTD2	chromatin immunoprecipitation assay	27924024	Homo sapiens	GTRD	No	Mm:Q6P9Q3;Rn:D3ZG35	Dr:A2BF92	Mm:Q6NZR2;Rn:F1LR51	-
Q9HCK0	Q9H981	57684	93973	ZBTB26	ACTR8	chromatin immunoprecipitation assay	27924024	Homo sapiens	GTRD	No	Mm:Q6P9Q3;Rn:D3ZG35	Dr:A2BF92	Dm:Q9VX09;Dr:A0A0R4ISA6;Mm:Q8R2S9;Rn:D3ZVT1;Sc:Q12386	-
Q9HCK0	Q14106	57684	10766	ZBTB26	TOB2	chromatin immunoprecipitation assay	27924024	Homo sapiens	GTRD	No	Mm:Q6P9Q3;Rn:D3ZG35	Dr:A2BF92	Mm:Q9JM55;Rn:Q5U4F2	-
Q9HCK0	Q9H019	57684	56181	ZBTB26	MTFR1L	chromatin immunoprecipitation assay	27924024	Homo sapiens	GTRD	No	Mm:Q6P9Q3;Rn:D3ZG35	Dr:A2BF92	Dr:Q7T3E8;Mm:Q9CWE0;Rn:Q5XII9	-
Q9HCK0	Q9BY11	57684	29993	ZBTB26	PACSIN1	chromatin immunoprecipitation assay	27924024	Homo sapiens	GTRD	No	Mm:Q6P9Q3;Rn:D3ZG35	Dr:A2BF92	Ce:Q6AHQ8;Dr:Q4V920;Mm:Q61644;Rn:A0A0G2JWR2	-
Q9HCK0	O43325	57684	57149	ZBTB26	LYRM1	chromatin immunoprecipitation assay	27924024	Homo sapiens	GTRD	No	Mm:Q6P9Q3;Rn:D3ZG35	Dr:A2BF92	Mm:Q9CQB7;Rn:G3V950	-
Q9HCK0	Q9NQ92	57684	55352	ZBTB26	COPRS	chromatin immunoprecipitation assay	27924024	Homo sapiens	GTRD	No	Mm:Q6P9Q3;Rn:D3ZG35	Dr:A2BF92	Mm:Q9CQ13;Rn:D3ZB92	-
Q9HCK0	P85299	57684	55615	ZBTB26	PRR5	chromatin immunoprecipitation assay	27924024	Homo sapiens	GTRD	No	Mm:Q6P9Q3;Rn:D3ZG35	Dr:A2BF92	Dr:E7F953;Mm:Q812A5;Rn:A0A0H2UHJ6	-
Q9HCK0	Q12824	57684	6598	ZBTB26	SMARCB1	chromatin immunoprecipitation assay	27924024	Homo sapiens	GTRD	No	Mm:Q6P9Q3;Rn:D3ZG35	Dr:A2BF92	-	-
Q9HCK0	Q6UXP7	57684	167555	ZBTB26	FAM151B	chromatin immunoprecipitation assay	27924024	Homo sapiens	GTRD	No	Mm:Q6P9Q3;Rn:D3ZG35	Dr:A2BF92	Dr:A2BGP9;Mm:D3YUE4;Rn:B2RZ92	Dm:Q8MQP2
Q9HCK0	O95279	57684	8645	ZBTB26	KCNK5	chromatin immunoprecipitation assay	27924024	Homo sapiens	GTRD	No	Mm:Q6P9Q3;Rn:D3ZG35	Dr:A2BF92	Mm:Q9JK62;Rn:M0R8B9	-
Q9HCK0	Q9UK53	57684	3621	ZBTB26	ING1	chromatin immunoprecipitation assay	27924024	Homo sapiens	GTRD	No	Mm:Q6P9Q3;Rn:D3ZG35	Dr:A2BF92	Dm:Q9VEF5;Mm:Q9QXV3;Sc:P50947	Rn:G3V7V1
Q9HCK0	Q9H3C7	57684	79893	ZBTB26	GGNBP2	chromatin immunoprecipitation assay	27924024	Homo sapiens	GTRD	No	Mm:Q6P9Q3;Rn:D3ZG35	Dr:A2BF92	Mm:Q5SV77	Rn:A0A0G2K6D9
Q9HCK0	O60739	57684	10289	ZBTB26	EIF1B	chromatin immunoprecipitation assay	27924024	Homo sapiens	GTRD	No	Mm:Q6P9Q3;Rn:D3ZG35	Dr:A2BF92	Mm:Q9CXU9;Rn:B5DFN1	-
Q9HCK0	Q5SYC1	57684	134829	ZBTB26	CLVS2	chromatin immunoprecipitation assay	27924024	Homo sapiens	GTRD	No	Mm:Q6P9Q3;Rn:D3ZG35	Dr:A2BF92	Dr:Q5SPP0;Mm:Q8BG92;Rn:A6JUQ6	-
Q9HCK0	P36404	57684	402	ZBTB26	ARL2	chromatin immunoprecipitation assay	27924024	Homo sapiens	GTRD	No	Mm:Q6P9Q3;Rn:D3ZG35	Dr:A2BF92	-	-
Q9HCK0	Q86W47	57684	27345	ZBTB26	KCNMB4	chromatin immunoprecipitation assay	27924024	Homo sapiens	GTRD	No	Mm:Q6P9Q3;Rn:D3ZG35	Dr:A2BF92	Mm:Q9JIN6;Rn:Q9ESK8	-
Q9HCK0	Q86WT6	57684	140691	ZBTB26	TRIM69	chromatin immunoprecipitation assay	27924024	Homo sapiens	GTRD	No	Mm:Q6P9Q3;Rn:D3ZG35	Dr:A2BF92	Mm:Q80X56	Rn:Q5BK82
Q9HCK0	Q9BX10	57684	54676	ZBTB26	GTPBP2	chromatin immunoprecipitation assay	27924024	Homo sapiens	GTRD	No	Mm:Q6P9Q3;Rn:D3ZG35	Dr:A2BF92	Ce:Q22174;Dr:Q1LXN6;Mm:Q3UJK4;Rn:D4ABV1	-
Q9HCK0	Q8N6M6	57684	84909	ZBTB26	AOPEP	chromatin immunoprecipitation assay	27924024	Homo sapiens	GTRD	No	Mm:Q6P9Q3;Rn:D3ZG35	Dr:A2BF92	Dr:B0V1A5;Mm:Q3UQZ7;Rn:F1LRV1	-
Q9HCK0	Q16763	57684	27338	ZBTB26	UBE2S	chromatin immunoprecipitation assay	27924024	Homo sapiens	GTRD	No	Mm:Q6P9Q3;Rn:D3ZG35	Dr:A2BF92	Dm:Q9VX25;Dr:Q4V908;Mm:Q921J4;Rn:B5DFI8	Mm:A0A6I8MX03
Q9HCK0	P30084	57684	1892	ZBTB26	ECHS1	chromatin immunoprecipitation assay	27924024	Homo sapiens	GTRD	No	Mm:Q6P9Q3;Rn:D3ZG35	Dr:A2BF92	Ce:P34559;Dm:Q7JR58;Dr:Q7ZZ04;Mm:Q8BH95	Ce:Q9NEZ8;Rn:P14604
Q9HCK0	Q08999	57684	5934	ZBTB26	RBL2	chromatin immunoprecipitation assay	27924024	Homo sapiens	GTRD	No	Mm:Q6P9Q3;Rn:D3ZG35	Dr:A2BF92	Dr:E7FDM3;Mm:Q64700;Rn:G3V7P7	-
Q9HCK0	O14744	57684	10419	ZBTB26	PRMT5	chromatin immunoprecipitation assay	27924024	Homo sapiens	GTRD	No	Mm:Q6P9Q3;Rn:D3ZG35	Dr:A2BF92	Ce:P46580;Dm:Q9U6Y9;Dr:B0R026;Mm:A0A0R4J049;Rn:D4A0E8;Sc:P38274	-
Q9HCK0	O95178	57684	4708	ZBTB26	NDUFB2	chromatin immunoprecipitation assay	27924024	Homo sapiens	GTRD	No	Mm:Q6P9Q3;Rn:D3ZG35	Dr:A2BF92	Dr:Q6PBN0;Mm:Q9CPU2;Rn:B2RYU0	-
Q9HCK0	Q9P2K6	57684	57542	ZBTB26	KLHL42	chromatin immunoprecipitation assay	27924024	Homo sapiens	GTRD	No	Mm:Q6P9Q3;Rn:D3ZG35	Dr:A2BF92	Dr:Q5RGJ4;Mm:Q8BFQ9;Rn:D4A9Z3	-
Q9HCK0	P24723	57684	5583	ZBTB26	PRKCH	chromatin immunoprecipitation assay	27924024	Homo sapiens	GTRD	No	Mm:Q6P9Q3;Rn:D3ZG35	Dr:A2BF92	Dr:B1H1I7;Mm:P23298;Rn:Q64617	-
Q9HCK0	O00305	57684	785	ZBTB26	CACNB4	chromatin immunoprecipitation assay	27924024	Homo sapiens	GTRD	No	Mm:Q6P9Q3;Rn:D3ZG35	Dr:A2BF92	Mm:Q8R0S4;Rn:D4A055	Dr:A8WHZ4
Q9HCK0	P14324	57684	2224	ZBTB26	FDPS	chromatin immunoprecipitation assay	27924024	Homo sapiens	GTRD	No	Mm:Q6P9Q3;Rn:D3ZG35	Dr:A2BF92	Ce:O62336;Dm:Q7KN61;Mm:Q920E5;Sc:P08524	Dr:F1QN60;Rn:A0A0G2JXT3
Q9HCK0	Q16539	57684	1432	ZBTB26	MAPK14	chromatin immunoprecipitation assay	27924024	Homo sapiens	GTRD	No	Mm:Q6P9Q3;Rn:D3ZG35	Dr:A2BF92	Dm:O61443;Dm:O62618;Mm:P47811;Rn:Q56A33	Dr:F1R202
Q9HCK0	A6NIN4	57684	-	ZBTB26	RNF227	chromatin immunoprecipitation assay	27924024	Homo sapiens	GTRD	No	Mm:Q6P9Q3;Rn:D3ZG35	Dr:A2BF92	Mm:Q9DCB3;Rn:B2BKZ7	-
Q9HCK0	Q96EK2	57684	112885	ZBTB26	PHF21B	chromatin immunoprecipitation assay	27924024	Homo sapiens	GTRD	No	Mm:Q6P9Q3;Rn:D3ZG35	Dr:A2BF92	Mm:Q8C966;Rn:D4A9U0	-
Q9HCK0	Q9UQ90	57684	6687	ZBTB26	SPG7	chromatin immunoprecipitation assay	27924024	Homo sapiens	GTRD	No	Mm:Q6P9Q3;Rn:D3ZG35	Dr:A2BF92	Ce:G5EDB6;Dm:Q9W4W8;Dr:E7F2S4;Mm:Q3ULF4;Rn:Q7TT47	-
Q9HCK0	Q96AY2	57684	146956	ZBTB26	EME1	chromatin immunoprecipitation assay	27924024	Homo sapiens	GTRD	No	Mm:Q6P9Q3;Rn:D3ZG35	Dr:A2BF92	Dr:E7F6N8;Mm:Q8BJW7;Rn:D3ZCS5	-
Q9HCK0	Q96R06	57684	10615	ZBTB26	SPAG5	chromatin immunoprecipitation assay	27924024	Homo sapiens	GTRD	No	Mm:Q6P9Q3;Rn:D3ZG35	Dr:A2BF92	Mm:Q7TME2;Rn:E9PSL1	-
Q9HCK0	Q8TBX8	57684	79837	ZBTB26	PIP4K2C	chromatin immunoprecipitation assay	27924024	Homo sapiens	GTRD	No	Mm:Q6P9Q3;Rn:D3ZG35	Dr:A2BF92	Dr:F1REU6;Mm:Q91XU3	Rn:G3V9W5
Q9HCK0	Q14642	57684	3632	ZBTB26	INPP5A	chromatin immunoprecipitation assay	27924024	Homo sapiens	GTRD	No	Mm:Q6P9Q3;Rn:D3ZG35	Dr:A2BF92	Ce:Q17848;Mm:Q7TNC9;Rn:D3ZZX1	Dm:Q8IMU3
Q9HCK0	Q6P2D0	57684	162239	ZBTB26	ZFP1	chromatin immunoprecipitation assay	27924024	Homo sapiens	GTRD	No	Mm:Q6P9Q3;Rn:D3ZG35	Dr:A2BF92	Mm:Q3UI68	Dr:H0WES9;Rn:F1LXE4
Q9HCK0	Q7KZF4	57684	27044	ZBTB26	SND1	chromatin immunoprecipitation assay	27924024	Homo sapiens	GTRD	No	Mm:Q6P9Q3;Rn:D3ZG35	Dr:A2BF92	Ce:Q19328;Dm:Q9W0S7;Mm:Q78PY7;Rn:Q66X93	-
Q9HCK0	O43861	57684	374868	ZBTB26	ATP9B	chromatin immunoprecipitation assay	27924024	Homo sapiens	GTRD	No	Mm:Q6P9Q3;Rn:D3ZG35	Dr:A2BF92	-	Dr:F1Q4S1;Mm:A0A286YCV0;Rn:A0A0G2K3M6
Q9HCK0	P21462	57684	2357	ZBTB26	FPR1	chromatin immunoprecipitation assay	27924024	Homo sapiens	GTRD	No	Mm:Q6P9Q3;Rn:D3ZG35	Dr:A2BF92	Mm:P33766	Rn:D4A7Q2
Q9HCK0	Q92914	57684	2256	ZBTB26	FGF11	chromatin immunoprecipitation assay	27924024	Homo sapiens	GTRD	No	Mm:Q6P9Q3;Rn:D3ZG35	Dr:A2BF92	Mm:P70378;Rn:G3V7X1	Dr:B3DHZ8
Q9HCK0	P23258	57684	7283	ZBTB26	TUBG1	chromatin immunoprecipitation assay	27924024	Homo sapiens	GTRD	No	Mm:Q6P9Q3;Rn:D3ZG35	Dr:A2BF92	Dr:Q7ZVM5;Mm:P83887;Rn:P83888	-
Q9HCK0	Q96Q05	57684	83696	ZBTB26	TRAPPC9	chromatin immunoprecipitation assay	27924024	Homo sapiens	GTRD	No	Mm:Q6P9Q3;Rn:D3ZG35	Dr:A2BF92	Ce:Q93330;Dm:Q9VIL0;Mm:Q3U0M1	Dr:A0A0R4ICR5;Rn:D3ZJK6
Q9HCK0	O75400	57684	55660	ZBTB26	PRPF40A	chromatin immunoprecipitation assay	27924024	Homo sapiens	GTRD	No	Mm:Q6P9Q3;Rn:D3ZG35	Dr:A2BF92	-	-
Q9HCK0	Q14541	57684	3174	ZBTB26	HNF4G	chromatin immunoprecipitation assay	27924024	Homo sapiens	GTRD	No	Mm:Q6P9Q3;Rn:D3ZG35	Dr:A2BF92	-	-
Q9HCK0	P62875	57684	5441	ZBTB26	POLR2L	chromatin immunoprecipitation assay	27924024	Homo sapiens	GTRD	No	Mm:Q6P9Q3;Rn:D3ZG35	Dr:A2BF92	Ce:Q9GR61;Dm:Q9VC49;Dr:A5D6S6;Mm:P62876;Sc:P22139	Rn:A0A0G2JZT9
Q9HCK0	P23381	57684	7453	ZBTB26	WARS1	chromatin immunoprecipitation assay	27924024	Homo sapiens	GTRD	No	Mm:Q6P9Q3;Rn:D3ZG35	Dr:A2BF92	Dm:Q0KI98;Mm:P32921;Rn:Q6P7B0;Sc:Q12109	Ce:G5EDY2
Q9HCK0	O43760	57684	9144	ZBTB26	SYNGR2	chromatin immunoprecipitation assay	27924024	Homo sapiens	GTRD	No	Mm:Q6P9Q3;Rn:D3ZG35	Dr:A2BF92	Dr:A0A0R4IUH5;Mm:O55101;Rn:M0R446	-
Q9HCK0	Q8IYR2	57684	114826	ZBTB26	SMYD4	chromatin immunoprecipitation assay	27924024	Homo sapiens	GTRD	No	Mm:Q6P9Q3;Rn:D3ZG35	Dr:A2BF92	Dr:Q08C84;Mm:Q8BTK5;Rn:D4AEC7	-
Q9HCK0	Q96CK0	57684	115950	ZBTB26	ZNF653	chromatin immunoprecipitation assay	27924024	Homo sapiens	GTRD	No	Mm:Q6P9Q3;Rn:D3ZG35	Dr:A2BF92	Dr:F1QEB0;Mm:Q6YND2;Rn:D3ZM61	-
Q9HCK0	O15198	57684	4093	ZBTB26	SMAD9	chromatin immunoprecipitation assay	27924024	Homo sapiens	GTRD	No	Mm:Q6P9Q3;Rn:D3ZG35	Dr:A2BF92	Dr:F1QXZ9;Mm:Q9JIW5;Rn:G3V603	-
Q9HCK0	Q8TDJ6	57684	23312	ZBTB26	DMXL2	chromatin immunoprecipitation assay	27924024	Homo sapiens	GTRD	No	Mm:Q6P9Q3;Rn:D3ZG35	Dr:A2BF92	-	-
Q9HCK0	Q13177	57684	5062	ZBTB26	PAK2	chromatin immunoprecipitation assay	27924024	Homo sapiens	GTRD	No	Mm:Q6P9Q3;Rn:D3ZG35	Dr:A2BF92	Mm:Q8CIN4;Rn:Q64303	Dr:A0A0R4IRH8
Q9HCK0	Q8N9N8	57684	84285	ZBTB26	EIF1AD	chromatin immunoprecipitation assay	27924024	Homo sapiens	GTRD	No	Mm:Q6P9Q3;Rn:D3ZG35	Dr:A2BF92	Ce:Q23646;Dm:Q8IQ13;Dr:F1QEM2;Mm:Q3THJ3;Rn:Q5RKI6	-
Q9HCK0	P09417	57684	5860	ZBTB26	QDPR	chromatin immunoprecipitation assay	27924024	Homo sapiens	GTRD	No	Mm:Q6P9Q3;Rn:D3ZG35	Dr:A2BF92	Ce:Q9XVJ3;Dm:Q9VSU6;Dr:A2BIE9;Mm:Q8BVI4;Rn:P11348	Dr:A7YT77
Q9HCK0	Q04656	57684	538	ZBTB26	ATP7A	chromatin immunoprecipitation assay	27924024	Homo sapiens	GTRD	No	Mm:Q6P9Q3;Rn:D3ZG35	Dr:A2BF92	Rn:P70705	Dr:F1Q5B3;Mm:A2AG68
Q9HCK0	P43116	57684	5732	ZBTB26	PTGER2	chromatin immunoprecipitation assay	27924024	Homo sapiens	GTRD	No	Mm:Q6P9Q3;Rn:D3ZG35	Dr:A2BF92	Dr:Q5RI92;Mm:Q62053;Rn:Q62928	-
Q9HCK0	Q5VTY9	57684	55733	ZBTB26	HHAT	chromatin immunoprecipitation assay	27924024	Homo sapiens	GTRD	No	Mm:Q6P9Q3;Rn:D3ZG35	Dr:A2BF92	Ce:O18241;Dm:Q9VZU2;Dr:F8W2J4;Mm:Q8BMT9	Rn:M0R7X5
Q9HCK0	Q9NQ79	57684	55118	ZBTB26	CRTAC1	chromatin immunoprecipitation assay	27924024	Homo sapiens	GTRD	No	Mm:Q6P9Q3;Rn:D3ZG35	Dr:A2BF92	Mm:Q8R555	Rn:A0A096MJG4
Q9HCK0	Q16236	57684	4780	ZBTB26	NFE2L2	chromatin immunoprecipitation assay	27924024	Homo sapiens	GTRD	No	Mm:Q6P9Q3;Rn:D3ZG35	Dr:A2BF92	Dr:Q7ZVI2;Mm:Q60795;Rn:O54968	-
Q9HCK0	P35475	57684	3425	ZBTB26	IDUA	chromatin immunoprecipitation assay	27924024	Homo sapiens	GTRD	No	Mm:Q6P9Q3;Rn:D3ZG35	Dr:A2BF92	Dm:Q9VKJ8;Mm:Q8BMG0;Rn:D3ZE16	Dr:A2ARH2
Q9HCK0	Q9Y6N7	57684	6091	ZBTB26	ROBO1	chromatin immunoprecipitation assay	27924024	Homo sapiens	GTRD	No	Mm:Q6P9Q3;Rn:D3ZG35	Dr:A2BF92	Dr:F1R2D2;Mm:G5E843	Rn:A0A0G2JW21
Q9HCK0	Q8N8N7	57684	145482	ZBTB26	PTGR2	chromatin immunoprecipitation assay	27924024	Homo sapiens	GTRD	No	Mm:Q6P9Q3;Rn:D3ZG35	Dr:A2BF92	-	-
Q9HCK0	Q9BQK8	57684	64900	ZBTB26	LPIN3	chromatin immunoprecipitation assay	27924024	Homo sapiens	GTRD	No	Mm:Q6P9Q3;Rn:D3ZG35	Dr:A2BF92	Dr:E7EYV4;Mm:Q99PI4	Rn:Q5EBA5
Q9HCK0	O43435	57684	6899	ZBTB26	TBX1	chromatin immunoprecipitation assay	27924024	Homo sapiens	GTRD	No	Mm:Q6P9Q3;Rn:D3ZG35	Dr:A2BF92	Mm:B9EII4	Dr:B8JJ43;Rn:D4A2E9
Q9HCK0	Q5U3C3	57684	84187	ZBTB26	TMEM164	chromatin immunoprecipitation assay	27924024	Homo sapiens	GTRD	No	Mm:Q6P9Q3;Rn:D3ZG35	Dr:A2BF92	Ce:A6ZJ73;Dm:Q7JRB2;Mm:Q6PHN7;Rn:D3ZFX1	-
Q9HCK0	Q12934	57684	631	ZBTB26	BFSP1	chromatin immunoprecipitation assay	27924024	Homo sapiens	GTRD	No	Mm:Q6P9Q3;Rn:D3ZG35	Dr:A2BF92	Mm:A2AMT1;Rn:F1M8F1	Dr:E7F0F1
Q9HCK0	Q9H867	57684	79609	ZBTB26	VCPKMT	chromatin immunoprecipitation assay	27924024	Homo sapiens	GTRD	No	Mm:Q6P9Q3;Rn:D3ZG35	Dr:A2BF92	Ce:A7IQW5;Mm:Q8C436;Sc:P53970	Dr:X1WE47
Q9HCK0	Q9H252	57684	81033	ZBTB26	KCNH6	chromatin immunoprecipitation assay	27924024	Homo sapiens	GTRD	No	Mm:Q6P9Q3;Rn:D3ZG35	Dr:A2BF92	-	-
Q9HCK0	Q9UL63	57684	4289	ZBTB26	MKLN1	chromatin immunoprecipitation assay	27924024	Homo sapiens	GTRD	No	Mm:Q6P9Q3;Rn:D3ZG35	Dr:A2BF92	Dm:Q0E9A5;Dr:Q8AYJ5;Mm:O89050;Rn:A0A0G2K9Q2	-
Q9HCK0	Q99811	57684	51450	ZBTB26	PRRX2	chromatin immunoprecipitation assay	27924024	Homo sapiens	GTRD	No	Mm:Q6P9Q3;Rn:D3ZG35	Dr:A2BF92	Mm:A2APZ7	Rn:A0A0G2JXV9
Q9HCK0	Q9NTI7	57684	55924	ZBTB26	INKA2	chromatin immunoprecipitation assay	27924024	Homo sapiens	GTRD	No	Mm:Q6P9Q3;Rn:D3ZG35	Dr:A2BF92	Dr:A0A0R4IZE7;Mm:Q80VY2;Rn:D4ACF3	-
Q9HCK0	Q02535	57684	3399	ZBTB26	ID3	chromatin immunoprecipitation assay	27924024	Homo sapiens	GTRD	No	Mm:Q6P9Q3;Rn:D3ZG35	Dr:A2BF92	Mm:P41133;Rn:P41138	-
Q9HCK0	Q7Z7L7	57684	10444	ZBTB26	ZER1	chromatin immunoprecipitation assay	27924024	Homo sapiens	GTRD	No	Mm:Q6P9Q3;Rn:D3ZG35	Dr:A2BF92	Ce:Q2WF59;Dm:Q9W0E8;Mm:Q80ZJ6;Rn:F1LQI6	-
Q9HCK0	O60234	57684	9535	ZBTB26	GMFG	chromatin immunoprecipitation assay	27924024	Homo sapiens	GTRD	No	Mm:Q6P9Q3;Rn:D3ZG35	Dr:A2BF92	Mm:Q9ERL7	Rn:F1M8F4
Q9HCK0	Q5SZD1	57684	135398	ZBTB26	C6orf141	chromatin immunoprecipitation assay	27924024	Homo sapiens	GTRD	No	Mm:Q6P9Q3;Rn:D3ZG35	Dr:A2BF92	Mm:Q9D2Z6;Rn:B2RZ52	-
Q9HCK0	Q9NP78	57684	23457	ZBTB26	ABCB9	chromatin immunoprecipitation assay	27924024	Homo sapiens	GTRD	No	Mm:Q6P9Q3;Rn:D3ZG35	Dr:A2BF92	-	-
Q9HCK0	Q8IWR0	57684	29066	ZBTB26	ZC3H7A	chromatin immunoprecipitation assay	27924024	Homo sapiens	GTRD	No	Mm:Q6P9Q3;Rn:D3ZG35	Dr:A2BF92	Dr:A0A0R4IWM4;Mm:E9PWW6	Rn:A0A0G2JVM3
Q9HCK0	Q92611	57684	9695	ZBTB26	EDEM1	chromatin immunoprecipitation assay	27924024	Homo sapiens	GTRD	No	Mm:Q6P9Q3;Rn:D3ZG35	Dr:A2BF92	Ce:Q18679;Dr:E9QJF1;Mm:Q925U4;Rn:D3ZJE0	-
Q9HCK0	Q504T8	57684	90007	ZBTB26	MIDN	chromatin immunoprecipitation assay	27924024	Homo sapiens	GTRD	No	Mm:Q6P9Q3;Rn:D3ZG35	Dr:A2BF92	Mm:Q3TPJ7;Rn:D4AE48	-
Q9HCK0	Q9Y5N6	57684	23594	ZBTB26	ORC6	chromatin immunoprecipitation assay	27924024	Homo sapiens	GTRD	No	Mm:Q6P9Q3;Rn:D3ZG35	Dr:A2BF92	Dm:Q9Y1B2;Dr:Q6ZM36;Mm:Q66JV6;Rn:Q3T1K3	-
Q9HCK0	Q8TBJ4	57684	54886	ZBTB26	PLPPR1	chromatin immunoprecipitation assay	27924024	Homo sapiens	GTRD	No	Mm:Q6P9Q3;Rn:D3ZG35	Dr:A2BF92	Mm:Q8BFZ2;Rn:F1LR11	-
Q9HCK0	Q8IYA6	57684	150468	ZBTB26	CKAP2L	chromatin immunoprecipitation assay	27924024	Homo sapiens	GTRD	No	Mm:Q6P9Q3;Rn:D3ZG35	Dr:A2BF92	Mm:Q7TS74;Rn:D3Z8Z9	-
Q9HCK0	P31949	57684	6282	ZBTB26	S100A11	chromatin immunoprecipitation assay	27924024	Homo sapiens	GTRD	No	Mm:Q6P9Q3;Rn:D3ZG35	Dr:A2BF92	Mm:P50543;Rn:Q6B345	Rn:F1LYQ0
Q9HCK0	P49589	57684	833	ZBTB26	CARS1	chromatin immunoprecipitation assay	27924024	Homo sapiens	GTRD	No	Mm:Q6P9Q3;Rn:D3ZG35	Dr:A2BF92	Ce:O76618;Dm:Q7KN90;Mm:Q9ER72;Rn:G3V9K0;Sc:P53852	Dr:E7FGP2
Q9HCK0	O75712	57684	2707	ZBTB26	GJB3	chromatin immunoprecipitation assay	27924024	Homo sapiens	GTRD	No	Mm:Q6P9Q3;Rn:D3ZG35	Dr:A2BF92	Mm:P28231	Dr:F1QBT8;Rn:P25305
Q9HCK0	Q5T6J7	57684	414328	ZBTB26	IDNK	chromatin immunoprecipitation assay	27924024	Homo sapiens	GTRD	No	Mm:Q6P9Q3;Rn:D3ZG35	Dr:A2BF92	Ce:O61968;Mm:Q8R0J8;Rn:Q32PY9;Sc:Q03786	-
Q9HCK0	Q6P4E1	57684	113201	ZBTB26	GOLM2	chromatin immunoprecipitation assay	27924024	Homo sapiens	GTRD	No	Mm:Q6P9Q3;Rn:D3ZG35	Dr:A2BF92	Dr:E7FBP9;Mm:Q6P2L7;Rn:D3ZW58	-
Q9HCK0	Q9NSI6	57684	54014	ZBTB26	BRWD1	chromatin immunoprecipitation assay	27924024	Homo sapiens	GTRD	No	Mm:Q6P9Q3;Rn:D3ZG35	Dr:A2BF92	Mm:Q921C3	Rn:D4AAI9
Q9HCK0	P52788	57684	6611	ZBTB26	SMS	chromatin immunoprecipitation assay	27924024	Homo sapiens	GTRD	No	Mm:Q6P9Q3;Rn:D3ZG35	Dr:A2BF92	Dr:F1RDD7;Mm:P97355;Rn:Q3MIE9	Dm:Q9VTW0
Q9HCK0	P21673	57684	6303	ZBTB26	SAT1	chromatin immunoprecipitation assay	27924024	Homo sapiens	GTRD	No	Mm:Q6P9Q3;Rn:D3ZG35	Dr:A2BF92	Dr:Q7T174;Mm:P48026	Dr:Q4V8U3;Rn:Q7TP41
Q9HCK0	P04035	57684	3156	ZBTB26	HMGCR	chromatin immunoprecipitation assay	27924024	Homo sapiens	GTRD	No	Mm:Q6P9Q3;Rn:D3ZG35	Dr:A2BF92	Dm:P14773;Dr:A9JSZ0;Mm:Q01237;Rn:P51639	-
Q9HCK0	Q16649	57684	4783	ZBTB26	NFIL3	chromatin immunoprecipitation assay	27924024	Homo sapiens	GTRD	No	Mm:Q6P9Q3;Rn:D3ZG35	Dr:A2BF92	Dr:F1R7W5;Mm:O08750;Rn:Q6IMZ0	-
Q9HCK0	P11274	57684	613	ZBTB26	BCR	chromatin immunoprecipitation assay	27924024	Homo sapiens	GTRD	No	Mm:Q6P9Q3;Rn:D3ZG35	Dr:A2BF92	Dr:F1Q9E9;Mm:Q6PAJ1;Rn:F1LXF1	-
Q9HCK0	Q8IV20	57684	144811	ZBTB26	LACC1	chromatin immunoprecipitation assay	27924024	Homo sapiens	GTRD	No	Mm:Q6P9Q3;Rn:D3ZG35	Dr:A2BF92	Mm:Q8BZT9;Rn:D3ZCD2	-
Q9HCK0	Q86W56	57684	670;8505	ZBTB26	PARG	chromatin immunoprecipitation assay	27924024	Homo sapiens	GTRD	No	Mm:Q6P9Q3;Rn:D3ZG35	Dr:A2BF92	Rn:G3V8M8	Mm:G3X8U8
Q9HCK0	Q9NZM4	57684	29998	ZBTB26	BICRA	chromatin immunoprecipitation assay	27924024	Homo sapiens	GTRD	No	Mm:Q6P9Q3;Rn:D3ZG35	Dr:A2BF92	Dr:A2BIK6;Mm:F8VPZ9	Rn:D3ZQW8
Q9HCK0	Q13489	57684	330	ZBTB26	BIRC3	chromatin immunoprecipitation assay	27924024	Homo sapiens	GTRD	No	Mm:Q6P9Q3;Rn:D3ZG35	Dr:A2BF92	-	-
Q9HCK0	P23469	57684	5791	ZBTB26	PTPRE	chromatin immunoprecipitation assay	27924024	Homo sapiens	GTRD	No	Mm:Q6P9Q3;Rn:D3ZG35	Dr:A2BF92	Dr:E7EZG7;Mm:P49446	Rn:B2GV87
Q9HCK0	P02753	57684	5950	ZBTB26	RBP4	chromatin immunoprecipitation assay	27924024	Homo sapiens	GTRD	No	Mm:Q6P9Q3;Rn:D3ZG35	Dr:A2BF92	Mm:Q00724;Rn:P04916	Dr:Q9PT95
Q9HCK0	Q6NW40	57684	285704	ZBTB26	RGMB	chromatin immunoprecipitation assay	27924024	Homo sapiens	GTRD	No	Mm:Q6P9Q3;Rn:D3ZG35	Dr:A2BF92	-	-
Q9HCK0	Q96S16	57684	339123	ZBTB26	JMJD8	chromatin immunoprecipitation assay	27924024	Homo sapiens	GTRD	No	Mm:Q6P9Q3;Rn:D3ZG35	Dr:A2BF92	Ce:Q95QU1;Mm:Q3TA59;Rn:A0A0G2JWD5	-
Q9HCK0	Q96SQ5	57684	84914	ZBTB26	ZNF587	chromatin immunoprecipitation assay	27924024	Homo sapiens	GTRD	No	Mm:Q6P9Q3;Rn:D3ZG35	Dr:A2BF92	-	-
Q9HCK0	Q147U1	57684	162993	ZBTB26	ZNF846	chromatin immunoprecipitation assay	27924024	Homo sapiens	GTRD	No	Mm:Q6P9Q3;Rn:D3ZG35	Dr:A2BF92	-	Rn:A0A0G2KB80
Q9HCK0	Q9UPW5	57684	23287	ZBTB26	AGTPBP1	chromatin immunoprecipitation assay	27924024	Homo sapiens	GTRD	No	Mm:Q6P9Q3;Rn:D3ZG35	Dr:A2BF92	Dr:A0A0R4IG37;Mm:Q641K1;Rn:G3V8G1	-
Q9HCK0	P33991	57684	4173	ZBTB26	MCM4	chromatin immunoprecipitation assay	27924024	Homo sapiens	GTRD	No	Mm:Q6P9Q3;Rn:D3ZG35	Dr:A2BF92	-	-
Q9HCK0	Q9NRI5	57684	27185	ZBTB26	DISC1	chromatin immunoprecipitation assay	27924024	Homo sapiens	GTRD	No	Mm:Q6P9Q3;Rn:D3ZG35	Dr:A2BF92	Mm:Q811T9;Rn:Q810H6	-
Q9HCK0	Q70Z35	57684	80243	ZBTB26	PREX2	chromatin immunoprecipitation assay	27924024	Homo sapiens	GTRD	No	Mm:Q6P9Q3;Rn:D3ZG35	Dr:A2BF92	Mm:Q3LAC4;Rn:A0A0G2KA11	Dr:E7F2H9
Q9HCK0	Q8NHH1	57684	158135	ZBTB26	TTLL11	chromatin immunoprecipitation assay	27924024	Homo sapiens	GTRD	No	Mm:Q6P9Q3;Rn:D3ZG35	Dr:A2BF92	Ce:H2KZM9;Mm:A4Q9F4	-
Q9HCK0	Q9ULE6	57684	27143	ZBTB26	PALD1	chromatin immunoprecipitation assay	27924024	Homo sapiens	GTRD	No	Mm:Q6P9Q3;Rn:D3ZG35	Dr:A2BF92	Mm:A0A0R4J007;Rn:D3ZCT5	Dr:A0A0G2KQ04;Dr:B7ZD37
Q9HCK0	Q9NNW5	57684	11180	ZBTB26	WDR6	chromatin immunoprecipitation assay	27924024	Homo sapiens	GTRD	No	Mm:Q6P9Q3;Rn:D3ZG35	Dr:A2BF92	-	-
Q9HCK0	Q96KM6	57684	57473	ZBTB26	ZNF512B	chromatin immunoprecipitation assay	27924024	Homo sapiens	GTRD	No	Mm:Q6P9Q3;Rn:D3ZG35	Dr:A2BF92	Mm:B7ZCR6;Rn:D3ZJ29	-
Q9HCK0	Q96EL1	57684	389119	ZBTB26	INKA1	chromatin immunoprecipitation assay	27924024	Homo sapiens	GTRD	No	Mm:Q6P9Q3;Rn:D3ZG35	Dr:A2BF92	-	-
Q9HCK0	O14529	57684	23316	ZBTB26	CUX2	chromatin immunoprecipitation assay	27924024	Homo sapiens	GTRD	No	Mm:Q6P9Q3;Rn:D3ZG35	Dr:A2BF92	Mm:P70298;Rn:F1M048	-
Q9HCK0	Q8NDV1	57684	256435	ZBTB26	ST6GALNAC3	chromatin immunoprecipitation assay	27924024	Homo sapiens	GTRD	No	Mm:Q6P9Q3;Rn:D3ZG35	Dr:A2BF92	Mm:Q9WUV2;Rn:A0A096MK04	Dr:A2CE97
Q9HCK0	P23368	57684	4200	ZBTB26	ME2	chromatin immunoprecipitation assay	27924024	Homo sapiens	GTRD	No	Mm:Q6P9Q3;Rn:D3ZG35	Dr:A2BF92	Dr:A5PN55;Mm:Q99KE1;Rn:A0A0G2K502	-
Q9HCK0	P48507	57684	2730	ZBTB26	GCLM	chromatin immunoprecipitation assay	27924024	Homo sapiens	GTRD	No	Mm:Q6P9Q3;Rn:D3ZG35	Dr:A2BF92	Ce:A9CZN9;Dm:Q9VCW6;Dr:A8WHP4;Mm:O09172;Rn:P48508	-
Q9HCK0	Q14651	57684	5357	ZBTB26	PLS1	chromatin immunoprecipitation assay	27924024	Homo sapiens	GTRD	No	Mm:Q6P9Q3;Rn:D3ZG35	Dr:A2BF92	Mm:Q3V0K9;Rn:A0A0G2QC04	-
Q9HCK0	Q8IYP9	57684	254887	ZBTB26	ZDHHC23	chromatin immunoprecipitation assay	27924024	Homo sapiens	GTRD	No	Mm:Q6P9Q3;Rn:D3ZG35	Dr:A2BF92	Mm:Q5Y5T3;Rn:Q76IC6	Dr:F1QX91
Q9HCK0	P26651	57684	7538	ZBTB26	ZFP36	chromatin immunoprecipitation assay	27924024	Homo sapiens	GTRD	No	Mm:Q6P9Q3;Rn:D3ZG35	Dr:A2BF92	Dr:E7F3S4;Mm:P22893;Rn:G3V8K6	-
Q9HCK0	P18887	57684	7515	ZBTB26	XRCC1	chromatin immunoprecipitation assay	27924024	Homo sapiens	GTRD	No	Mm:Q6P9Q3;Rn:D3ZG35	Dr:A2BF92	-	-
Q9HCK0	O00213	57684	322	ZBTB26	APBB1	chromatin immunoprecipitation assay	27924024	Homo sapiens	GTRD	No	Mm:Q6P9Q3;Rn:D3ZG35	Dr:A2BF92	Dr:E7F0N6;Rn:P46933	Mm:A0A0R4J2C1
Q9HCK0	Q9H7E9	57684	65265	ZBTB26	C8orf33	chromatin immunoprecipitation assay	27924024	Homo sapiens	GTRD	No	Mm:Q6P9Q3;Rn:D3ZG35	Dr:A2BF92	Mm:Q3U6N9;Rn:D3ZDG0	-
Q9HCK0	Q7L804	57684	22841	ZBTB26	RAB11FIP2	chromatin immunoprecipitation assay	27924024	Homo sapiens	GTRD	No	Mm:Q6P9Q3;Rn:D3ZG35	Dr:A2BF92	Mm:G3XA57;Rn:D3ZD48	Dr:A0A0R4ID81
Q9HCK0	Q9UKE5	57684	23043	ZBTB26	TNIK	chromatin immunoprecipitation assay	27924024	Homo sapiens	GTRD	No	Mm:Q6P9Q3;Rn:D3ZG35	Dr:A2BF92	Rn:A0A0G2K490	Dr:B0UY93
Q9HCK0	Q6YN16	57684	84263	ZBTB26	HSDL2	chromatin immunoprecipitation assay	27924024	Homo sapiens	GTRD	No	Mm:Q6P9Q3;Rn:D3ZG35	Dr:A2BF92	Ce:Q09979;Ce:Q18639;Dm:Q9VB10;Mm:Q2TPA8;Rn:Q4V8F9	-
Q9HCK0	Q8N4N3	57684	79786	ZBTB26	KLHL36	chromatin immunoprecipitation assay	27924024	Homo sapiens	GTRD	No	Mm:Q6P9Q3;Rn:D3ZG35	Dr:A2BF92	Mm:Q8R124;Rn:Q66HD2	-
Q9HCK0	Q9H8H2	57684	64794	ZBTB26	DDX31	chromatin immunoprecipitation assay	27924024	Homo sapiens	GTRD	No	Mm:Q6P9Q3;Rn:D3ZG35	Dr:A2BF92	Dr:A2BFD2;Mm:Q6NZQ2;Rn:G3V9V8	-
Q9HCK0	Q6KCM7	57684	114789	ZBTB26	SLC25A25	chromatin immunoprecipitation assay	27924024	Homo sapiens	GTRD	No	Mm:Q6P9Q3;Rn:D3ZG35	Dr:A2BF92	Dr:A2CEQ0;Mm:A2ASZ8;Rn:Q8K3P6	Dm:M9PF04
Q9HCK0	Q8NEE6	57684	222235	ZBTB26	FBXL13	chromatin immunoprecipitation assay	27924024	Homo sapiens	GTRD	No	Mm:Q6P9Q3;Rn:D3ZG35	Dr:A2BF92	Ce:Q09299;Mm:Q8CDU4;Rn:D3ZPG6	Dm:Q9VFN3;Dr:E7F1D0
Q9HCK0	P0DMB2	57684	100127983	ZBTB26	C8orf88	chromatin immunoprecipitation assay	27924024	Homo sapiens	GTRD	No	Mm:Q6P9Q3;Rn:D3ZG35	Dr:A2BF92	-	Rn:M0RA96
Q9HCK0	P49286	57684	4544	ZBTB26	MTNR1B	chromatin immunoprecipitation assay	27924024	Homo sapiens	GTRD	No	Mm:Q6P9Q3;Rn:D3ZG35	Dr:A2BF92	Mm:Q3SXF8	Dr:P51049;Rn:P49287
Q9HCK0	P11586	57684	4522	ZBTB26	MTHFD1	chromatin immunoprecipitation assay	27924024	Homo sapiens	GTRD	No	Mm:Q6P9Q3;Rn:D3ZG35	Dr:A2BF92	-	-
Q9HCK0	Q8IYS1	57684	135293	ZBTB26	PM20D2	chromatin immunoprecipitation assay	27924024	Homo sapiens	GTRD	No	Mm:Q6P9Q3;Rn:D3ZG35	Dr:A2BF92	Mm:A3KG59;Rn:D4AAB5	-
Q9HCK0	P45984	57684	5601	ZBTB26	MAPK9	chromatin immunoprecipitation assay	27924024	Homo sapiens	GTRD	No	Mm:Q6P9Q3;Rn:D3ZG35	Dr:A2BF92	Dr:E9QE29;Mm:Q9WTU6;Rn:D4A5V8	-
Q9HCK0	Q9H239	57684	79148	ZBTB26	MMP28	chromatin immunoprecipitation assay	27924024	Homo sapiens	GTRD	No	Mm:Q6P9Q3;Rn:D3ZG35	Dr:A2BF92	Mm:Q8CGV8	Dr:A0A2R8RUJ1;Rn:A1EC81
Q9HCK0	Q3YEC7	57684	55684	ZBTB26	RABL6	chromatin immunoprecipitation assay	27924024	Homo sapiens	GTRD	No	Mm:Q6P9Q3;Rn:D3ZG35	Dr:A2BF92	Dr:A0A0J9YIW5;Mm:Q5U3K5;Rn:D3ZKQ4	-
Q9HCK0	Q6P1Q9	57684	55798	ZBTB26	METTL2B	chromatin immunoprecipitation assay	27924024	Homo sapiens	GTRD	No	Mm:Q6P9Q3;Rn:D3ZG35	Dr:A2BF92	-	-
Q9HCK0	O96024	57684	8705	ZBTB26	B3GALT4	chromatin immunoprecipitation assay	27924024	Homo sapiens	GTRD	No	Mm:Q6P9Q3;Rn:D3ZG35	Dr:A2BF92	Mm:Q9Z0F0;Rn:Q6MGC2	-
Q9HCK0	O75923	57684	8291	ZBTB26	DYSF	chromatin immunoprecipitation assay	27924024	Homo sapiens	GTRD	No	Mm:Q6P9Q3;Rn:D3ZG35	Dr:A2BF92	Rn:A0A0G2K7B6	Mm:A0A0N4SV63
Q9HCK0	Q9H977	57684	84058	ZBTB26	WDR54	chromatin immunoprecipitation assay	27924024	Homo sapiens	GTRD	No	Mm:Q6P9Q3;Rn:D3ZG35	Dr:A2BF92	Ce:Q20197;Mm:Q9R0D8	Dr:F6NI92;Rn:D3ZX63
Q9HCK0	Q9UM73	57684	238	ZBTB26	ALK	chromatin immunoprecipitation assay	27924024	Homo sapiens	GTRD	No	Mm:Q6P9Q3;Rn:D3ZG35	Dr:A2BF92	Dm:Q7KJ08;Mm:P97793;Rn:F1LRZ0	-
Q9HCK0	P60763	57684	5881	ZBTB26	RAC3	chromatin immunoprecipitation assay	27924024	Homo sapiens	GTRD	No	Mm:Q6P9Q3;Rn:D3ZG35	Dr:A2BF92	Dr:A9JRY8;Dr:Q6DGB7;Mm:P60764	Rn:M0R5T4
Q9HCK0	Q9NUJ7	57684	55344	ZBTB26	PLCXD1	chromatin immunoprecipitation assay	27924024	Homo sapiens	GTRD	No	Mm:Q6P9Q3;Rn:D3ZG35	Dr:A2BF92	Dr:F1QS33;Dr:E7FAE2;Mm:G3X9J3	Rn:M0R583
Q9HCK0	P16050	57684	246	ZBTB26	ALOX15	chromatin immunoprecipitation assay	27924024	Homo sapiens	GTRD	No	Mm:Q6P9Q3;Rn:D3ZG35	Dr:A2BF92	Mm:P39654	Rn:Q02759
Q9HCK0	Q9NQ88	57684	57103	ZBTB26	TIGAR	chromatin immunoprecipitation assay	27924024	Homo sapiens	GTRD	No	Mm:Q6P9Q3;Rn:D3ZG35	Dr:A2BF92	Dr:Z4YHW6;Mm:Q8BZA9;Rn:Q566D2	Dr:Q29RA5
Q9HCK0	Q9NQX7	57684	81618	ZBTB26	ITM2C	chromatin immunoprecipitation assay	27924024	Homo sapiens	GTRD	No	Mm:Q6P9Q3;Rn:D3ZG35	Dr:A2BF92	Dr:Q7SYK5;Mm:Q91VK4;Rn:Q5PQL7	-
Q9HCK0	P0C7N4	57684	728229	ZBTB26	TMEM191B	chromatin immunoprecipitation assay	27924024	Homo sapiens	GTRD	No	Mm:Q6P9Q3;Rn:D3ZG35	Dr:A2BF92	-	-
Q9HCK0	Q6L8Q7	57684	201626	ZBTB26	PDE12	chromatin immunoprecipitation assay	27924024	Homo sapiens	GTRD	No	Mm:Q6P9Q3;Rn:D3ZG35	Dr:A2BF92	Dm:Q8IP91;Dr:F1RBC5;Mm:Q3TIU4;Rn:Q6AXQ5	-
Q9HCK0	Q9UKT8	57684	26190	ZBTB26	FBXW2	chromatin immunoprecipitation assay	27924024	Homo sapiens	GTRD	No	Mm:Q6P9Q3;Rn:D3ZG35	Dr:A2BF92	Dr:B8A562;Mm:Q9QUH1;Rn:B2RZ17	-
Q9HCK0	Q13085	57684	31	ZBTB26	ACACA	chromatin immunoprecipitation assay	27924024	Homo sapiens	GTRD	No	Mm:Q6P9Q3;Rn:D3ZG35	Dr:A2BF92	Dr:F1QH12;Mm:Q5SWU9;Rn:A0A0G2K5G8	-
Q9HCK0	Q6P0Q8	57684	23139	ZBTB26	MAST2	chromatin immunoprecipitation assay	27924024	Homo sapiens	GTRD	No	Mm:Q6P9Q3;Rn:D3ZG35	Dr:A2BF92	Dr:E7F723;Mm:E9Q1Q1	Rn:A0A0G2K212
Q9HCK0	O75822	57684	8669	ZBTB26	EIF3J	chromatin immunoprecipitation assay	27924024	Homo sapiens	GTRD	No	Mm:Q6P9Q3;Rn:D3ZG35	Dr:A2BF92	Dm:Q7K550;Dr:X1WES8;Dr:F1RA22;Dr:F1Q774;Mm:Q66JS6;Mm:Q3UGC7;Rn:A0JPM9;Sc:Q05775	-
Q9HCK0	O14964	57684	9146	ZBTB26	HGS	chromatin immunoprecipitation assay	27924024	Homo sapiens	GTRD	No	Mm:Q6P9Q3;Rn:D3ZG35	Dr:A2BF92	Ce:Q17796;Dm:Q960X8;Mm:Q3UMA3;Rn:A0A140TAH1	-
Q9HCK0	Q9BVA0	57684	10300	ZBTB26	KATNB1	chromatin immunoprecipitation assay	27924024	Homo sapiens	GTRD	No	Mm:Q6P9Q3;Rn:D3ZG35	Dr:A2BF92	Dm:Q0KHS0;Mm:Q8BG40;Rn:Q4VFZ4	-
Q9HCK0	Q9H8W5	57684	80263	ZBTB26	TRIM45	chromatin immunoprecipitation assay	27924024	Homo sapiens	GTRD	No	Mm:Q6P9Q3;Rn:D3ZG35	Dr:A2BF92	Mm:Q6PFY8;Rn:D4A7S9	Dr:F1QAM6
Q9HCK0	P07305	57684	3005	ZBTB26	H1-0	chromatin immunoprecipitation assay	27924024	Homo sapiens	GTRD	No	Mm:Q6P9Q3;Rn:D3ZG35	Dr:A2BF92	Dr:Q6NYV3;Mm:P10922	-
Q9HCK0	P0DMQ5	57684	100505573	ZBTB26	INAFM2	chromatin immunoprecipitation assay	27924024	Homo sapiens	GTRD	No	Mm:Q6P9Q3;Rn:D3ZG35	Dr:A2BF92	Mm:A0A1L1STD6	-
Q9HCK0	Q9HCM3	57684	57670	ZBTB26	KIAA1549	chromatin immunoprecipitation assay	27924024	Homo sapiens	GTRD	No	Mm:Q6P9Q3;Rn:D3ZG35	Dr:A2BF92	Mm:Q68FD9;Rn:D3Z9D0	-
Q9HCK0	Q9BXP5	57684	51593	ZBTB26	SRRT	chromatin immunoprecipitation assay	27924024	Homo sapiens	GTRD	No	Mm:Q6P9Q3;Rn:D3ZG35	Dr:A2BF92	Ce:Q966L5;Dr:Q66I22;Mm:Q99MR6	Dm:A0A0B4KEI5
Q9HCK0	P12524	57684	4610	ZBTB26	MYCL	chromatin immunoprecipitation assay	27924024	Homo sapiens	GTRD	No	Mm:Q6P9Q3;Rn:D3ZG35	Dr:A2BF92	Dr:Q9PSI9;Dr:Q1LWL8;Mm:P10166;Rn:G3V7T4	-
Q9HCK0	Q8WYP5	57684	25909	ZBTB26	AHCTF1	chromatin immunoprecipitation assay	27924024	Homo sapiens	GTRD	No	Mm:Q6P9Q3;Rn:D3ZG35	Dr:A2BF92	Mm:Q8CJF7;Rn:A0A0G2K160	-
Q9HCK0	O60858	57684	10206	ZBTB26	TRIM13	chromatin immunoprecipitation assay	27924024	Homo sapiens	GTRD	No	Mm:Q6P9Q3;Rn:D3ZG35	Dr:A2BF92	Dr:H9KUW1;Mm:Q9CYB0;Rn:Q5M7V1	-
Q9HCK0	O60243	57684	9394	ZBTB26	HS6ST1	chromatin immunoprecipitation assay	27924024	Homo sapiens	GTRD	No	Mm:Q6P9Q3;Rn:D3ZG35	Dr:A2BF92	Ce:G5EFN7;Dm:Q9VDR6;Dr:A0MGZ5;Mm:Q9QYK5;Rn:D4A6E6	-
Q9HCK0	Q9NP87	57684	27434	ZBTB26	POLM	chromatin immunoprecipitation assay	27924024	Homo sapiens	GTRD	No	Mm:Q6P9Q3;Rn:D3ZG35	Dr:A2BF92	Dr:Q5IBN3;Mm:Q9JIW4;Rn:Q66HH0	-
Q9HCK0	Q92620	57684	9785	ZBTB26	DHX38	chromatin immunoprecipitation assay	27924024	Homo sapiens	GTRD	No	Mm:Q6P9Q3;Rn:D3ZG35	Dr:A2BF92	Ce:P34498;Dr:F1QND0;Mm:Q80X98;Rn:D4A321	-
Q9HCK0	Q14739	57684	3930	ZBTB26	LBR	chromatin immunoprecipitation assay	27924024	Homo sapiens	GTRD	No	Mm:Q6P9Q3;Rn:D3ZG35	Dr:A2BF92	Dr:Q5RJ97;Mm:Q3U9G9	Rn:A0A0G2JU83
Q9HCK0	P35998	57684	5701	ZBTB26	PSMC2	chromatin immunoprecipitation assay	27924024	Homo sapiens	GTRD	No	Mm:Q6P9Q3;Rn:D3ZG35	Dr:A2BF92	Ce:Q18787;Dm:Q7KMQ0;Dr:Q7T3B1;Rn:G3V7L6;Sc:P33299	-
Q9HCK0	Q8IYB5	57684	60682	ZBTB26	SMAP1	chromatin immunoprecipitation assay	27924024	Homo sapiens	GTRD	No	Mm:Q6P9Q3;Rn:D3ZG35	Dr:A2BF92	Mm:Q91VZ6;Rn:M0RC57	Dr:A2BIM6
Q9HCK0	P55957	57684	637	ZBTB26	BID	chromatin immunoprecipitation assay	27924024	Homo sapiens	GTRD	No	Mm:Q6P9Q3;Rn:D3ZG35	Dr:A2BF92	-	-
Q9HCK0	Q96N11	57684	79034	ZBTB26	C7orf26	chromatin immunoprecipitation assay	27924024	Homo sapiens	GTRD	No	Mm:Q6P9Q3;Rn:D3ZG35	Dr:A2BF92	Dm:Q9VPF9;Dr:Q7ZTY6;Mm:Q8BGA7;Rn:F1M0G5	-
Q9HCK0	P19623	57684	6723	ZBTB26	SRM	chromatin immunoprecipitation assay	27924024	Homo sapiens	GTRD	No	Mm:Q6P9Q3;Rn:D3ZG35	Dr:A2BF92	Ce:B4E3X6;Dm:Q9VHA1;Dr:F1R3G8;Mm:Q64674;Rn:Q99MI5;Sc:Q12074	-
Q9HCK0	O14863	57684	7782	ZBTB26	SLC30A4	chromatin immunoprecipitation assay	27924024	Homo sapiens	GTRD	No	Mm:Q6P9Q3;Rn:D3ZG35	Dr:A2BF92	Dm:Q8T0G1;Mm:O35149;Rn:Q5PQX4	-
Q9HCK0	O95297	57684	9019	ZBTB26	MPZL1	chromatin immunoprecipitation assay	27924024	Homo sapiens	GTRD	No	Mm:Q6P9Q3;Rn:D3ZG35	Dr:A2BF92	Mm:Q3TEW6;Rn:Q6AYT8	Dr:E9QC94
Q9HCK0	Q9H160	57684	3622	ZBTB26	ING2	chromatin immunoprecipitation assay	27924024	Homo sapiens	GTRD	No	Mm:Q6P9Q3;Rn:D3ZG35	Dr:A2BF92	Dr:Q6DHF1;Mm:Q9ESK4;Rn:B5DEF8	-
Q9HCK0	P52797	57684	1944	ZBTB26	EFNA3	chromatin immunoprecipitation assay	27924024	Homo sapiens	GTRD	No	Mm:Q6P9Q3;Rn:D3ZG35	Dr:A2BF92	-	-
Q9HCK0	P46821	57684	4131	ZBTB26	MAP1B	chromatin immunoprecipitation assay	27924024	Homo sapiens	GTRD	No	Mm:Q6P9Q3;Rn:D3ZG35	Dr:A2BF92	Mm:P14873	Dr:B2ZZ14;Rn:P15205
Q9HCK0	Q16658	57684	6624	ZBTB26	FSCN1	chromatin immunoprecipitation assay	27924024	Homo sapiens	GTRD	No	Mm:Q6P9Q3;Rn:D3ZG35	Dr:A2BF92	Mm:Q61553;Rn:A0A0G2KAM4	Dr:F1QET7
Q9HCK0	Q6N021	57684	54790	ZBTB26	TET2	chromatin immunoprecipitation assay	27924024	Homo sapiens	GTRD	No	Mm:Q6P9Q3;Rn:D3ZG35	Dr:A2BF92	Rn:D4AC33	Mm:A0A0G2JF55
Q9HCK0	Q96FM1	57684	93210	ZBTB26	PGAP3	chromatin immunoprecipitation assay	27924024	Homo sapiens	GTRD	No	Mm:Q6P9Q3;Rn:D3ZG35	Dr:A2BF92	Ce:O61975;Dm:Q7K0P4;Dr:R4GDR7;Mm:A2A559;Rn:B1WBW5;Sc:P25625	-
Q9HCK0	O14639	57684	3983	ZBTB26	ABLIM1	chromatin immunoprecipitation assay	27924024	Homo sapiens	GTRD	No	Mm:Q6P9Q3;Rn:D3ZG35	Dr:A2BF92	Dr:B8A6I5	-
Q9HCK0	Q4AC94	57684	26005	ZBTB26	C2CD3	chromatin immunoprecipitation assay	27924024	Homo sapiens	GTRD	No	Mm:Q6P9Q3;Rn:D3ZG35	Dr:A2BF92	Mm:Q52KB6;Rn:D3ZS69	-
Q9HCK0	P07942	57684	3912	ZBTB26	LAMB1	chromatin immunoprecipitation assay	27924024	Homo sapiens	GTRD	No	Mm:Q6P9Q3;Rn:D3ZG35	Dr:A2BF92	Mm:P02469;Rn:D3ZQN7	-
Q9HCK0	P98160	57684	3339	ZBTB26	HSPG2	chromatin immunoprecipitation assay	27924024	Homo sapiens	GTRD	No	Mm:Q6P9Q3;Rn:D3ZG35	Dr:A2BF92	Ce:Q06561;Mm:E9PZ16	Dm:M9NE56;Dr:F1R5K7
Q9HCK0	Q9NZN3	57684	30845	ZBTB26	EHD3	chromatin immunoprecipitation assay	27924024	Homo sapiens	GTRD	No	Mm:Q6P9Q3;Rn:D3ZG35	Dr:A2BF92	Dr:Q5TYP7;Mm:Q9QXY6	Rn:A0A0G2JTH6
Q9HCK0	O43242	57684	5709	ZBTB26	PSMD3	chromatin immunoprecipitation assay	27924024	Homo sapiens	GTRD	No	Mm:Q6P9Q3;Rn:D3ZG35	Dr:A2BF92	Ce:Q04908;Dm:P25161;Dr:Q6NYV1;Mm:P14685;Rn:Q5U2S7;Sc:P40016	-
Q9HCK0	Q969T9	57684	23558	ZBTB26	WBP2	chromatin immunoprecipitation assay	27924024	Homo sapiens	GTRD	No	Mm:Q6P9Q3;Rn:D3ZG35	Dr:A2BF92	Ce:Q18075;Mm:P97765;Rn:G3V721	Ce:Q18966;Dm:Q95SE8;Dr:F1QJX3
Q9HCK0	Q9H6W3	57684	79697	ZBTB26	RIOX1	chromatin immunoprecipitation assay	27924024	Homo sapiens	GTRD	No	Mm:Q6P9Q3;Rn:D3ZG35	Dr:A2BF92	Dm:Q7K4H4;Dr:F1QSS0;Mm:Q9JJF3;Rn:D3ZU57	-
Q9HCK0	O95196	57684	10675	ZBTB26	CSPG5	chromatin immunoprecipitation assay	27924024	Homo sapiens	GTRD	No	Mm:Q6P9Q3;Rn:D3ZG35	Dr:A2BF92	Mm:Q71M36;Rn:F1M4R7	-
Q9HCK0	Q6P9G4	57684	201799	ZBTB26	TMEM154	chromatin immunoprecipitation assay	27924024	Homo sapiens	GTRD	No	Mm:Q6P9Q3;Rn:D3ZG35	Dr:A2BF92	Mm:Q8C4Q9	Rn:D4ABU1
Q9HCK0	Q9P2M4	57684	57533	ZBTB26	TBC1D14	chromatin immunoprecipitation assay	27924024	Homo sapiens	GTRD	No	Mm:Q6P9Q3;Rn:D3ZG35	Dr:A2BF92	Dr:F6P7J8;Rn:A0A0G2KAD0	Mm:E9Q8K4
Q9HCK0	Q9UJ70	57684	55577	ZBTB26	NAGK	chromatin immunoprecipitation assay	27924024	Homo sapiens	GTRD	No	Mm:Q6P9Q3;Rn:D3ZG35	Dr:A2BF92	-	-
Q9HCK0	Q9NRJ4	57684	56995	ZBTB26	TULP4	chromatin immunoprecipitation assay	27924024	Homo sapiens	GTRD	No	Mm:Q6P9Q3;Rn:D3ZG35	Dr:A2BF92	Mm:Q9JIL5	Dm:Q9VB18;Dr:E7EXF2;Rn:D3ZFM2
Q9HCK0	A0A087WYE7	57684	-	ZBTB26	-	chromatin immunoprecipitation assay	27924024	Homo sapiens	GTRD	No	Mm:Q6P9Q3;Rn:D3ZG35	Dr:A2BF92	-	-
Q9HCK0	P48740	57684	5648	ZBTB26	MASP1	chromatin immunoprecipitation assay	27924024	Homo sapiens	GTRD	No	Mm:Q6P9Q3;Rn:D3ZG35	Dr:A2BF92	Dr:X1WH68;Mm:P98064	Rn:A0A0H2UHA1
Q9HCK0	Q9ULF5	57684	57181	ZBTB26	SLC39A10	chromatin immunoprecipitation assay	27924024	Homo sapiens	GTRD	No	Mm:Q6P9Q3;Rn:D3ZG35	Dr:A2BF92	Mm:Q6P5F6;Rn:D4A517	-
Q9HCK0	Q96EM0	57684	112849	ZBTB26	L3HYPDH	chromatin immunoprecipitation assay	27924024	Homo sapiens	GTRD	No	Mm:Q6P9Q3;Rn:D3ZG35	Dr:A2BF92	Dr:A0A0G2L1A2;Mm:Q9CXA2;Rn:D3ZV91	-
Q9HCK0	P62256	57684	7328	ZBTB26	UBE2H	chromatin immunoprecipitation assay	27924024	Homo sapiens	GTRD	No	Mm:Q6P9Q3;Rn:D3ZG35	Dr:A2BF92	Dm:Q7JW03;Dr:Q7ZUF3;Mm:P62257;Rn:M0R4P9;Sc:P28263	-
Q9HCK0	Q9UBS0	57684	6199	ZBTB26	RPS6KB2	chromatin immunoprecipitation assay	27924024	Homo sapiens	GTRD	No	Mm:Q6P9Q3;Rn:D3ZG35	Dr:A2BF92	Ce:Q9NAH6;Mm:Q9Z1M4;Rn:D4AE24	-
Q9HCK0	Q15800	57684	6307	ZBTB26	MSMO1	chromatin immunoprecipitation assay	27924024	Homo sapiens	GTRD	No	Mm:Q6P9Q3;Rn:D3ZG35	Dr:A2BF92	Dr:F1QFS0;Mm:Q9CRA4;Rn:O35532;Sc:P53045	-
Q9HCK0	Q9BTM9	57684	81605	ZBTB26	URM1	chromatin immunoprecipitation assay	27924024	Homo sapiens	GTRD	No	Mm:Q6P9Q3;Rn:D3ZG35	Dr:A2BF92	Ce:B3CKG1;Dm:Q7KU86;Dr:F2Z4T6;Mm:Q9D2P4;Rn:B6ID11;Sc:P40554	-
Q9HCK0	Q8TBZ6	57684	93587	ZBTB26	TRMT10A	chromatin immunoprecipitation assay	27924024	Homo sapiens	GTRD	No	Mm:Q6P9Q3;Rn:D3ZG35	Dr:A2BF92	Ce:Q19789;Dm:Q9VR56;Dr:E7FBE2;Mm:A0A0R4J205	Rn:A0A0G2K1N0
Q9HCK0	P38117	57684	2109	ZBTB26	ETFB	chromatin immunoprecipitation assay	27924024	Homo sapiens	GTRD	No	Mm:Q6P9Q3;Rn:D3ZG35	Dr:A2BF92	Ce:Q9TXI4;Dm:Q0KHZ6;Mm:Q9DCW4;Rn:Q68FU3;Sc:P42940	Mm:A0A0N4SVE0
Q9HCK0	A0A1B0GUT2	57684	-	ZBTB26	C10orf143	chromatin immunoprecipitation assay	27924024	Homo sapiens	GTRD	No	Mm:Q6P9Q3;Rn:D3ZG35	Dr:A2BF92	Mm:Q9CX25;Rn:M0RDT1	-
Q9HCK0	Q02241	57684	9493	ZBTB26	KIF23	chromatin immunoprecipitation assay	27924024	Homo sapiens	GTRD	No	Mm:Q6P9Q3;Rn:D3ZG35	Dr:A2BF92	-	-
Q9HCK0	M0R143	57684	-	ZBTB26	-	chromatin immunoprecipitation assay	27924024	Homo sapiens	GTRD	No	Mm:Q6P9Q3;Rn:D3ZG35	Dr:A2BF92	-	-
Q9HCK0	Q86YH2	57684	140883	ZBTB26	ZNF280B	chromatin immunoprecipitation assay	27924024	Homo sapiens	GTRD	No	Mm:Q6P9Q3;Rn:D3ZG35	Dr:A2BF92	-	-
Q9HCK0	O00222	57684	2918	ZBTB26	GRM8	chromatin immunoprecipitation assay	27924024	Homo sapiens	GTRD	No	Mm:Q6P9Q3;Rn:D3ZG35	Dr:A2BF92	Dr:E7F4Z5;Rn:F1LRA6	Dr:E7FH00;Mm:Q05BD6
Q9HCK0	Q969W1	57684	84287	ZBTB26	ZDHHC16	chromatin immunoprecipitation assay	27924024	Homo sapiens	GTRD	No	Mm:Q6P9Q3;Rn:D3ZG35	Dr:A2BF92	Ce:Q18585;Dm:Q9VB73;Dr:A0A0R4IF99;Mm:Q9ESG8;Rn:A0JPI5	-
Q9HCK0	Q9H1E3	57684	64710	ZBTB26	NUCKS1	chromatin immunoprecipitation assay	27924024	Homo sapiens	GTRD	No	Mm:Q6P9Q3;Rn:D3ZG35	Dr:A2BF92	Mm:Q80XU3;Rn:Q9EPJ0	Dr:Q66I37
Q9HCK0	Q9Y6A2	57684	10858	ZBTB26	CYP46A1	chromatin immunoprecipitation assay	27924024	Homo sapiens	GTRD	No	Mm:Q6P9Q3;Rn:D3ZG35	Dr:A2BF92	Dr:A5WWJ0;Dr:F1RA02;Dr:Q1JPS3;Mm:Q9WVK8;Rn:F7EN52	-
Q9HCK0	O94953	57684	23030	ZBTB26	KDM4B	chromatin immunoprecipitation assay	27924024	Homo sapiens	GTRD	No	Mm:Q6P9Q3;Rn:D3ZG35	Dr:A2BF92	-	-
Q9HCK0	Q2NL67	57684	56965	ZBTB26	PARP6	chromatin immunoprecipitation assay	27924024	Homo sapiens	GTRD	No	Mm:Q6P9Q3;Rn:D3ZG35	Dr:A2BF92	Mm:G5E856;Rn:G3V9P8	-
Q9HCK0	Q8N8A2	57684	91526	ZBTB26	ANKRD44	chromatin immunoprecipitation assay	27924024	Homo sapiens	GTRD	No	Mm:Q6P9Q3;Rn:D3ZG35	Dr:A2BF92	Dr:E7FC91;Mm:B2RXR6;Rn:F1LZH9	-
Q9HCK0	P35080	57684	5217	ZBTB26	PFN2	chromatin immunoprecipitation assay	27924024	Homo sapiens	GTRD	No	Mm:Q6P9Q3;Rn:D3ZG35	Dr:A2BF92	Mm:Q9JJV2	Dr:A5WWI6;Rn:Q9EPC6
Q9HCK0	Q9UGT4	57684	56241	ZBTB26	SUSD2	chromatin immunoprecipitation assay	27924024	Homo sapiens	GTRD	No	Mm:Q6P9Q3;Rn:D3ZG35	Dr:A2BF92	Mm:Q9DBX3;Rn:A0A0G2K0Q8	-
Q9HCK0	P31040	57684	6389	ZBTB26	SDHA	chromatin immunoprecipitation assay	27924024	Homo sapiens	GTRD	No	Mm:Q6P9Q3;Rn:D3ZG35	Dr:A2BF92	Ce:O44954;Ce:Q09508;Dm:Q94523;Mm:Q8K2B3;Rn:Q920L2;Sc:P47052;Sc:Q00711	Dr:Q7ZVF3
Q9HCK0	Q9BXB1	57684	55366	ZBTB26	LGR4	chromatin immunoprecipitation assay	27924024	Homo sapiens	GTRD	No	Mm:Q6P9Q3;Rn:D3ZG35	Dr:A2BF92	Dr:E7FE13;Mm:A2ARI4;Rn:Q9Z2H4	-
Q9HCK0	P53634	57684	1075	ZBTB26	CTSC	chromatin immunoprecipitation assay	27924024	Homo sapiens	GTRD	No	Mm:Q6P9Q3;Rn:D3ZG35	Dr:A2BF92	Dr:A0A0R4IK18;Mm:P97821;Rn:P80067	-
Q9HCK0	Q8IX18	57684	79665	ZBTB26	DHX40	chromatin immunoprecipitation assay	27924024	Homo sapiens	GTRD	No	Mm:Q6P9Q3;Rn:D3ZG35	Dr:A2BF92	Dr:E7F7R7;Mm:Q6PE54;Rn:Q5XI69	-
Q9HCK0	Q9P0M2	57684	9465	ZBTB26	AKAP7	chromatin immunoprecipitation assay	27924024	Homo sapiens	GTRD	No	Mm:Q6P9Q3;Rn:D3ZG35	Dr:A2BF92	Mm:Q7TN79	Rn:A0A0A0MXX1
Q9HCK0	Q9BZQ6	57684	80267	ZBTB26	EDEM3	chromatin immunoprecipitation assay	27924024	Homo sapiens	GTRD	No	Mm:Q6P9Q3;Rn:D3ZG35	Dr:A2BF92	Ce:Q09641	Dm:M9PCV1;Mm:A0A087WR24
Q9HCK0	Q9H0E2	57684	54472	ZBTB26	TOLLIP	chromatin immunoprecipitation assay	27924024	Homo sapiens	GTRD	No	Mm:Q6P9Q3;Rn:D3ZG35	Dr:A2BF92	Ce:Q93565;Dr:A0A0R4IZ33;Mm:Q9QZ06;Rn:A2RUW1	-
Q9HCK0	Q9UPG8	57684	5326	ZBTB26	PLAGL2	chromatin immunoprecipitation assay	27924024	Homo sapiens	GTRD	No	Mm:Q6P9Q3;Rn:D3ZG35	Dr:A2BF92	Dr:B3DK35;Mm:Q925T4;Rn:A0A0G2JZX7	-
Q9HCK0	A8K979	57684	112479	ZBTB26	ERI2	chromatin immunoprecipitation assay	27924024	Homo sapiens	GTRD	No	Mm:Q6P9Q3;Rn:D3ZG35	Dr:A2BF92	-	Mm:Q9D405
Q9HCK0	Q8N7A1	57684	122773	ZBTB26	KLHDC1	chromatin immunoprecipitation assay	27924024	Homo sapiens	GTRD	No	Mm:Q6P9Q3;Rn:D3ZG35	Dr:A2BF92	Mm:Q80YG3;Rn:A0A0G2KAE3	-
Q9HCK0	Q92831	57684	8850	ZBTB26	KAT2B	chromatin immunoprecipitation assay	27924024	Homo sapiens	GTRD	No	Mm:Q6P9Q3;Rn:D3ZG35	Dr:A2BF92	Dr:Q1LUC3;Mm:Q9JHD1	-
Q9HCK0	Q9H2T7	57684	64901	ZBTB26	RANBP17	chromatin immunoprecipitation assay	27924024	Homo sapiens	GTRD	No	Mm:Q6P9Q3;Rn:D3ZG35	Dr:A2BF92	Mm:Q99NF8;Rn:A0A0G2KAF6	-
Q9HCK0	O76074	57684	8654	ZBTB26	PDE5A	chromatin immunoprecipitation assay	27924024	Homo sapiens	GTRD	No	Mm:Q6P9Q3;Rn:D3ZG35	Dr:A2BF92	Dm:Q9VFI9;Rn:G3V7V8	Dm:M9MRK1;Mm:A0A0G2JF67
Q9HCK0	Q9UL59	57684	7761	ZBTB26	ZNF214	chromatin immunoprecipitation assay	27924024	Homo sapiens	GTRD	No	Mm:Q6P9Q3;Rn:D3ZG35	Dr:A2BF92	-	-
Q9HCK0	Q9ULU8	57684	8618	ZBTB26	CADPS	chromatin immunoprecipitation assay	27924024	Homo sapiens	GTRD	No	Mm:Q6P9Q3;Rn:D3ZG35	Dr:A2BF92	Dr:A0A0R4IRH4;Mm:Q80TJ1	Rn:F1LLX6
Q9HCK0	Q99807	57684	10229	ZBTB26	COQ7	chromatin immunoprecipitation assay	27924024	Homo sapiens	GTRD	No	Mm:Q6P9Q3;Rn:D3ZG35	Dr:A2BF92	Dm:Q9W3W4;Dr:F1QW05;Mm:P97478;Rn:G3V879;Sc:P41735	Ce:P48376
Q9HCK0	Q9UBB4	57684	25814	ZBTB26	ATXN10	chromatin immunoprecipitation assay	27924024	Homo sapiens	GTRD	No	Mm:Q6P9Q3;Rn:D3ZG35	Dr:A2BF92	Mm:P28658;Rn:Q9ER24	Dr:A0A2R8QRG1
Q9HCK0	Q6PK04	57684	339230	ZBTB26	CCDC137	chromatin immunoprecipitation assay	27924024	Homo sapiens	GTRD	No	Mm:Q6P9Q3;Rn:D3ZG35	Dr:A2BF92	Dr:A0A0R4IM77;Mm:Q8R0K4;Rn:M0RAS3	-
Q9HCK0	P51513	57684	4857	ZBTB26	NOVA1	chromatin immunoprecipitation assay	27924024	Homo sapiens	GTRD	No	Mm:Q6P9Q3;Rn:D3ZG35	Dr:A2BF92	Dr:Q1LYC7;Mm:Q9JKN6;Rn:A0A0G2JVE8	-
Q9HCK0	Q9UM82	57684	9825	ZBTB26	SPATA2	chromatin immunoprecipitation assay	27924024	Homo sapiens	GTRD	No	Mm:Q6P9Q3;Rn:D3ZG35	Dr:A2BF92	Dr:F1QCY8;Mm:Q8K004;Rn:Q66HP6	-
Q9HCK0	P86791	57684	221960;51622	ZBTB26	CCZ1	chromatin immunoprecipitation assay	27924024	Homo sapiens	GTRD	No	Mm:Q6P9Q3;Rn:D3ZG35	Dr:A2BF92	-	-
Q9HCK0	O60353	57684	8323	ZBTB26	FZD6	chromatin immunoprecipitation assay	27924024	Homo sapiens	GTRD	No	Mm:Q6P9Q3;Rn:D3ZG35	Dr:A2BF92	Mm:Q61089;Rn:G3V6L1	-
Q9HCK0	Q9Y4A0	57684	8690	ZBTB26	JRKL	chromatin immunoprecipitation assay	27924024	Homo sapiens	GTRD	No	Mm:Q6P9Q3;Rn:D3ZG35	Dr:A2BF92	Mm:B2RRL2;Rn:M0R5M5	-
Q9HCK0	Q96HN2	57684	23382	ZBTB26	AHCYL2	chromatin immunoprecipitation assay	27924024	Homo sapiens	GTRD	No	Mm:Q6P9Q3;Rn:D3ZG35	Dr:A2BF92	Dr:Q6PC06;Mm:Q68FL4;Rn:D3ZWL6	-
Q9HCK0	Q14849	57684	10948	ZBTB26	STARD3	chromatin immunoprecipitation assay	27924024	Homo sapiens	GTRD	No	Mm:Q6P9Q3;Rn:D3ZG35	Dr:A2BF92	Ce:Q19819;Dm:Q9W145;Dr:Q9DFS4;Mm:Q61542;Rn:Q5U2T5	-
Q9HCK0	Q4G0W2	57684	285193	ZBTB26	DUSP28	chromatin immunoprecipitation assay	27924024	Homo sapiens	GTRD	No	Mm:Q6P9Q3;Rn:D3ZG35	Dr:A2BF92	Dr:F1QE47;Mm:Q8BTR5	-
Q9HCK0	K7EIZ5	57684	-	ZBTB26	-	chromatin immunoprecipitation assay	27924024	Homo sapiens	GTRD	No	Mm:Q6P9Q3;Rn:D3ZG35	Dr:A2BF92	-	-
Q9HCK0	Q9H147	57684	116092	ZBTB26	DNTTIP1	chromatin immunoprecipitation assay	27924024	Homo sapiens	GTRD	No	Mm:Q6P9Q3;Rn:D3ZG35	Dr:A2BF92	Ce:Q03615;Mm:Q99LB0;Rn:Q497A7	-
Q9HCK0	Q19AV6	57684	125150	ZBTB26	ZSWIM7	chromatin immunoprecipitation assay	27924024	Homo sapiens	GTRD	No	Mm:Q6P9Q3;Rn:D3ZG35	Dr:A2BF92	Dr:A4FVI0;Mm:Q9CWQ2;Rn:D3ZF66	-
Q9HCK0	Q9UKU7	57684	27034	ZBTB26	ACAD8	chromatin immunoprecipitation assay	27924024	Homo sapiens	GTRD	No	Mm:Q6P9Q3;Rn:D3ZG35	Dr:A2BF92	Ce:Q95YB2;Dr:Q7ZYY0;Mm:A0A0R4J0P1;Rn:M0RDK9	-
Q9HCK0	Q9UK58	57684	57018	ZBTB26	CCNL1	chromatin immunoprecipitation assay	27924024	Homo sapiens	GTRD	No	Mm:Q6P9Q3;Rn:D3ZG35	Dr:A2BF92	Ce:G5EBX3;Dm:Q9W526;Dr:A2BID3;Mm:Q52KE7	Rn:Q9R1Q2
Q9HCK0	Q9Y6P5	57684	27244	ZBTB26	SESN1	chromatin immunoprecipitation assay	27924024	Homo sapiens	GTRD	No	Mm:Q6P9Q3;Rn:D3ZG35	Dr:A2BF92	Mm:P58006;Rn:A0A0G2K4P1	Dr:Q5RGN4
Q9HCK0	Q9Y606	57684	80324	ZBTB26	PUS1	chromatin immunoprecipitation assay	27924024	Homo sapiens	GTRD	No	Mm:Q6P9Q3;Rn:D3ZG35	Dr:A2BF92	Ce:Q9XXN0;Dr:F1QWW1;Rn:Q4KM92;Sc:P53167;Sc:Q12211	Dm:Q9VDK6;Mm:H7BX59
Q9HCK0	Q7RTS6	57684	92736	ZBTB26	OTOP2	chromatin immunoprecipitation assay	27924024	Homo sapiens	GTRD	No	Mm:Q6P9Q3;Rn:D3ZG35	Dr:A2BF92	Mm:Q80SX5;Rn:D3ZCS6	-
Q9HCK0	Q9HBK9	57684	57412	ZBTB26	AS3MT	chromatin immunoprecipitation assay	27924024	Homo sapiens	GTRD	No	Mm:Q6P9Q3;Rn:D3ZG35	Dr:A2BF92	Dr:B8JIF1;Mm:Q91WU5;Rn:G3V8P2	-
Q9HCK0	A0A087WTZ4	57684	-	ZBTB26	-	chromatin immunoprecipitation assay	27924024	Homo sapiens	GTRD	No	Mm:Q6P9Q3;Rn:D3ZG35	Dr:A2BF92	-	-
Q9HCK0	Q9H270	57684	55823	ZBTB26	VPS11	chromatin immunoprecipitation assay	27924024	Homo sapiens	GTRD	No	Mm:Q6P9Q3;Rn:D3ZG35	Dr:A2BF92	-	-
Q9HCK0	Q8NEU8	57684	55198	ZBTB26	APPL2	chromatin immunoprecipitation assay	27924024	Homo sapiens	GTRD	No	Mm:Q6P9Q3;Rn:D3ZG35	Dr:A2BF92	Dr:F1RB27;Mm:Q8K3G9;Rn:B4F779	-
Q9HCK0	Q9NTK5	57684	29789	ZBTB26	OLA1	chromatin immunoprecipitation assay	27924024	Homo sapiens	GTRD	No	Mm:Q6P9Q3;Rn:D3ZG35	Dr:A2BF92	-	-
Q9HCK0	P52292	57684	3838	ZBTB26	KPNA2	chromatin immunoprecipitation assay	27924024	Homo sapiens	GTRD	No	Mm:Q6P9Q3;Rn:D3ZG35	Dr:A2BF92	Dm:P52295;Dr:F1QG82;Mm:P52293;Rn:Q6P6T9	Rn:M0R7I0
Q9HCK0	Q96QA6	57684	388403	ZBTB26	YPEL2	chromatin immunoprecipitation assay	27924024	Homo sapiens	GTRD	No	Mm:Q6P9Q3;Rn:D3ZG35	Dr:A2BF92	-	-
Q9HCK0	P35269	57684	2962	ZBTB26	GTF2F1	chromatin immunoprecipitation assay	27924024	Homo sapiens	GTRD	No	Mm:Q6P9Q3;Rn:D3ZG35	Dr:A2BF92	Dm:Q05913;Dr:Q5PNQ6;Mm:Q3THK3;Rn:Q6AY96	Ce:Q17558
Q9HCK0	P82650	57684	56945	ZBTB26	MRPS22	chromatin immunoprecipitation assay	27924024	Homo sapiens	GTRD	No	Mm:Q6P9Q3;Rn:D3ZG35	Dr:A2BF92	Dm:Q9VAY9;Dr:F1QK02;Mm:Q9CXW2;Rn:Q0D2L2	Ce:Q9U3Q0
Q9HCK0	P02749	57684	350	ZBTB26	APOH	chromatin immunoprecipitation assay	27924024	Homo sapiens	GTRD	No	Mm:Q6P9Q3;Rn:D3ZG35	Dr:A2BF92	Mm:Q01339;Rn:Q5I0M1	-
Q9HCK0	Q9UJU6	57684	28988	ZBTB26	DBNL	chromatin immunoprecipitation assay	27924024	Homo sapiens	GTRD	No	Mm:Q6P9Q3;Rn:D3ZG35	Dr:A2BF92	Ce:Q9XUT0;Dm:Q9VU84;Dr:F1QIB3;Mm:Q62418;Rn:Q9JHL4;Sc:P15891	-
Q9HCK0	P23588	57684	1975	ZBTB26	EIF4B	chromatin immunoprecipitation assay	27924024	Homo sapiens	GTRD	No	Mm:Q6P9Q3;Rn:D3ZG35	Dr:A2BF92	-	-
Q9HCK0	Q53HL2	57684	55143	ZBTB26	CDCA8	chromatin immunoprecipitation assay	27924024	Homo sapiens	GTRD	No	Mm:Q6P9Q3;Rn:D3ZG35	Dr:A2BF92	Mm:Q8BHX3;Rn:Q6AXW0	Dr:F1RBV2
Q9HCK0	Q8NHG7	57684	258010	ZBTB26	SVIP	chromatin immunoprecipitation assay	27924024	Homo sapiens	GTRD	No	Mm:Q6P9Q3;Rn:D3ZG35	Dr:A2BF92	Mm:Q3UZP4;Rn:P0C0A9	Dr:X1WFU2
Q9HCK0	Q8NBF2	57684	374354	ZBTB26	NHLRC2	chromatin immunoprecipitation assay	27924024	Homo sapiens	GTRD	No	Mm:Q6P9Q3;Rn:D3ZG35	Dr:A2BF92	Dm:Q9W5T4;Mm:Q8BZW8;Rn:D3ZLM5	Dr:U3JAV2
Q9HCK0	Q16891	57684	10989	ZBTB26	IMMT	chromatin immunoprecipitation assay	27924024	Homo sapiens	GTRD	No	Mm:Q6P9Q3;Rn:D3ZG35	Dr:A2BF92	Ce:Q22505;Dm:P91928;Mm:Q8CAQ8;Rn:A0A0G2JVH4	-
Q9HCK0	A2RUS2	57684	22898	ZBTB26	DENND3	chromatin immunoprecipitation assay	27924024	Homo sapiens	GTRD	No	Mm:Q6P9Q3;Rn:D3ZG35	Dr:A2BF92	-	-
Q9HCK0	P17612	57684	5566	ZBTB26	PRKACA	chromatin immunoprecipitation assay	27924024	Homo sapiens	GTRD	No	Mm:Q6P9Q3;Rn:D3ZG35	Dr:A2BF92	Dr:A3KMS9;Mm:P05132;Rn:A1L1M0	-
Q9HCK0	Q12851	57684	5871	ZBTB26	MAP4K2	chromatin immunoprecipitation assay	27924024	Homo sapiens	GTRD	No	Mm:Q6P9Q3;Rn:D3ZG35	Dr:A2BF92	Dr:Q1JQ22;Mm:Q61161;Rn:D3ZXB1	-
Q9HCK0	Q8IUQ4	57684	6477	ZBTB26	SIAH1	chromatin immunoprecipitation assay	27924024	Homo sapiens	GTRD	No	Mm:Q6P9Q3;Rn:D3ZG35	Dr:A2BF92	Dm:P21461;Mm:P61092;Rn:Q920M9	Dr:A0A0H2UKD5
Q9HCK0	Q96EK7	57684	84498	ZBTB26	FAM120B	chromatin immunoprecipitation assay	27924024	Homo sapiens	GTRD	No	Mm:Q6P9Q3;Rn:D3ZG35	Dr:A2BF92	-	-
Q9HCK0	Q9H7X3	57684	79943	ZBTB26	ZNF696	chromatin immunoprecipitation assay	27924024	Homo sapiens	GTRD	No	Mm:Q6P9Q3;Rn:D3ZG35	Dr:A2BF92	-	-
Q9HCK0	Q9NYL9	57684	29766	ZBTB26	TMOD3	chromatin immunoprecipitation assay	27924024	Homo sapiens	GTRD	No	Mm:Q6P9Q3;Rn:D3ZG35	Dr:A2BF92	Mm:Q9JHJ0;Rn:Q6AXW2	-
Q9HCK0	Q9UBQ7	57684	9380	ZBTB26	GRHPR	chromatin immunoprecipitation assay	27924024	Homo sapiens	GTRD	No	Mm:Q6P9Q3;Rn:D3ZG35	Dr:A2BF92	Dm:Q8I725;Dr:Q7SZY8;Mm:Q91Z53;Rn:B0BN46;Sc:P53839	-
Q9HCK0	P10412	57684	3008	ZBTB26	H1-4	chromatin immunoprecipitation assay	27924024	Homo sapiens	GTRD	No	Mm:Q6P9Q3;Rn:D3ZG35	Dr:A2BF92	Mm:P43274;Rn:P15865	-
Q9HCK0	Q16667	57684	1033	ZBTB26	CDKN3	chromatin immunoprecipitation assay	27924024	Homo sapiens	GTRD	No	Mm:Q6P9Q3;Rn:D3ZG35	Dr:A2BF92	Mm:Q810P3;Rn:B2RZ50	Dr:B8A6D9
Q9HCK0	Q86W74	57684	157567	ZBTB26	ANKRD46	chromatin immunoprecipitation assay	27924024	Homo sapiens	GTRD	No	Mm:Q6P9Q3;Rn:D3ZG35	Dr:A2BF92	Dr:Q6TNT2;Mm:Q8BTZ5	Rn:Q76K24
Q9HCK0	O75506	57684	3281	ZBTB26	HSBP1	chromatin immunoprecipitation assay	27924024	Homo sapiens	GTRD	No	Mm:Q6P9Q3;Rn:D3ZG35	Dr:A2BF92	Dm:Q9VK90;Dr:Q6PBV8;Mm:Q9CQZ1;Rn:Q8K3X8	-
Q9HCK0	P07951	57684	7169	ZBTB26	TPM2	chromatin immunoprecipitation assay	27924024	Homo sapiens	GTRD	No	Mm:Q6P9Q3;Rn:D3ZG35	Dr:A2BF92	-	-
Q9HCK0	Q9Y4P3	57684	26608	ZBTB26	TBL2	chromatin immunoprecipitation assay	27924024	Homo sapiens	GTRD	No	Mm:Q6P9Q3;Rn:D3ZG35	Dr:A2BF92	Ce:G5EFD7;Mm:Q9R099;Rn:A0A096MJZ2	Dr:E7F4J8
Q9HCK0	Q86YF9	57684	22873	ZBTB26	DZIP1	chromatin immunoprecipitation assay	27924024	Homo sapiens	GTRD	No	Mm:Q6P9Q3;Rn:D3ZG35	Dr:A2BF92	Dr:F1QNW2;Mm:Q8BMD2	Rn:F1MA25
Q9HCK0	Q15910	57684	2146	ZBTB26	EZH2	chromatin immunoprecipitation assay	27924024	Homo sapiens	GTRD	No	Mm:Q6P9Q3;Rn:D3ZG35	Dr:A2BF92	Mm:Q61188;Rn:B5DFE2	Dr:F1QQ58
Q9HCK0	O43251	57684	23543	ZBTB26	RBFOX2	chromatin immunoprecipitation assay	27924024	Homo sapiens	GTRD	No	Mm:Q6P9Q3;Rn:D3ZG35	Dr:A2BF92	Mm:Q8BP71	Rn:A0A0G2JYY7
Q9HCK0	P51825	57684	4299	ZBTB26	AFF1	chromatin immunoprecipitation assay	27924024	Homo sapiens	GTRD	No	Mm:Q6P9Q3;Rn:D3ZG35	Dr:A2BF92	Dm:Q6AWG9;Mm:E9Q921;Rn:A0A0G2K0C8	-
Q9HCK0	Q9H6X2	57684	84168	ZBTB26	ANTXR1	chromatin immunoprecipitation assay	27924024	Homo sapiens	GTRD	No	Mm:Q6P9Q3;Rn:D3ZG35	Dr:A2BF92	Mm:Q9CZ52;Rn:A0A0G2JSJ5	Dr:F8W3U3
Q9HCK0	P09132	57684	6728	ZBTB26	SRP19	chromatin immunoprecipitation assay	27924024	Homo sapiens	GTRD	No	Mm:Q6P9Q3;Rn:D3ZG35	Dr:A2BF92	Ce:O61749;Dm:P49963;Dr:Q7T3C9;Mm:Q9D104;Rn:B2RZ66	-
Q9HCK0	Q9UPY3	57684	23405	ZBTB26	DICER1	chromatin immunoprecipitation assay	27924024	Homo sapiens	GTRD	No	Mm:Q6P9Q3;Rn:D3ZG35	Dr:A2BF92	Ce:P34529;Dm:Q9VCU9;Dr:Q6TV19;Mm:F8VQ54	Rn:E9PU15
Q9HCK0	Q70Z53	57684	118924	ZBTB26	FRA10AC1	chromatin immunoprecipitation assay	27924024	Homo sapiens	GTRD	No	Mm:Q6P9Q3;Rn:D3ZG35	Dr:A2BF92	Ce:B5BM26;Dr:A0A0R4IK46;Mm:Q8BP78;Rn:Q5FVF1	-
Q9HCK0	Q05BV3	57684	161436	ZBTB26	EML5	chromatin immunoprecipitation assay	27924024	Homo sapiens	GTRD	No	Mm:Q6P9Q3;Rn:D3ZG35	Dr:A2BF92	Mm:Q8BQM8;Rn:F1LSA8	-
Q9HCK0	Q16566	57684	814	ZBTB26	CAMK4	chromatin immunoprecipitation assay	27924024	Homo sapiens	GTRD	No	Mm:Q6P9Q3;Rn:D3ZG35	Dr:A2BF92	Dr:Q568I9;Mm:Q8BGR3	Rn:P13234
Q9HCK0	Q86VW2	57684	115557	ZBTB26	ARHGEF25	chromatin immunoprecipitation assay	27924024	Homo sapiens	GTRD	No	Mm:Q6P9Q3;Rn:D3ZG35	Dr:A2BF92	Dm:A1ZAQ4;Mm:G5E825;Rn:Q6P720	-
Q9HCK0	P34925	57684	6259	ZBTB26	RYK	chromatin immunoprecipitation assay	27924024	Homo sapiens	GTRD	No	Mm:Q6P9Q3;Rn:D3ZG35	Dr:A2BF92	Ce:G5EGT9;Dm:Q27324;Dm:Q9V422;Mm:Q01887;Rn:F1LQR5	Dr:A2RRV7
Q9HCK0	Q9Y303	57684	51005	ZBTB26	AMDHD2	chromatin immunoprecipitation assay	27924024	Homo sapiens	GTRD	No	Mm:Q6P9Q3;Rn:D3ZG35	Dr:A2BF92	Ce:P34480;Mm:Q8JZV7;Rn:Q5BJY6	Dm:E1JJR9;Dr:Q6P0U0
Q9HCK0	Q02127	57684	1723	ZBTB26	DHODH	chromatin immunoprecipitation assay	27924024	Homo sapiens	GTRD	No	Mm:Q6P9Q3;Rn:D3ZG35	Dr:A2BF92	Ce:O01815;Dm:P32748;Mm:O35435;Rn:Q63707;Sc:P28272	Dr:F1QNH4
Q9HCK0	P31150	57684	2664	ZBTB26	GDI1	chromatin immunoprecipitation assay	27924024	Homo sapiens	GTRD	No	Mm:Q6P9Q3;Rn:D3ZG35	Dr:A2BF92	Dr:A2AR68;Mm:P50396;Rn:P50398	-
Q9HCK0	O43765	57684	6449	ZBTB26	SGTA	chromatin immunoprecipitation assay	27924024	Homo sapiens	GTRD	No	Mm:Q6P9Q3;Rn:D3ZG35	Dr:A2BF92	Dr:Q6NXA1;Mm:Q8BJU0;Rn:O70593	-
Q9HCK0	O43150	57684	8853	ZBTB26	ASAP2	chromatin immunoprecipitation assay	27924024	Homo sapiens	GTRD	No	Mm:Q6P9Q3;Rn:D3ZG35	Dr:A2BF92	Dr:Q5RG20;Rn:A0A0G2K808	Mm:E9PX52
Q9HCK0	Q9H582	57684	84146	ZBTB26	ZNF644	chromatin immunoprecipitation assay	27924024	Homo sapiens	GTRD	No	Mm:Q6P9Q3;Rn:D3ZG35	Dr:A2BF92	Mm:E9Q624;Rn:D4A778	Dr:A0A0R4IBX8
Q9HCK0	P60983	57684	2764	ZBTB26	GMFB	chromatin immunoprecipitation assay	27924024	Homo sapiens	GTRD	No	Mm:Q6P9Q3;Rn:D3ZG35	Dr:A2BF92	Mm:Q9CQI3;Rn:M0RDJ4	Dr:Q7ZUD3
Q9HCK0	Q8NBU5	57684	84896	ZBTB26	ATAD1	chromatin immunoprecipitation assay	27924024	Homo sapiens	GTRD	No	Mm:Q6P9Q3;Rn:D3ZG35	Dr:A2BF92	Ce:P54815;Mm:Q9D5T0;Sc:P28737	Dr:Q503W7;Rn:A0A0H2UHI7
Q9HCK0	P16885	57684	5336	ZBTB26	PLCG2	chromatin immunoprecipitation assay	27924024	Homo sapiens	GTRD	No	Mm:Q6P9Q3;Rn:D3ZG35	Dr:A2BF92	Mm:Q8CIH5	Dr:Q1LWV8;Rn:A0A0G2JWA2
Q9HCK0	A2RUB6	57684	285331	ZBTB26	CCDC66	chromatin immunoprecipitation assay	27924024	Homo sapiens	GTRD	No	Mm:Q6P9Q3;Rn:D3ZG35	Dr:A2BF92	Mm:Q6NS45;Rn:D3ZB56	-
Q9HCK0	O00231	57684	5717	ZBTB26	PSMD11	chromatin immunoprecipitation assay	27924024	Homo sapiens	GTRD	No	Mm:Q6P9Q3;Rn:D3ZG35	Dr:A2BF92	Ce:Q20938;Dr:F6P3G4;Mm:Q8BG32;Sc:Q12377	Rn:A0A0G2JWX1
Q9HCK0	Q8WVQ1	57684	124583	ZBTB26	CANT1	chromatin immunoprecipitation assay	27924024	Homo sapiens	GTRD	No	Mm:Q6P9Q3;Rn:D3ZG35	Dr:A2BF92	Ce:Q19202;Dm:Q9VGN8;Dr:Q6NUZ5;Mm:Q8VCF1;Rn:Q8K4Y7	Dr:A0A0R4IJX6
Q9HCK0	Q969X0	57684	196383	ZBTB26	RILPL2	chromatin immunoprecipitation assay	27924024	Homo sapiens	GTRD	No	Mm:Q6P9Q3;Rn:D3ZG35	Dr:A2BF92	Dr:A4IGC3;Mm:Q99LE1;Rn:Q6AYA0	-
Q9HCK0	A0A0J9YYD9	57684	-	ZBTB26	-	chromatin immunoprecipitation assay	27924024	Homo sapiens	GTRD	No	Mm:Q6P9Q3;Rn:D3ZG35	Dr:A2BF92	-	-
Q9HCK0	A6NH11	57684	-	ZBTB26	GLTPD2	chromatin immunoprecipitation assay	27924024	Homo sapiens	GTRD	No	Mm:Q6P9Q3;Rn:D3ZG35	Dr:A2BF92	Dr:F8W4Z0;Mm:Q8K0R6;Rn:E9PTH4	-
Q9HCK0	Q86UW1	57684	200931	ZBTB26	SLC51A	chromatin immunoprecipitation assay	27924024	Homo sapiens	GTRD	No	Mm:Q6P9Q3;Rn:D3ZG35	Dr:A2BF92	Ce:Q18071;Ce:Q9XU63;Dm:Q9VVV2;Mm:Q8R000;Rn:D4AC81	-
Q9HCK0	Q9H3U7	57684	64094	ZBTB26	SMOC2	chromatin immunoprecipitation assay	27924024	Homo sapiens	GTRD	No	Mm:Q6P9Q3;Rn:D3ZG35	Dr:A2BF92	-	Mm:A0A3B2WCK7;Rn:A0A0G2K0K9
Q9HCK0	E9PCH4	57684	-	ZBTB26	-	chromatin immunoprecipitation assay	27924024	Homo sapiens	GTRD	No	Mm:Q6P9Q3;Rn:D3ZG35	Dr:A2BF92	-	-
Q9HCK0	Q7Z2K8	57684	114787	ZBTB26	GPRIN1	chromatin immunoprecipitation assay	27924024	Homo sapiens	GTRD	No	Mm:Q6P9Q3;Rn:D3ZG35	Dr:A2BF92	Dm:Q9VKL0;Mm:Q3UNH4	-
Q9HCK0	Q9BSN7	57684	79652	ZBTB26	TMEM204	chromatin immunoprecipitation assay	27924024	Homo sapiens	GTRD	No	Mm:Q6P9Q3;Rn:D3ZG35	Dr:A2BF92	Dr:F1R6J6;Mm:Q7TQI0;Rn:Q5M962	-
Q9HCK0	Q9Y5B0	57684	9150	ZBTB26	CTDP1	chromatin immunoprecipitation assay	27924024	Homo sapiens	GTRD	No	Mm:Q6P9Q3;Rn:D3ZG35	Dr:A2BF92	Dm:Q9W147;Mm:Q7TSG2;Rn:A0A0G2K0J7	Dr:E7FFL3
Q9HCK0	Q8IY50	57684	148641	ZBTB26	SLC35F3	chromatin immunoprecipitation assay	27924024	Homo sapiens	GTRD	No	Mm:Q6P9Q3;Rn:D3ZG35	Dr:A2BF92	Mm:Q1LZI2	Dr:B8A4Z3;Rn:M0RA35
Q9HCK0	P19105	57684	10627	ZBTB26	MYL12A	chromatin immunoprecipitation assay	27924024	Homo sapiens	GTRD	No	Mm:Q6P9Q3;Rn:D3ZG35	Dr:A2BF92	Mm:Q6ZWQ9;Rn:P13832	-
Q9HCK0	Q14344	57684	10672	ZBTB26	GNA13	chromatin immunoprecipitation assay	27924024	Homo sapiens	GTRD	No	Mm:Q6P9Q3;Rn:D3ZG35	Dr:A2BF92	Dr:Q5YKG3;Mm:P27601;Rn:Q6Q7Y5	Dr:F1QHJ3
Q9HCK0	Q8NHY2	57684	64326	ZBTB26	COP1	chromatin immunoprecipitation assay	27924024	Homo sapiens	GTRD	No	Mm:Q6P9Q3;Rn:D3ZG35	Dr:A2BF92	Dr:B0UY40;Mm:Q9R1A8;Rn:A0A096UWG1	-
Q9HCK0	Q99816	57684	7251	ZBTB26	TSG101	chromatin immunoprecipitation assay	27924024	Homo sapiens	GTRD	No	Mm:Q6P9Q3;Rn:D3ZG35	Dr:A2BF92	Ce:O76258;Dm:Q9VVA7;Dr:F1QGE6;Mm:Q61187;Rn:Q6IRE4;Sc:P25604	-
Q9HCK0	P22304	57684	3423	ZBTB26	IDS	chromatin immunoprecipitation assay	27924024	Homo sapiens	GTRD	No	Mm:Q6P9Q3;Rn:D3ZG35	Dr:A2BF92	Dm:Q9VZP8;Dr:F1R4Q5;Mm:Q08890	-
Q9HCK0	A2A2Y4	57684	257019	ZBTB26	FRMD3	chromatin immunoprecipitation assay	27924024	Homo sapiens	GTRD	No	Mm:Q6P9Q3;Rn:D3ZG35	Dr:A2BF92	Mm:Q8BHD4;Rn:D3ZR47	Dr:B8JLE7
Q9HCK0	Q9UHD8	57684	10801	ZBTB26	SEPTIN9	chromatin immunoprecipitation assay	27924024	Homo sapiens	GTRD	No	Mm:Q6P9Q3;Rn:D3ZG35	Dr:A2BF92	-	Dr:A0A0R4IWY5;Rn:F1LN75
Q9HCK0	O60239	57684	9467	ZBTB26	SH3BP5	chromatin immunoprecipitation assay	27924024	Homo sapiens	GTRD	No	Mm:Q6P9Q3;Rn:D3ZG35	Dr:A2BF92	Mm:Q9Z131;Rn:Q91Y80	Dr:A0A0R4IGN6
Q9HCK0	Q92616	57684	10985	ZBTB26	GCN1	chromatin immunoprecipitation assay	27924024	Homo sapiens	GTRD	No	Mm:Q6P9Q3;Rn:D3ZG35	Dr:A2BF92	-	-
Q9HCK0	Q96AK3	57684	-	ZBTB26	APOBEC3D	chromatin immunoprecipitation assay	27924024	Homo sapiens	GTRD	No	Mm:Q6P9Q3;Rn:D3ZG35	Dr:A2BF92	-	-
Q9HCK0	P51522	57684	55769	ZBTB26	ZNF83	chromatin immunoprecipitation assay	27924024	Homo sapiens	GTRD	No	Mm:Q6P9Q3;Rn:D3ZG35	Dr:A2BF92	-	-
Q9HCK0	Q5JVS0	57684	22927	ZBTB26	HABP4	chromatin immunoprecipitation assay	27924024	Homo sapiens	GTRD	No	Mm:Q6P9Q3;Rn:D3ZG35	Dr:A2BF92	Dr:B0R085;Mm:E9QKB2;Rn:A1L1K8	-
Q9HCK0	Q9NUL5	57684	55337	ZBTB26	SHFL	chromatin immunoprecipitation assay	27924024	Homo sapiens	GTRD	No	Mm:Q6P9Q3;Rn:D3ZG35	Dr:A2BF92	Mm:Q8CAK3;Rn:A0A140TAE2	Dr:F1QZC8
Q9HCK0	O95900	57684	26995	ZBTB26	TRUB2	chromatin immunoprecipitation assay	27924024	Homo sapiens	GTRD	No	Mm:Q6P9Q3;Rn:D3ZG35	Dr:A2BF92	Ce:Q9N3X3;Dm:Q29QN4;Dr:F6P6I4;Mm:Q91WG3;Rn:Q5XFW2	-
Q9HCK0	P06899	57684	8970	ZBTB26	H2BC11	chromatin immunoprecipitation assay	27924024	Homo sapiens	GTRD	No	Mm:Q6P9Q3;Rn:D3ZG35	Dr:A2BF92	-	-
Q9HCK0	Q6ZTN6	57684	338692	ZBTB26	ANKRD13D	chromatin immunoprecipitation assay	27924024	Homo sapiens	GTRD	No	Mm:Q6P9Q3;Rn:D3ZG35	Dr:A2BF92	Dr:A0A0R4IY87;Mm:Q6PD24;Rn:D3ZUJ7	-
Q9HCK0	O94760	57684	23576	ZBTB26	DDAH1	chromatin immunoprecipitation assay	27924024	Homo sapiens	GTRD	No	Mm:Q6P9Q3;Rn:D3ZG35	Dr:A2BF92	Dm:Q9VYF0;Mm:Q9CWS0;Rn:O08557	-
Q9HCK0	Q16878	57684	1036	ZBTB26	CDO1	chromatin immunoprecipitation assay	27924024	Homo sapiens	GTRD	No	Mm:Q6P9Q3;Rn:D3ZG35	Dr:A2BF92	Ce:Q20893;Dm:A1ZBA8;Mm:P60334;Rn:P21816	-
Q9HCK0	Q9NQZ5	57684	56910	ZBTB26	STARD7	chromatin immunoprecipitation assay	27924024	Homo sapiens	GTRD	No	Mm:Q6P9Q3;Rn:D3ZG35	Dr:A2BF92	Dr:F1QWK5;Mm:Q8R1R3;Rn:A0A0G2JWY8	-
Q9HCK0	O75717	57684	11169	ZBTB26	WDHD1	chromatin immunoprecipitation assay	27924024	Homo sapiens	GTRD	No	Mm:Q6P9Q3;Rn:D3ZG35	Dr:A2BF92	Ce:Q19520;Dm:Q494K2;Dr:A0A0R4J7S6;Mm:P59328;Rn:D3ZN63;Sc:Q01454	-
Q9HCK0	Q08499	57684	5144	ZBTB26	PDE4D	chromatin immunoprecipitation assay	27924024	Homo sapiens	GTRD	No	Mm:Q6P9Q3;Rn:D3ZG35	Dr:A2BF92	Mm:Q01063	Dr:F1QSG4;Rn:A0A140TAB1
Q9HCK0	Q7KZ85	57684	6830	ZBTB26	SUPT6H	chromatin immunoprecipitation assay	27924024	Homo sapiens	GTRD	No	Mm:Q6P9Q3;Rn:D3ZG35	Dr:A2BF92	Ce:P34703;Dm:Q9W420;Dr:Q8UVK2;Mm:Q62383;Rn:F1LR36;Sc:P23615	-
Q9HCK0	P54198	57684	7290	ZBTB26	HIRA	chromatin immunoprecipitation assay	27924024	Homo sapiens	GTRD	No	Mm:Q6P9Q3;Rn:D3ZG35	Dr:A2BF92	Ce:Q09589;Dm:A1Z898;Dr:A2CEX6;Mm:Q61666;Rn:M0R4R2	Rn:M0R756
Q9HCK0	Q99715	57684	1303	ZBTB26	COL12A1	chromatin immunoprecipitation assay	27924024	Homo sapiens	GTRD	No	Mm:Q6P9Q3;Rn:D3ZG35	Dr:A2BF92	Mm:Q60847	Dr:I3IT32;Rn:A0A0G2KAJ7
Q9HCK0	Q8N815	57684	124817	ZBTB26	CNTD1	chromatin immunoprecipitation assay	27924024	Homo sapiens	GTRD	No	Mm:Q6P9Q3;Rn:D3ZG35	Dr:A2BF92	Mm:Q9D995;Rn:A0A096MKD3	-
Q9HCK0	Q8IZD4	57684	196513	ZBTB26	DCP1B	chromatin immunoprecipitation assay	27924024	Homo sapiens	GTRD	No	Mm:Q6P9Q3;Rn:D3ZG35	Dr:A2BF92	Rn:D3ZZJ7	Dr:F1RC83;Mm:B9EIX0
Q9HCK0	Q6IPU0	57684	401541	ZBTB26	CENPP	chromatin immunoprecipitation assay	27924024	Homo sapiens	GTRD	No	Mm:Q6P9Q3;Rn:D3ZG35	Dr:A2BF92	Dr:Q1LV50;Mm:Q9CZ92	-
Q9HCK0	Q9HBL8	57684	57407	ZBTB26	NMRAL1	chromatin immunoprecipitation assay	27924024	Homo sapiens	GTRD	No	Mm:Q6P9Q3;Rn:D3ZG35	Dr:A2BF92	-	Mm:D3YU12;Rn:D3ZDB9
Q9HCK0	O43462	57684	51360	ZBTB26	MBTPS2	chromatin immunoprecipitation assay	27924024	Homo sapiens	GTRD	No	Mm:Q6P9Q3;Rn:D3ZG35	Dr:A2BF92	Dm:Q7JZ56;Dr:F1R4A6;Mm:Q8CHX6;Rn:D3ZDS6	Ce:Q9U227
Q9HCK0	O75840	57684	8609	ZBTB26	KLF7	chromatin immunoprecipitation assay	27924024	Homo sapiens	GTRD	No	Mm:Q6P9Q3;Rn:D3ZG35	Dr:A2BF92	Dr:F1Q810;Mm:Q99JB0	Rn:F1M8Z3
Q9HCK0	P11279	57684	3916	ZBTB26	LAMP1	chromatin immunoprecipitation assay	27924024	Homo sapiens	GTRD	No	Mm:Q6P9Q3;Rn:D3ZG35	Dr:A2BF92	Mm:P11438;Rn:P14562	-
Q9HCK0	P09958	57684	5045	ZBTB26	FURIN	chromatin immunoprecipitation assay	27924024	Homo sapiens	GTRD	No	Mm:Q6P9Q3;Rn:D3ZG35	Dr:A2BF92	Ce:O17798;Dr:F1QKU2;Dr:F1QQ43;Mm:P23188;Rn:G3V7I9	Dm:A0A0B4KI15
Q9HCK0	Q14019	57684	23406	ZBTB26	COTL1	chromatin immunoprecipitation assay	27924024	Homo sapiens	GTRD	No	Mm:Q6P9Q3;Rn:D3ZG35	Dr:A2BF92	Dr:Q6PFT7;Mm:Q9CQI6;Rn:B0BNA5	Dm:Q8IQX5
Q9HCK0	P46940	57684	8826	ZBTB26	IQGAP1	chromatin immunoprecipitation assay	27924024	Homo sapiens	GTRD	No	Mm:Q6P9Q3;Rn:D3ZG35	Dr:A2BF92	Dr:E7FBD5;Mm:Q9JKF1;Rn:G3V7Q7	-
Q9HCK0	Q9H4G4	57684	152007	ZBTB26	GLIPR2	chromatin immunoprecipitation assay	27924024	Homo sapiens	GTRD	No	Mm:Q6P9Q3;Rn:D3ZG35	Dr:A2BF92	Dm:Q9VI35;Dr:Q5XJ73;Mm:Q9CYL5	Rn:F1M5V2
Q9HCK0	Q9UNH5	57684	8556	ZBTB26	CDC14A	chromatin immunoprecipitation assay	27924024	Homo sapiens	GTRD	No	Mm:Q6P9Q3;Rn:D3ZG35	Dr:A2BF92	Dr:A5PMX2;Dr:A8DZH6;Mm:Q6GQT0;Rn:E9PSZ9	-
Q9HCK0	Q9UHG0	57684	51473	ZBTB26	DCDC2	chromatin immunoprecipitation assay	27924024	Homo sapiens	GTRD	No	Mm:Q6P9Q3;Rn:D3ZG35	Dr:A2BF92	Rn:D3ZR10	Dr:A0A0G2L2L4;Mm:R4GML1
Q9HCK0	Q16777	57684	8338	ZBTB26	H2AC20	chromatin immunoprecipitation assay	27924024	Homo sapiens	GTRD	No	Mm:Q6P9Q3;Rn:D3ZG35	Dr:A2BF92	-	-
Q9HCK0	Q14142	57684	9830	ZBTB26	TRIM14	chromatin immunoprecipitation assay	27924024	Homo sapiens	GTRD	No	Mm:Q6P9Q3;Rn:D3ZG35	Dr:A2BF92	Mm:Q8BVW3;Rn:B2RYH2	-
Q9HCK0	Q8NF91	57684	23345	ZBTB26	SYNE1	chromatin immunoprecipitation assay	27924024	Homo sapiens	GTRD	No	Mm:Q6P9Q3;Rn:D3ZG35	Dr:A2BF92	-	-
Q9HCK0	Q9H6V9	57684	60526	ZBTB26	LDAH	chromatin immunoprecipitation assay	27924024	Homo sapiens	GTRD	No	Mm:Q6P9Q3;Rn:D3ZG35	Dr:A2BF92	Ce:Q19347;Dm:Q9W0H3;Dr:F1QII3;Mm:A0A0F6AIX5;Rn:Q5HZX7	Ce:Q93595
Q9HCK0	Q9H0U4	57684	81876	ZBTB26	RAB1B	chromatin immunoprecipitation assay	27924024	Homo sapiens	GTRD	No	Mm:Q6P9Q3;Rn:D3ZG35	Dr:A2BF92	Dm:O18332;Mm:Q9D1G1;Rn:G3V6H0;Sc:P01123	Ce:I7FW32
Q9HCK0	Q9Y5Q3	57684	9935	ZBTB26	MAFB	chromatin immunoprecipitation assay	27924024	Homo sapiens	GTRD	No	Mm:Q6P9Q3;Rn:D3ZG35	Dr:A2BF92	Dr:Q98UK5;Mm:P54841;Rn:P54842	-
Q9HCK0	P22102	57684	2618	ZBTB26	GART	chromatin immunoprecipitation assay	27924024	Homo sapiens	GTRD	No	Mm:Q6P9Q3;Rn:D3ZG35	Dr:A2BF92	Ce:Q20143;Mm:Q64737;Rn:G3V918;Sc:P07244	-
Q9HCK0	A0A1B0GTU2	57684	-	ZBTB26	CTXND1	chromatin immunoprecipitation assay	27924024	Homo sapiens	GTRD	No	Mm:Q6P9Q3;Rn:D3ZG35	Dr:A2BF92	Mm:A0A1B0GST9	-
Q9HCK0	F5H4B4	57684	646851	ZBTB26	FAM227A	chromatin immunoprecipitation assay	27924024	Homo sapiens	GTRD	No	Mm:Q6P9Q3;Rn:D3ZG35	Dr:A2BF92	-	-
Q9HCK0	Q96AZ6	57684	3669	ZBTB26	ISG20	chromatin immunoprecipitation assay	27924024	Homo sapiens	GTRD	No	Mm:Q6P9Q3;Rn:D3ZG35	Dr:A2BF92	Mm:Q9JL16;Rn:A0A0G2KA38	-
Q9HCK0	P04062	57684	2629	ZBTB26	GBA	chromatin immunoprecipitation assay	27924024	Homo sapiens	GTRD	No	Mm:Q6P9Q3;Rn:D3ZG35	Dr:A2BF92	Ce:Q9UB00;Ce:G5ECR8;Dm:Q9VCJ4;Dm:Q8IMY3;Dr:E7EZM1;Mm:P17439;Rn:B2RYC9	-
Q9HCK0	Q16676	57684	2297	ZBTB26	FOXD1	chromatin immunoprecipitation assay	27924024	Homo sapiens	GTRD	No	Mm:Q6P9Q3;Rn:D3ZG35	Dr:A2BF92	Dr:A2CE80;Mm:Q61345;Rn:D3ZP43	-
Q9HCK0	Q96RQ9	57684	259307	ZBTB26	IL4I1	chromatin immunoprecipitation assay	27924024	Homo sapiens	GTRD	No	Mm:Q6P9Q3;Rn:D3ZG35	Dr:A2BF92	-	Mm:A0A0R4J0C2;Rn:D3ZN20
Q9HCK0	O14657	57684	27348	ZBTB26	TOR1B	chromatin immunoprecipitation assay	27924024	Homo sapiens	GTRD	No	Mm:Q6P9Q3;Rn:D3ZG35	Dr:A2BF92	Mm:Q9ER41;Rn:Q2M2S1	-
Q9HCK0	Q14656	57684	8269	ZBTB26	TMEM187	chromatin immunoprecipitation assay	27924024	Homo sapiens	GTRD	No	Mm:Q6P9Q3;Rn:D3ZG35	Dr:A2BF92	Dr:F1QND5	-
Q9HCK0	P28676	57684	25801	ZBTB26	GCA	chromatin immunoprecipitation assay	27924024	Homo sapiens	GTRD	No	Mm:Q6P9Q3;Rn:D3ZG35	Dr:A2BF92	Dr:F1QMK6;Mm:Q8VC88;Rn:D3ZYI0	-
Q9HCK0	P22001	57684	3738	ZBTB26	KCNA3	chromatin immunoprecipitation assay	27924024	Homo sapiens	GTRD	No	Mm:Q6P9Q3;Rn:D3ZG35	Dr:A2BF92	Mm:P16390;Rn:P15384	-
Q9HCK0	P31260	57684	3206	ZBTB26	HOXA10	chromatin immunoprecipitation assay	27924024	Homo sapiens	GTRD	No	Mm:Q6P9Q3;Rn:D3ZG35	Dr:A2BF92	Mm:P31310	Rn:D3ZHM5
Q9HCK0	O00341	57684	6512	ZBTB26	SLC1A7	chromatin immunoprecipitation assay	27924024	Homo sapiens	GTRD	No	Mm:Q6P9Q3;Rn:D3ZG35	Dr:A2BF92	Dr:C5H4R2	Dr:D7RVS5;Rn:D3ZT83
Q9HCK0	Q9H2G2	57684	9748	ZBTB26	SLK	chromatin immunoprecipitation assay	27924024	Homo sapiens	GTRD	No	Mm:Q6P9Q3;Rn:D3ZG35	Dr:A2BF92	Mm:O54988;Rn:G3V7I8	Dr:B8A4S3
Q9HCK0	O60674	57684	3717	ZBTB26	JAK2	chromatin immunoprecipitation assay	27924024	Homo sapiens	GTRD	No	Mm:Q6P9Q3;Rn:D3ZG35	Dr:A2BF92	Mm:Q62120;Rn:Q62689	-
Q9HCK0	Q6NUT2	57684	283417	ZBTB26	DPY19L2	chromatin immunoprecipitation assay	27924024	Homo sapiens	GTRD	No	Mm:Q6P9Q3;Rn:D3ZG35	Dr:A2BF92	Mm:P0CW70;Rn:M0RC58	-
Q9HCK0	P36954	57684	5438	ZBTB26	POLR2I	chromatin immunoprecipitation assay	27924024	Homo sapiens	GTRD	No	Mm:Q6P9Q3;Rn:D3ZG35	Dr:A2BF92	Ce:Q965S0;Dm:P36958;Dr:Q1LVK2;Mm:P60898;Sc:P27999	Rn:D4A531
Q9HCK0	O75414	57684	10201	ZBTB26	NME6	chromatin immunoprecipitation assay	27924024	Homo sapiens	GTRD	No	Mm:Q6P9Q3;Rn:D3ZG35	Dr:A2BF92	-	-
Q9HCK0	Q5BJD5	57684	440026	ZBTB26	TMEM41B	chromatin immunoprecipitation assay	27924024	Homo sapiens	GTRD	No	Mm:Q6P9Q3;Rn:D3ZG35	Dr:A2BF92	Ce:O62126;Dm:Q9VX39;Dr:A1A5V7;Mm:Q8K1A5;Rn:Q5FVN2	-
Q9HCK0	Q5EBM0	57684	129607	ZBTB26	CMPK2	chromatin immunoprecipitation assay	27924024	Homo sapiens	GTRD	No	Mm:Q6P9Q3;Rn:D3ZG35	Dr:A2BF92	Mm:Q3U5Q7;Rn:D3ZC63	-
Q9HCK0	Q9UN79	57684	9580	ZBTB26	SOX13	chromatin immunoprecipitation assay	27924024	Homo sapiens	GTRD	No	Mm:Q6P9Q3;Rn:D3ZG35	Dr:A2BF92	Mm:Q04891;Rn:D4A8S0	Dr:A0A0R4IMW9
Q9HCK0	Q9Y312	57684	25980	ZBTB26	AAR2	chromatin immunoprecipitation assay	27924024	Homo sapiens	GTRD	No	Mm:Q6P9Q3;Rn:D3ZG35	Dr:A2BF92	Ce:Q09305;Dm:Q9VEA6;Dr:F1R8D9;Mm:Q9D2V5;Rn:B1WC03	-
Q9HCK0	P14136	57684	2670	ZBTB26	GFAP	chromatin immunoprecipitation assay	27924024	Homo sapiens	GTRD	No	Mm:Q6P9Q3;Rn:D3ZG35	Dr:A2BF92	Dr:F1RAE8;Mm:P03995;Rn:P47819	-
Q9HCK0	Q8NFH4	57684	79023	ZBTB26	NUP37	chromatin immunoprecipitation assay	27924024	Homo sapiens	GTRD	No	Mm:Q6P9Q3;Rn:D3ZG35	Dr:A2BF92	Dm:Q9VBU8;Dr:J3JS14;Mm:Q9CWU9;Rn:G3V6M8	-
Q9HCK0	Q96RT1	57684	55914	ZBTB26	ERBIN	chromatin immunoprecipitation assay	27924024	Homo sapiens	GTRD	No	Mm:Q6P9Q3;Rn:D3ZG35	Dr:A2BF92	Mm:Q80TH2	Rn:M0R9T2
Q9HCK0	Q8IY37	57684	57647	ZBTB26	DHX37	chromatin immunoprecipitation assay	27924024	Homo sapiens	GTRD	No	Mm:Q6P9Q3;Rn:D3ZG35	Dr:A2BF92	Ce:P34305;Dm:O46072;Mm:Q6NZL1;Rn:D4A1R0	-
Q9HCK0	P43354	57684	4929	ZBTB26	NR4A2	chromatin immunoprecipitation assay	27924024	Homo sapiens	GTRD	No	Mm:Q6P9Q3;Rn:D3ZG35	Dr:A2BF92	Dr:A0A2R9YJF7;Mm:Q06219;Rn:A0A0G2JSV4	-
Q9HCK0	Q96TC7	57684	55177	ZBTB26	RMDN3	chromatin immunoprecipitation assay	27924024	Homo sapiens	GTRD	No	Mm:Q6P9Q3;Rn:D3ZG35	Dr:A2BF92	Dr:Q5TYQ9;Mm:Q3UJU9;Rn:Q66H15	Rn:M0R718
Q9HCK0	K7EIM0	57684	-	ZBTB26	-	chromatin immunoprecipitation assay	27924024	Homo sapiens	GTRD	No	Mm:Q6P9Q3;Rn:D3ZG35	Dr:A2BF92	-	-
Q9HCK0	O60573	57684	9470	ZBTB26	EIF4E2	chromatin immunoprecipitation assay	27924024	Homo sapiens	GTRD	No	Mm:Q6P9Q3;Rn:D3ZG35	Dr:A2BF92	Ce:Q22888;Mm:Q8BMB3	Dm:Q8T3K5;Dr:A1L200;Rn:A0A0G2K933
Q9HCK0	P63313	57684	9168	ZBTB26	TMSB10	chromatin immunoprecipitation assay	27924024	Homo sapiens	GTRD	No	Mm:Q6P9Q3;Rn:D3ZG35	Dr:A2BF92	-	-
Q9HCK0	Q8N8C0	57684	163115	ZBTB26	ZNF781	chromatin immunoprecipitation assay	27924024	Homo sapiens	GTRD	No	Mm:Q6P9Q3;Rn:D3ZG35	Dr:A2BF92	-	-
Q9HCK0	Q96PQ7	57684	51088	ZBTB26	KLHL5	chromatin immunoprecipitation assay	27924024	Homo sapiens	GTRD	No	Mm:Q6P9Q3;Rn:D3ZG35	Dr:A2BF92	Mm:Q6PFE1;Rn:Q1EG90	-
Q9HCK0	O75928	57684	9063	ZBTB26	PIAS2	chromatin immunoprecipitation assay	27924024	Homo sapiens	GTRD	No	Mm:Q6P9Q3;Rn:D3ZG35	Dr:A2BF92	Mm:Q8C5D8;Rn:F1LRP3	Dr:X1WFJ1
Q9HCK0	Q9NX00	57684	54958	ZBTB26	TMEM160	chromatin immunoprecipitation assay	27924024	Homo sapiens	GTRD	No	Mm:Q6P9Q3;Rn:D3ZG35	Dr:A2BF92	Mm:Q9D938;Rn:D3ZZU4	-
Q9HCK0	Q9UG63	57684	10061;114483834	ZBTB26	ABCF2	chromatin immunoprecipitation assay	27924024	Homo sapiens	GTRD	No	Mm:Q6P9Q3;Rn:D3ZG35	Dr:A2BF92	-	-
Q9HCK0	Q9UGV2	57684	57446	ZBTB26	NDRG3	chromatin immunoprecipitation assay	27924024	Homo sapiens	GTRD	No	Mm:Q6P9Q3;Rn:D3ZG35	Dr:A2BF92	-	-
Q9HCK0	P18075	57684	655	ZBTB26	BMP7	chromatin immunoprecipitation assay	27924024	Homo sapiens	GTRD	No	Mm:Q6P9Q3;Rn:D3ZG35	Dr:A2BF92	Mm:P23359;Rn:G3V6W8	Dr:F1QD07
Q9HCK0	Q8N4Q0	57684	284273	ZBTB26	ZADH2	chromatin immunoprecipitation assay	27924024	Homo sapiens	GTRD	No	Mm:Q6P9Q3;Rn:D3ZG35	Dr:A2BF92	Mm:Q8BGC4;Rn:D4A264	-
Q9HCK0	Q9H490	57684	128869	ZBTB26	PIGU	chromatin immunoprecipitation assay	27924024	Homo sapiens	GTRD	No	Mm:Q6P9Q3;Rn:D3ZG35	Dr:A2BF92	Ce:Q22672;Dm:Q9VLK0;Dr:F1RES7;Rn:F1LPK9;Sc:P41733	Mm:Q3TAA8
Q9HCK0	O00754	57684	4125	ZBTB26	MAN2B1	chromatin immunoprecipitation assay	27924024	Homo sapiens	GTRD	No	Mm:Q6P9Q3;Rn:D3ZG35	Dr:A2BF92	Ce:Q20829;Dm:Q9VKV2;Dm:Q9VKV1;Mm:O09159;Rn:Q6P762	Dr:F1QTT0
Q9HCK0	Q2M329	57684	257236	ZBTB26	CCDC96	chromatin immunoprecipitation assay	27924024	Homo sapiens	GTRD	No	Mm:Q6P9Q3;Rn:D3ZG35	Dr:A2BF92	Mm:Q9CR92;Rn:D3Z9F2	-
Q9HCK0	Q8WU20	57684	10818	ZBTB26	FRS2	chromatin immunoprecipitation assay	27924024	Homo sapiens	GTRD	No	Mm:Q6P9Q3;Rn:D3ZG35	Dr:A2BF92	Dr:F2Z4R8;Mm:Q8C180	Rn:A0A0G2JZZ5
Q9HCK0	A8MYZ6	57684	-	ZBTB26	FOXO6	chromatin immunoprecipitation assay	27924024	Homo sapiens	GTRD	No	Mm:Q6P9Q3;Rn:D3ZG35	Dr:A2BF92	Mm:Q70KY4;Rn:D3ZV21	-
Q9HCK0	A8MSY1	57684	100526772	ZBTB26	STIMATE-MUSTN1	chromatin immunoprecipitation assay	27924024	Homo sapiens	GTRD	No	Mm:Q6P9Q3;Rn:D3ZG35	Dr:A2BF92	-	-
Q9HCK0	P0DKB5	57684	100507050	ZBTB26	TPBGL	chromatin immunoprecipitation assay	27924024	Homo sapiens	GTRD	No	Mm:Q6P9Q3;Rn:D3ZG35	Dr:A2BF92	Mm:Q8C013;Rn:F1LVQ8	Dr:A0A0R4IYB6
Q9HCK0	Q14353	57684	2593	ZBTB26	GAMT	chromatin immunoprecipitation assay	27924024	Homo sapiens	GTRD	No	Mm:Q6P9Q3;Rn:D3ZG35	Dr:A2BF92	Dr:Q71N41;Mm:O35969;Rn:G3V960	-
Q9HCK0	Q12948	57684	2296	ZBTB26	FOXC1	chromatin immunoprecipitation assay	27924024	Homo sapiens	GTRD	No	Mm:Q6P9Q3;Rn:D3ZG35	Dr:A2BF92	Dr:Q9DE25;Mm:Q61572;Rn:M0RCA0	-
Q9HCK0	A0A1B0GTJ5	57684	-	ZBTB26	-	chromatin immunoprecipitation assay	27924024	Homo sapiens	GTRD	No	Mm:Q6P9Q3;Rn:D3ZG35	Dr:A2BF92	-	-
Q9HCK0	Q76G19	57684	57595	ZBTB26	PDZD4	chromatin immunoprecipitation assay	27924024	Homo sapiens	GTRD	No	Mm:Q6P9Q3;Rn:D3ZG35	Dr:A2BF92	-	-
Q9HCK0	P20908	57684	1289	ZBTB26	COL5A1	chromatin immunoprecipitation assay	27924024	Homo sapiens	GTRD	No	Mm:Q6P9Q3;Rn:D3ZG35	Dr:A2BF92	Mm:O88207;Rn:G3V763	Dr:A0A0R4IRG2
Q9HCK0	P23193	57684	6917	ZBTB26	TCEA1	chromatin immunoprecipitation assay	27924024	Homo sapiens	GTRD	No	Mm:Q6P9Q3;Rn:D3ZG35	Dr:A2BF92	Dr:Q7T3C1;Mm:P10711;Rn:Q4KLL0	-
Q9HCK0	O43572	57684	11216	ZBTB26	AKAP10	chromatin immunoprecipitation assay	27924024	Homo sapiens	GTRD	No	Mm:Q6P9Q3;Rn:D3ZG35	Dr:A2BF92	Dm:Q9V3I3;Dr:F1QDF6;Mm:O88845;Rn:F1LNB3	-
Q9HCK0	Q8IW35	57684	79598	ZBTB26	CEP97	chromatin immunoprecipitation assay	27924024	Homo sapiens	GTRD	No	Mm:Q6P9Q3;Rn:D3ZG35	Dr:A2BF92	Mm:Q9CZ62;Rn:D4AC95	-
Q9HCK0	Q92625	57684	23294	ZBTB26	ANKS1A	chromatin immunoprecipitation assay	27924024	Homo sapiens	GTRD	No	Mm:Q6P9Q3;Rn:D3ZG35	Dr:A2BF92	-	-
Q9HCK0	P51531	57684	6595	ZBTB26	SMARCA2	chromatin immunoprecipitation assay	27924024	Homo sapiens	GTRD	No	Mm:Q6P9Q3;Rn:D3ZG35	Dr:A2BF92	Dr:Q1MTE3;Rn:E9PTG1	Mm:H3BLH0
Q9HCK0	Q9NUM4	57684	54664	ZBTB26	TMEM106B	chromatin immunoprecipitation assay	27924024	Homo sapiens	GTRD	No	Mm:Q6P9Q3;Rn:D3ZG35	Dr:A2BF92	Dr:Z4YHQ6;Mm:Q80X71;Rn:Q6AYA5	-
Q9HCK0	P14672	57684	6517	ZBTB26	SLC2A4	chromatin immunoprecipitation assay	27924024	Homo sapiens	GTRD	No	Mm:Q6P9Q3;Rn:D3ZG35	Dr:A2BF92	Mm:P14142;Rn:P19357	-
Q9HCK0	Q8N1N5	57684	-	ZBTB26	CRIPAK	chromatin immunoprecipitation assay	27924024	Homo sapiens	GTRD	No	Mm:Q6P9Q3;Rn:D3ZG35	Dr:A2BF92	-	-
Q9HCK0	Q9H5H4	57684	79724	ZBTB26	ZNF768	chromatin immunoprecipitation assay	27924024	Homo sapiens	GTRD	No	Mm:Q6P9Q3;Rn:D3ZG35	Dr:A2BF92	Mm:Q8R0T2;Rn:D3ZGK0	-
Q9HCK0	Q8NBE8	57684	100526832;151230	ZBTB26	KLHL23	chromatin immunoprecipitation assay	27924024	Homo sapiens	GTRD	No	Mm:Q6P9Q3;Rn:D3ZG35	Dr:A2BF92	Mm:Q6GQU2	Dr:E7FED5;Rn:D3ZLV9
Q9HCK0	P55347	57684	5316	ZBTB26	PKNOX1	chromatin immunoprecipitation assay	27924024	Homo sapiens	GTRD	No	Mm:Q6P9Q3;Rn:D3ZG35	Dr:A2BF92	Dr:E7FBG0;Mm:O70477	Rn:Q5BJP1
Q9HCK0	Q96HP0	57684	57572	ZBTB26	DOCK6	chromatin immunoprecipitation assay	27924024	Homo sapiens	GTRD	No	Mm:Q6P9Q3;Rn:D3ZG35	Dr:A2BF92	Dr:F1Q4R1;Rn:A0A0G2KAH4	Mm:A0A1L1SQR4
Q9HCK0	Q9H165	57684	53335	ZBTB26	BCL11A	chromatin immunoprecipitation assay	27924024	Homo sapiens	GTRD	No	Mm:Q6P9Q3;Rn:D3ZG35	Dr:A2BF92	Dr:Q1RLR5;Rn:D3ZSY3	Mm:Q5STS9
Q9HCK0	Q9UK76	57684	51155	ZBTB26	JPT1	chromatin immunoprecipitation assay	27924024	Homo sapiens	GTRD	No	Mm:Q6P9Q3;Rn:D3ZG35	Dr:A2BF92	Dr:A0A0R4IZ31;Mm:P97825;Rn:Q6AXU6	-
Q9HCK0	Q9Y624	57684	50848	ZBTB26	F11R	chromatin immunoprecipitation assay	27924024	Homo sapiens	GTRD	No	Mm:Q6P9Q3;Rn:D3ZG35	Dr:A2BF92	Dr:Q66I72;Mm:O88792;Rn:Q9JHY1	Dr:A3KNL2
Q9HCK0	Q8N8R3	57684	123096	ZBTB26	SLC25A29	chromatin immunoprecipitation assay	27924024	Homo sapiens	GTRD	No	Mm:Q6P9Q3;Rn:D3ZG35	Dr:A2BF92	Ce:Q8I4M0;Dr:F1QHQ1;Mm:Q8BL03;Rn:Q5HZE0	Dm:Q76NQ2
Q9HCK0	Q8IZE3	57684	57147	ZBTB26	SCYL3	chromatin immunoprecipitation assay	27924024	Homo sapiens	GTRD	No	Mm:Q6P9Q3;Rn:D3ZG35	Dr:A2BF92	Dr:Q5RI03;Mm:Q9DBQ7;Rn:D3ZK09	-
Q9HCK0	O00429	57684	10059	ZBTB26	DNM1L	chromatin immunoprecipitation assay	27924024	Homo sapiens	GTRD	No	Mm:Q6P9Q3;Rn:D3ZG35	Dr:A2BF92	Ce:Q8WQC9;Dm:Q9VQE0;Dr:Q7SXN5;Rn:O35303;Sc:P54861	Mm:E9PUD2
Q9HCK0	Q6PJ21	57684	90864	ZBTB26	SPSB3	chromatin immunoprecipitation assay	27924024	Homo sapiens	GTRD	No	Mm:Q6P9Q3;Rn:D3ZG35	Dr:A2BF92	Mm:Q571F5;Rn:D3ZVU8	Dr:B1H1G8
Q9HCK0	P07947	57684	7525	ZBTB26	YES1	chromatin immunoprecipitation assay	27924024	Homo sapiens	GTRD	No	Mm:Q6P9Q3;Rn:D3ZG35	Dr:A2BF92	-	-
Q9HCK0	Q9NZN8	57684	4848	ZBTB26	CNOT2	chromatin immunoprecipitation assay	27924024	Homo sapiens	GTRD	No	Mm:Q6P9Q3;Rn:D3ZG35	Dr:A2BF92	Dr:A4QN63;Mm:Q8C5L3;Rn:A0A0G2K717	-
Q9HCK0	P16591	57684	2241	ZBTB26	FER	chromatin immunoprecipitation assay	27924024	Homo sapiens	GTRD	No	Mm:Q6P9Q3;Rn:D3ZG35	Dr:A2BF92	Mm:P70451	Rn:A0A140TAC4
Q9HCK0	Q15906	57684	6944	ZBTB26	VPS72	chromatin immunoprecipitation assay	27924024	Homo sapiens	GTRD	No	Mm:Q6P9Q3;Rn:D3ZG35	Dr:A2BF92	Dm:Q9VKM6;Dr:Q1L8X4;Mm:Q62481;Rn:B1WC45	-
Q9HCK0	O60885	57684	23476	ZBTB26	BRD4	chromatin immunoprecipitation assay	27924024	Homo sapiens	GTRD	No	Mm:Q6P9Q3;Rn:D3ZG35	Dr:A2BF92	Dm:M9PF57;Rn:D3ZGX8	Mm:Q3UH70
Q9HCK0	P38570	57684	3682	ZBTB26	ITGAE	chromatin immunoprecipitation assay	27924024	Homo sapiens	GTRD	No	Mm:Q6P9Q3;Rn:D3ZG35	Dr:A2BF92	Mm:Q60677	Dr:X1WCW9;Rn:M0R6T8
Q9HCK0	P63010	57684	163	ZBTB26	AP2B1	chromatin immunoprecipitation assay	27924024	Homo sapiens	GTRD	No	Mm:Q6P9Q3;Rn:D3ZG35	Dr:A2BF92	Mm:Q9DBG3	Dr:E9QC84;Rn:P62944
Q9HCK0	Q0P6D6	57684	80071	ZBTB26	CCDC15	chromatin immunoprecipitation assay	27924024	Homo sapiens	GTRD	No	Mm:Q6P9Q3;Rn:D3ZG35	Dr:A2BF92	Mm:Q8C9M2;Rn:D3ZRD2	-
Q9HCK0	Q14766	57684	4052	ZBTB26	LTBP1	chromatin immunoprecipitation assay	27924024	Homo sapiens	GTRD	No	Mm:Q6P9Q3;Rn:D3ZG35	Dr:A2BF92	Mm:Q8CG19	Dr:X1WBQ9;Rn:D3ZAA3
Q9HCK0	Q9BZB8	57684	64506	ZBTB26	CPEB1	chromatin immunoprecipitation assay	27924024	Homo sapiens	GTRD	No	Mm:Q6P9Q3;Rn:D3ZG35	Dr:A2BF92	-	-
Q9HCK0	Q14151	57684	9667	ZBTB26	SAFB2	chromatin immunoprecipitation assay	27924024	Homo sapiens	GTRD	No	Mm:Q6P9Q3;Rn:D3ZG35	Dr:A2BF92	Mm:Q80YR5;Rn:M0R6E6	-
Q9HCK0	Q99623	57684	11331	ZBTB26	PHB2	chromatin immunoprecipitation assay	27924024	Homo sapiens	GTRD	No	Mm:Q6P9Q3;Rn:D3ZG35	Dr:A2BF92	Ce:P50093;Dr:Q6PC13;Dr:F1R9C6;Mm:O35129;Rn:Q5XIH7;Sc:P50085	Dm:Q0E924
Q9HCK0	P07108	57684	1622	ZBTB26	DBI	chromatin immunoprecipitation assay	27924024	Homo sapiens	GTRD	No	Mm:Q6P9Q3;Rn:D3ZG35	Dr:A2BF92	Ce:O01805;Dm:Q9VLS4;Dr:Q6P5L2;Mm:P31786;Rn:P11030	-
Q9HCK0	Q8TBN0	57684	5866	ZBTB26	RAB3IL1	chromatin immunoprecipitation assay	27924024	Homo sapiens	GTRD	No	Mm:Q6P9Q3;Rn:D3ZG35	Dr:A2BF92	Rn:F1LPG6	Mm:A0A571BDP7
Q9HCK0	P48745	57684	4856	ZBTB26	CCN3	chromatin immunoprecipitation assay	27924024	Homo sapiens	GTRD	No	Mm:Q6P9Q3;Rn:D3ZG35	Dr:A2BF92	Mm:Q64299;Rn:Q9QZQ5	-
Q9HCK0	Q86VV8	57684	25914	ZBTB26	RTTN	chromatin immunoprecipitation assay	27924024	Homo sapiens	GTRD	No	Mm:Q6P9Q3;Rn:D3ZG35	Dr:A2BF92	Dr:E7F7S8;Mm:Q8R4Y8	Rn:D3ZS92
Q9HCK0	Q8ND76	57684	219771	ZBTB26	CCNY	chromatin immunoprecipitation assay	27924024	Homo sapiens	GTRD	No	Mm:Q6P9Q3;Rn:D3ZG35	Dr:A2BF92	Dr:E7F3H3;Mm:Q8BGU5;Rn:F1MA89	-
Q9HCK0	Q96PC3	57684	130340	ZBTB26	AP1S3	chromatin immunoprecipitation assay	27924024	Homo sapiens	GTRD	No	Mm:Q6P9Q3;Rn:D3ZG35	Dr:A2BF92	Mm:Q7TN05;Rn:M0RD05	Dr:Q66IE3
Q9HCK0	Q9UBS5	57684	2550	ZBTB26	GABBR1	chromatin immunoprecipitation assay	27924024	Homo sapiens	GTRD	No	Mm:Q6P9Q3;Rn:D3ZG35	Dr:A2BF92	Ce:H2L0Q3;Dm:Q9V3Q9;Dr:F1RDY7;Mm:Q9WV18	Dr:F1QAJ3;Rn:Q924M0
Q9HCK0	O00451	57684	2675	ZBTB26	GFRA2	chromatin immunoprecipitation assay	27924024	Homo sapiens	GTRD	No	Mm:Q6P9Q3;Rn:D3ZG35	Dr:A2BF92	Mm:O08842;Rn:O35977	Dr:E9QFD1;Dr:B0S6A6
Q9HCK0	P31146	57684	11151	ZBTB26	CORO1A	chromatin immunoprecipitation assay	27924024	Homo sapiens	GTRD	No	Mm:Q6P9Q3;Rn:D3ZG35	Dr:A2BF92	Mm:O89053;Rn:Q91ZN1	Dr:Q7SX58
Q9HCK0	P55145	57684	7873	ZBTB26	MANF	chromatin immunoprecipitation assay	27924024	Homo sapiens	GTRD	No	Mm:Q6P9Q3;Rn:D3ZG35	Dr:A2BF92	Dm:Q9XZ63;Dr:F1QDQ5;Mm:Q3TMX5;Rn:P0C5H9	-
Q9HCK0	Q49MG5	57684	79884	ZBTB26	MAP9	chromatin immunoprecipitation assay	27924024	Homo sapiens	GTRD	No	Mm:Q6P9Q3;Rn:D3ZG35	Dr:A2BF92	Dr:E7F7H0;Mm:Q3TRR0;Rn:D3ZAG3	-
Q9HCK0	P28070	57684	5692	ZBTB26	PSMB4	chromatin immunoprecipitation assay	27924024	Homo sapiens	GTRD	No	Mm:Q6P9Q3;Rn:D3ZG35	Dr:A2BF92	Ce:P90868;Dm:Q9VNA5;Dr:A8E7N8;Mm:P99026;Rn:G3V8U9;Sc:P30657	-
Q9HCK0	Q9NZQ0	57684	51277	ZBTB26	DNAJC27	chromatin immunoprecipitation assay	27924024	Homo sapiens	GTRD	No	Mm:Q6P9Q3;Rn:D3ZG35	Dr:A2BF92	Mm:Q8CFP6	Dr:E7FCB8;Rn:Q6QI28
Q9HCK0	Q8N6R1	57684	387923	ZBTB26	SERP2	chromatin immunoprecipitation assay	27924024	Homo sapiens	GTRD	No	Mm:Q6P9Q3;Rn:D3ZG35	Dr:A2BF92	Ce:Q93838;Dm:Q8SYY6;Mm:Q6TAW2	Dr:B0V1G1
Q9HCK0	A6NFA1	57684	388630	ZBTB26	TRABD2B	chromatin immunoprecipitation assay	27924024	Homo sapiens	GTRD	No	Mm:Q6P9Q3;Rn:D3ZG35	Dr:A2BF92	Mm:B1ATG9;Rn:D3ZHN3	-
Q9HCK0	Q8WVP7	57684	64327	ZBTB26	LMBR1	chromatin immunoprecipitation assay	27924024	Homo sapiens	GTRD	No	Mm:Q6P9Q3;Rn:D3ZG35	Dr:A2BF92	Mm:Q9JIT0	Rn:A0A0G2K4B6
Q9HCK0	Q9P202	57684	25861	ZBTB26	WHRN	chromatin immunoprecipitation assay	27924024	Homo sapiens	GTRD	No	Mm:Q6P9Q3;Rn:D3ZG35	Dr:A2BF92	Mm:Q80VW5;Rn:G3V675	Dm:Q9VU98;Dr:E7F2D8
Q9HCK0	Q68G75	57684	93273	ZBTB26	LEMD1	chromatin immunoprecipitation assay	27924024	Homo sapiens	GTRD	No	Mm:Q6P9Q3;Rn:D3ZG35	Dr:A2BF92	Rn:A0A0G2K8I8	Mm:A0A087WQH1
Q9HCK0	Q9ULI2	57684	57494	ZBTB26	RIMKLB	chromatin immunoprecipitation assay	27924024	Homo sapiens	GTRD	No	Mm:Q6P9Q3;Rn:D3ZG35	Dr:A2BF92	-	Dr:F1QZ76;Rn:D3ZRJ9;Rn:D4ADZ3
Q9HCK0	O60683	57684	5192	ZBTB26	PEX10	chromatin immunoprecipitation assay	27924024	Homo sapiens	GTRD	No	Mm:Q6P9Q3;Rn:D3ZG35	Dr:A2BF92	Dm:Q9W0D7;Mm:B1AUE5;Rn:D3ZC81;Sc:Q05568	Dr:Q5XJ92
Q9HCK0	Q6P582	57684	653784	ZBTB26	MZT2A	chromatin immunoprecipitation assay	27924024	Homo sapiens	GTRD	No	Mm:Q6P9Q3;Rn:D3ZG35	Dr:A2BF92	-	-
Q9HCK0	P57679	57684	2121	ZBTB26	EVC	chromatin immunoprecipitation assay	27924024	Homo sapiens	GTRD	No	Mm:Q6P9Q3;Rn:D3ZG35	Dr:A2BF92	Mm:P57680;Rn:G3V706	-
Q9HCK0	Q16584	57684	4296	ZBTB26	MAP3K11	chromatin immunoprecipitation assay	27924024	Homo sapiens	GTRD	No	Mm:Q6P9Q3;Rn:D3ZG35	Dr:A2BF92	Mm:Q80XI6;Rn:Q66HA1	-
Q9HCK0	Q9H4W6	57684	253738	ZBTB26	EBF3	chromatin immunoprecipitation assay	27924024	Homo sapiens	GTRD	No	Mm:Q6P9Q3;Rn:D3ZG35	Dr:A2BF92	-	-
Q9HCK0	Q9H477	57684	64080	ZBTB26	RBKS	chromatin immunoprecipitation assay	27924024	Homo sapiens	GTRD	No	Mm:Q6P9Q3;Rn:D3ZG35	Dr:A2BF92	Ce:Q19133;Dm:O77425;Mm:Q8R1Q9;Rn:D3ZVU4;Sc:P25332	Dr:F1RCK7
Q9HCK0	Q9C0J1	57684	79369	ZBTB26	B3GNT4	chromatin immunoprecipitation assay	27924024	Homo sapiens	GTRD	No	Mm:Q6P9Q3;Rn:D3ZG35	Dr:A2BF92	Mm:Q1RLK6	Rn:D4A3H6
Q9HCK0	Q9UH73	57684	1879	ZBTB26	EBF1	chromatin immunoprecipitation assay	27924024	Homo sapiens	GTRD	No	Mm:Q6P9Q3;Rn:D3ZG35	Dr:A2BF92	Dr:A0A0R4IWI1;Mm:Q07802;Rn:Q63398	-
Q9HCK0	A6NKB5	57684	80003	ZBTB26	PCNX2	chromatin immunoprecipitation assay	27924024	Homo sapiens	GTRD	No	Mm:Q6P9Q3;Rn:D3ZG35	Dr:A2BF92	Mm:Q5DU28;Rn:D4AB99	Dr:F1R033
Q9HCK0	Q8NFI3	57684	64772	ZBTB26	ENGASE	chromatin immunoprecipitation assay	27924024	Homo sapiens	GTRD	No	Mm:Q6P9Q3;Rn:D3ZG35	Dr:A2BF92	Mm:Q8BX80;Rn:D4AE03	Dr:B8A611
Q9HCK0	Q9H0E7	57684	84101	ZBTB26	USP44	chromatin immunoprecipitation assay	27924024	Homo sapiens	GTRD	No	Mm:Q6P9Q3;Rn:D3ZG35	Dr:A2BF92	Mm:Q8C2S0;Rn:D4A251	-
Q9HCK0	Q9Y5A6	57684	7589	ZBTB26	ZSCAN21	chromatin immunoprecipitation assay	27924024	Homo sapiens	GTRD	No	Mm:Q6P9Q3;Rn:D3ZG35	Dr:A2BF92	Mm:Q07231;Rn:Q6AXN8	-
Q9HCK0	Q7Z401	57684	10260	ZBTB26	DENND4A	chromatin immunoprecipitation assay	27924024	Homo sapiens	GTRD	No	Mm:Q6P9Q3;Rn:D3ZG35	Dr:A2BF92	-	-
Q9HCK0	Q0JRZ9	57684	115548	ZBTB26	FCHO2	chromatin immunoprecipitation assay	27924024	Homo sapiens	GTRD	No	Mm:Q6P9Q3;Rn:D3ZG35	Dr:A2BF92	Mm:Q3UQN2;Rn:D3ZYR1	-
Q9HCK0	Q63HK3	57684	342357	ZBTB26	ZKSCAN2	chromatin immunoprecipitation assay	27924024	Homo sapiens	GTRD	No	Mm:Q6P9Q3;Rn:D3ZG35	Dr:A2BF92	Mm:G3X952;Rn:D3ZXU0	-
Q9HCK0	C9JQI7	57684	642987	ZBTB26	TMEM232	chromatin immunoprecipitation assay	27924024	Homo sapiens	GTRD	No	Mm:Q6P9Q3;Rn:D3ZG35	Dr:A2BF92	Mm:Q5K6N0	Dr:A5WVS1;Rn:A0A0H2UHU7
Q9HCK0	O43559	57684	10817	ZBTB26	FRS3	chromatin immunoprecipitation assay	27924024	Homo sapiens	GTRD	No	Mm:Q6P9Q3;Rn:D3ZG35	Dr:A2BF92	Mm:Q91WJ0;Rn:G3V7U7	Dr:E7F020
Q9HCK0	Q9UBB9	57684	24144	ZBTB26	TFIP11	chromatin immunoprecipitation assay	27924024	Homo sapiens	GTRD	No	Mm:Q6P9Q3;Rn:D3ZG35	Dr:A2BF92	Ce:Q17784;Dm:Q9Y103;Dr:F1QQ02;Mm:Q9ERA6;Rn:Q5U2Y6	-
Q9HCK0	Q86U90	57684	79693	ZBTB26	YRDC	chromatin immunoprecipitation assay	27924024	Homo sapiens	GTRD	No	Mm:Q6P9Q3;Rn:D3ZG35	Dr:A2BF92	Ce:Q9NAF8;Dm:Q8SYJ9;Mm:Q3U5F4;Rn:Q499R4	Dr:F1R994
Q9HCK0	P18084	57684	3693	ZBTB26	ITGB5	chromatin immunoprecipitation assay	27924024	Homo sapiens	GTRD	No	Mm:Q6P9Q3;Rn:D3ZG35	Dr:A2BF92	-	Dr:B0UY74;Mm:Q6PE70
Q9HCK0	P21283	57684	528	ZBTB26	ATP6V1C1	chromatin immunoprecipitation assay	27924024	Homo sapiens	GTRD	No	Mm:Q6P9Q3;Rn:D3ZG35	Dr:A2BF92	Ce:Q9XXU9;Dm:Q9V7N5;Mm:Q9Z1G3;Rn:Q5FVI6;Sc:P31412	Dr:Q7T385
Q9HCK0	P10619	57684	5476	ZBTB26	CTSA	chromatin immunoprecipitation assay	27924024	Homo sapiens	GTRD	No	Mm:Q6P9Q3;Rn:D3ZG35	Dr:A2BF92	Ce:P52717;Ce:Q09991;Rn:Q6AYS3;Sc:P38109;Sc:P00729	Mm:G3X8T3
Q9HCK0	Q9UIF7	57684	4595	ZBTB26	MUTYH	chromatin immunoprecipitation assay	27924024	Homo sapiens	GTRD	No	Mm:Q6P9Q3;Rn:D3ZG35	Dr:A2BF92	-	-
Q9HCK0	Q9Y4A5	57684	8295	ZBTB26	TRRAP	chromatin immunoprecipitation assay	27924024	Homo sapiens	GTRD	No	Mm:Q6P9Q3;Rn:D3ZG35	Dr:A2BF92	-	-
Q9HCK0	Q9P000	57684	29099	ZBTB26	COMMD9	chromatin immunoprecipitation assay	27924024	Homo sapiens	GTRD	No	Mm:Q6P9Q3;Rn:D3ZG35	Dr:A2BF92	Mm:Q8K2Q0;Rn:Q3MIE7	Dr:A4QN68
Q9HCK0	P35498	57684	6323	ZBTB26	SCN1A	chromatin immunoprecipitation assay	27924024	Homo sapiens	GTRD	No	Mm:Q6P9Q3;Rn:D3ZG35	Dr:A2BF92	Mm:A2APX8	Rn:A0A0G2K914
Q9HCK0	Q13099	57684	8100	ZBTB26	IFT88	chromatin immunoprecipitation assay	27924024	Homo sapiens	GTRD	No	Mm:Q6P9Q3;Rn:D3ZG35	Dr:A2BF92	Ce:G5ED37;Rn:A0A096MK92	Dm:Q7KRS6;Dr:B0UYB0;Mm:Q61371
Q9HCK0	O15503	57684	3638	ZBTB26	INSIG1	chromatin immunoprecipitation assay	27924024	Homo sapiens	GTRD	No	Mm:Q6P9Q3;Rn:D3ZG35	Dr:A2BF92	Dr:Q8AV61;Mm:Q8BGI3;Rn:Q08755;Rn:D4A242	-
Q9HCK0	Q6P995	57684	165215	ZBTB26	FAM171B	chromatin immunoprecipitation assay	27924024	Homo sapiens	GTRD	No	Mm:Q6P9Q3;Rn:D3ZG35	Dr:A2BF92	Dr:I3IRX1;Mm:Q14CH0;Rn:D3ZTG3	-
Q9HCK0	O60481	57684	7547	ZBTB26	ZIC3	chromatin immunoprecipitation assay	27924024	Homo sapiens	GTRD	No	Mm:Q6P9Q3;Rn:D3ZG35	Dr:A2BF92	Dr:Q6PV84;Mm:Q62521;Rn:A0A096MIX7	-
Q9HCK0	O14978	57684	10127	ZBTB26	ZNF263	chromatin immunoprecipitation assay	27924024	Homo sapiens	GTRD	No	Mm:Q6P9Q3;Rn:D3ZG35	Dr:A2BF92	Mm:Q8CF60;Rn:D3ZQ68	-
Q9HCK0	P34741	57684	6383	ZBTB26	SDC2	chromatin immunoprecipitation assay	27924024	Homo sapiens	GTRD	No	Mm:Q6P9Q3;Rn:D3ZG35	Dr:A2BF92	Mm:P43407;Rn:Q6IRK3	Dr:Q90ZY9
Q9HCK0	P62081	57684	6201	ZBTB26	RPS7	chromatin immunoprecipitation assay	27924024	Homo sapiens	GTRD	No	Mm:Q6P9Q3;Rn:D3ZG35	Dr:A2BF92	Ce:Q23312;Dm:Q9VA91;Dr:P62084;Mm:P62082;Rn:P62083;Sc:P48164;Sc:P26786	-
Q9HCK0	F8WBI7	57684	-	ZBTB26	-	chromatin immunoprecipitation assay	27924024	Homo sapiens	GTRD	No	Mm:Q6P9Q3;Rn:D3ZG35	Dr:A2BF92	-	-
Q9HCK0	Q86VH4	57684	80059	ZBTB26	LRRTM4	chromatin immunoprecipitation assay	27924024	Homo sapiens	GTRD	No	Mm:Q6P9Q3;Rn:D3ZG35	Dr:A2BF92	-	-
Q9HCK0	Q9BRP4	57684	80227	ZBTB26	PAAF1	chromatin immunoprecipitation assay	27924024	Homo sapiens	GTRD	No	Mm:Q6P9Q3;Rn:D3ZG35	Dr:A2BF92	Ce:Q95XR3	-
Q9HCK0	Q8WYQ9	57684	23174	ZBTB26	ZCCHC14	chromatin immunoprecipitation assay	27924024	Homo sapiens	GTRD	No	Mm:Q6P9Q3;Rn:D3ZG35	Dr:A2BF92	Mm:Q8VIG0	Dr:A0A0R4IUM4;Rn:M0R4K3
Q9HCK0	O43581	57684	9066	ZBTB26	SYT7	chromatin immunoprecipitation assay	27924024	Homo sapiens	GTRD	No	Mm:Q6P9Q3;Rn:D3ZG35	Dr:A2BF92	Dr:D4P8S0;Mm:Q9R0N7;Rn:Q62747	-
Q9HCK0	Q8NDI1	57684	23301	ZBTB26	EHBP1	chromatin immunoprecipitation assay	27924024	Homo sapiens	GTRD	No	Mm:Q6P9Q3;Rn:D3ZG35	Dr:A2BF92	Mm:Q69ZW3;Rn:F1LVX2	Dm:B7YZI1
Q9HCK0	Q9Y3A4	57684	27341	ZBTB26	RRP7A	chromatin immunoprecipitation assay	27924024	Homo sapiens	GTRD	No	Mm:Q6P9Q3;Rn:D3ZG35	Dr:A2BF92	Dm:Q9VMJ1;Dr:A0A0R4IGH7;Mm:Q9D1C9;Rn:D4AE65	-
Q9HCK0	Q86XW9	57684	347736	ZBTB26	NME9	chromatin immunoprecipitation assay	27924024	Homo sapiens	GTRD	No	Mm:Q6P9Q3;Rn:D3ZG35	Dr:A2BF92	Mm:A0A1L1SUL6;Rn:D3ZGC8	-
Q9HCK0	Q8IWT3	57684	23113	ZBTB26	CUL9	chromatin immunoprecipitation assay	27924024	Homo sapiens	GTRD	No	Mm:Q6P9Q3;Rn:D3ZG35	Dr:A2BF92	Mm:S4R1Y1;Rn:D3ZZP8	-
Q9HCK0	Q2VPB7	57684	91056	ZBTB26	AP5B1	chromatin immunoprecipitation assay	27924024	Homo sapiens	GTRD	No	Mm:Q6P9Q3;Rn:D3ZG35	Dr:A2BF92	Dr:F1QPU4;Mm:Q3TAP4;Rn:D3ZVB0	-
Q9HCK0	Q9UDT6	57684	7461	ZBTB26	CLIP2	chromatin immunoprecipitation assay	27924024	Homo sapiens	GTRD	No	Mm:Q6P9Q3;Rn:D3ZG35	Dr:A2BF92	Dr:F8W339;Mm:Q9Z0H8;Rn:G3V949	-
Q9HCK0	Q9BY43	57684	29082	ZBTB26	CHMP4A	chromatin immunoprecipitation assay	27924024	Homo sapiens	GTRD	No	Mm:Q6P9Q3;Rn:D3ZG35	Dr:A2BF92	-	-
Q9HCK0	P67775	57684	5515	ZBTB26	PPP2CA	chromatin immunoprecipitation assay	27924024	Homo sapiens	GTRD	No	Mm:Q6P9Q3;Rn:D3ZG35	Dr:A2BF92	Dr:Q567Y8;Dr:F1Q6Z7;Mm:P63330	Rn:A0A0G2JYA4;Rn:P63331
Q9HCK0	P0DPD8	57684	110599583;9718	ZBTB26	EEF1AKMT4-ECE2	chromatin immunoprecipitation assay	27924024	Homo sapiens	GTRD	No	Mm:Q6P9Q3;Rn:D3ZG35	Dr:A2BF92	-	-
Q9HCK0	P19022	57684	1000	ZBTB26	CDH2	chromatin immunoprecipitation assay	27924024	Homo sapiens	GTRD	No	Mm:Q6P9Q3;Rn:D3ZG35	Dr:A2BF92	Dr:G1K2E7;Mm:P15116;Rn:G3V803	-
Q9HCK0	Q8WVB3	57684	284004	ZBTB26	HEXD	chromatin immunoprecipitation assay	27924024	Homo sapiens	GTRD	No	Mm:Q6P9Q3;Rn:D3ZG35	Dr:A2BF92	Dm:Q9VEB8;Dr:F1R118;Mm:Q3U4H6;Rn:F1LR76	Ce:Q8WTK2
Q9HCK0	Q9UK85	57684	27120	ZBTB26	DKKL1	chromatin immunoprecipitation assay	27924024	Homo sapiens	GTRD	No	Mm:Q6P9Q3;Rn:D3ZG35	Dr:A2BF92	Mm:Q9QZL9	Rn:D4A444
Q9HCK0	Q99733	57684	4676	ZBTB26	NAP1L4	chromatin immunoprecipitation assay	27924024	Homo sapiens	GTRD	No	Mm:Q6P9Q3;Rn:D3ZG35	Dr:A2BF92	Dr:F1QRV6;Mm:Q78ZA7	Dr:F1QYW8;Rn:A0A0H2UHZ2
Q9HCK0	Q7RTV3	57684	195828	ZBTB26	ZNF367	chromatin immunoprecipitation assay	27924024	Homo sapiens	GTRD	No	Mm:Q6P9Q3;Rn:D3ZG35	Dr:A2BF92	Dr:F1QLC4;Mm:Q0VDT2;Rn:Q5U2Z0	-
Q9HCK0	Q9BW19	57684	3833	ZBTB26	KIFC1	chromatin immunoprecipitation assay	27924024	Homo sapiens	GTRD	No	Mm:Q6P9Q3;Rn:D3ZG35	Dr:A2BF92	Ce:P91400;Dr:Q1LUU7;Mm:E9PUA5;Mm:Q9QWT9;Rn:Q5XI63	-
Q9HCK0	Q9BQ04	57684	83759	ZBTB26	RBM4B	chromatin immunoprecipitation assay	27924024	Homo sapiens	GTRD	No	Mm:Q6P9Q3;Rn:D3ZG35	Dr:A2BF92	Mm:Q8VE92;Rn:Q64LC9	Dr:Q6IQ97
Q9HCK0	Q9GZR1	57684	26054	ZBTB26	SENP6	chromatin immunoprecipitation assay	27924024	Homo sapiens	GTRD	No	Mm:Q6P9Q3;Rn:D3ZG35	Dr:A2BF92	Mm:Q6P7W0;Rn:F1LU78	-
Q9HCK0	Q86WW8	57684	493753	ZBTB26	COA5	chromatin immunoprecipitation assay	27924024	Homo sapiens	GTRD	No	Mm:Q6P9Q3;Rn:D3ZG35	Dr:A2BF92	Ce:Q9XW18;Dm:Q4V429;Dr:B0S740;Mm:Q99M07;Rn:D3ZB55	-
Q9HCK0	Q96FN5	57684	113220	ZBTB26	KIF12	chromatin immunoprecipitation assay	27924024	Homo sapiens	GTRD	No	Mm:Q6P9Q3;Rn:D3ZG35	Dr:A2BF92	-	-
Q9HCK0	Q8NE86	57684	90550	ZBTB26	MCU	chromatin immunoprecipitation assay	27924024	Homo sapiens	GTRD	No	Mm:Q6P9Q3;Rn:D3ZG35	Dr:A2BF92	Ce:Q21121;Dm:Q8IQ70;Dr:F1QT29;Mm:Q3UMR5;Rn:M0RDI5	-
Q9HCK0	Q7Z713	57684	353322	ZBTB26	ANKRD37	chromatin immunoprecipitation assay	27924024	Homo sapiens	GTRD	No	Mm:Q6P9Q3;Rn:D3ZG35	Dr:A2BF92	Mm:Q569N2;Rn:B2RYS4	-
Q9HCK0	Q9Y4P8	57684	26100	ZBTB26	WIPI2	chromatin immunoprecipitation assay	27924024	Homo sapiens	GTRD	No	Mm:Q6P9Q3;Rn:D3ZG35	Dr:A2BF92	Dr:F1QLJ9;Rn:Q6AY57	Dm:M9PHS3;Mm:D3YWK1
Q9HCK0	Q86SE9	57684	84333	ZBTB26	PCGF5	chromatin immunoprecipitation assay	27924024	Homo sapiens	GTRD	No	Mm:Q6P9Q3;Rn:D3ZG35	Dr:A2BF92	Dr:Q1JPS1;Mm:Q3UK78;Rn:A0A0G2K8R7	-
Q9HCK0	Q9H4I2	57684	23051	ZBTB26	ZHX3	chromatin immunoprecipitation assay	27924024	Homo sapiens	GTRD	No	Mm:Q6P9Q3;Rn:D3ZG35	Dr:A2BF92	Mm:Q8C0Q2;Rn:Q80Z36	Dr:F1QQ52
Q9HCK0	O60894	57684	10267	ZBTB26	RAMP1	chromatin immunoprecipitation assay	27924024	Homo sapiens	GTRD	No	Mm:Q6P9Q3;Rn:D3ZG35	Dr:A2BF92	Dr:Q6DGA3;Mm:Q9WTJ5;Rn:Q9JJ74	-
Q9HCK0	P04181	57684	4942	ZBTB26	OAT	chromatin immunoprecipitation assay	27924024	Homo sapiens	GTRD	No	Mm:Q6P9Q3;Rn:D3ZG35	Dr:A2BF92	Ce:Q18040;Dm:Q9VW26;Dr:F8W5L3;Mm:P29758;Rn:P04182;Sc:P07991	-
Q9HCK0	P29320	57684	2042	ZBTB26	EPHA3	chromatin immunoprecipitation assay	27924024	Homo sapiens	GTRD	No	Mm:Q6P9Q3;Rn:D3ZG35	Dr:A2BF92	Mm:Q8BRB1;Rn:G3V9D5	-
Q9HCK0	Q05516	57684	7704	ZBTB26	ZBTB16	chromatin immunoprecipitation assay	27924024	Homo sapiens	GTRD	No	Mm:Q6P9Q3;Rn:D3ZG35	Dr:A2BF92	Dr:E7FDS7;Mm:Q3UQ17;Rn:Q5S3S9	-
Q9HCK0	A4D1P6	57684	29062	ZBTB26	WDR91	chromatin immunoprecipitation assay	27924024	Homo sapiens	GTRD	No	Mm:Q6P9Q3;Rn:D3ZG35	Dr:A2BF92	Dr:A0A0R4I9H3;Mm:Q7TMQ7;Rn:B2RYI0	-
Q9HCK0	Q504Y3	57684	152098	ZBTB26	ZCWPW2	chromatin immunoprecipitation assay	27924024	Homo sapiens	GTRD	No	Mm:Q6P9Q3;Rn:D3ZG35	Dr:A2BF92	-	Mm:Q08EN7;Rn:A0A0G2K432
Q9HCK0	O14776	57684	10915	ZBTB26	TCERG1	chromatin immunoprecipitation assay	27924024	Homo sapiens	GTRD	No	Mm:Q6P9Q3;Rn:D3ZG35	Dr:A2BF92	Ce:Q95PX7;Mm:Q8CGF7;Rn:D3ZTL0	Dm:Q6NN86
Q9HCK0	Q9BZC7	57684	20	ZBTB26	ABCA2	chromatin immunoprecipitation assay	27924024	Homo sapiens	GTRD	No	Mm:Q6P9Q3;Rn:D3ZG35	Dr:A2BF92	Ce:Q1RS86;Dr:A2BI69;Mm:A2AJ26;Rn:G3V7X4	-
Q9HCK0	Q14160	57684	23513	ZBTB26	SCRIB	chromatin immunoprecipitation assay	27924024	Homo sapiens	GTRD	No	Mm:Q6P9Q3;Rn:D3ZG35	Dr:A2BF92	-	-
Q9HCK0	Q8WUB2	57684	29902	ZBTB26	FAM216A	chromatin immunoprecipitation assay	27924024	Homo sapiens	GTRD	No	Mm:Q6P9Q3;Rn:D3ZG35	Dr:A2BF92	Mm:Q9DB54;Rn:Q5U1Y9	-
Q9HCK0	Q9UPY8	57684	22924	ZBTB26	MAPRE3	chromatin immunoprecipitation assay	27924024	Homo sapiens	GTRD	No	Mm:Q6P9Q3;Rn:D3ZG35	Dr:A2BF92	Dr:Q6GMJ3;Mm:Q6PER3;Rn:Q5XIT1	Dr:Q4V903
Q9HCK0	P46734	57684	5606	ZBTB26	MAP2K3	chromatin immunoprecipitation assay	27924024	Homo sapiens	GTRD	No	Mm:Q6P9Q3;Rn:D3ZG35	Dr:A2BF92	Mm:O09110	Rn:B1H230
Q9HCK0	J3KR12	57684	-	ZBTB26	-	chromatin immunoprecipitation assay	27924024	Homo sapiens	GTRD	No	Mm:Q6P9Q3;Rn:D3ZG35	Dr:A2BF92	-	-
Q9HCK0	Q96PD2	57684	131566	ZBTB26	DCBLD2	chromatin immunoprecipitation assay	27924024	Homo sapiens	GTRD	No	Mm:Q6P9Q3;Rn:D3ZG35	Dr:A2BF92	Dr:B0S5V9;Mm:Q91ZV3;Rn:A0A0G2JWS6	-
Q9HCK0	Q15814	57684	6903	ZBTB26	TBCC	chromatin immunoprecipitation assay	27924024	Homo sapiens	GTRD	No	Mm:Q6P9Q3;Rn:D3ZG35	Dr:A2BF92	Ce:Q3V5J2;Dm:Q95TP0;Dr:F1QJC8;Mm:A0A0R4J0M1;Rn:B2GUZ7	-
Q9HCK0	P04080	57684	1476	ZBTB26	CSTB	chromatin immunoprecipitation assay	27924024	Homo sapiens	GTRD	No	Mm:Q6P9Q3;Rn:D3ZG35	Dr:A2BF92	Mm:Q62426;Rn:P01041	-
Q9HCK0	Q58DX5	57684	254827	ZBTB26	NAALADL2	chromatin immunoprecipitation assay	27924024	Homo sapiens	GTRD	No	Mm:Q6P9Q3;Rn:D3ZG35	Dr:A2BF92	Mm:A0A0N4SUJ3;Sc:Q08693	-
Q9HCK0	P57789	57684	54207	ZBTB26	KCNK10	chromatin immunoprecipitation assay	27924024	Homo sapiens	GTRD	No	Mm:Q6P9Q3;Rn:D3ZG35	Dr:A2BF92	Mm:Q8BUW1;Rn:Q9JIS4	Dr:C3VPM9
Q9HCK0	P55769	57684	4809	ZBTB26	SNU13	chromatin immunoprecipitation assay	27924024	Homo sapiens	GTRD	No	Mm:Q6P9Q3;Rn:D3ZG35	Dr:A2BF92	Ce:Q21568;Dm:Q9U3Z7;Dr:Q7ZU93;Mm:Q9D0T1;Rn:P55770;Sc:P39990	Dr:Q7ZV23
Q9HCK0	Q96LR2	57684	541468	ZBTB26	LURAP1	chromatin immunoprecipitation assay	27924024	Homo sapiens	GTRD	No	Mm:Q6P9Q3;Rn:D3ZG35	Dr:A2BF92	Mm:Q9D6I9;Rn:D4A8G3	-
Q9HCK0	Q86WZ0	57684	399671	ZBTB26	HEATR4	chromatin immunoprecipitation assay	27924024	Homo sapiens	GTRD	No	Mm:Q6P9Q3;Rn:D3ZG35	Dr:A2BF92	Mm:E9Q357;Rn:D3ZSB9	-
Q9HCK0	P61513	57684	6168	ZBTB26	RPL37A	chromatin immunoprecipitation assay	27924024	Homo sapiens	GTRD	No	Mm:Q6P9Q3;Rn:D3ZG35	Dr:A2BF92	Ce:Q9U2A8;Mm:P61514;Rn:A0A0H2UHU1;Sc:P0CX25	Dm:Q9VMU4;Dr:A7YY10;Rn:D4A7B1
Q9HCK0	O75533	57684	23451	ZBTB26	SF3B1	chromatin immunoprecipitation assay	27924024	Homo sapiens	GTRD	No	Mm:Q6P9Q3;Rn:D3ZG35	Dr:A2BF92	Ce:G5EEQ8;Dm:Q9VPR5;Dr:F1QQZ1;Mm:G5E866;Rn:G3V7T6;Sc:P49955	-
Q9HCK0	Q14674	57684	9700	ZBTB26	ESPL1	chromatin immunoprecipitation assay	27924024	Homo sapiens	GTRD	No	Mm:Q6P9Q3;Rn:D3ZG35	Dr:A2BF92	Dr:E7FDD8;Mm:P60330	Rn:D3ZDT7
Q9HCK0	A6NLC5	57684	285382	ZBTB26	C3orf70	chromatin immunoprecipitation assay	27924024	Homo sapiens	GTRD	No	Mm:Q6P9Q3;Rn:D3ZG35	Dr:A2BF92	Mm:Q6GQU0;Rn:D4AC80	Dr:Q1LY84
Q9HCK0	Q96NA8	57684	203062	ZBTB26	TSNARE1	chromatin immunoprecipitation assay	27924024	Homo sapiens	GTRD	No	Mm:Q6P9Q3;Rn:D3ZG35	Dr:A2BF92	-	-
Q9HCK0	Q8IXF0	57684	64067	ZBTB26	NPAS3	chromatin immunoprecipitation assay	27924024	Homo sapiens	GTRD	No	Mm:Q6P9Q3;Rn:D3ZG35	Dr:A2BF92	-	-
Q9HCK0	P12235	57684	291	ZBTB26	SLC25A4	chromatin immunoprecipitation assay	27924024	Homo sapiens	GTRD	No	Mm:Q6P9Q3;Rn:D3ZG35	Dr:A2BF92	Dr:Q6NX10;Mm:P48962;Rn:Q6P9Y4	-
Q9HCK0	K7EIL6	57684	-	ZBTB26	-	chromatin immunoprecipitation assay	27924024	Homo sapiens	GTRD	No	Mm:Q6P9Q3;Rn:D3ZG35	Dr:A2BF92	-	-
Q9HCK0	Q5T0Z8	57684	647024	ZBTB26	C6orf132	chromatin immunoprecipitation assay	27924024	Homo sapiens	GTRD	No	Mm:Q6P9Q3;Rn:D3ZG35	Dr:A2BF92	Mm:Q91Z58;Rn:D3ZVE5	-
Q9HCK0	Q9Y6B6	57684	51128	ZBTB26	SAR1B	chromatin immunoprecipitation assay	27924024	Homo sapiens	GTRD	No	Mm:Q6P9Q3;Rn:D3ZG35	Dr:A2BF92	Mm:Q9CQC9;Rn:Q5HZY2	-
Q9HCK0	O94967	57684	22911	ZBTB26	WDR47	chromatin immunoprecipitation assay	27924024	Homo sapiens	GTRD	No	Mm:Q6P9Q3;Rn:D3ZG35	Dr:A2BF92	Ce:H2KZG7;Dr:E7F4B9;Mm:Q8CGF6;Rn:G3V9M3	-
Q9HCK0	Q86UW6	57684	55728	ZBTB26	N4BP2	chromatin immunoprecipitation assay	27924024	Homo sapiens	GTRD	No	Mm:Q6P9Q3;Rn:D3ZG35	Dr:A2BF92	Mm:F8VQG7	Dr:F1QPQ8;Rn:D3ZLS6
Q9HCK0	O75309	57684	1014	ZBTB26	CDH16	chromatin immunoprecipitation assay	27924024	Homo sapiens	GTRD	No	Mm:Q6P9Q3;Rn:D3ZG35	Dr:A2BF92	Mm:O88338;Rn:G3V7L4	-
Q9HCK0	Q8NI99	57684	83854	ZBTB26	ANGPTL6	chromatin immunoprecipitation assay	27924024	Homo sapiens	GTRD	No	Mm:Q6P9Q3;Rn:D3ZG35	Dr:A2BF92	Mm:Q8R0Z6;Rn:B2RYM1	-
Q9HCK0	Q00973	57684	2583	ZBTB26	B4GALNT1	chromatin immunoprecipitation assay	27924024	Homo sapiens	GTRD	No	Mm:Q6P9Q3;Rn:D3ZG35	Dr:A2BF92	Dr:X1WFC5;Mm:Q09200;Rn:Q10468	-
Q9HCK0	Q8N4P6	57684	149499	ZBTB26	LRRC71	chromatin immunoprecipitation assay	27924024	Homo sapiens	GTRD	No	Mm:Q6P9Q3;Rn:D3ZG35	Dr:A2BF92	Mm:Q9D3W5	Dr:Q1L8U9;Rn:D3ZTZ6
Q9HCK0	Q9H8J5	57684	54682	ZBTB26	MANSC1	chromatin immunoprecipitation assay	27924024	Homo sapiens	GTRD	No	Mm:Q6P9Q3;Rn:D3ZG35	Dr:A2BF92	Mm:Q9CR33;Rn:D4AE21	Dr:A2RUY0
Q9HCK0	Q49A26	57684	84656	ZBTB26	GLYR1	chromatin immunoprecipitation assay	27924024	Homo sapiens	GTRD	No	Mm:Q6P9Q3;Rn:D3ZG35	Dr:A2BF92	Dm:Q8T079;Dr:A0A0R4IMF9;Rn:Q5RKH0	Mm:D3YYT1
Q9HCK0	Q9ULJ1	57684	57489	ZBTB26	ODF2L	chromatin immunoprecipitation assay	27924024	Homo sapiens	GTRD	No	Mm:Q6P9Q3;Rn:D3ZG35	Dr:A2BF92	Mm:Q9D478;Rn:A0A0G2K7F1	-
Q9HCK0	P57073	57684	30812	ZBTB26	SOX8	chromatin immunoprecipitation assay	27924024	Homo sapiens	GTRD	No	Mm:Q6P9Q3;Rn:D3ZG35	Dr:A2BF92	Mm:Q04886;Rn:D3ZR96	Dr:A0A0R4ITJ3;Dr:F1R1S3
Q9HCK0	Q96KR1	57684	51663	ZBTB26	ZFR	chromatin immunoprecipitation assay	27924024	Homo sapiens	GTRD	No	Mm:Q6P9Q3;Rn:D3ZG35	Dr:A2BF92	Dm:Q86BI3;Mm:O88532	Rn:A0A0H2UHJ5
Q9HCK0	P80108	57684	2822	ZBTB26	GPLD1	chromatin immunoprecipitation assay	27924024	Homo sapiens	GTRD	No	Mm:Q6P9Q3;Rn:D3ZG35	Dr:A2BF92	Mm:Q8VCU2;Rn:G3V8B1	-
Q9HCK0	Q14573	57684	3710	ZBTB26	ITPR3	chromatin immunoprecipitation assay	27924024	Homo sapiens	GTRD	No	Mm:Q6P9Q3;Rn:D3ZG35	Dr:A2BF92	Mm:P70227;Rn:C7E1V1	-
Q9HCK0	A0A1B0GUK7	57684	-	ZBTB26	IQANK1	chromatin immunoprecipitation assay	27924024	Homo sapiens	GTRD	No	Mm:Q6P9Q3;Rn:D3ZG35	Dr:A2BF92	-	-
Q9HCK0	A5PKW4	57684	5662	ZBTB26	PSD	chromatin immunoprecipitation assay	27924024	Homo sapiens	GTRD	No	Mm:Q6P9Q3;Rn:D3ZG35	Dr:A2BF92	Mm:Q5DTT2;Rn:G3V8J5	-
Q9HCK0	Q9C0K0	57684	64919	ZBTB26	BCL11B	chromatin immunoprecipitation assay	27924024	Homo sapiens	GTRD	No	Mm:Q6P9Q3;Rn:D3ZG35	Dr:A2BF92	Mm:Q99PV8	Dr:X1WBZ3;Rn:D4A0W4
Q9HCK0	Q9UHX1	57684	22827	ZBTB26	PUF60	chromatin immunoprecipitation assay	27924024	Homo sapiens	GTRD	No	Mm:Q6P9Q3;Rn:D3ZG35	Dr:A2BF92	Ce:Q9N3S4;Mm:Q3UEB3	Dr:B0S627;Rn:A0A0H2UHZ6
Q9HCK0	Q9Y330	57684	221527	ZBTB26	ZBTB12	chromatin immunoprecipitation assay	27924024	Homo sapiens	GTRD	No	Mm:Q6P9Q3;Rn:D3ZG35	Dr:A2BF92	Dr:Q1LWQ4;Dr:Q1LWQ5;Mm:Q9Z150;Rn:B5DFJ8	Dm:A0A0B4K6F4
Q9HCK0	A0A0A6YYH1	57684	100526783	ZBTB26	C15orf38-AP3S2	chromatin immunoprecipitation assay	27924024	Homo sapiens	GTRD	No	Mm:Q6P9Q3;Rn:D3ZG35	Dr:A2BF92	-	-
Q9HCK0	P48552	57684	8204	ZBTB26	NRIP1	chromatin immunoprecipitation assay	27924024	Homo sapiens	GTRD	No	Mm:Q6P9Q3;Rn:D3ZG35	Dr:A2BF92	Dr:F1QMY9;Mm:Q8CBD1;Rn:G3V672	-
Q9HCK0	P82251	57684	11136	ZBTB26	SLC7A9	chromatin immunoprecipitation assay	27924024	Homo sapiens	GTRD	No	Mm:Q6P9Q3;Rn:D3ZG35	Dr:A2BF92	Dr:F1QGJ2;Mm:Q9QXA6;Rn:P82252	Dm:Q9VY26
Q9HCK0	Q9H0F6	57684	81858	ZBTB26	SHARPIN	chromatin immunoprecipitation assay	27924024	Homo sapiens	GTRD	No	Mm:Q6P9Q3;Rn:D3ZG35	Dr:A2BF92	Mm:Q91WA6;Rn:Q9EQL9	Dr:X1WDE8
Q9HCK0	P10114	57684	5911	ZBTB26	RAP2A	chromatin immunoprecipitation assay	27924024	Homo sapiens	GTRD	No	Mm:Q6P9Q3;Rn:D3ZG35	Dr:A2BF92	Dr:B8JIV0;Dr:E7F144;Mm:Q80ZJ1;Rn:A0A0G2JTW1	-
Q9HCK0	O75208	57684	57017	ZBTB26	COQ9	chromatin immunoprecipitation assay	27924024	Homo sapiens	GTRD	No	Mm:Q6P9Q3;Rn:D3ZG35	Dr:A2BF92	Dm:Q8MKN0;Dr:A2AV34;Mm:Q8K1Z0;Rn:Q68FT1	-
Q9HCK0	P62068	57684	64854	ZBTB26	USP46	chromatin immunoprecipitation assay	27924024	Homo sapiens	GTRD	No	Mm:Q6P9Q3;Rn:D3ZG35	Dr:A2BF92	Dr:A5WWB0;Mm:P62069;Rn:F1M625	-
Q9HCK0	Q96ND0	57684	125228	ZBTB26	FAM210A	chromatin immunoprecipitation assay	27924024	Homo sapiens	GTRD	No	Mm:Q6P9Q3;Rn:D3ZG35	Dr:A2BF92	Mm:Q8BGY7;Rn:Q5XIJ4	-
Q9HCK0	Q5XG99	57684	145748	ZBTB26	LYSMD4	chromatin immunoprecipitation assay	27924024	Homo sapiens	GTRD	No	Mm:Q6P9Q3;Rn:D3ZG35	Dr:A2BF92	Mm:Q8CC84;Rn:M0R4W5	Dr:Q6P606
Q9HCK0	Q5JTD0	57684	93643	ZBTB26	TJAP1	chromatin immunoprecipitation assay	27924024	Homo sapiens	GTRD	No	Mm:Q6P9Q3;Rn:D3ZG35	Dr:A2BF92	Dr:B8JJU5;Mm:Q9DCD5;Rn:A0A0G2K0W5	-
Q9HCK0	P36871	57684	5236	ZBTB26	PGM1	chromatin immunoprecipitation assay	27924024	Homo sapiens	GTRD	No	Mm:Q6P9Q3;Rn:D3ZG35	Dr:A2BF92	Rn:Q499Q4	Mm:A2CEK3
Q9HCK0	Q6PK18	57684	79701	ZBTB26	OGFOD3	chromatin immunoprecipitation assay	27924024	Homo sapiens	GTRD	No	Mm:Q6P9Q3;Rn:D3ZG35	Dr:A2BF92	Mm:Q9D136;Rn:Q5M843	Dr:U3JAZ6
Q9HCK0	Q8TE02	57684	23587	ZBTB26	ELP5	chromatin immunoprecipitation assay	27924024	Homo sapiens	GTRD	No	Mm:Q6P9Q3;Rn:D3ZG35	Dr:A2BF92	Dr:A0A0R4IWA5;Mm:Q99L85;Rn:B0BMU7	-
Q9HCK0	Q68DU8	57684	57528	ZBTB26	KCTD16	chromatin immunoprecipitation assay	27924024	Homo sapiens	GTRD	No	Mm:Q6P9Q3;Rn:D3ZG35	Dr:A2BF92	Mm:Q5DTY9	Dr:F1QNY4
Q9HCK0	Q5JRA6	57684	375056	ZBTB26	MIA3	chromatin immunoprecipitation assay	27924024	Homo sapiens	GTRD	No	Mm:Q6P9Q3;Rn:D3ZG35	Dr:A2BF92	Dr:F1R5N2;Rn:A0A0G2JVM2	-
Q9HCK0	Q8NA82	57684	162333	ZBTB26	MARCHF10	chromatin immunoprecipitation assay	27924024	Homo sapiens	GTRD	No	Mm:Q6P9Q3;Rn:D3ZG35	Dr:A2BF92	Mm:E9PX79	Rn:Q5XIV2
Q9HCK0	Q969G9	57684	85407	ZBTB26	NKD1	chromatin immunoprecipitation assay	27924024	Homo sapiens	GTRD	No	Mm:Q6P9Q3;Rn:D3ZG35	Dr:A2BF92	Dr:Q2TJA6;Mm:Q99MH6;Rn:D4AAV5	-
Q9HCK0	Q9Y6Q9	57684	8202	ZBTB26	NCOA3	chromatin immunoprecipitation assay	27924024	Homo sapiens	GTRD	No	Mm:Q6P9Q3;Rn:D3ZG35	Dr:A2BF92	Dr:F1QMV7;Rn:F1M8E5	Mm:Q05BA5
Q9HCK0	Q8N8Q9	57684	81614	ZBTB26	NIPA2	chromatin immunoprecipitation assay	27924024	Homo sapiens	GTRD	No	Mm:Q6P9Q3;Rn:D3ZG35	Dr:A2BF92	Dr:Q6P694;Mm:Q9JJC8;Rn:D3ZUV1	-
Q9HCK0	Q8IZD9	57684	1795	ZBTB26	DOCK3	chromatin immunoprecipitation assay	27924024	Homo sapiens	GTRD	No	Mm:Q6P9Q3;Rn:D3ZG35	Dr:A2BF92	Mm:F8VPQ1;Rn:F1M4N6	Dr:F8W4T6
Q9HCK0	Q8NCG7	57684	221955	ZBTB26	DAGLB	chromatin immunoprecipitation assay	27924024	Homo sapiens	GTRD	No	Mm:Q6P9Q3;Rn:D3ZG35	Dr:A2BF92	Ce:H2KY93;Dr:E7FDG8;Mm:Q91WC9	Rn:D3Z890
Q9HCK0	O75845	57684	6309	ZBTB26	SC5D	chromatin immunoprecipitation assay	27924024	Homo sapiens	GTRD	No	Mm:Q6P9Q3;Rn:D3ZG35	Dr:A2BF92	Dr:F1QG97;Mm:O88822;Rn:Q9EQS5;Sc:P32353	-
Q9HCK0	Q5TF58	57684	126917	ZBTB26	IFFO2	chromatin immunoprecipitation assay	27924024	Homo sapiens	GTRD	No	Mm:Q6P9Q3;Rn:D3ZG35	Dr:A2BF92	Mm:Q8R2V2	Dr:A0A0G2KLD3
Q9HCK0	Q9BVC3	57684	79075	ZBTB26	DSCC1	chromatin immunoprecipitation assay	27924024	Homo sapiens	GTRD	No	Mm:Q6P9Q3;Rn:D3ZG35	Dr:A2BF92	Ce:O44992;Dm:Q4V3Z5;Dr:F1R3R4;Mm:Q14AI0;Rn:D4ACA3;Sc:P25559	-
Q9HCK0	Q9H8Y8	57684	26003	ZBTB26	GORASP2	chromatin immunoprecipitation assay	27924024	Homo sapiens	GTRD	No	Mm:Q6P9Q3;Rn:D3ZG35	Dr:A2BF92	Dr:F1RBF9;Mm:Q99JX3;Rn:Q68G33	-
Q9HCK0	Q96KA5	57684	81037	ZBTB26	CLPTM1L	chromatin immunoprecipitation assay	27924024	Homo sapiens	GTRD	No	Mm:Q6P9Q3;Rn:D3ZG35	Dr:A2BF92	Dm:Q9VYG3;Dr:Q6DHU1;Mm:Q8BXA5;Rn:D4A416	Ce:Q95QB1
Q9HCK0	O00548	57684	28514	ZBTB26	DLL1	chromatin immunoprecipitation assay	27924024	Homo sapiens	GTRD	No	Mm:Q6P9Q3;Rn:D3ZG35	Dr:A2BF92	Dr:F1QFH0;Dr:F1R7K3;Mm:Q61483;Rn:G3V7W6	-
Q9HCK0	P82664	57684	55173	ZBTB26	MRPS10	chromatin immunoprecipitation assay	27924024	Homo sapiens	GTRD	No	Mm:Q6P9Q3;Rn:D3ZG35	Dr:A2BF92	Dr:Q1LVB6;Mm:G5E8U5	Rn:A0A0G2K7L0
Q9HCK0	O60266	57684	109	ZBTB26	ADCY3	chromatin immunoprecipitation assay	27924024	Homo sapiens	GTRD	No	Mm:Q6P9Q3;Rn:D3ZG35	Dr:A2BF92	-	-
Q9HCK0	Q9Y3B3	57684	100302736;51014	ZBTB26	TMED7	chromatin immunoprecipitation assay	27924024	Homo sapiens	GTRD	No	Mm:Q6P9Q3;Rn:D3ZG35	Dr:A2BF92	Dr:F1RAM9;Mm:D3YZZ5;Rn:D3ZTX0	-
Q9HCK0	Q8IWU2	57684	22853	ZBTB26	LMTK2	chromatin immunoprecipitation assay	27924024	Homo sapiens	GTRD	No	Mm:Q6P9Q3;Rn:D3ZG35	Dr:A2BF92	Mm:Q3TYD6;Rn:D3ZBH5	-
Q9HCK0	A6NEQ2	57684	220382	ZBTB26	FAM181B	chromatin immunoprecipitation assay	27924024	Homo sapiens	GTRD	No	Mm:Q6P9Q3;Rn:D3ZG35	Dr:A2BF92	Mm:A0A140LHM6;Rn:B0BN67	-
Q9HCK0	P09471	57684	2775	ZBTB26	GNAO1	chromatin immunoprecipitation assay	27924024	Homo sapiens	GTRD	No	Mm:Q6P9Q3;Rn:D3ZG35	Dr:A2BF92	Ce:P51875;Dm:P16378;Dr:Q6P967;Rn:P59215	-
Q9HCK0	Q9HD20	57684	57130	ZBTB26	ATP13A1	chromatin immunoprecipitation assay	27924024	Homo sapiens	GTRD	No	Mm:Q6P9Q3;Rn:D3ZG35	Dr:A2BF92	Ce:P90747;Dm:Q9VKJ6;Dr:F1R1X4;Mm:Q9EPE9;Rn:G3V7I3;Sc:P39986	-
Q9HCK0	Q99619	57684	84727	ZBTB26	SPSB2	chromatin immunoprecipitation assay	27924024	Homo sapiens	GTRD	No	Mm:Q6P9Q3;Rn:D3ZG35	Dr:A2BF92	Mm:O88838	Rn:Q5M877
Q9HCK0	Q9Y5Q8	57684	9328	ZBTB26	GTF3C5	chromatin immunoprecipitation assay	27924024	Homo sapiens	GTRD	No	Mm:Q6P9Q3;Rn:D3ZG35	Dr:A2BF92	Ce:Q22093;Dm:Q9VIZ2;Dr:E7EZ29;Mm:Q8R2T8;Rn:A1L1K6	-
Q9HCK0	Q9Y519	57684	25829	ZBTB26	TMEM184B	chromatin immunoprecipitation assay	27924024	Homo sapiens	GTRD	No	Mm:Q6P9Q3;Rn:D3ZG35	Dr:A2BF92	Ce:G5EGF1;Dm:Q960F6;Dr:F1QSM8;Mm:Q8BG09;Rn:A0A0G2K0C2	-
Q9HCK0	Q9BYU1	57684	80714	ZBTB26	PBX4	chromatin immunoprecipitation assay	27924024	Homo sapiens	GTRD	No	Mm:Q6P9Q3;Rn:D3ZG35	Dr:A2BF92	Mm:Q99NE9;Rn:D4AA41	-
Q9HCK0	Q8IYD8	57684	57697	ZBTB26	FANCM	chromatin immunoprecipitation assay	27924024	Homo sapiens	GTRD	No	Mm:Q6P9Q3;Rn:D3ZG35	Dr:A2BF92	Mm:Q8BGE5;Rn:A0A0G2K7F0	-
Q9HCK0	Q09666	57684	79026	ZBTB26	AHNAK	chromatin immunoprecipitation assay	27924024	Homo sapiens	GTRD	No	Mm:Q6P9Q3;Rn:D3ZG35	Dr:A2BF92	Mm:E9Q616;Rn:A0A0G2JUA5	-
Q9HCK0	Q96T49	57684	26051	ZBTB26	PPP1R16B	chromatin immunoprecipitation assay	27924024	Homo sapiens	GTRD	No	Mm:Q6P9Q3;Rn:D3ZG35	Dr:A2BF92	Mm:Q8VHQ3;Rn:D4AA72	-
Q9HCK0	Q6Y2X3	57684	85406	ZBTB26	DNAJC14	chromatin immunoprecipitation assay	27924024	Homo sapiens	GTRD	No	Mm:Q6P9Q3;Rn:D3ZG35	Dr:A2BF92	Mm:Q921R4;Rn:Q5XIX0	-
Q9HCK0	P28290	57684	6744	ZBTB26	ITPRID2	chromatin immunoprecipitation assay	27924024	Homo sapiens	GTRD	No	Mm:Q6P9Q3;Rn:D3ZG35	Dr:A2BF92	Dr:F8W618;Mm:Q922B9;Rn:D3ZLC3	-
Q9HCK0	P26885	57684	2286	ZBTB26	FKBP2	chromatin immunoprecipitation assay	27924024	Homo sapiens	GTRD	No	Mm:Q6P9Q3;Rn:D3ZG35	Dr:A2BF92	-	-
Q9HCK0	Q6UXT8	57684	389658	ZBTB26	ALKAL1	chromatin immunoprecipitation assay	27924024	Homo sapiens	GTRD	No	Mm:Q6P9Q3;Rn:D3ZG35	Dr:A2BF92	Mm:J3QPP8	Rn:M0R9C8
Q9HCK0	Q99742	57684	4861	ZBTB26	NPAS1	chromatin immunoprecipitation assay	27924024	Homo sapiens	GTRD	No	Mm:Q6P9Q3;Rn:D3ZG35	Dr:A2BF92	Ce:O44712;Mm:P97459	Dm:A0A0B4KFY1;Rn:D3ZJ66
Q9HCK0	A0A1B0GTB2	57684	-	ZBTB26	TUNAR	chromatin immunoprecipitation assay	27924024	Homo sapiens	GTRD	No	Mm:Q6P9Q3;Rn:D3ZG35	Dr:A2BF92	-	-
Q9HCK0	Q9BQ13	57684	65987	ZBTB26	KCTD14	chromatin immunoprecipitation assay	27924024	Homo sapiens	GTRD	No	Mm:Q6P9Q3;Rn:D3ZG35	Dr:A2BF92	Mm:A0A0U1RNG7;Rn:F1M0C4	Dr:A0A2R8RRJ7
Q9HCK0	Q9Y2B2	57684	9487	ZBTB26	PIGL	chromatin immunoprecipitation assay	27924024	Homo sapiens	GTRD	No	Mm:Q6P9Q3;Rn:D3ZG35	Dr:A2BF92	Ce:D4YWC2;Dr:B0R186;Mm:Q5SX19;Rn:O35790;Sc:P23797	-
Q9HCK0	Q8IVU1	57684	9543	ZBTB26	IGDCC3	chromatin immunoprecipitation assay	27924024	Homo sapiens	GTRD	No	Mm:Q6P9Q3;Rn:D3ZG35	Dr:A2BF92	Dr:F1RAD6;Mm:Q8BQC3;Rn:D3ZQ86	-
Q9HCK0	Q92542	57684	23385	ZBTB26	NCSTN	chromatin immunoprecipitation assay	27924024	Homo sapiens	GTRD	No	Mm:Q6P9Q3;Rn:D3ZG35	Dr:A2BF92	Ce:Q23316;Dm:Q9VC27;Mm:P57716;Rn:Q8CGU6	-
Q9HCK0	P28066	57684	5686	ZBTB26	PSMA5	chromatin immunoprecipitation assay	27924024	Homo sapiens	GTRD	No	Mm:Q6P9Q3;Rn:D3ZG35	Dr:A2BF92	Ce:Q95008;Dm:Q95083;Dr:Q6TGV6;Mm:Q9Z2U1;Rn:Q6P9V6;Sc:P32379	-
Q9HCK0	Q8NEY4	57684	245973	ZBTB26	ATP6V1C2	chromatin immunoprecipitation assay	27924024	Homo sapiens	GTRD	No	Mm:Q6P9Q3;Rn:D3ZG35	Dr:A2BF92	Mm:Q99L60;Rn:M0RBN8	-
Q9HCK0	Q96QE2	57684	114134	ZBTB26	SLC2A13	chromatin immunoprecipitation assay	27924024	Homo sapiens	GTRD	No	Mm:Q6P9Q3;Rn:D3ZG35	Dr:A2BF92	Ce:Q21455;Ce:Q9XXR3;Mm:Q3UHK1;Rn:Q921A2	Ce:Q9XXQ9;Dm:A0A0B4KEF1;Dr:X1WEW2
Q9HCK0	Q6P2E9	57684	23644	ZBTB26	EDC4	chromatin immunoprecipitation assay	27924024	Homo sapiens	GTRD	No	Mm:Q6P9Q3;Rn:D3ZG35	Dr:A2BF92	Dm:Q9VKK1;Mm:A0A0R4J1Q0	Dr:A0A0R4IB26;Rn:F7F707
Q9HCK0	O75643	57684	23020	ZBTB26	SNRNP200	chromatin immunoprecipitation assay	27924024	Homo sapiens	GTRD	No	Mm:Q6P9Q3;Rn:D3ZG35	Dr:A2BF92	Ce:Q9U2G0;Dm:Q9VUV9;Mm:Q6P4T2;Rn:M3ZCQ2;Sc:P32639	Dr:B0S754
Q9HCK0	Q9BZD6	57684	79056	ZBTB26	PRRG4	chromatin immunoprecipitation assay	27924024	Homo sapiens	GTRD	No	Mm:Q6P9Q3;Rn:D3ZG35	Dr:A2BF92	Mm:Q8BGN6;Rn:D3ZZA9	Dr:Q568L1
Q9HCK0	Q9H082	57684	83452	ZBTB26	RAB33B	chromatin immunoprecipitation assay	27924024	Homo sapiens	GTRD	No	Mm:Q6P9Q3;Rn:D3ZG35	Dr:A2BF92	-	-
Q9HCK0	P49903	57684	22929	ZBTB26	SEPHS1	chromatin immunoprecipitation assay	27924024	Homo sapiens	GTRD	No	Mm:Q6P9Q3;Rn:D3ZG35	Dr:A2BF92	Dr:Q7ZW38;Mm:Q8BH69;Rn:D3ZFY0	-
Q9HCK0	Q5H9S7	57684	80067	ZBTB26	DCAF17	chromatin immunoprecipitation assay	27924024	Homo sapiens	GTRD	No	Mm:Q6P9Q3;Rn:D3ZG35	Dr:A2BF92	Dr:A8WHR0;Mm:Q3TUL7;Rn:A0A140TAE5	-
Q9HCK0	O95602	57684	25885	ZBTB26	POLR1A	chromatin immunoprecipitation assay	27924024	Homo sapiens	GTRD	No	Mm:Q6P9Q3;Rn:D3ZG35	Dr:A2BF92	Ce:G5ED21;Mm:O35134;Rn:G3V7B7;Sc:P10964	Dr:A0A0R4IPG4
Q9HCK0	Q9NWA0	57684	55090	ZBTB26	MED9	chromatin immunoprecipitation assay	27924024	Homo sapiens	GTRD	No	Mm:Q6P9Q3;Rn:D3ZG35	Dr:A2BF92	Mm:Q8VCS6;Rn:A0A0G2K419	-
Q9HCK0	Q6IWH7	57684	50636	ZBTB26	ANO7	chromatin immunoprecipitation assay	27924024	Homo sapiens	GTRD	No	Mm:Q6P9Q3;Rn:D3ZG35	Dr:A2BF92	Mm:Q14AT5	Dr:E7FD02;Rn:Q6IFT6
Q9HCK0	P36959	57684	2766	ZBTB26	GMPR	chromatin immunoprecipitation assay	27924024	Homo sapiens	GTRD	No	Mm:Q6P9Q3;Rn:D3ZG35	Dr:A2BF92	Mm:Q9DCZ1;Rn:F1LRV6	-
Q9HCK0	Q52LW3	57684	9411	ZBTB26	ARHGAP29	chromatin immunoprecipitation assay	27924024	Homo sapiens	GTRD	No	Mm:Q6P9Q3;Rn:D3ZG35	Dr:A2BF92	Dr:F6NQ92;Mm:Q8CGF1	Dr:X1WDM6;Rn:F1LPZ1
Q9HCK0	P09884	57684	5422	ZBTB26	POLA1	chromatin immunoprecipitation assay	27924024	Homo sapiens	GTRD	No	Mm:Q6P9Q3;Rn:D3ZG35	Dr:A2BF92	-	-
Q9HCK0	P07864	57684	3948	ZBTB26	LDHC	chromatin immunoprecipitation assay	27924024	Homo sapiens	GTRD	No	Mm:Q6P9Q3;Rn:D3ZG35	Dr:A2BF92	Mm:P00342	Rn:Q6AYX2
Q9HCK0	P98082	57684	1601	ZBTB26	DAB2	chromatin immunoprecipitation assay	27924024	Homo sapiens	GTRD	No	Mm:Q6P9Q3;Rn:D3ZG35	Dr:A2BF92	Mm:A0A0R4J104	Dr:A0A0R4IU21;Rn:F1LMP9
Q9HCK0	Q6DJT9	57684	5324	ZBTB26	PLAG1	chromatin immunoprecipitation assay	27924024	Homo sapiens	GTRD	No	Mm:Q6P9Q3;Rn:D3ZG35	Dr:A2BF92	Dr:Q29YB2;Mm:Q9QYE0	Rn:Q5U2T6
Q9HCK0	Q96PE1	57684	25960	ZBTB26	ADGRA2	chromatin immunoprecipitation assay	27924024	Homo sapiens	GTRD	No	Mm:Q6P9Q3;Rn:D3ZG35	Dr:A2BF92	Mm:Q91ZV8;Rn:D4ADC7	Dr:F1Q989
Q9HCK0	Q9UBU3	57684	51738	ZBTB26	GHRL	chromatin immunoprecipitation assay	27924024	Homo sapiens	GTRD	No	Mm:Q6P9Q3;Rn:D3ZG35	Dr:A2BF92	Mm:Q9EQX0;Rn:Q9QYH7	-
Q9HCK0	Q99417	57684	26292	ZBTB26	MYCBP	chromatin immunoprecipitation assay	27924024	Homo sapiens	GTRD	No	Mm:Q6P9Q3;Rn:D3ZG35	Dr:A2BF92	-	-
Q9HCK0	Q6PKC3	57684	51061	ZBTB26	TXNDC11	chromatin immunoprecipitation assay	27924024	Homo sapiens	GTRD	No	Mm:Q6P9Q3;Rn:D3ZG35	Dr:A2BF92	Dm:Q9VSG9;Dr:A0A0R4IQE1;Mm:Q8K2W3;Rn:B2RYB1	-
Q9HCK0	Q08AD1	57684	23271	ZBTB26	CAMSAP2	chromatin immunoprecipitation assay	27924024	Homo sapiens	GTRD	No	Mm:Q6P9Q3;Rn:D3ZG35	Dr:A2BF92	Rn:D4AEC2	Mm:A0A0A6YY67
Q9HCK0	Q49MI3	57684	375298	ZBTB26	CERKL	chromatin immunoprecipitation assay	27924024	Homo sapiens	GTRD	No	Mm:Q6P9Q3;Rn:D3ZG35	Dr:A2BF92	Dr:A4QNW6;Mm:A2AQH1	Rn:M0R652
Q9HCK0	Q14683	57684	8243	ZBTB26	SMC1A	chromatin immunoprecipitation assay	27924024	Homo sapiens	GTRD	No	Mm:Q6P9Q3;Rn:D3ZG35	Dr:A2BF92	Dm:Q9VCD8;Dr:Q6DRM9;Dr:E7F0X6;Mm:Q9CU62;Rn:F1LSS1	-
Q9HCK0	P49802	57684	6000	ZBTB26	RGS7	chromatin immunoprecipitation assay	27924024	Homo sapiens	GTRD	No	Mm:Q6P9Q3;Rn:D3ZG35	Dr:A2BF92	-	Dr:F1Q9W6;Mm:A0A0A6YW36;Rn:D3ZWG2
Q9HCK0	Q93097	57684	7482	ZBTB26	WNT2B	chromatin immunoprecipitation assay	27924024	Homo sapiens	GTRD	No	Mm:Q6P9Q3;Rn:D3ZG35	Dr:A2BF92	Dr:B0S7E3;Mm:O70283;Rn:G3V7U3	-
Q9HCK0	Q86YJ5	57684	92979	ZBTB26	MARCHF9	chromatin immunoprecipitation assay	27924024	Homo sapiens	GTRD	No	Mm:Q6P9Q3;Rn:D3ZG35	Dr:A2BF92	Mm:Q3TZ87;Rn:M0RDZ7	-
Q9HCK0	Q9BUR5	57684	79135	ZBTB26	APOO	chromatin immunoprecipitation assay	27924024	Homo sapiens	GTRD	No	Mm:Q6P9Q3;Rn:D3ZG35	Dr:A2BF92	Mm:Q9DCZ4;Rn:M0R7V3	-
Q9HCK0	Q9Y6C5	57684	8643	ZBTB26	PTCH2	chromatin immunoprecipitation assay	27924024	Homo sapiens	GTRD	No	Mm:Q6P9Q3;Rn:D3ZG35	Dr:A2BF92	Mm:O35595	Dr:F1R837
Q9HCK0	Q86U86	57684	55193	ZBTB26	PBRM1	chromatin immunoprecipitation assay	27924024	Homo sapiens	GTRD	No	Mm:Q6P9Q3;Rn:D3ZG35	Dr:A2BF92	Ce:G5EEY5;Dm:Q9VC36;Dr:E7F8D8;Rn:D3ZT52	Mm:F8VQD1
Q9HCK0	Q9NX05	57684	54954	ZBTB26	FAM120C	chromatin immunoprecipitation assay	27924024	Homo sapiens	GTRD	No	Mm:Q6P9Q3;Rn:D3ZG35	Dr:A2BF92	-	-
Q9HCK0	B4DSR2	57684	-	ZBTB26	-	chromatin immunoprecipitation assay	27924024	Homo sapiens	GTRD	No	Mm:Q6P9Q3;Rn:D3ZG35	Dr:A2BF92	-	-
Q9HCK0	Q9Y216	57684	9108	ZBTB26	MTMR7	chromatin immunoprecipitation assay	27924024	Homo sapiens	GTRD	No	Mm:Q6P9Q3;Rn:D3ZG35	Dr:A2BF92	Dr:F1QHK9;Mm:Q9Z2C9;Rn:A0A0G2K1P1	-
Q9HCK0	Q9Y2Q5	57684	28956	ZBTB26	LAMTOR2	chromatin immunoprecipitation assay	27924024	Homo sapiens	GTRD	No	Mm:Q6P9Q3;Rn:D3ZG35	Dr:A2BF92	Ce:Q9N2U6;Dm:Q9V8I2;Dr:F1R3H0;Mm:Q9JHS3;Rn:D4A465	-
Q9HCK0	P56817	57684	23621	ZBTB26	BACE1	chromatin immunoprecipitation assay	27924024	Homo sapiens	GTRD	No	Mm:Q6P9Q3;Rn:D3ZG35	Dr:A2BF92	Mm:P56818;Rn:P56819	-
Q9HCK0	Q9ULK0	57684	2894	ZBTB26	GRID1	chromatin immunoprecipitation assay	27924024	Homo sapiens	GTRD	No	Mm:Q6P9Q3;Rn:D3ZG35	Dr:A2BF92	Dr:R4GDN8;Mm:Q61627;Rn:F1LUR6	-
Q9HCK0	P84157	57684	439921	ZBTB26	MXRA7	chromatin immunoprecipitation assay	27924024	Homo sapiens	GTRD	No	Mm:Q6P9Q3;Rn:D3ZG35	Dr:A2BF92	Mm:Q9CZH7;Rn:M0RA39	-
Q9HCK0	Q07343	57684	5142	ZBTB26	PDE4B	chromatin immunoprecipitation assay	27924024	Homo sapiens	GTRD	No	Mm:Q6P9Q3;Rn:D3ZG35	Dr:A2BF92	-	Dr:X1WBA4;Mm:Q8VBU5;Rn:D3ZLB2
Q9HCK0	Q96KS0	57684	112398	ZBTB26	EGLN2	chromatin immunoprecipitation assay	27924024	Homo sapiens	GTRD	No	Mm:Q6P9Q3;Rn:D3ZG35	Dr:A2BF92	Mm:Q91YE2;Rn:Q6AYU4	-
Q9HCK0	Q96K31	57684	84933	ZBTB26	C8orf76	chromatin immunoprecipitation assay	27924024	Homo sapiens	GTRD	No	Mm:Q6P9Q3;Rn:D3ZG35	Dr:A2BF92	-	-
Q9HCK0	P61421	57684	9114	ZBTB26	ATP6V0D1	chromatin immunoprecipitation assay	27924024	Homo sapiens	GTRD	No	Mm:Q6P9Q3;Rn:D3ZG35	Dr:A2BF92	-	-
Q9HCK0	Q5TH69	57684	57221	ZBTB26	ARFGEF3	chromatin immunoprecipitation assay	27924024	Homo sapiens	GTRD	No	Mm:Q6P9Q3;Rn:D3ZG35	Dr:A2BF92	Dm:Q9W444;Mm:Q3UGY8;Rn:D3ZF86	Dr:E9QFJ3
Q9HCK0	Q14582	57684	10608	ZBTB26	MXD4	chromatin immunoprecipitation assay	27924024	Homo sapiens	GTRD	No	Mm:Q6P9Q3;Rn:D3ZG35	Dr:A2BF92	Dr:E7F6Q1;Mm:Q91VN7;Rn:A0A096MIW8	-
Q9HCK0	P15918	57684	5896	ZBTB26	RAG1	chromatin immunoprecipitation assay	27924024	Homo sapiens	GTRD	No	Mm:Q6P9Q3;Rn:D3ZG35	Dr:A2BF92	Dr:F1QD74;Mm:P15919	Rn:G3V6K9
Q9HCK0	Q9UNZ5	57684	28974	ZBTB26	C19orf53	chromatin immunoprecipitation assay	27924024	Homo sapiens	GTRD	No	Mm:Q6P9Q3;Rn:D3ZG35	Dr:A2BF92	Dr:Q24JV4;Mm:Q8R1F0;Rn:G3V6C7	Rn:A0A0G2KAB3
Q9HCK0	P60896	57684	7979	ZBTB26	SEM1	chromatin immunoprecipitation assay	27924024	Homo sapiens	GTRD	No	Mm:Q6P9Q3;Rn:D3ZG35	Dr:A2BF92	Dm:Q9VM46;Mm:P60897;Rn:D3ZHW9	Ce:Q95Y72;Dr:A0A0R4I9Y2
Q9HCK0	Q8NA69	57684	374877	ZBTB26	TEX45	chromatin immunoprecipitation assay	27924024	Homo sapiens	GTRD	No	Mm:Q6P9Q3;Rn:D3ZG35	Dr:A2BF92	Mm:G3XA23	Rn:D3Z9Q6
Q9HCK0	O00144	57684	8326	ZBTB26	FZD9	chromatin immunoprecipitation assay	27924024	Homo sapiens	GTRD	No	Mm:Q6P9Q3;Rn:D3ZG35	Dr:A2BF92	Dr:B0S5E7;Dr:A3QK10;Mm:Q9R216;Rn:Q8K4C8	-
Q9HCK0	P14778	57684	3554	ZBTB26	IL1R1	chromatin immunoprecipitation assay	27924024	Homo sapiens	GTRD	No	Mm:Q6P9Q3;Rn:D3ZG35	Dr:A2BF92	Mm:P13504;Rn:Q05KR1	-
Q9HCK0	Q9BT25	57684	93323	ZBTB26	HAUS8	chromatin immunoprecipitation assay	27924024	Homo sapiens	GTRD	No	Mm:Q6P9Q3;Rn:D3ZG35	Dr:A2BF92	Dr:A0A2R8QND7;Mm:Q99L00;Rn:Q5BK57	-
Q9HCK0	O95400	57684	10421	ZBTB26	CD2BP2	chromatin immunoprecipitation assay	27924024	Homo sapiens	GTRD	No	Mm:Q6P9Q3;Rn:D3ZG35	Dr:A2BF92	Ce:Q9NAH3;Dm:Q9VKV5;Dr:F1Q9M2;Mm:Q9CWK3;Rn:B4F786	-
Q9HCK0	P54920	57684	8775	ZBTB26	NAPA	chromatin immunoprecipitation assay	27924024	Homo sapiens	GTRD	No	Mm:Q6P9Q3;Rn:D3ZG35	Dr:A2BF92	Mm:Q9DB05;Rn:P54921	Dr:Q7T2F5
Q9HCK0	Q9H0G5	57684	84081	ZBTB26	NSRP1	chromatin immunoprecipitation assay	27924024	Homo sapiens	GTRD	No	Mm:Q6P9Q3;Rn:D3ZG35	Dr:A2BF92	Dr:F1R8E3;Mm:Q5NCR9;Rn:Q4FZU3	-
Q9HCK0	O94875	57684	8470	ZBTB26	SORBS2	chromatin immunoprecipitation assay	27924024	Homo sapiens	GTRD	No	Mm:Q6P9Q3;Rn:D3ZG35	Dr:A2BF92	-	-
Q9HCK0	Q16378	57684	11272	ZBTB26	PRR4	chromatin immunoprecipitation assay	27924024	Homo sapiens	GTRD	No	Mm:Q6P9Q3;Rn:D3ZG35	Dr:A2BF92	-	-
Q9HCK0	Q8N7C4	57684	221468	ZBTB26	TMEM217	chromatin immunoprecipitation assay	27924024	Homo sapiens	GTRD	No	Mm:Q6P9Q3;Rn:D3ZG35	Dr:A2BF92	Mm:Q14AF1	Rn:M0RD60
Q9HCK0	Q92854	57684	10507	ZBTB26	SEMA4D	chromatin immunoprecipitation assay	27924024	Homo sapiens	GTRD	No	Mm:Q6P9Q3;Rn:D3ZG35	Dr:A2BF92	Mm:O09126	Dr:F1QR50;Rn:D3ZYR4
Q9HCK0	Q5VZR4	57684	-	ZBTB26	MFSD14C	chromatin immunoprecipitation assay	27924024	Homo sapiens	GTRD	No	Mm:Q6P9Q3;Rn:D3ZG35	Dr:A2BF92	-	-
Q9HCK0	P26358	57684	1786	ZBTB26	DNMT1	chromatin immunoprecipitation assay	27924024	Homo sapiens	GTRD	No	Mm:Q6P9Q3;Rn:D3ZG35	Dr:A2BF92	Dr:F1RCN0;Mm:P13864;Rn:F1LQT9	-
Q9HCK0	Q63HM1	57684	125061	ZBTB26	AFMID	chromatin immunoprecipitation assay	27924024	Homo sapiens	GTRD	No	Mm:Q6P9Q3;Rn:D3ZG35	Dr:A2BF92	Ce:Q18974;Ce:O62460;Dm:Q9VMC9;Dr:A0A0R4IZ99;Mm:Q8K4H1;Rn:M0RC77	-
Q9HCK0	Q13601	57684	11103	ZBTB26	KRR1	chromatin immunoprecipitation assay	27924024	Homo sapiens	GTRD	No	Mm:Q6P9Q3;Rn:D3ZG35	Dr:A2BF92	Ce:O16311;Dm:Q9VPU8;Dr:F1R1V6;Mm:Q8BGA5;Rn:A1A5R3;Sc:P25586	-
Q9HCK0	O75955	57684	10211	ZBTB26	FLOT1	chromatin immunoprecipitation assay	27924024	Homo sapiens	GTRD	No	Mm:Q6P9Q3;Rn:D3ZG35	Dr:A2BF92	Dm:O61491;Dr:Q6TH07;Mm:O08917;Rn:Q9Z1E1	Dr:F1QEW4
Q9HCK0	O75340	57684	10016	ZBTB26	PDCD6	chromatin immunoprecipitation assay	27924024	Homo sapiens	GTRD	No	Mm:Q6P9Q3;Rn:D3ZG35	Dr:A2BF92	Ce:Q95Y96;Dm:A8Y589;Dr:Q7T3D5;Mm:P12815;Rn:G3V7W1	-
Q9HCK0	Q9BWD3	57684	26071	ZBTB26	RTL8A	chromatin immunoprecipitation assay	27924024	Homo sapiens	GTRD	No	Mm:Q6P9Q3;Rn:D3ZG35	Dr:A2BF92	-	-
Q9HCK0	Q68DV7	57684	54894	ZBTB26	RNF43	chromatin immunoprecipitation assay	27924024	Homo sapiens	GTRD	No	Mm:Q6P9Q3;Rn:D3ZG35	Dr:A2BF92	-	-
Q9HCK0	A0A087X1C5	57684	1564	ZBTB26	CYP2D7	chromatin immunoprecipitation assay	27924024	Homo sapiens	GTRD	No	Mm:Q6P9Q3;Rn:D3ZG35	Dr:A2BF92	-	-
Q9HCK0	Q9NZB2	57684	23196	ZBTB26	FAM120A	chromatin immunoprecipitation assay	27924024	Homo sapiens	GTRD	No	Mm:Q6P9Q3;Rn:D3ZG35	Dr:A2BF92	Dr:E7F851;Mm:Q6A0A9;Rn:D4AB03	-
Q9HCK0	P04278	57684	6462	ZBTB26	SHBG	chromatin immunoprecipitation assay	27924024	Homo sapiens	GTRD	No	Mm:Q6P9Q3;Rn:D3ZG35	Dr:A2BF92	Mm:P97497;Rn:A0A0H2UHJ0	Dr:Q64HD0
Q9HCK0	Q86SX3	57684	283643	ZBTB26	TEDC1	chromatin immunoprecipitation assay	27924024	Homo sapiens	GTRD	No	Mm:Q6P9Q3;Rn:D3ZG35	Dr:A2BF92	Dr:E7F7J2;Mm:Q3UK37;Rn:D4A8N6	-
Q9HCK0	O75116	57684	9475	ZBTB26	ROCK2	chromatin immunoprecipitation assay	27924024	Homo sapiens	GTRD	No	Mm:Q6P9Q3;Rn:D3ZG35	Dr:A2BF92	Dr:Q90Y37;Mm:F8VPK5;Rn:A0A0G2K5N6	-
Q9HCK0	Q14257	57684	5955	ZBTB26	RCN2	chromatin immunoprecipitation assay	27924024	Homo sapiens	GTRD	No	Mm:Q6P9Q3;Rn:D3ZG35	Dr:A2BF92	Ce:Q9TYS8;Dm:Q7K1W8;Dr:F1Q7B2;Mm:Q8BP92;Rn:Q62703	-
Q9HCK0	Q9NVP2	57684	55723	ZBTB26	ASF1B	chromatin immunoprecipitation assay	27924024	Homo sapiens	GTRD	No	Mm:Q6P9Q3;Rn:D3ZG35	Dr:A2BF92	Mm:Q9DAP7;Rn:B0BN69	-
Q9HCK0	Q969H8	57684	56005	ZBTB26	MYDGF	chromatin immunoprecipitation assay	27924024	Homo sapiens	GTRD	No	Mm:Q6P9Q3;Rn:D3ZG35	Dr:A2BF92	Mm:Q9CPT4;Rn:M0R3V4	Dr:Q6DGL1
Q9HCK0	Q99729	57684	3182	ZBTB26	HNRNPAB	chromatin immunoprecipitation assay	27924024	Homo sapiens	GTRD	No	Mm:Q6P9Q3;Rn:D3ZG35	Dr:A2BF92	Dr:Q6NYU8;Dr:Q6NYA1	Mm:Q20BD0;Rn:Q9QX81
Q9HCK0	Q09161	57684	4686	ZBTB26	NCBP1	chromatin immunoprecipitation assay	27924024	Homo sapiens	GTRD	No	Mm:Q6P9Q3;Rn:D3ZG35	Dr:A2BF92	Ce:O01763;Dm:Q7K4N3;Mm:Q3UYV9;Rn:Q56A27	-
Q9HCK0	A4QMS7	57684	134121	ZBTB26	C5orf49	chromatin immunoprecipitation assay	27924024	Homo sapiens	GTRD	No	Mm:Q6P9Q3;Rn:D3ZG35	Dr:A2BF92	Dr:A0A2R8RPL3;Mm:Q9DAR0	Rn:M0R5R5
Q9HCK0	Q14995	57684	9975	ZBTB26	NR1D2	chromatin immunoprecipitation assay	27924024	Homo sapiens	GTRD	No	Mm:Q6P9Q3;Rn:D3ZG35	Dr:A2BF92	-	-
Q9HCK0	Q8IVS8	57684	132158	ZBTB26	GLYCTK	chromatin immunoprecipitation assay	27924024	Homo sapiens	GTRD	No	Mm:Q6P9Q3;Rn:D3ZG35	Dr:A2BF92	Dm:Q9VQC4;Dr:F8W2P6;Mm:A0A0R4J1H2;Rn:Q0VGK3	Ce:Q09235
Q9HCK0	Q8TD10	57684	145282	ZBTB26	MIPOL1	chromatin immunoprecipitation assay	27924024	Homo sapiens	GTRD	No	Mm:Q6P9Q3;Rn:D3ZG35	Dr:A2BF92	Dr:A0A0R4ITG1;Mm:E9Q8Z7;Rn:F1LUS3	-
Q9HCK0	P82673	57684	60488	ZBTB26	MRPS35	chromatin immunoprecipitation assay	27924024	Homo sapiens	GTRD	No	Mm:Q6P9Q3;Rn:D3ZG35	Dr:A2BF92	Ce:Q9NEI6;Dm:Q9VZX6;Dr:F1QZM0;Mm:A0A0R4J0L6;Rn:D4A9Z6	-
Q9HCK0	Q9H4H8	57684	81610	ZBTB26	FAM83D	chromatin immunoprecipitation assay	27924024	Homo sapiens	GTRD	No	Mm:Q6P9Q3;Rn:D3ZG35	Dr:A2BF92	Mm:Q9D7I8;Rn:D4ABG0	-
Q9HCK0	Q14156	57684	23167	ZBTB26	EFR3A	chromatin immunoprecipitation assay	27924024	Homo sapiens	GTRD	No	Mm:Q6P9Q3;Rn:D3ZG35	Dr:A2BF92	Mm:Q8BG67;Rn:D4ADS9	-
Q9HCK0	Q8WUA8	57684	25987	ZBTB26	TSKU	chromatin immunoprecipitation assay	27924024	Homo sapiens	GTRD	No	Mm:Q6P9Q3;Rn:D3ZG35	Dr:A2BF92	Dr:F1QUL3;Mm:Q8CBR6;Rn:G3V8X6	-
Q9HCK0	Q8NFZ4	57684	57555	ZBTB26	NLGN2	chromatin immunoprecipitation assay	27924024	Homo sapiens	GTRD	No	Mm:Q6P9Q3;Rn:D3ZG35	Dr:A2BF92	Dm:Q7KT70;Dr:F1QJV3;Mm:Q69ZK9;Rn:A0A0U1RRX0	-
Q9HCK0	Q9NU02	57684	63926	ZBTB26	ANKEF1	chromatin immunoprecipitation assay	27924024	Homo sapiens	GTRD	No	Mm:Q6P9Q3;Rn:D3ZG35	Dr:A2BF92	Dr:X1WFU3;Dr:Q5TZ64;Mm:Q9D2J7;Rn:D4A9E7	-
Q9HCK0	Q9NUP1	57684	55330	ZBTB26	BLOC1S4	chromatin immunoprecipitation assay	27924024	Homo sapiens	GTRD	No	Mm:Q6P9Q3;Rn:D3ZG35	Dr:A2BF92	Dm:Q9VTC2;Dr:A3KQK3;Mm:Q8VED2;Rn:G3V6R9	-
Q9HCK0	Q9H069	57684	83450	ZBTB26	DRC3	chromatin immunoprecipitation assay	27924024	Homo sapiens	GTRD	No	Mm:Q6P9Q3;Rn:D3ZG35	Dr:A2BF92	Dm:Q9VL65;Mm:Q9D5E4;Rn:Q5XI54	Dm:Q95V50;Dr:F1R517
Q9HCK0	Q9UJW9	57684	29946	ZBTB26	SERTAD3	chromatin immunoprecipitation assay	27924024	Homo sapiens	GTRD	No	Mm:Q6P9Q3;Rn:D3ZG35	Dr:A2BF92	Dr:B8JMC2;Mm:Q9ERC3;Rn:Q5BK27	-
Q9HCK0	Q8N7R7	57684	151195	ZBTB26	CCNYL1	chromatin immunoprecipitation assay	27924024	Homo sapiens	GTRD	No	Mm:Q6P9Q3;Rn:D3ZG35	Dr:A2BF92	Dr:Q08CI4;Mm:E9Q226;Rn:F1M4U0	-
Q9HCK0	Q6RI45	57684	254065	ZBTB26	BRWD3	chromatin immunoprecipitation assay	27924024	Homo sapiens	GTRD	No	Mm:Q6P9Q3;Rn:D3ZG35	Dr:A2BF92	Mm:A2AHJ4;Rn:D3Z8C5	-
Q9HCK0	Q96T58	57684	23013	ZBTB26	SPEN	chromatin immunoprecipitation assay	27924024	Homo sapiens	GTRD	No	Mm:Q6P9Q3;Rn:D3ZG35	Dr:A2BF92	Dr:F1QMN6;Rn:F1M455	Mm:A2ADB0
Q9HCK0	Q5ZPR3	57684	80381	ZBTB26	CD276	chromatin immunoprecipitation assay	27924024	Homo sapiens	GTRD	No	Mm:Q6P9Q3;Rn:D3ZG35	Dr:A2BF92	-	-
Q9HCK0	Q6PI25	57684	254263	ZBTB26	CNIH2	chromatin immunoprecipitation assay	27924024	Homo sapiens	GTRD	No	Mm:Q6P9Q3;Rn:D3ZG35	Dr:A2BF92	Dr:Q5BL21;Mm:O35089	Rn:Q5BJU5
Q9HCK0	Q14894	57684	1428	ZBTB26	CRYM	chromatin immunoprecipitation assay	27924024	Homo sapiens	GTRD	No	Mm:Q6P9Q3;Rn:D3ZG35	Dr:A2BF92	Dm:Q8SY58;Mm:O54983;Rn:A0A0G2K568	-
Q9HCK0	Q12874	57684	10946	ZBTB26	SF3A3	chromatin immunoprecipitation assay	27924024	Homo sapiens	GTRD	No	Mm:Q6P9Q3;Rn:D3ZG35	Dr:A2BF92	Ce:Q22469;Dm:O46106;Dr:A0A0R4ILH7;Mm:Q9D554;Rn:Q4KLI7;Sc:P19736	-
Q9HCK0	P17020	57684	7564	ZBTB26	ZNF16	chromatin immunoprecipitation assay	27924024	Homo sapiens	GTRD	No	Mm:Q6P9Q3;Rn:D3ZG35	Dr:A2BF92	-	-
Q9HCK0	Q9H7Z6	57684	84148	ZBTB26	KAT8	chromatin immunoprecipitation assay	27924024	Homo sapiens	GTRD	No	Mm:Q6P9Q3;Rn:D3ZG35	Dr:A2BF92	Dm:Q9VAV6;Mm:Q9D1P2;Rn:Q5XI06	Dr:F1QX50
Q9HCK0	Q6P4I2	57684	84942	ZBTB26	WDR73	chromatin immunoprecipitation assay	27924024	Homo sapiens	GTRD	No	Mm:Q6P9Q3;Rn:D3ZG35	Dr:A2BF92	Mm:Q9CWR1;Rn:B0BN27	Dr:F1QN79
Q9HCK0	Q9Y651	57684	11166	ZBTB26	SOX21	chromatin immunoprecipitation assay	27924024	Homo sapiens	GTRD	No	Mm:Q6P9Q3;Rn:D3ZG35	Dr:A2BF92	Dr:Q6RVD7;Mm:Q811W0	-
Q9HCK0	Q7RTX1	57684	80835	ZBTB26	TAS1R1	chromatin immunoprecipitation assay	27924024	Homo sapiens	GTRD	No	Mm:Q6P9Q3;Rn:D3ZG35	Dr:A2BF92	Mm:Q3U5H1;Rn:Q9Z0R8	Dr:B0V3C8
Q9HCK0	Q96JB3	57684	23119	ZBTB26	HIC2	chromatin immunoprecipitation assay	27924024	Homo sapiens	GTRD	No	Mm:Q6P9Q3;Rn:D3ZG35	Dr:A2BF92	Dm:Q9VQ30;Dr:Q90W33;Mm:Q9JLZ6;Rn:D4A9X7	-
Q9HCK0	Q9NXB0	57684	54903	ZBTB26	MKS1	chromatin immunoprecipitation assay	27924024	Homo sapiens	GTRD	No	Mm:Q6P9Q3;Rn:D3ZG35	Dr:A2BF92	Dr:A3QK09;Mm:Q5SW45;Rn:F1LSL4	-
Q9HCK0	Q9UGH3	57684	9962	ZBTB26	SLC23A2	chromatin immunoprecipitation assay	27924024	Homo sapiens	GTRD	No	Mm:Q6P9Q3;Rn:D3ZG35	Dr:A2BF92	Dm:Q9VH02;Mm:Q9EPR4	Dr:A0A140LG99;Rn:Q9WTW8
Q9HCK0	Q92551	57684	9807	ZBTB26	IP6K1	chromatin immunoprecipitation assay	27924024	Homo sapiens	GTRD	No	Mm:Q6P9Q3;Rn:D3ZG35	Dr:A2BF92	Dr:F1RE97;Mm:Q6PD10;Rn:Q9ESM0	-
Q9HCK0	O75529	57684	27097	ZBTB26	TAF5L	chromatin immunoprecipitation assay	27924024	Homo sapiens	GTRD	No	Mm:Q6P9Q3;Rn:D3ZG35	Dr:A2BF92	Dr:F1QIA7;Mm:Q91WQ5;Rn:B1H284	-
Q9HCK0	A0A1B0GVN2	57684	-	ZBTB26	-	chromatin immunoprecipitation assay	27924024	Homo sapiens	GTRD	No	Mm:Q6P9Q3;Rn:D3ZG35	Dr:A2BF92	-	-
Q9HCK0	Q99527	57684	2852	ZBTB26	GPER1	chromatin immunoprecipitation assay	27924024	Homo sapiens	GTRD	No	Mm:Q6P9Q3;Rn:D3ZG35	Dr:A2BF92	Mm:Q8BMP4	Dr:B3G515;Rn:G3V654
Q9HCK0	P31274	57684	3225	ZBTB26	HOXC9	chromatin immunoprecipitation assay	27924024	Homo sapiens	GTRD	No	Mm:Q6P9Q3;Rn:D3ZG35	Dr:A2BF92	Dr:A2BE65;Mm:P09633	Dm:Q9VDA2;Rn:D4A0V9
Q9HCK0	O43889	57684	10488	ZBTB26	CREB3	chromatin immunoprecipitation assay	27924024	Homo sapiens	GTRD	No	Mm:Q6P9Q3;Rn:D3ZG35	Dr:A2BF92	Mm:Q3UNH6;Rn:A0A0G2K331	-
Q9HCK0	P02794	57684	2495	ZBTB26	FTH1	chromatin immunoprecipitation assay	27924024	Homo sapiens	GTRD	No	Mm:Q6P9Q3;Rn:D3ZG35	Dr:A2BF92	Dr:Q66HX7;Dr:Q9DDT0;Mm:P09528;Rn:Q66HI5	-
Q9HCK0	Q9UEE9	57684	10428	ZBTB26	CFDP1	chromatin immunoprecipitation assay	27924024	Homo sapiens	GTRD	No	Mm:Q6P9Q3;Rn:D3ZG35	Dr:A2BF92	Dr:A3KPL8;Mm:O88271;Rn:Q75UQ2	-
Q9HCK0	Q96MT1	57684	153830	ZBTB26	RNF145	chromatin immunoprecipitation assay	27924024	Homo sapiens	GTRD	No	Mm:Q6P9Q3;Rn:D3ZG35	Dr:A2BF92	-	-
Q9HCK0	P55273	57684	1032	ZBTB26	CDKN2D	chromatin immunoprecipitation assay	27924024	Homo sapiens	GTRD	No	Mm:Q6P9Q3;Rn:D3ZG35	Dr:A2BF92	Dr:I3ISM6;Mm:Q60773	-
Q9HCK0	P15514	57684	374	ZBTB26	AREG	chromatin immunoprecipitation assay	27924024	Homo sapiens	GTRD	No	Mm:Q6P9Q3;Rn:D3ZG35	Dr:A2BF92	Dr:F1QEL2;Mm:P31955;Rn:P24338	-
Q9HCK0	Q9H091	57684	84225	ZBTB26	ZMYND15	chromatin immunoprecipitation assay	27924024	Homo sapiens	GTRD	No	Mm:Q6P9Q3;Rn:D3ZG35	Dr:A2BF92	Mm:Q8C0R7;Rn:D4A1E1	-
Q9HCK0	Q9H0Y0	57684	83734	ZBTB26	ATG10	chromatin immunoprecipitation assay	27924024	Homo sapiens	GTRD	No	Mm:Q6P9Q3;Rn:D3ZG35	Dr:A2BF92	Mm:A0A0R4J029;Rn:D4A9K6	Dr:A0A0R4IWH6
Q9HCK0	Q9P2P6	57684	57519	ZBTB26	STARD9	chromatin immunoprecipitation assay	27924024	Homo sapiens	GTRD	No	Mm:Q6P9Q3;Rn:D3ZG35	Dr:A2BF92	Rn:D3Z9J4	-
Q9HCK0	Q9UJZ1	57684	30968	ZBTB26	STOML2	chromatin immunoprecipitation assay	27924024	Homo sapiens	GTRD	No	Mm:Q6P9Q3;Rn:D3ZG35	Dr:A2BF92	Ce:H2FLJ1;Dm:Q9W1F7;Dr:A0A0R4IYU4;Mm:Q99JB2;Rn:Q4FZT0	-
Q9HCK0	Q99650	57684	9180	ZBTB26	OSMR	chromatin immunoprecipitation assay	27924024	Homo sapiens	GTRD	No	Mm:Q6P9Q3;Rn:D3ZG35	Dr:A2BF92	Rn:F1LP92	Mm:G3X8V6
Q9HCK0	Q9NRM6	57684	55540	ZBTB26	IL17RB	chromatin immunoprecipitation assay	27924024	Homo sapiens	GTRD	No	Mm:Q6P9Q3;Rn:D3ZG35	Dr:A2BF92	Mm:Q9JIP3;Rn:B5DF15	-
Q9HCK0	Q9BV36	57684	79083	ZBTB26	MLPH	chromatin immunoprecipitation assay	27924024	Homo sapiens	GTRD	No	Mm:Q6P9Q3;Rn:D3ZG35	Dr:A2BF92	Mm:A0A0R4J075;Rn:G3V8M0	Dr:E7F2P6
Q9HCK0	Q9BVS5	57684	55006	ZBTB26	TRMT61B	chromatin immunoprecipitation assay	27924024	Homo sapiens	GTRD	No	Mm:Q6P9Q3;Rn:D3ZG35	Dr:A2BF92	Dr:X1WF30	-
Q9HCK0	O60688	57684	29799	ZBTB26	YPEL1	chromatin immunoprecipitation assay	27924024	Homo sapiens	GTRD	No	Mm:Q6P9Q3;Rn:D3ZG35	Dr:A2BF92	-	Mm:A0A338P792;Rn:D4A9Y3
Q9HCK0	Q6P587	57684	81889	ZBTB26	FAHD1	chromatin immunoprecipitation assay	27924024	Homo sapiens	GTRD	No	Mm:Q6P9Q3;Rn:D3ZG35	Dr:A2BF92	Ce:P34673;Dm:Q9VDE2;Dr:F1Q6L1;Mm:Q8R0F8;Rn:Q6AYQ8;Sc:P53889	-
Q9HCK0	Q16589	57684	901	ZBTB26	CCNG2	chromatin immunoprecipitation assay	27924024	Homo sapiens	GTRD	No	Mm:Q6P9Q3;Rn:D3ZG35	Dr:A2BF92	Dr:Q6NZ31;Mm:O08918;Rn:B5DFJ6	-
Q9HCK0	Q8N3C0	57684	10973	ZBTB26	ASCC3	chromatin immunoprecipitation assay	27924024	Homo sapiens	GTRD	No	Mm:Q6P9Q3;Rn:D3ZG35	Dr:A2BF92	Ce:Q9XWI1;Dm:Q9VF56;Mm:E9PZJ8;Rn:A0A0A0MY43;Sc:P53327	Dr:X1WFX7
Q9HCK0	Q96KQ7	57684	10919	ZBTB26	EHMT2	chromatin immunoprecipitation assay	27924024	Homo sapiens	GTRD	No	Mm:Q6P9Q3;Rn:D3ZG35	Dr:A2BF92	-	-
Q9HCK0	A0A0A6YYG9	57684	100526693	ZBTB26	ARPC4-TTLL3	chromatin immunoprecipitation assay	27924024	Homo sapiens	GTRD	No	Mm:Q6P9Q3;Rn:D3ZG35	Dr:A2BF92	-	-
Q9HCK0	Q9NS00	57684	56913	ZBTB26	C1GALT1	chromatin immunoprecipitation assay	27924024	Homo sapiens	GTRD	No	Mm:Q6P9Q3;Rn:D3ZG35	Dr:A2BF92	Ce:Q18515;Dm:Q7K237;Mm:Q9JJ06	Rn:A0A0G2JWQ7
Q9HCK0	Q99426	57684	1155	ZBTB26	TBCB	chromatin immunoprecipitation assay	27924024	Homo sapiens	GTRD	No	Mm:Q6P9Q3;Rn:D3ZG35	Dr:A2BF92	-	-
Q9HCK0	Q9Y3R5	57684	9980	ZBTB26	DOP1B	chromatin immunoprecipitation assay	27924024	Homo sapiens	GTRD	No	Mm:Q6P9Q3;Rn:D3ZG35	Dr:A2BF92	Dr:E9QFE4;Mm:Q3UHQ6;Rn:A0A0G2JXD9	-
Q9HCK0	Q2MV58	57684	79600	ZBTB26	TCTN1	chromatin immunoprecipitation assay	27924024	Homo sapiens	GTRD	No	Mm:Q6P9Q3;Rn:D3ZG35	Dr:A2BF92	Mm:Q8BZ64;Rn:D4A3L5	Dr:F1R392
Q9HCK0	Q8IWE5	57684	23207	ZBTB26	PLEKHM2	chromatin immunoprecipitation assay	27924024	Homo sapiens	GTRD	No	Mm:Q6P9Q3;Rn:D3ZG35	Dr:A2BF92	Dr:F1QCJ1;Mm:Z4YJW6;Rn:D4A932	-
Q9HCK0	Q9H9L4	57684	54934	ZBTB26	KANSL2	chromatin immunoprecipitation assay	27924024	Homo sapiens	GTRD	No	Mm:Q6P9Q3;Rn:D3ZG35	Dr:A2BF92	-	-
Q9HCK0	Q14692	57684	9790	ZBTB26	BMS1	chromatin immunoprecipitation assay	27924024	Homo sapiens	GTRD	No	Mm:Q6P9Q3;Rn:D3ZG35	Dr:A2BF92	Ce:Q9N306;Dm:Q9VVC9;Dr:E7F349;Mm:Q6PGF5;Rn:E9PTV4;Sc:Q08965	-
Q9HCK0	P09669	57684	1345	ZBTB26	COX6C	chromatin immunoprecipitation assay	27924024	Homo sapiens	GTRD	No	Mm:Q6P9Q3;Rn:D3ZG35	Dr:A2BF92	Dm:Q9VMS1;Dr:Q6ZM23;Mm:Q9CPQ1;Rn:P11950;Rn:P11951	-
Q9HCK0	Q6Q6R5	57684	401262	ZBTB26	CRIP3	chromatin immunoprecipitation assay	27924024	Homo sapiens	GTRD	No	Mm:Q6P9Q3;Rn:D3ZG35	Dr:A2BF92	Mm:Q6Q6R3;Rn:D3ZNQ0	-
Q9HCK0	Q7Z406	57684	79784	ZBTB26	MYH14	chromatin immunoprecipitation assay	27924024	Homo sapiens	GTRD	No	Mm:Q6P9Q3;Rn:D3ZG35	Dr:A2BF92	-	-
Q9HCK0	Q7Z4P5	57684	151449	ZBTB26	GDF7	chromatin immunoprecipitation assay	27924024	Homo sapiens	GTRD	No	Mm:Q6P9Q3;Rn:D3ZG35	Dr:A2BF92	Dr:F1QLZ2;Mm:P43029	Rn:F1MAE8
Q9HCK0	Q8WVS4	57684	55112	ZBTB26	WDR60	chromatin immunoprecipitation assay	27924024	Homo sapiens	GTRD	No	Mm:Q6P9Q3;Rn:D3ZG35	Dr:A2BF92	Dm:Q7JR82;Dr:A0A1D5NS24;Mm:Q8C761;Rn:A0A0G2K1X3	-
Q9HCK0	O94985	57684	22883	ZBTB26	CLSTN1	chromatin immunoprecipitation assay	27924024	Homo sapiens	GTRD	No	Mm:Q6P9Q3;Rn:D3ZG35	Dr:A2BF92	Dr:E7EYL3;Mm:Q9EPL2;Rn:Q6Q0N0	-
Q9HCK0	Q05209	57684	5782	ZBTB26	PTPN12	chromatin immunoprecipitation assay	27924024	Homo sapiens	GTRD	No	Mm:Q6P9Q3;Rn:D3ZG35	Dr:A2BF92	Mm:P35831;Rn:G3V7Q4	-
Q9HCK0	Q9BQA5	57684	25988	ZBTB26	HINFP	chromatin immunoprecipitation assay	27924024	Homo sapiens	GTRD	No	Mm:Q6P9Q3;Rn:D3ZG35	Dr:A2BF92	Ce:O45494;Dm:Q9W5E6;Dr:A2BFS7;Mm:Q8K1K9	Rn:D3ZAT1
Q9HCK0	Q9NX14	57684	54539	ZBTB26	NDUFB11	chromatin immunoprecipitation assay	27924024	Homo sapiens	GTRD	No	Mm:Q6P9Q3;Rn:D3ZG35	Dr:A2BF92	Mm:O09111;Rn:D4A7L4	-
Q9HCK0	P18089	57684	151	ZBTB26	ADRA2B	chromatin immunoprecipitation assay	27924024	Homo sapiens	GTRD	No	Mm:Q6P9Q3;Rn:D3ZG35	Dr:A2BF92	Mm:F8VQ23;Rn:P19328	-
Q9HCK0	Q9Y225	57684	11237	ZBTB26	RNF24	chromatin immunoprecipitation assay	27924024	Homo sapiens	GTRD	No	Mm:Q6P9Q3;Rn:D3ZG35	Dr:A2BF92	Dr:Q5U3J0;Mm:Q8BGI1	-
Q9HCK0	Q9Y2R4	57684	11056	ZBTB26	DDX52	chromatin immunoprecipitation assay	27924024	Homo sapiens	GTRD	No	Mm:Q6P9Q3;Rn:D3ZG35	Dr:A2BF92	-	-
Q9HCK0	P56211	57684	10776	ZBTB26	ARPP19	chromatin immunoprecipitation assay	27924024	Homo sapiens	GTRD	No	Mm:Q6P9Q3;Rn:D3ZG35	Dr:A2BF92	Dm:Q9VUB8;Mm:P56212;Rn:Q712U5	Dr:F8W4V7
Q9HCK0	Q07352	57684	677	ZBTB26	ZFP36L1	chromatin immunoprecipitation assay	27924024	Homo sapiens	GTRD	No	Mm:Q6P9Q3;Rn:D3ZG35	Dr:A2BF92	Dr:Q6P3H0;Mm:P23950;Rn:P17431	Dr:F1RCP3
Q9HCK0	P15927	57684	6118	ZBTB26	RPA2	chromatin immunoprecipitation assay	27924024	Homo sapiens	GTRD	No	Mm:Q6P9Q3;Rn:D3ZG35	Dr:A2BF92	Ce:Q95Y97;Dr:Q504I6;Rn:Q63528	Mm:Q3TE40
Q9HCK0	Q9H4Z3	57684	63935	ZBTB26	PCIF1	chromatin immunoprecipitation assay	27924024	Homo sapiens	GTRD	No	Mm:Q6P9Q3;Rn:D3ZG35	Dr:A2BF92	Dm:Q9VPB7;Mm:P59114;Rn:D4A417	Dr:A0A0R4IKJ1
Q9HCK0	Q8TF21	57684	170961	ZBTB26	ANKRD24	chromatin immunoprecipitation assay	27924024	Homo sapiens	GTRD	No	Mm:Q6P9Q3;Rn:D3ZG35	Dr:A2BF92	Dr:F6P805;Mm:Q80VM7	Rn:D3ZCC5
Q9HCK0	Q96MC5	57684	89927	ZBTB26	BMERB1	chromatin immunoprecipitation assay	27924024	Homo sapiens	GTRD	No	Mm:Q6P9Q3;Rn:D3ZG35	Dr:A2BF92	Mm:Q8R1Y2;Rn:Q5FVJ5	-
Q9HCK0	Q86XK3	57684	119392	ZBTB26	SFR1	chromatin immunoprecipitation assay	27924024	Homo sapiens	GTRD	No	Mm:Q6P9Q3;Rn:D3ZG35	Dr:A2BF92	Dr:B7ZD04;Mm:Q8BP27	Rn:A0A0H2UHK0
Q9HCK0	O60486	57684	10154	ZBTB26	PLXNC1	chromatin immunoprecipitation assay	27924024	Homo sapiens	GTRD	No	Mm:Q6P9Q3;Rn:D3ZG35	Dr:A2BF92	Mm:Q9QZC2;Rn:D4A7M0	Dr:Q5RGW1
Q9HCK0	Q86TY3	57684	145407	ZBTB26	ARMH4	chromatin immunoprecipitation assay	27924024	Homo sapiens	GTRD	No	Mm:Q6P9Q3;Rn:D3ZG35	Dr:A2BF92	Mm:Q8BT18	Rn:D3ZYI3
Q9HCK0	Q96C01	57684	84908	ZBTB26	FAM136A	chromatin immunoprecipitation assay	27924024	Homo sapiens	GTRD	No	Mm:Q6P9Q3;Rn:D3ZG35	Dr:A2BF92	-	-
Q9HCK0	Q9NW13	57684	55131	ZBTB26	RBM28	chromatin immunoprecipitation assay	27924024	Homo sapiens	GTRD	No	Mm:Q6P9Q3;Rn:D3ZG35	Dr:A2BF92	Dm:Q9W124;Dr:Q1LUW0;Mm:Q8CGC6;Rn:D4A5K7;Sc:P37838	-
Q9HCK0	P26367	57684	5080	ZBTB26	PAX6	chromatin immunoprecipitation assay	27924024	Homo sapiens	GTRD	No	Mm:Q6P9Q3;Rn:D3ZG35	Dr:A2BF92	Mm:P63015	Dr:A0A0R4IXU2;Rn:A0A0G2JZE2
Q9HCK0	Q8NBZ0	57684	283899	ZBTB26	INO80E	chromatin immunoprecipitation assay	27924024	Homo sapiens	GTRD	No	Mm:Q6P9Q3;Rn:D3ZG35	Dr:A2BF92	Dr:Q6P110;Rn:Q6AYH2	Mm:D3Z3H0
Q9HCK0	P24347	57684	4320	ZBTB26	MMP11	chromatin immunoprecipitation assay	27924024	Homo sapiens	GTRD	No	Mm:Q6P9Q3;Rn:D3ZG35	Dr:A2BF92	Dr:F1RA45;Mm:Q02853	Dr:E7FCZ5;Rn:Q499S5
Q9HCK0	Q8N3R3	57684	285343	ZBTB26	TCAIM	chromatin immunoprecipitation assay	27924024	Homo sapiens	GTRD	No	Mm:Q6P9Q3;Rn:D3ZG35	Dr:A2BF92	Ce:Q7JPI4;Dm:Q9VRT6;Dm:Q9W4Z5;Dr:F1QHT7;Mm:G3X983;Rn:P0DKR2	-
Q9HCK0	Q6UXG3	57684	146894	ZBTB26	CD300LG	chromatin immunoprecipitation assay	27924024	Homo sapiens	GTRD	No	Mm:Q6P9Q3;Rn:D3ZG35	Dr:A2BF92	Mm:Q1ERP8	-
Q9HCK0	Q07866	57684	3831	ZBTB26	KLC1	chromatin immunoprecipitation assay	27924024	Homo sapiens	GTRD	No	Mm:Q6P9Q3;Rn:D3ZG35	Dr:A2BF92	-	-
Q9HCK0	Q99962	57684	6456	ZBTB26	SH3GL2	chromatin immunoprecipitation assay	27924024	Homo sapiens	GTRD	No	Mm:Q6P9Q3;Rn:D3ZG35	Dr:A2BF92	Dr:Q803T6;Mm:Q62420;Rn:O35179	-
Q9HCK0	P41146	57684	4987	ZBTB26	OPRL1	chromatin immunoprecipitation assay	27924024	Homo sapiens	GTRD	No	Mm:Q6P9Q3;Rn:D3ZG35	Dr:A2BF92	Dr:Q7T3Q4;Dr:X1WE14;Mm:P35377	Rn:P35370
Q9HCK0	Q15406	57684	2649	ZBTB26	NR6A1	chromatin immunoprecipitation assay	27924024	Homo sapiens	GTRD	No	Mm:Q6P9Q3;Rn:D3ZG35	Dr:A2BF92	Ce:Q9U2R6;Dr:B3DH62;Mm:Q64249;Rn:E9PSV7	-
Q9HCK0	P10646	57684	7035	ZBTB26	TFPI	chromatin immunoprecipitation assay	27924024	Homo sapiens	GTRD	No	Mm:Q6P9Q3;Rn:D3ZG35	Dr:A2BF92	Mm:O54819	Rn:Q02445
Q9HCK0	Q9UII4	57684	51191	ZBTB26	HERC5	chromatin immunoprecipitation assay	27924024	Homo sapiens	GTRD	No	Mm:Q6P9Q3;Rn:D3ZG35	Dr:A2BF92	-	Dr:F1RDE7
Q9HCK0	Q9Y4D2	57684	747	ZBTB26	DAGLA	chromatin immunoprecipitation assay	27924024	Homo sapiens	GTRD	No	Mm:Q6P9Q3;Rn:D3ZG35	Dr:A2BF92	Dr:E7F0B3;Mm:Q6WQJ1;Rn:Q5YLM1	Dm:Q86B55
Q9HCK0	Q8N6D2	57684	221687	ZBTB26	RNF182	chromatin immunoprecipitation assay	27924024	Homo sapiens	GTRD	No	Mm:Q6P9Q3;Rn:D3ZG35	Dr:A2BF92	Mm:Q8C432;Rn:D3ZBM4	-
Q9HCK0	Q2YD98	57684	57654	ZBTB26	UVSSA	chromatin immunoprecipitation assay	27924024	Homo sapiens	GTRD	No	Mm:Q6P9Q3;Rn:D3ZG35	Dr:A2BF92	Ce:Q23088;Dr:E7EXT2;Mm:Q9D479;Rn:A0A096P6L4	-
Q9HCK0	Q9NV12	57684	55281	ZBTB26	TMEM140	chromatin immunoprecipitation assay	27924024	Homo sapiens	GTRD	No	Mm:Q6P9Q3;Rn:D3ZG35	Dr:A2BF92	Mm:Q8BGY5;Rn:Q5M826	-
Q9HCK0	Q5TDH0	57684	84301	ZBTB26	DDI2	chromatin immunoprecipitation assay	27924024	Homo sapiens	GTRD	No	Mm:Q6P9Q3;Rn:D3ZG35	Dr:A2BF92	Dr:Q6TH22;Mm:A2ADY9	-
Q9HCK0	Q9BZ71	57684	83394	ZBTB26	PITPNM3	chromatin immunoprecipitation assay	27924024	Homo sapiens	GTRD	No	Mm:Q6P9Q3;Rn:D3ZG35	Dr:A2BF92	Dr:E7F006;Mm:Q3UHE1	Rn:M0RDK4
Q9HCK0	Q8N8S7	57684	55740	ZBTB26	ENAH	chromatin immunoprecipitation assay	27924024	Homo sapiens	GTRD	No	Mm:Q6P9Q3;Rn:D3ZG35	Dr:A2BF92	-	-
Q9HCK0	O15530	57684	5170	ZBTB26	PDPK1	chromatin immunoprecipitation assay	27924024	Homo sapiens	GTRD	No	Mm:Q6P9Q3;Rn:D3ZG35	Dr:A2BF92	Ce:Q9Y1J3;Dm:Q9W0V1;Dr:Q6NZV1;Mm:Q9Z2A0;Rn:O55173	Dr:X1WFQ8
Q9HCK0	Q9P2B2	57684	5738	ZBTB26	PTGFRN	chromatin immunoprecipitation assay	27924024	Homo sapiens	GTRD	No	Mm:Q6P9Q3;Rn:D3ZG35	Dr:A2BF92	Mm:Q9WV91;Rn:F1M790	Dr:F1QAI9
Q9HCK0	Q8IV48	57684	90459	ZBTB26	ERI1	chromatin immunoprecipitation assay	27924024	Homo sapiens	GTRD	No	Mm:Q6P9Q3;Rn:D3ZG35	Dr:A2BF92	Mm:A0A0R4J0C8;Rn:Q5FVR4	-
Q9HCK0	Q92538	57684	8729	ZBTB26	GBF1	chromatin immunoprecipitation assay	27924024	Homo sapiens	GTRD	No	Mm:Q6P9Q3;Rn:D3ZG35	Dr:A2BF92	-	-
Q9HCK0	P98179	57684	5935	ZBTB26	RBM3	chromatin immunoprecipitation assay	27924024	Homo sapiens	GTRD	No	Mm:Q6P9Q3;Rn:D3ZG35	Dr:A2BF92	Dr:Q566W6;Rn:G3V6P6	Mm:Q8BG13
Q9HCK0	Q96QD8	57684	54407	ZBTB26	SLC38A2	chromatin immunoprecipitation assay	27924024	Homo sapiens	GTRD	No	Mm:Q6P9Q3;Rn:D3ZG35	Dr:A2BF92	Dr:Q5SPB1;Mm:Q8CFE6;Rn:Q9JHE5	-
Q9HCK0	O00566	57684	10199	ZBTB26	MPHOSPH10	chromatin immunoprecipitation assay	27924024	Homo sapiens	GTRD	No	Mm:Q6P9Q3;Rn:D3ZG35	Dr:A2BF92	Ce:Q9XW58;Dm:Q9VLK1;Dr:E7F5L8;Mm:Q810V0;Rn:G3V968;Sc:P47083	-
Q9HCK0	O95822	57684	23417	ZBTB26	MLYCD	chromatin immunoprecipitation assay	27924024	Homo sapiens	GTRD	No	Mm:Q6P9Q3;Rn:D3ZG35	Dr:A2BF92	Ce:Q20048;Mm:Q99J39;Rn:Q920F5	Dr:A3KP65
Q9HCK0	Q9BXT6	57684	54456	ZBTB26	MOV10L1	chromatin immunoprecipitation assay	27924024	Homo sapiens	GTRD	No	Mm:Q6P9Q3;Rn:D3ZG35	Dr:A2BF92	-	Rn:D3ZH42
Q9HCK0	P61619	57684	29927	ZBTB26	SEC61A1	chromatin immunoprecipitation assay	27924024	Homo sapiens	GTRD	No	Mm:Q6P9Q3;Rn:D3ZG35	Dr:A2BF92	Dr:Q90ZM2;Dr:A0A0J9YIG5;Mm:P61620	Rn:P61621
Q9HCK0	Q14165	57684	9761	ZBTB26	MLEC	chromatin immunoprecipitation assay	27924024	Homo sapiens	GTRD	No	Mm:Q6P9Q3;Rn:D3ZG35	Dr:A2BF92	Dm:Q9VIG0;Dr:A9C3P0;Mm:Q6ZQI3	-
Q9HCK0	Q9H078	57684	81570	ZBTB26	CLPB	chromatin immunoprecipitation assay	27924024	Homo sapiens	GTRD	No	Mm:Q6P9Q3;Rn:D3ZG35	Dr:A2BF92	Mm:Q60649;Rn:A0A0G2K3V9	-
Q9HCK0	Q3LIE5	57684	56985	ZBTB26	ADPRM	chromatin immunoprecipitation assay	27924024	Homo sapiens	GTRD	No	Mm:Q6P9Q3;Rn:D3ZG35	Dr:A2BF92	Dr:F1R6I0;Mm:Q99KS6;Rn:Q5M886	-
Q9HCK0	Q9UDW3	57684	55954	ZBTB26	ZMAT5	chromatin immunoprecipitation assay	27924024	Homo sapiens	GTRD	No	Mm:Q6P9Q3;Rn:D3ZG35	Dr:A2BF92	Mm:Q9CQR5	Dr:B0S517;Rn:D3ZLD2
Q9HCK0	Q8N7S6	57684	-	ZBTB26	ARIH2OS	chromatin immunoprecipitation assay	27924024	Homo sapiens	GTRD	No	Mm:Q6P9Q3;Rn:D3ZG35	Dr:A2BF92	-	-
Q9HCK0	Q8N122	57684	57521	ZBTB26	RPTOR	chromatin immunoprecipitation assay	27924024	Homo sapiens	GTRD	No	Mm:Q6P9Q3;Rn:D3ZG35	Dr:A2BF92	Dm:Q9W437;Mm:A2ACM0;Rn:D3ZDU2;Sc:P38873	Dr:A0A0R4IFI0
Q9HCK0	Q6MZQ0	57684	79899	ZBTB26	PRR5L	chromatin immunoprecipitation assay	27924024	Homo sapiens	GTRD	No	Mm:Q6P9Q3;Rn:D3ZG35	Dr:A2BF92	Mm:A2AVJ5;Rn:F1LQP5	Dr:X1WFB5
Q9HCK0	Q9UFF9	57684	9337	ZBTB26	CNOT8	chromatin immunoprecipitation assay	27924024	Homo sapiens	GTRD	No	Mm:Q6P9Q3;Rn:D3ZG35	Dr:A2BF92	Dr:A8E5K6;Mm:Q9D8X5;Rn:Q5U2U9	-
Q9HCK0	Q96NU1	57684	148398	ZBTB26	SAMD11	chromatin immunoprecipitation assay	27924024	Homo sapiens	GTRD	No	Mm:Q6P9Q3;Rn:D3ZG35	Dr:A2BF92	-	-
Q9HCK0	O75762	57684	8989	ZBTB26	TRPA1	chromatin immunoprecipitation assay	27924024	Homo sapiens	GTRD	No	Mm:Q6P9Q3;Rn:D3ZG35	Dr:A2BF92	Dm:Q7Z020;Dr:F1R7I3;Mm:Q8BLA8	Dr:B6D5I5;Rn:F1LRH9
Q9HCK0	Q96EN9	57684	55049	ZBTB26	REX1BD	chromatin immunoprecipitation assay	27924024	Homo sapiens	GTRD	No	Mm:Q6P9Q3;Rn:D3ZG35	Dr:A2BF92	Dr:B8JL57;Mm:Q9CYZ6	-
Q9HCK0	Q8WVE0	57684	221143	ZBTB26	EEF1AKMT1	chromatin immunoprecipitation assay	27924024	Homo sapiens	GTRD	No	Mm:Q6P9Q3;Rn:D3ZG35	Dr:A2BF92	Ce:Q5WRN3;Dm:Q9VMH7;Dr:B0UYA7;Rn:A0A0G2KAX1;Sc:P53200	-
Q9HCK0	Q7RTY0	57684	201232	ZBTB26	SLC16A13	chromatin immunoprecipitation assay	27924024	Homo sapiens	GTRD	No	Mm:Q6P9Q3;Rn:D3ZG35	Dr:A2BF92	Ce:Q93896;Dr:E7F9C2;Mm:Q8CE94;Rn:Q66HE2	-
Q9HCK0	Q96PD7	57684	84649	ZBTB26	DGAT2	chromatin immunoprecipitation assay	27924024	Homo sapiens	GTRD	No	Mm:Q6P9Q3;Rn:D3ZG35	Dr:A2BF92	Mm:Q9DCV3;Rn:Q5FVP8	Dr:Q4V9F0
Q9HCK0	Q9HB14	57684	56659	ZBTB26	KCNK13	chromatin immunoprecipitation assay	27924024	Homo sapiens	GTRD	No	Mm:Q6P9Q3;Rn:D3ZG35	Dr:A2BF92	Mm:Q8R1P5;Rn:M0RCJ1	Dr:A8KB76
Q9HCK0	O95721	57684	9342	ZBTB26	SNAP29	chromatin immunoprecipitation assay	27924024	Homo sapiens	GTRD	No	Mm:Q6P9Q3;Rn:D3ZG35	Dr:A2BF92	Dm:Q9W1I8;Dr:F1Q5X0;Mm:Q9ERB0;Rn:Q9JI56	-
Q9HCK0	Q9BQ31	57684	3790	ZBTB26	KCNS3	chromatin immunoprecipitation assay	27924024	Homo sapiens	GTRD	No	Mm:Q6P9Q3;Rn:D3ZG35	Dr:A2BF92	Mm:Q8BQZ8	Dr:B3DJ89;Rn:O88759
Q9HCK0	Q5MCW4	57684	148266	ZBTB26	ZNF569	chromatin immunoprecipitation assay	27924024	Homo sapiens	GTRD	No	Mm:Q6P9Q3;Rn:D3ZG35	Dr:A2BF92	Mm:Q80W31	Dr:H0WEW6;Rn:M0RDY1
Q9HCK0	Q15819	57684	7336	ZBTB26	UBE2V2	chromatin immunoprecipitation assay	27924024	Homo sapiens	GTRD	No	Mm:Q6P9Q3;Rn:D3ZG35	Dr:A2BF92	Dr:Q6PEH5;Mm:Q9D2M8;Rn:Q7M767	-
Q9HCK0	Q6ZRP7	57684	169714	ZBTB26	QSOX2	chromatin immunoprecipitation assay	27924024	Homo sapiens	GTRD	No	Mm:Q6P9Q3;Rn:D3ZG35	Dr:A2BF92	Dr:F1QJL3;Mm:Q3TMX7;Rn:D3ZP13	-
Q9HCK0	P04085	57684	5154	ZBTB26	PDGFA	chromatin immunoprecipitation assay	27924024	Homo sapiens	GTRD	No	Mm:Q6P9Q3;Rn:D3ZG35	Dr:A2BF92	-	Dr:A5PMP7;Mm:G5E891;Rn:Q6P7C3
Q9HCK0	Q52M93	57684	92285	ZBTB26	ZNF585B	chromatin immunoprecipitation assay	27924024	Homo sapiens	GTRD	No	Mm:Q6P9Q3;Rn:D3ZG35	Dr:A2BF92	-	-
Q9HCK0	Q92560	57684	8314	ZBTB26	BAP1	chromatin immunoprecipitation assay	27924024	Homo sapiens	GTRD	No	Mm:Q6P9Q3;Rn:D3ZG35	Dr:A2BF92	Dr:F1QJ12;Mm:Q99PU7;Rn:A0A0A0MXZ5	-
Q9HCK0	Q14679	57684	9654	ZBTB26	TTLL4	chromatin immunoprecipitation assay	27924024	Homo sapiens	GTRD	No	Mm:Q6P9Q3;Rn:D3ZG35	Dr:A2BF92	Mm:Q80UG8	Rn:D4A331
Q9HCK0	Q99536	57684	10493	ZBTB26	VAT1	chromatin immunoprecipitation assay	27924024	Homo sapiens	GTRD	No	Mm:Q6P9Q3;Rn:D3ZG35	Dr:A2BF92	Dr:Q8JFV8;Mm:Q62465;Rn:Q3MIE4	-
Q9HCK0	Q8N6S5	57684	151188	ZBTB26	ARL6IP6	chromatin immunoprecipitation assay	27924024	Homo sapiens	GTRD	No	Mm:Q6P9Q3;Rn:D3ZG35	Dr:A2BF92	Mm:Q8BH07;Rn:Q68FV2	-
Q9HCK0	P86397	57684	109703458	ZBTB26	HTD2	chromatin immunoprecipitation assay	27924024	Homo sapiens	GTRD	No	Mm:Q6P9Q3;Rn:D3ZG35	Dr:A2BF92	-	Mm:J3QMX0
Q9HCK0	Q15942	57684	7791	ZBTB26	ZYX	chromatin immunoprecipitation assay	27924024	Homo sapiens	GTRD	No	Mm:Q6P9Q3;Rn:D3ZG35	Dr:A2BF92	Dr:F1QC03;Mm:Q62523;Rn:D4A7U1	-
Q9HCK0	Q9XRX5	57684	11147	ZBTB26	HHLA3	chromatin immunoprecipitation assay	27924024	Homo sapiens	GTRD	No	Mm:Q6P9Q3;Rn:D3ZG35	Dr:A2BF92	-	-
Q9HCK0	O43283	57684	9175	ZBTB26	MAP3K13	chromatin immunoprecipitation assay	27924024	Homo sapiens	GTRD	No	Mm:Q6P9Q3;Rn:D3ZG35	Dr:A2BF92	Mm:Q1HKZ5;Rn:F7FMK8	Dr:F6NJB9
Q9HCK0	Q96S66	57684	23155	ZBTB26	CLCC1	chromatin immunoprecipitation assay	27924024	Homo sapiens	GTRD	No	Mm:Q6P9Q3;Rn:D3ZG35	Dr:A2BF92	Mm:Q99LI2;Rn:A0A140TAF5	-
Q9HCK0	Q7Z3B0	57684	643155	ZBTB26	SMIM15	chromatin immunoprecipitation assay	27924024	Homo sapiens	GTRD	No	Mm:Q6P9Q3;Rn:D3ZG35	Dr:A2BF92	Dr:A3KNM5;Mm:Q3UTD9;Rn:D4A573	-
Q9HCK0	Q6BAA4	57684	127943	ZBTB26	FCRLB	chromatin immunoprecipitation assay	27924024	Homo sapiens	GTRD	No	Mm:Q6P9Q3;Rn:D3ZG35	Dr:A2BF92	Mm:Q5DRQ8	Rn:D4A8M3
Q9HCK0	P51857	57684	6718	ZBTB26	AKR1D1	chromatin immunoprecipitation assay	27924024	Homo sapiens	GTRD	No	Mm:Q6P9Q3;Rn:D3ZG35	Dr:A2BF92	Mm:Q8VCX1;Rn:F1LML3	-
Q9HCK0	P47901	57684	553	ZBTB26	AVPR1B	chromatin immunoprecipitation assay	27924024	Homo sapiens	GTRD	No	Mm:Q6P9Q3;Rn:D3ZG35	Dr:A2BF92	Mm:Q9WU02;Rn:G3V6U8	-
Q9HCK0	Q00978	57684	10379	ZBTB26	IRF9	chromatin immunoprecipitation assay	27924024	Homo sapiens	GTRD	No	Mm:Q6P9Q3;Rn:D3ZG35	Dr:A2BF92	Rn:G3V8J4	Mm:E9PZJ2
Q9HCK0	Q7Z5Q5	57684	353497	ZBTB26	POLN	chromatin immunoprecipitation assay	27924024	Homo sapiens	GTRD	No	Mm:Q6P9Q3;Rn:D3ZG35	Dr:A2BF92	Mm:A0A0R4J0E3;Rn:F1LWX6	-
Q9HCK0	Q9HAQ2	57684	64147	ZBTB26	KIF9	chromatin immunoprecipitation assay	27924024	Homo sapiens	GTRD	No	Mm:Q6P9Q3;Rn:D3ZG35	Dr:A2BF92	-	Dr:F1QYE9;Mm:Q8C0X6;Rn:D4A8G1
Q9HCK0	O95620	57684	11062	ZBTB26	DUS4L	chromatin immunoprecipitation assay	27924024	Homo sapiens	GTRD	No	Mm:Q6P9Q3;Rn:D3ZG35	Dr:A2BF92	Ce:Q09504;Dm:Q9VJ06;Dr:Q5RIX6;Mm:A0A0R4J016;Sc:Q06063	Rn:A0A0G2K3I5
Q9HCK0	Q9ULJ6	57684	57178	ZBTB26	ZMIZ1	chromatin immunoprecipitation assay	27924024	Homo sapiens	GTRD	No	Mm:Q6P9Q3;Rn:D3ZG35	Dr:A2BF92	Dr:B7ZCQ7;Mm:Q6P1E1;Rn:D4AE97	-
Q9HCK0	Q53EL9	57684	124925	ZBTB26	SEZ6	chromatin immunoprecipitation assay	27924024	Homo sapiens	GTRD	No	Mm:Q6P9Q3;Rn:D3ZG35	Dr:A2BF92	-	-
Q9HCK0	Q6XQN6	57684	93100	ZBTB26	NAPRT	chromatin immunoprecipitation assay	27924024	Homo sapiens	GTRD	No	Mm:Q6P9Q3;Rn:D3ZG35	Dr:A2BF92	Ce:Q95XX1;Dr:B8JLT0;Mm:Q8CC86;Rn:G3V709	Dm:M9PC31
Q9HCK0	P57078	57684	-	ZBTB26	RIPK4	chromatin immunoprecipitation assay	27924024	Homo sapiens	GTRD	No	Mm:Q6P9Q3;Rn:D3ZG35	Dr:A2BF92	Dr:A0A2R8Q9U3;Mm:Q9ERK0;Rn:D4AAK5	-
Q9HCK0	Q96KR6	57684	116151	ZBTB26	FAM210B	chromatin immunoprecipitation assay	27924024	Homo sapiens	GTRD	No	Mm:Q6P9Q3;Rn:D3ZG35	Dr:A2BF92	Mm:Q9D8B6;Rn:B2RYM8	-
Q9HCK0	Q86VZ4	57684	84918	ZBTB26	LRP11	chromatin immunoprecipitation assay	27924024	Homo sapiens	GTRD	No	Mm:Q6P9Q3;Rn:D3ZG35	Dr:A2BF92	Mm:Q8CB67	-
Q9HCK0	O14579	57684	11316	ZBTB26	COPE	chromatin immunoprecipitation assay	27924024	Homo sapiens	GTRD	No	Mm:Q6P9Q3;Rn:D3ZG35	Dr:A2BF92	Ce:O62246;Dm:Q9Y0Y5;Dr:F1R7S1;Mm:O89079;Rn:G3V8Q1	-
Q9HCK0	Q5KSL6	57684	139189	ZBTB26	DGKK	chromatin immunoprecipitation assay	27924024	Homo sapiens	GTRD	No	Mm:Q6P9Q3;Rn:D3ZG35	Dr:A2BF92	Mm:E9Q7N4	Rn:F1LZW2
Q9HCK0	P32322	57684	5831	ZBTB26	PYCR1	chromatin immunoprecipitation assay	27924024	Homo sapiens	GTRD	No	Mm:Q6P9Q3;Rn:D3ZG35	Dr:A2BF92	-	-
Q9HCK0	Q99435	57684	4753	ZBTB26	NELL2	chromatin immunoprecipitation assay	27924024	Homo sapiens	GTRD	No	Mm:Q6P9Q3;Rn:D3ZG35	Dr:A2BF92	Mm:Q61220;Rn:Q561K2	Dr:F1QL83
Q9HCK0	Q6BDS2	57684	54887	ZBTB26	UHRF1BP1	chromatin immunoprecipitation assay	27924024	Homo sapiens	GTRD	No	Mm:Q6P9Q3;Rn:D3ZG35	Dr:A2BF92	Dm:M9PC10;Dr:E9QIM9;Mm:B2KF50;Rn:D3ZMR2	-
Q9HCK0	A6NKC9	57684	646892	ZBTB26	SH2D7	chromatin immunoprecipitation assay	27924024	Homo sapiens	GTRD	No	Mm:Q6P9Q3;Rn:D3ZG35	Dr:A2BF92	Mm:Q8BI17;Rn:D3ZQ16	-
Q9HCK0	O43182	57684	395	ZBTB26	ARHGAP6	chromatin immunoprecipitation assay	27924024	Homo sapiens	GTRD	No	Mm:Q6P9Q3;Rn:D3ZG35	Dr:A2BF92	Mm:O54834	Rn:D4A5T6
Q9HCK0	Q96L50	57684	122769	ZBTB26	LRR1	chromatin immunoprecipitation assay	27924024	Homo sapiens	GTRD	No	Mm:Q6P9Q3;Rn:D3ZG35	Dr:A2BF92	Ce:Q19988;Dm:Q9VKU0;Mm:D3YY91;Rn:D3ZE86	-
Q9HCK0	Q5VT06	57684	9857	ZBTB26	CEP350	chromatin immunoprecipitation assay	27924024	Homo sapiens	GTRD	No	Mm:Q6P9Q3;Rn:D3ZG35	Dr:A2BF92	Dr:F1QVM8;Mm:E9Q309;Rn:F1LPD3	-
Q9HCK0	Q96CN7	57684	51015	ZBTB26	ISOC1	chromatin immunoprecipitation assay	27924024	Homo sapiens	GTRD	No	Mm:Q6P9Q3;Rn:D3ZG35	Dr:A2BF92	Ce:Q20062;Mm:Q91V64	Dr:Q08C33;Rn:F2Z3T7
Q9HCK0	P05023	57684	476	ZBTB26	ATP1A1	chromatin immunoprecipitation assay	27924024	Homo sapiens	GTRD	No	Mm:Q6P9Q3;Rn:D3ZG35	Dr:A2BF92	Dr:B0R068;Mm:Q8VDN2;Rn:P06685	-
Q9HCK0	V9GYQ6	57684	-	ZBTB26	-	chromatin immunoprecipitation assay	27924024	Homo sapiens	GTRD	No	Mm:Q6P9Q3;Rn:D3ZG35	Dr:A2BF92	-	-
Q9HCK0	Q8WVT3	57684	51112	ZBTB26	TRAPPC12	chromatin immunoprecipitation assay	27924024	Homo sapiens	GTRD	No	Mm:Q6P9Q3;Rn:D3ZG35	Dr:A2BF92	Dr:F1RE04;Mm:Q8K2L8;Rn:D3ZE49	-
Q9HCK0	P10242	57684	4602	ZBTB26	MYB	chromatin immunoprecipitation assay	27924024	Homo sapiens	GTRD	No	Mm:Q6P9Q3;Rn:D3ZG35	Dr:A2BF92	Dr:F1QP24;Rn:A0A0G2K2A4	Mm:A0A087WPA7
Q9HCK0	Q9UKJ5	57684	26511	ZBTB26	CHIC2	chromatin immunoprecipitation assay	27924024	Homo sapiens	GTRD	No	Mm:Q6P9Q3;Rn:D3ZG35	Dr:A2BF92	Mm:Q9D9G3;Rn:G3V6A1	Dr:Q802W1
Q9HCK0	Q8N8E3	57684	201134	ZBTB26	CEP112	chromatin immunoprecipitation assay	27924024	Homo sapiens	GTRD	No	Mm:Q6P9Q3;Rn:D3ZG35	Dr:A2BF92	Dr:E7EZM2;Mm:Q5PR68;Rn:D4ABV2	-
Q9HCK0	Q92973	57684	3842	ZBTB26	TNPO1	chromatin immunoprecipitation assay	27924024	Homo sapiens	GTRD	No	Mm:Q6P9Q3;Rn:D3ZG35	Dr:A2BF92	Dr:F1RDR1;Rn:F1LQP9	Mm:Q3TKD0
Q9HCK0	Q9BWC9	57684	29903	ZBTB26	CCDC106	chromatin immunoprecipitation assay	27924024	Homo sapiens	GTRD	No	Mm:Q6P9Q3;Rn:D3ZG35	Dr:A2BF92	Dr:Q5EB04;Dr:Q1LUD6;Rn:D4AAV8	Mm:A0A140LIV9
Q9HCK0	Q9Y234	57684	51601	ZBTB26	LIPT1	chromatin immunoprecipitation assay	27924024	Homo sapiens	GTRD	No	Mm:Q6P9Q3;Rn:D3ZG35	Dr:A2BF92	Ce:O45303;Dm:Q8SX78;Dr:B8A660;Mm:Q8VCM4;Rn:D3Z7Z4;Sc:P47051	-
Q9HCK0	P01721	57684	-	ZBTB26	IGLV6-57	chromatin immunoprecipitation assay	27924024	Homo sapiens	GTRD	No	Mm:Q6P9Q3;Rn:D3ZG35	Dr:A2BF92	Rn:M0R936;Rn:D3ZE07	Rn:E9PSU8;Rn:G3V8Z5;Rn:M0R4Z4
Q9HCK0	Q9H8M2	57684	65980	ZBTB26	BRD9	chromatin immunoprecipitation assay	27924024	Homo sapiens	GTRD	No	Mm:Q6P9Q3;Rn:D3ZG35	Dr:A2BF92	Dm:Q9VLX2;Dr:F1QNW6;Rn:D4ACF5	Mm:A0A0R4J175
Q9HCK0	Q9HCC0	57684	64087	ZBTB26	MCCC2	chromatin immunoprecipitation assay	27924024	Homo sapiens	GTRD	No	Mm:Q6P9Q3;Rn:D3ZG35	Dr:A2BF92	Ce:P34385;Dm:Q9V9A7;Dr:A2BIN5;Mm:Q3ULD5;Rn:Q5XIT9	-
Q9HCK0	Q03936	57684	168374	ZBTB26	ZNF92	chromatin immunoprecipitation assay	27924024	Homo sapiens	GTRD	No	Mm:Q6P9Q3;Rn:D3ZG35	Dr:A2BF92	-	-
Q9HCK0	P53675	57684	8218	ZBTB26	CLTCL1	chromatin immunoprecipitation assay	27924024	Homo sapiens	GTRD	No	Mm:Q6P9Q3;Rn:D3ZG35	Dr:A2BF92	-	-
Q9HCK0	A6NKF1	57684	-	ZBTB26	SAC3D1	chromatin immunoprecipitation assay	27924024	Homo sapiens	GTRD	No	Mm:Q6P9Q3;Rn:D3ZG35	Dr:A2BF92	-	-
Q9HCK0	Q9BT43	57684	84265	ZBTB26	POLR3GL	chromatin immunoprecipitation assay	27924024	Homo sapiens	GTRD	No	Mm:Q6P9Q3;Rn:D3ZG35	Dr:A2BF92	Dr:F1R2W0;Mm:Q8R0C0;Rn:B4F7D3	-
Q9HCK0	K7ENP7	57684	-	ZBTB26	-	chromatin immunoprecipitation assay	27924024	Homo sapiens	GTRD	No	Mm:Q6P9Q3;Rn:D3ZG35	Dr:A2BF92	-	-
Q9HCK0	Q8WU43	57684	150590	ZBTB26	C2orf15	chromatin immunoprecipitation assay	27924024	Homo sapiens	GTRD	No	Mm:Q6P9Q3;Rn:D3ZG35	Dr:A2BF92	-	-
Q9HCK0	Q96I25	57684	84991	ZBTB26	RBM17	chromatin immunoprecipitation assay	27924024	Homo sapiens	GTRD	No	Mm:Q6P9Q3;Rn:D3ZG35	Dr:A2BF92	Ce:Q20966;Dm:Q7PL83;Dr:Q7ZVN6;Mm:Q8JZX4;Rn:Q6AY02	-
Q9HCK0	Q96C10	57684	79132	ZBTB26	DHX58	chromatin immunoprecipitation assay	27924024	Homo sapiens	GTRD	No	Mm:Q6P9Q3;Rn:D3ZG35	Dr:A2BF92	Mm:Q99J87;Rn:D3ZD46	Dr:F1QUY3
Q9HCK0	Q14376	57684	2582	ZBTB26	GALE	chromatin immunoprecipitation assay	27924024	Homo sapiens	GTRD	No	Mm:Q6P9Q3;Rn:D3ZG35	Dr:A2BF92	Ce:Q564Q1;Dm:Q9W0P5;Dr:F1Q5H4;Mm:Q8R059;Rn:Q4QRB0	-
Q9HCK0	Q6DHV5	57684	387707	ZBTB26	CC2D2B	chromatin immunoprecipitation assay	27924024	Homo sapiens	GTRD	No	Mm:Q6P9Q3;Rn:D3ZG35	Dr:A2BF92	-	Mm:A0A286YDU8
Q9HCK0	Q99848	57684	10969	ZBTB26	EBNA1BP2	chromatin immunoprecipitation assay	27924024	Homo sapiens	GTRD	No	Mm:Q6P9Q3;Rn:D3ZG35	Dr:A2BF92	-	-
Q9HCK0	Q9BRQ8	57684	84883	ZBTB26	AIFM2	chromatin immunoprecipitation assay	27924024	Homo sapiens	GTRD	No	Mm:Q6P9Q3;Rn:D3ZG35	Dr:A2BF92	Dr:E7FFC4;Mm:Q8BUE4;Rn:D4AA14	-
Q9HCK0	P19875	57684	2920	ZBTB26	CXCL2	chromatin immunoprecipitation assay	27924024	Homo sapiens	GTRD	No	Mm:Q6P9Q3;Rn:D3ZG35	Dr:A2BF92	-	-
Q9HCK0	Q9Y3B8	57684	25996	ZBTB26	REXO2	chromatin immunoprecipitation assay	27924024	Homo sapiens	GTRD	No	Mm:Q6P9Q3;Rn:D3ZG35	Dr:A2BF92	Ce:Q17819;Dm:Q9VCI0;Dr:F1QNX9;Mm:Q9D8S4;Sc:P54964	Rn:A0A0G2K038
Q9HCK0	Q8WXF1	57684	55269	ZBTB26	PSPC1	chromatin immunoprecipitation assay	27924024	Homo sapiens	GTRD	No	Mm:Q6P9Q3;Rn:D3ZG35	Dr:A2BF92	Ce:B3GWA1;Mm:Q8R326;Rn:Q4KLH4	-
Q9HCK0	Q96AN5	57684	55260	ZBTB26	TMEM143	chromatin immunoprecipitation assay	27924024	Homo sapiens	GTRD	No	Mm:Q6P9Q3;Rn:D3ZG35	Dr:A2BF92	Mm:G3X9F4;Rn:D3ZSD8	-
Q9HCK0	Q02080	57684	100271849;4207	ZBTB26	MEF2B	chromatin immunoprecipitation assay	27924024	Homo sapiens	GTRD	No	Mm:Q6P9Q3;Rn:D3ZG35	Dr:A2BF92	-	-
Q9HCK0	Q68D86	57684	79839	ZBTB26	CCDC102B	chromatin immunoprecipitation assay	27924024	Homo sapiens	GTRD	No	Mm:Q6P9Q3;Rn:D3ZG35	Dr:A2BF92	-	-
Q9HCK0	Q6ZN04	57684	84206	ZBTB26	MEX3B	chromatin immunoprecipitation assay	27924024	Homo sapiens	GTRD	No	Mm:Q6P9Q3;Rn:D3ZG35	Dr:A2BF92	Mm:F8WJD6;Rn:D3ZFL6	-
Q9HCK0	Q9Y4E1	57684	253725	ZBTB26	WASHC2C	chromatin immunoprecipitation assay	27924024	Homo sapiens	GTRD	No	Mm:Q6P9Q3;Rn:D3ZG35	Dr:A2BF92	-	-
Q9HCK0	A6NLU5	57684	342865	ZBTB26	VSTM2B	chromatin immunoprecipitation assay	27924024	Homo sapiens	GTRD	No	Mm:Q6P9Q3;Rn:D3ZG35	Dr:A2BF92	Mm:Q9JME9;Rn:D4A3Q0	-
Q9HCK0	A7E2F4	57684	23015	ZBTB26	GOLGA8A	chromatin immunoprecipitation assay	27924024	Homo sapiens	GTRD	No	Mm:Q6P9Q3;Rn:D3ZG35	Dr:A2BF92	-	-
Q9HCK0	Q6P4H8	57684	134145	ZBTB26	ATPSCKMT	chromatin immunoprecipitation assay	27924024	Homo sapiens	GTRD	No	Mm:Q6P9Q3;Rn:D3ZG35	Dr:A2BF92	Ce:Q9XX11;Dr:E7EXV0;Mm:Q9D1Z3;Rn:D3ZLY0	Dm:Q9VDC8
Q9HCK0	Q99747	57684	8774	ZBTB26	NAPG	chromatin immunoprecipitation assay	27924024	Homo sapiens	GTRD	No	Mm:Q6P9Q3;Rn:D3ZG35	Dr:A2BF92	Ce:Q9NEQ8;Dm:Q9U6R9;Dm:Q9VH25;Dr:F1RC32;Mm:Q9CWZ7;Rn:A0A0G2K350	-
Q9HCK0	Q6NTE8	57684	51149	ZBTB26	MRNIP	chromatin immunoprecipitation assay	27924024	Homo sapiens	GTRD	No	Mm:Q6P9Q3;Rn:D3ZG35	Dr:A2BF92	Mm:Q9D1F5;Rn:B2RYM4	-
Q9HCK0	Q8N2S1	57684	8425	ZBTB26	LTBP4	chromatin immunoprecipitation assay	27924024	Homo sapiens	GTRD	No	Mm:Q6P9Q3;Rn:D3ZG35	Dr:A2BF92	Mm:Q8K4G1;Rn:D4A917	Ce:P34504
Q9HCK0	Q6ZUT1	57684	55216	ZBTB26	NKAPD1	chromatin immunoprecipitation assay	27924024	Homo sapiens	GTRD	No	Mm:Q6P9Q3;Rn:D3ZG35	Dr:A2BF92	Dr:A4QNY5;Mm:E9PUQ3;Rn:B1WC13	-
Q9HCK0	Q92547	57684	11073	ZBTB26	TOPBP1	chromatin immunoprecipitation assay	27924024	Homo sapiens	GTRD	No	Mm:Q6P9Q3;Rn:D3ZG35	Dr:A2BF92	Dm:Q9VY97;Mm:Q6ZQF0;Rn:D3ZRG0	Dr:F1R135
Q9HCK0	P07355	57684	302	ZBTB26	ANXA2	chromatin immunoprecipitation assay	27924024	Homo sapiens	GTRD	No	Mm:Q6P9Q3;Rn:D3ZG35	Dr:A2BF92	Dr:A8E5G1;Mm:P07356;Rn:Q07936	Dr:Q6P603
Q9HCK0	Q9HC24	57684	51643	ZBTB26	TMBIM4	chromatin immunoprecipitation assay	27924024	Homo sapiens	GTRD	No	Mm:Q6P9Q3;Rn:D3ZG35	Dr:A2BF92	Ce:Q11080	-
Q9HCK0	O95831	57684	9131	ZBTB26	AIFM1	chromatin immunoprecipitation assay	27924024	Homo sapiens	GTRD	No	Mm:Q6P9Q3;Rn:D3ZG35	Dr:A2BF92	Ce:Q9U229;Dm:Q9VQ79;Mm:Q9Z0X1;Rn:Q9JM53	Dr:F1RBU6
Q9HCK0	Q9Y3E0	57684	51026	ZBTB26	GOLT1B	chromatin immunoprecipitation assay	27924024	Homo sapiens	GTRD	No	Mm:Q6P9Q3;Rn:D3ZG35	Dr:A2BF92	Dm:Q8IR19;Dr:Q4V8Q4;Mm:Q9CR60;Rn:B0BNB0	-
Q9HCK0	Q96G23	57684	29956	ZBTB26	CERS2	chromatin immunoprecipitation assay	27924024	Homo sapiens	GTRD	No	Mm:Q6P9Q3;Rn:D3ZG35	Dr:A2BF92	Dr:E7F9X7;Dr:Q90YY7;Mm:Q924Z4	Rn:G3V8V4
Q9HCK0	O75648	57684	55687	ZBTB26	TRMU	chromatin immunoprecipitation assay	27924024	Homo sapiens	GTRD	No	Mm:Q6P9Q3;Rn:D3ZG35	Dr:A2BF92	Dm:Q9W5B6;Dr:F1QRX8;Mm:Q9DAT5;Rn:B1WC37;Sc:Q12093	Ce:Q17440
Q9HCK0	Q12769	57684	23279	ZBTB26	NUP160	chromatin immunoprecipitation assay	27924024	Homo sapiens	GTRD	No	Mm:Q6P9Q3;Rn:D3ZG35	Dr:A2BF92	Dm:Q9VKJ3;Mm:Q9Z0W3;Rn:D3ZBL6	Dr:X1WEZ6
Q9HCK0	Q9H0X6	57684	727800	ZBTB26	RNF208	chromatin immunoprecipitation assay	27924024	Homo sapiens	GTRD	No	Mm:Q6P9Q3;Rn:D3ZG35	Dr:A2BF92	Mm:Q8K0W3;Rn:D4ADR3	-
Q9HCK0	P49908	57684	6414	ZBTB26	SELENOP	chromatin immunoprecipitation assay	27924024	Homo sapiens	GTRD	No	Mm:Q6P9Q3;Rn:D3ZG35	Dr:A2BF92	Mm:P70274	-
Q9HCK0	Q9Y546	57684	115353	ZBTB26	LRRC42	chromatin immunoprecipitation assay	27924024	Homo sapiens	GTRD	No	Mm:Q6P9Q3;Rn:D3ZG35	Dr:A2BF92	Dr:Q6P5J6;Mm:Q8R2U7;Rn:Q4KM95	-
Q9HCK0	Q8N131	57684	114908	ZBTB26	TMEM123	chromatin immunoprecipitation assay	27924024	Homo sapiens	GTRD	No	Mm:Q6P9Q3;Rn:D3ZG35	Dr:A2BF92	Mm:Q91Z22;Rn:A0A0G2K349	Dm:Q9VT37
Q9HCK0	B2RD01	57684	92806	ZBTB26	CENPBD1	chromatin immunoprecipitation assay	27924024	Homo sapiens	GTRD	No	Mm:Q6P9Q3;Rn:D3ZG35	Dr:A2BF92	-	-
Q9HCK0	Q96T76	57684	64210	ZBTB26	MMS19	chromatin immunoprecipitation assay	27924024	Homo sapiens	GTRD	No	Mm:Q6P9Q3;Rn:D3ZG35	Dr:A2BF92	Dm:Q95U54;Mm:Q9D071;Rn:M0R6T4;Sc:P40469	Dr:R4GEM8
Q9HCK0	O75771	57684	5892	ZBTB26	RAD51D	chromatin immunoprecipitation assay	27924024	Homo sapiens	GTRD	No	Mm:Q6P9Q3;Rn:D3ZG35	Dr:A2BF92	Dm:A1Z7R8;Dr:F1R474;Mm:O55230;Rn:B5DFH5	-
Q9HCK0	Q5VV17	57684	220213	ZBTB26	OTUD1	chromatin immunoprecipitation assay	27924024	Homo sapiens	GTRD	No	Mm:Q6P9Q3;Rn:D3ZG35	Dr:A2BF92	Mm:Q9CUB6;Rn:D3ZNC0	-
Q9HCK0	Q5VVQ6	57684	55432	ZBTB26	YOD1	chromatin immunoprecipitation assay	27924024	Homo sapiens	GTRD	No	Mm:Q6P9Q3;Rn:D3ZG35	Dr:A2BF92	Dm:Q9VRJ9;Dr:Q567B1;Mm:Q8CB27;Rn:Q32Q05;Sc:P43558	-
Q9HCK0	Q9UBU8	57684	10933	ZBTB26	MORF4L1	chromatin immunoprecipitation assay	27924024	Homo sapiens	GTRD	No	Mm:Q6P9Q3;Rn:D3ZG35	Dr:A2BF92	Ce:A7DTF0;Dr:A8E7S8;Mm:P60762;Rn:Q6AYU1;Sc:Q12432	Dm:A0A0B4KHJ7
Q9HCK0	P07992	57684	2067	ZBTB26	ERCC1	chromatin immunoprecipitation assay	27924024	Homo sapiens	GTRD	No	Mm:Q6P9Q3;Rn:D3ZG35	Dr:A2BF92	Ce:Q93456;Dm:Q7KMG7;Mm:P07903;Rn:D3ZAQ9	-
Q9HCK0	P22033	57684	4594	ZBTB26	MMUT	chromatin immunoprecipitation assay	27924024	Homo sapiens	GTRD	No	Mm:Q6P9Q3;Rn:D3ZG35	Dr:A2BF92	Ce:Q23381;Dr:A5D6S3;Mm:P16332;Rn:D3ZKG1	-
Q9HCK0	Q96HA7	57684	4796	ZBTB26	TONSL	chromatin immunoprecipitation assay	27924024	Homo sapiens	GTRD	No	Mm:Q6P9Q3;Rn:D3ZG35	Dr:A2BF92	Dm:Q9VSA4;Rn:D4A615	Dr:F1R859;Mm:G3UW83
Q9HCK0	O43292	57684	8733	ZBTB26	GPAA1	chromatin immunoprecipitation assay	27924024	Homo sapiens	GTRD	No	Mm:Q6P9Q3;Rn:D3ZG35	Dr:A2BF92	Dr:E7EZX6;Mm:Q9WTK3;Rn:Q6AYM8;Sc:P39012	Ce:Q95X60
Q9HCK0	Q9NVA4	57684	55751	ZBTB26	TMEM184C	chromatin immunoprecipitation assay	27924024	Homo sapiens	GTRD	No	Mm:Q6P9Q3;Rn:D3ZG35	Dr:A2BF92	Dr:B8JIG9;Mm:Q3TPR7;Rn:Q810F5	Dm:M9NEX9
Q9HCK0	Q2KHM9	57684	9851	ZBTB26	KIAA0753	chromatin immunoprecipitation assay	27924024	Homo sapiens	GTRD	No	Mm:Q6P9Q3;Rn:D3ZG35	Dr:A2BF92	Dr:X1WC30;Mm:A0A0R4J1C3	Rn:D3ZNS7
Q9HCK0	Q96M60	57684	196951	ZBTB26	FAM227B	chromatin immunoprecipitation assay	27924024	Homo sapiens	GTRD	No	Mm:Q6P9Q3;Rn:D3ZG35	Dr:A2BF92	Rn:Q6AXP3	Mm:E9PUC3
Q9HCK0	A0A087WY73	57684	-	ZBTB26	-	chromatin immunoprecipitation assay	27924024	Homo sapiens	GTRD	No	Mm:Q6P9Q3;Rn:D3ZG35	Dr:A2BF92	-	-
Q9HCK0	P08908	57684	3350	ZBTB26	HTR1A	chromatin immunoprecipitation assay	27924024	Homo sapiens	GTRD	No	Mm:Q6P9Q3;Rn:D3ZG35	Dr:A2BF92	Mm:Q64264	Dr:B0S6X1;Rn:G3V7B9
Q9HCK0	P78410	57684	11118	ZBTB26	BTN3A2	chromatin immunoprecipitation assay	27924024	Homo sapiens	GTRD	No	Mm:Q6P9Q3;Rn:D3ZG35	Dr:A2BF92	Dr:A0A1D5NSN6	-
Q9HCK0	A6NHR9	57684	23347	ZBTB26	SMCHD1	chromatin immunoprecipitation assay	27924024	Homo sapiens	GTRD	No	Mm:Q6P9Q3;Rn:D3ZG35	Dr:A2BF92	Mm:Q6P5D8;Rn:D4AAG8	-
Q9HCK0	Q12791	57684	3778	ZBTB26	KCNMA1	chromatin immunoprecipitation assay	27924024	Homo sapiens	GTRD	No	Mm:Q6P9Q3;Rn:D3ZG35	Dr:A2BF92	Mm:A0A087WQN5	Ce:H7BRC9;Dm:A0A0B4KGV3;Rn:F1LNC7
Q9HCK0	Q9P225	57684	146754	ZBTB26	DNAH2	chromatin immunoprecipitation assay	27924024	Homo sapiens	GTRD	No	Mm:Q6P9Q3;Rn:D3ZG35	Dr:A2BF92	Rn:A0A0G2JYL5	Dm:Q5LJP0;Dr:A0A1D5NT12;Mm:D3Z667
Q9HCK0	P43487	57684	5902	ZBTB26	RANBP1	chromatin immunoprecipitation assay	27924024	Homo sapiens	GTRD	No	Mm:Q6P9Q3;Rn:D3ZG35	Dr:A2BF92	-	-
Q9HCK0	Q00987	57684	4193	ZBTB26	MDM2	chromatin immunoprecipitation assay	27924024	Homo sapiens	GTRD	No	Mm:Q6P9Q3;Rn:D3ZG35	Dr:A2BF92	Mm:P23804;Rn:A0A0G2JVC1	Dr:B0R0S9
Q9HCK0	Q9H2J4	57684	79031	ZBTB26	PDCL3	chromatin immunoprecipitation assay	27924024	Homo sapiens	GTRD	No	Mm:Q6P9Q3;Rn:D3ZG35	Dr:A2BF92	Dm:Q8MR62;Mm:Q8BVF2;Rn:Q4KLJ8	-
Q9HCK0	Q9ULK5	57684	57216	ZBTB26	VANGL2	chromatin immunoprecipitation assay	27924024	Homo sapiens	GTRD	No	Mm:Q6P9Q3;Rn:D3ZG35	Dr:A2BF92	Dr:Q8UVJ6;Rn:P84889	Mm:D3YY75
Q9HCK0	P00568	57684	203	ZBTB26	AK1	chromatin immunoprecipitation assay	27924024	Homo sapiens	GTRD	No	Mm:Q6P9Q3;Rn:D3ZG35	Dr:A2BF92	Ce:Q20140;Dm:Q8IQG9;Mm:Q9R0Y5;Rn:A0A0G2K7Q6	Dr:Q68EH2
Q9HCK0	Q6PF18	57684	283385	ZBTB26	MORN3	chromatin immunoprecipitation assay	27924024	Homo sapiens	GTRD	No	Mm:Q6P9Q3;Rn:D3ZG35	Dr:A2BF92	Dm:A1ZB08;Mm:Q8C5T4;Rn:M0R7B3	Dr:F1R0B9
Q9HCK0	O75446	57684	8819	ZBTB26	SAP30	chromatin immunoprecipitation assay	27924024	Homo sapiens	GTRD	No	Mm:Q6P9Q3;Rn:D3ZG35	Dr:A2BF92	Mm:O88574;Rn:D3ZC08	-
Q9HCK0	Q9NY33	57684	10072	ZBTB26	DPP3	chromatin immunoprecipitation assay	27924024	Homo sapiens	GTRD	No	Mm:Q6P9Q3;Rn:D3ZG35	Dr:A2BF92	-	-
Q9HCK0	P30926	57684	1143	ZBTB26	CHRNB4	chromatin immunoprecipitation assay	27924024	Homo sapiens	GTRD	No	Mm:Q6P9Q3;Rn:D3ZG35	Dr:A2BF92	Mm:Q8R493;Rn:P12392	-
Q9HCK0	A0A1B0GWF0	57684	-	ZBTB26	-	chromatin immunoprecipitation assay	27924024	Homo sapiens	GTRD	No	Mm:Q6P9Q3;Rn:D3ZG35	Dr:A2BF92	-	-
Q9HCK0	P56945	57684	9564	ZBTB26	BCAR1	chromatin immunoprecipitation assay	27924024	Homo sapiens	GTRD	No	Mm:Q6P9Q3;Rn:D3ZG35	Dr:A2BF92	Mm:Q61140;Rn:D3ZE30	Dr:B5DE36
Q9HCK0	O95405	57684	9372	ZBTB26	ZFYVE9	chromatin immunoprecipitation assay	27924024	Homo sapiens	GTRD	No	Mm:Q6P9Q3;Rn:D3ZG35	Dr:A2BF92	Dr:A5PMI2	Mm:A2A8R0;Rn:D3ZDC7
Q9HCK0	Q9HDD0	57684	57110	ZBTB26	PLAAT1	chromatin immunoprecipitation assay	27924024	Homo sapiens	GTRD	No	Mm:Q6P9Q3;Rn:D3ZG35	Dr:A2BF92	-	-
Q9HCK0	Q5TC82	57684	149041	ZBTB26	RC3H1	chromatin immunoprecipitation assay	27924024	Homo sapiens	GTRD	No	Mm:Q6P9Q3;Rn:D3ZG35	Dr:A2BF92	Mm:Q4VGL6	-
Q9HCK0	Q03431	57684	5745	ZBTB26	PTH1R	chromatin immunoprecipitation assay	27924024	Homo sapiens	GTRD	No	Mm:Q6P9Q3;Rn:D3ZG35	Dr:A2BF92	Mm:P41593;Rn:P25961	-
Q9HCK0	Q92859	57684	4756	ZBTB26	NEO1	chromatin immunoprecipitation assay	27924024	Homo sapiens	GTRD	No	Mm:Q6P9Q3;Rn:D3ZG35	Dr:A2BF92	Dr:A0A0R4IP15;Rn:F1M0Z6	Mm:E9QK04
Q9HCK0	Q8N1B4	57684	6293	ZBTB26	VPS52	chromatin immunoprecipitation assay	27924024	Homo sapiens	GTRD	No	Mm:Q6P9Q3;Rn:D3ZG35	Dr:A2BF92	Ce:G5EFV8;Dm:Q9VMQ8;Dr:A0A0R4IY52;Mm:Q8C754;Rn:O55166;Sc:P39904	-
Q9HCK0	P22670	57684	5989	ZBTB26	RFX1	chromatin immunoprecipitation assay	27924024	Homo sapiens	GTRD	No	Mm:Q6P9Q3;Rn:D3ZG35	Dr:A2BF92	Dr:E7EZ03;Mm:P48377;Rn:D3ZQ82	-
Q9HCK0	Q15011	57684	9709	ZBTB26	HERPUD1	chromatin immunoprecipitation assay	27924024	Homo sapiens	GTRD	No	Mm:Q6P9Q3;Rn:D3ZG35	Dr:A2BF92	Dr:A0A286YAA4;Mm:Q9JJK5;Rn:Q9ESS9	-
Q9HCK0	Q92982	57684	4814	ZBTB26	NINJ1	chromatin immunoprecipitation assay	27924024	Homo sapiens	GTRD	No	Mm:Q6P9Q3;Rn:D3ZG35	Dr:A2BF92	Mm:O70131;Rn:P70617	Dr:A0A0R4IDX9
Q9HCK0	Q9H3Y8	57684	79144	ZBTB26	PPDPF	chromatin immunoprecipitation assay	27924024	Homo sapiens	GTRD	No	Mm:Q6P9Q3;Rn:D3ZG35	Dr:A2BF92	-	-
Q9HCK0	P30825	57684	6541	ZBTB26	SLC7A1	chromatin immunoprecipitation assay	27924024	Homo sapiens	GTRD	No	Mm:Q6P9Q3;Rn:D3ZG35	Dr:A2BF92	Dm:Q9VNP7;Dr:A0A0G2KSE4;Mm:Q09143;Rn:A0A0G2K3I1	-
Q9HCK0	Q99958	57684	2303	ZBTB26	FOXC2	chromatin immunoprecipitation assay	27924024	Homo sapiens	GTRD	No	Mm:Q6P9Q3;Rn:D3ZG35	Dr:A2BF92	Mm:Q61850;Rn:Q63246	-
Q9HCK0	Q9Y243	57684	10000	ZBTB26	AKT3	chromatin immunoprecipitation assay	27924024	Homo sapiens	GTRD	No	Mm:Q6P9Q3;Rn:D3ZG35	Dr:A2BF92	Ce:Q9XTG7;Dr:D9IL79;Mm:Q9WUA6;Rn:A0A0G2JXD7	-
Q9HCK0	Q9Y2T2	57684	26985	ZBTB26	AP3M1	chromatin immunoprecipitation assay	27924024	Homo sapiens	GTRD	No	Mm:Q6P9Q3;Rn:D3ZG35	Dr:A2BF92	Ce:Q20736;Mm:Q9JKC8;Rn:Q6IRG9	Dr:A9JRS9
Q9HCK0	Q8N443	57684	158787	ZBTB26	RIBC1	chromatin immunoprecipitation assay	27924024	Homo sapiens	GTRD	No	Mm:Q6P9Q3;Rn:D3ZG35	Dr:A2BF92	Dr:F1R3H7;Mm:Q9D0B8;Rn:Q6AYL4	-
Q9HCK0	Q53EP0	57684	64778	ZBTB26	FNDC3B	chromatin immunoprecipitation assay	27924024	Homo sapiens	GTRD	No	Mm:Q6P9Q3;Rn:D3ZG35	Dr:A2BF92	Dr:B0S5P9;Mm:A0A0R4J0H8	Rn:D4A0W7
Q9HCK0	Q8NEK5	57684	147694	ZBTB26	ZNF548	chromatin immunoprecipitation assay	27924024	Homo sapiens	GTRD	No	Mm:Q6P9Q3;Rn:D3ZG35	Dr:A2BF92	-	-
Q9HCK0	Q9Y4C8	57684	9904	ZBTB26	RBM19	chromatin immunoprecipitation assay	27924024	Homo sapiens	GTRD	No	Mm:Q6P9Q3;Rn:D3ZG35	Dr:A2BF92	Ce:Q9XU67;Dm:Q9VT19;Dr:F1QF98;Mm:Q8R3C6;Rn:D3ZHU8;Sc:Q06106	-
Q9HCK0	Q8IXV7	57684	200942	ZBTB26	KLHDC8B	chromatin immunoprecipitation assay	27924024	Homo sapiens	GTRD	No	Mm:Q6P9Q3;Rn:D3ZG35	Dr:A2BF92	Dr:E9QDR3;Mm:Q9D2D9;Rn:Q5XIA9	-
Q9HCK0	Q6ZSC3	57684	375287	ZBTB26	RBM43	chromatin immunoprecipitation assay	27924024	Homo sapiens	GTRD	No	Mm:Q6P9Q3;Rn:D3ZG35	Dr:A2BF92	Mm:Q99J64;Rn:F1LRJ4	-
Q9HCK0	Q3B7T3	57684	146227	ZBTB26	BEAN1	chromatin immunoprecipitation assay	27924024	Homo sapiens	GTRD	No	Mm:Q6P9Q3;Rn:D3ZG35	Dr:A2BF92	-	Mm:E9PVP2;Rn:D3ZFF6
Q9HCK0	Q9BZ67	57684	83786	ZBTB26	FRMD8	chromatin immunoprecipitation assay	27924024	Homo sapiens	GTRD	No	Mm:Q6P9Q3;Rn:D3ZG35	Dr:A2BF92	Dr:E7F221;Mm:Q3UFK8;Rn:Q5U2R3	-
Q9HCK0	Q7L7V1	57684	55760	ZBTB26	DHX32	chromatin immunoprecipitation assay	27924024	Homo sapiens	GTRD	No	Mm:Q6P9Q3;Rn:D3ZG35	Dr:A2BF92	Dr:X1WHV8;Mm:Q8BZS9;Rn:D3ZGJ0	-
Q9HCK0	Q13505	57684	4580	ZBTB26	MTX1	chromatin immunoprecipitation assay	27924024	Homo sapiens	GTRD	No	Mm:Q6P9Q3;Rn:D3ZG35	Dr:A2BF92	Dr:A2THY5;Mm:D3Z3F4;Rn:A0A0G2JU49	Dr:Q1L8P8
Q9HCK0	P63244	57684	10399	ZBTB26	RACK1	chromatin immunoprecipitation assay	27924024	Homo sapiens	GTRD	No	Mm:Q6P9Q3;Rn:D3ZG35	Dr:A2BF92	Ce:Q21215;Dm:O18640;Dr:O42248;Mm:P68040;Rn:P63245;Sc:P38011	Rn:A0A0G2JZE6
Q9HCK0	Q96I34	57684	84988	ZBTB26	PPP1R16A	chromatin immunoprecipitation assay	27924024	Homo sapiens	GTRD	No	Mm:Q6P9Q3;Rn:D3ZG35	Dr:A2BF92	Mm:Q923M0;Rn:D3ZVR8	Dr:E7FFN3
Q9HCK0	P61224	57684	5908	ZBTB26	RAP1B	chromatin immunoprecipitation assay	27924024	Homo sapiens	GTRD	No	Mm:Q6P9Q3;Rn:D3ZG35	Dr:A2BF92	Mm:Q99JI6	-
Q9HCK0	Q9NWS0	57684	55011	ZBTB26	PIH1D1	chromatin immunoprecipitation assay	27924024	Homo sapiens	GTRD	No	Mm:Q6P9Q3;Rn:D3ZG35	Dr:A2BF92	Mm:Q9CQJ2;Rn:Q4V7F5	Dr:F1R0N8
Q9HCK0	Q9H2Y7	57684	64397	ZBTB26	ZNF106	chromatin immunoprecipitation assay	27924024	Homo sapiens	GTRD	No	Mm:Q6P9Q3;Rn:D3ZG35	Dr:A2BF92	-	-
Q9HCK0	Q96EA4	57684	54908	ZBTB26	SPDL1	chromatin immunoprecipitation assay	27924024	Homo sapiens	GTRD	No	Mm:Q6P9Q3;Rn:D3ZG35	Dr:A2BF92	Mm:Q923A2;Rn:Q3KR99	Dr:A0A0R4IDN8
Q9HCK0	Q9UHH9	57684	51447	ZBTB26	IP6K2	chromatin immunoprecipitation assay	27924024	Homo sapiens	GTRD	No	Mm:Q6P9Q3;Rn:D3ZG35	Dr:A2BF92	Dr:Q6DG55;Dr:Q6PBN6;Mm:Q80V72;Rn:Q9R0U1	-
Q9HCK0	P61962	57684	10238	ZBTB26	DCAF7	chromatin immunoprecipitation assay	27924024	Homo sapiens	GTRD	No	Mm:Q6P9Q3;Rn:D3ZG35	Dr:A2BF92	Ce:Q93759;Dm:Q9VR53;Dr:Q7T3E0;Mm:P61963;Rn:B2RZ68	-
Q9HCK0	Q9Y3C7	57684	51003	ZBTB26	MED31	chromatin immunoprecipitation assay	27924024	Homo sapiens	GTRD	No	Mm:Q6P9Q3;Rn:D3ZG35	Dr:A2BF92	Dr:Q6DH26;Mm:Q9CXU1;Rn:D4A7J4	-
Q9HCK0	Q8N5C7	57684	56986	ZBTB26	DTWD1	chromatin immunoprecipitation assay	27924024	Homo sapiens	GTRD	No	Mm:Q6P9Q3;Rn:D3ZG35	Dr:A2BF92	Dm:Q9VAL1;Dr:A0A2R8Q4B6;Mm:Q9D8U7	Ce:B7WNB4;Rn:F1M7Q4
Q9HCK0	Q76N89	57684	23072	ZBTB26	HECW1	chromatin immunoprecipitation assay	27924024	Homo sapiens	GTRD	No	Mm:Q6P9Q3;Rn:D3ZG35	Dr:A2BF92	Mm:Q8K4P8;Rn:F1M4Q8	-
Q9HCK0	G3V3Y1	57684	-	ZBTB26	-	chromatin immunoprecipitation assay	27924024	Homo sapiens	GTRD	No	Mm:Q6P9Q3;Rn:D3ZG35	Dr:A2BF92	-	-
Q9HCK0	Q9HD34	57684	57128	ZBTB26	LYRM4	chromatin immunoprecipitation assay	27924024	Homo sapiens	GTRD	No	Mm:Q6P9Q3;Rn:D3ZG35	Dr:A2BF92	Dm:O46098;Dr:A0A2R8Q8D7;Mm:Q8K215;Rn:D3ZYM7;Sc:Q6Q560	-
Q9HCK0	Q9BY66	57684	8284	ZBTB26	KDM5D	chromatin immunoprecipitation assay	27924024	Homo sapiens	GTRD	No	Mm:Q6P9Q3;Rn:D3ZG35	Dr:A2BF92	Rn:W8C8J2	-
Q9HCK0	Q15424	57684	6294	ZBTB26	SAFB	chromatin immunoprecipitation assay	27924024	Homo sapiens	GTRD	No	Mm:Q6P9Q3;Rn:D3ZG35	Dr:A2BF92	Dm:Q8IMV6;Rn:A0A0G2JZI0	Mm:S4R1M2
Q9HCK0	Q13404	57684	387522;7335	ZBTB26	UBE2V1	chromatin immunoprecipitation assay	27924024	Homo sapiens	GTRD	No	Mm:Q6P9Q3;Rn:D3ZG35	Dr:A2BF92	Dr:F1R1E9;Mm:Q9CZY3;Rn:D3ZFY8	-
Q9HCK0	Q8IX90	57684	221150	ZBTB26	SKA3	chromatin immunoprecipitation assay	27924024	Homo sapiens	GTRD	No	Mm:Q6P9Q3;Rn:D3ZG35	Dr:A2BF92	Mm:Q8C263;Rn:B2GUZ2	-
Q9HCK0	O75143	57684	9776	ZBTB26	ATG13	chromatin immunoprecipitation assay	27924024	Homo sapiens	GTRD	No	Mm:Q6P9Q3;Rn:D3ZG35	Dr:A2BF92	Dr:Q7SYE0;Mm:Q91YI1	Rn:D3ZA45
Q9HCK0	Q9BUD6	57684	10417	ZBTB26	SPON2	chromatin immunoprecipitation assay	27924024	Homo sapiens	GTRD	No	Mm:Q6P9Q3;Rn:D3ZG35	Dr:A2BF92	-	-
Q9HCK0	Q12879	57684	2903	ZBTB26	GRIN2A	chromatin immunoprecipitation assay	27924024	Homo sapiens	GTRD	No	Mm:Q6P9Q3;Rn:D3ZG35	Dr:A2BF92	Dr:F6P6I2;Mm:P35436	Rn:G3V9C5
Q9HCK0	P17025	57684	7569	ZBTB26	ZNF182	chromatin immunoprecipitation assay	27924024	Homo sapiens	GTRD	No	Mm:Q6P9Q3;Rn:D3ZG35	Dr:A2BF92	-	Rn:M0RBY6
Q9HCK0	P20839	57684	3614	ZBTB26	IMPDH1	chromatin immunoprecipitation assay	27924024	Homo sapiens	GTRD	No	Mm:Q6P9Q3;Rn:D3ZG35	Dr:A2BF92	Dr:Q6GMG5;Mm:P50096;Rn:A0A0A0MXZ8	-
Q9HCK0	Q8NCK3	57684	220992	ZBTB26	ZNF485	chromatin immunoprecipitation assay	27924024	Homo sapiens	GTRD	No	Mm:Q6P9Q3;Rn:D3ZG35	Dr:A2BF92	-	-
Q9HCK0	Q9NRA0	57684	56848	ZBTB26	SPHK2	chromatin immunoprecipitation assay	27924024	Homo sapiens	GTRD	No	Mm:Q6P9Q3;Rn:D3ZG35	Dr:A2BF92	Mm:Q9JIA7;Rn:Q6AYB2	-
Q9HCK0	Q9GZT4	57684	63826	ZBTB26	SRR	chromatin immunoprecipitation assay	27924024	Homo sapiens	GTRD	No	Mm:Q6P9Q3;Rn:D3ZG35	Dr:A2BF92	Ce:Q93968;Mm:Q9QZX7;Sc:P36007	Rn:Q76EQ0
Q9HCK0	Q8N4C6	57684	51199	ZBTB26	NIN	chromatin immunoprecipitation assay	27924024	Homo sapiens	GTRD	No	Mm:Q6P9Q3;Rn:D3ZG35	Dr:A2BF92	Mm:Q61043;Rn:D4A1J7	Dr:F1QE08;Rn:D3ZIT3
Q9HCK0	Q92556	57684	9844	ZBTB26	ELMO1	chromatin immunoprecipitation assay	27924024	Homo sapiens	GTRD	No	Mm:Q6P9Q3;Rn:D3ZG35	Dr:A2BF92	Mm:Q8BPU7	Dr:Q6NV39;Rn:G8CYZ7
Q9HCK0	Q5JUW0	57684	55634	ZBTB26	KRBOX4	chromatin immunoprecipitation assay	27924024	Homo sapiens	GTRD	No	Mm:Q6P9Q3;Rn:D3ZG35	Dr:A2BF92	-	-
Q9HCK0	Q7Z736	57684	79990	ZBTB26	PLEKHH3	chromatin immunoprecipitation assay	27924024	Homo sapiens	GTRD	No	Mm:Q6P9Q3;Rn:D3ZG35	Dr:A2BF92	Mm:Q8VCE9;Rn:Q3B7L1	-
Q9HCK0	O00584	57684	8635	ZBTB26	RNASET2	chromatin immunoprecipitation assay	27924024	Homo sapiens	GTRD	No	Mm:Q6P9Q3;Rn:D3ZG35	Dr:A2BF92	-	-
Q9HCK0	P20962	57684	5763	ZBTB26	PTMS	chromatin immunoprecipitation assay	27924024	Homo sapiens	GTRD	No	Mm:Q6P9Q3;Rn:D3ZG35	Dr:A2BF92	Mm:Q9D0J8;Rn:P04550	-
Q9HCK0	Q13303	57684	8514	ZBTB26	KCNAB2	chromatin immunoprecipitation assay	27924024	Homo sapiens	GTRD	No	Mm:Q6P9Q3;Rn:D3ZG35	Dr:A2BF92	Mm:P62482	Dr:A0A140LGM3;Rn:A0A0G2K670
Q9HCK0	P0C6T2	57684	100128731	ZBTB26	OST4	chromatin immunoprecipitation assay	27924024	Homo sapiens	GTRD	No	Mm:Q6P9Q3;Rn:D3ZG35	Dr:A2BF92	-	-
Q9HCK0	Q03519	57684	6891	ZBTB26	TAP2	chromatin immunoprecipitation assay	27924024	Homo sapiens	GTRD	No	Mm:Q6P9Q3;Rn:D3ZG35	Dr:A2BF92	-	-
Q9HCK0	Q14183	57684	8448	ZBTB26	DOC2A	chromatin immunoprecipitation assay	27924024	Homo sapiens	GTRD	No	Mm:Q6P9Q3;Rn:D3ZG35	Dr:A2BF92	Mm:Q7TNF0;Rn:P70611	Dr:F1R9U1
Q9HCK0	Q12778	57684	2308	ZBTB26	FOXO1	chromatin immunoprecipitation assay	27924024	Homo sapiens	GTRD	No	Mm:Q6P9Q3;Rn:D3ZG35	Dr:A2BF92	Dr:A3RK74;Mm:Q9R1E0;Rn:G3V7R4	-
Q9HCK0	P49917	57684	3981	ZBTB26	LIG4	chromatin immunoprecipitation assay	27924024	Homo sapiens	GTRD	No	Mm:Q6P9Q3;Rn:D3ZG35	Dr:A2BF92	Dm:Q9VYA5;Dr:F1Q9E8;Mm:Q8BTF7;Rn:D4A0U6;Sc:Q08387	-
Q9HCK0	Q9Y5U4	57684	51141	ZBTB26	INSIG2	chromatin immunoprecipitation assay	27924024	Homo sapiens	GTRD	No	Mm:Q6P9Q3;Rn:D3ZG35	Dr:A2BF92	Mm:Q91WG1;Rn:Q80UA9	Dr:Q8AV60
Q9HCK0	Q8N755	57684	130814	ZBTB26	SLC66A3	chromatin immunoprecipitation assay	27924024	Homo sapiens	GTRD	No	Mm:Q6P9Q3;Rn:D3ZG35	Dr:A2BF92	Dm:Q9VZF3;Dr:Q66I89;Mm:Q8C6U2;Rn:G3V6N5	-
Q9HCK0	Q8N140	57684	493861	ZBTB26	EID3	chromatin immunoprecipitation assay	27924024	Homo sapiens	GTRD	No	Mm:Q6P9Q3;Rn:D3ZG35	Dr:A2BF92	-	Mm:Q3V124
Q9HCK0	Q86TJ5	57684	115196	ZBTB26	ZNF554	chromatin immunoprecipitation assay	27924024	Homo sapiens	GTRD	No	Mm:Q6P9Q3;Rn:D3ZG35	Dr:A2BF92	-	-
Q9HCK0	Q9NSP4	57684	79019	ZBTB26	CENPM	chromatin immunoprecipitation assay	27924024	Homo sapiens	GTRD	No	Mm:Q6P9Q3;Rn:D3ZG35	Dr:A2BF92	Mm:Q9CQA0;Rn:D4AC25	Dr:H0WF30
Q9HCK0	Q9UBV7	57684	11285	ZBTB26	B4GALT7	chromatin immunoprecipitation assay	27924024	Homo sapiens	GTRD	No	Mm:Q6P9Q3;Rn:D3ZG35	Dr:A2BF92	Ce:P34548;Dm:Q9VBZ9;Mm:Q8R087;Rn:A0A0G2K4C0	Dr:A5PMC8
Q9HCK0	O00483	57684	4697	ZBTB26	NDUFA4	chromatin immunoprecipitation assay	27924024	Homo sapiens	GTRD	No	Mm:Q6P9Q3;Rn:D3ZG35	Dr:A2BF92	Dm:Q8SYJ2;Dr:Q7ZTT8;Mm:Q62425;Rn:B2RZD6	Dr:Q6PBH5
Q9HCK0	Q5MIZ7	57684	57223	ZBTB26	PPP4R3B	chromatin immunoprecipitation assay	27924024	Homo sapiens	GTRD	No	Mm:Q6P9Q3;Rn:D3ZG35	Dr:A2BF92	Mm:Q922R5;Rn:D3ZCR4	-
Q9HCK0	Q13202	57684	1850	ZBTB26	DUSP8	chromatin immunoprecipitation assay	27924024	Homo sapiens	GTRD	No	Mm:Q6P9Q3;Rn:D3ZG35	Dr:A2BF92	Dr:F1QVZ9;Mm:O09112;Rn:D3ZNK9	-
Q9HCK0	Q14697	57684	23193	ZBTB26	GANAB	chromatin immunoprecipitation assay	27924024	Homo sapiens	GTRD	No	Mm:Q6P9Q3;Rn:D3ZG35	Dr:A2BF92	Ce:Q20239;Dm:Q7KMM4;Dr:F1Q6Z9;Dr:B3DIZ3;Mm:Q8BHN3;Rn:D3ZAN3	-
Q9HCK0	Q9BYE9	57684	54825	ZBTB26	CDHR2	chromatin immunoprecipitation assay	27924024	Homo sapiens	GTRD	No	Mm:Q6P9Q3;Rn:D3ZG35	Dr:A2BF92	Mm:E9Q7P9;Rn:D3ZAN2	-
Q9HCK0	Q9NZ43	57684	55850	ZBTB26	USE1	chromatin immunoprecipitation assay	27924024	Homo sapiens	GTRD	No	Mm:Q6P9Q3;Rn:D3ZG35	Dr:A2BF92	Ce:Q9N598;Dm:Q9VSU7;Dr:Q1LVG2;Mm:Q9CQ56;Rn:F1LQ22	-
Q9HCK0	Q9NZT2	57684	11054	ZBTB26	OGFR	chromatin immunoprecipitation assay	27924024	Homo sapiens	GTRD	No	Mm:Q6P9Q3;Rn:D3ZG35	Dr:A2BF92	Mm:Q99PG2	Rn:Q3MID9
Q9HCK0	P05981	57684	3249	ZBTB26	HPN	chromatin immunoprecipitation assay	27924024	Homo sapiens	GTRD	No	Mm:Q6P9Q3;Rn:D3ZG35	Dr:A2BF92	Rn:A0A0G2KB31	Dr:A8DZG9;Mm:G3UWE8
Q9HCK0	Q5THK1	57684	253143	ZBTB26	PRR14L	chromatin immunoprecipitation assay	27924024	Homo sapiens	GTRD	No	Mm:Q6P9Q3;Rn:D3ZG35	Dr:A2BF92	Mm:E9Q7C4;Rn:M0RAJ5	-
Q9HCK0	P16298	57684	5532	ZBTB26	PPP3CB	chromatin immunoprecipitation assay	27924024	Homo sapiens	GTRD	No	Mm:Q6P9Q3;Rn:D3ZG35	Dr:A2BF92	Mm:P48453	Rn:A0A0G2K7T5
Q9HCK0	P48061	57684	6387	ZBTB26	CXCL12	chromatin immunoprecipitation assay	27924024	Homo sapiens	GTRD	No	Mm:Q6P9Q3;Rn:D3ZG35	Dr:A2BF92	Dr:Q8AV10;Dr:Q6V9B5;Mm:P40224;Rn:Q80YV8	-
Q9HCK0	Q9Y6D9	57684	8379	ZBTB26	MAD1L1	chromatin immunoprecipitation assay	27924024	Homo sapiens	GTRD	No	Mm:Q6P9Q3;Rn:D3ZG35	Dr:A2BF92	Dm:Q7KND8;Dr:D9IWE2;Mm:Q9WTX8;Rn:D3ZIV3	-
Q9HCK0	Q8N8D9	57684	-	ZBTB26	IRF1-AS1	chromatin immunoprecipitation assay	27924024	Homo sapiens	GTRD	No	Mm:Q6P9Q3;Rn:D3ZG35	Dr:A2BF92	-	-
Q9HCK0	P13521	57684	7857	ZBTB26	SCG2	chromatin immunoprecipitation assay	27924024	Homo sapiens	GTRD	No	Mm:Q6P9Q3;Rn:D3ZG35	Dr:A2BF92	Dr:A0JMK6;Mm:Q03517;Rn:G3V7X2	-
Q9HCK0	Q9HAS0	57684	64149	ZBTB26	C17orf75	chromatin immunoprecipitation assay	27924024	Homo sapiens	GTRD	No	Mm:Q6P9Q3;Rn:D3ZG35	Dr:A2BF92	Dr:F1R0L3;Mm:Q9CYI0;Rn:D3ZEJ9	-
Q9HCK0	Q9Y2R9	57684	51081	ZBTB26	MRPS7	chromatin immunoprecipitation assay	27924024	Homo sapiens	GTRD	No	Mm:Q6P9Q3;Rn:D3ZG35	Dr:A2BF92	Ce:Q95Q11;Dm:Q9VKX4;Mm:Q80X85;Rn:Q5I0K8	Dr:A0A0R4IMM2
Q9HCK0	Q9HCB6	57684	10418	ZBTB26	SPON1	chromatin immunoprecipitation assay	27924024	Homo sapiens	GTRD	No	Mm:Q6P9Q3;Rn:D3ZG35	Dr:A2BF92	Dm:Q7K3Y9;Dr:Q1LUZ8;Mm:Q8VCC9;Rn:Q3B7D6	-
Q9HCK0	Q14596	57684	4077	ZBTB26	NBR1	chromatin immunoprecipitation assay	27924024	Homo sapiens	GTRD	No	Mm:Q6P9Q3;Rn:D3ZG35	Dr:A2BF92	Dr:F1R2I7;Mm:P97432;Rn:F1LSE5	-
Q9HCK0	P49715	57684	1050	ZBTB26	CEBPA	chromatin immunoprecipitation assay	27924024	Homo sapiens	GTRD	No	Mm:Q6P9Q3;Rn:D3ZG35	Dr:A2BF92	Dr:Q8UVZ1;Mm:P53566;Rn:A0A0H2UI22	-
Q9HCK0	A0A024R161	57684	552891	ZBTB26	DNAJC25-GNG10	chromatin immunoprecipitation assay	27924024	Homo sapiens	GTRD	No	Mm:Q6P9Q3;Rn:D3ZG35	Dr:A2BF92	-	-
Q9HCK0	Q5VXD3	57684	148418	ZBTB26	SAMD13	chromatin immunoprecipitation assay	27924024	Homo sapiens	GTRD	No	Mm:Q6P9Q3;Rn:D3ZG35	Dr:A2BF92	-	-
Q9HCK0	A6NED2	57684	91433	ZBTB26	RCCD1	chromatin immunoprecipitation assay	27924024	Homo sapiens	GTRD	No	Mm:Q6P9Q3;Rn:D3ZG35	Dr:A2BF92	Mm:Q8BTU7;Rn:D3ZG92	-
Q9HCK0	O94889	57684	23276	ZBTB26	KLHL18	chromatin immunoprecipitation assay	27924024	Homo sapiens	GTRD	No	Mm:Q6P9Q3;Rn:D3ZG35	Dr:A2BF92	Ce:Q8WQC4;Dr:B0S619;Rn:F1M3S0	Dm:Q9VGE6;Mm:A0A0G2JGN5
Q9HCK0	P53794	57684	-	ZBTB26	SLC5A3	chromatin immunoprecipitation assay	27924024	Homo sapiens	GTRD	No	Mm:Q6P9Q3;Rn:D3ZG35	Dr:A2BF92	-	-
Q9HCK0	Q2TAL8	57684	54870	ZBTB26	QRICH1	chromatin immunoprecipitation assay	27924024	Homo sapiens	GTRD	No	Mm:Q6P9Q3;Rn:D3ZG35	Dr:A2BF92	Mm:G3X8R5;Rn:A0A0G2JX16	Dr:Q4V9P2
Q9HCK0	Q86YN1	57684	57171	ZBTB26	DOLPP1	chromatin immunoprecipitation assay	27924024	Homo sapiens	GTRD	No	Mm:Q6P9Q3;Rn:D3ZG35	Dr:A2BF92	Dr:F1QFM6;Mm:Q9JMF7;Rn:A0A0G2JUS5;Sc:P53223	-
Q9HCK0	V9GYS4	57684	-	ZBTB26	-	chromatin immunoprecipitation assay	27924024	Homo sapiens	GTRD	No	Mm:Q6P9Q3;Rn:D3ZG35	Dr:A2BF92	-	-
Q9HCK0	Q6UXG8	57684	153579	ZBTB26	BTNL9	chromatin immunoprecipitation assay	27924024	Homo sapiens	GTRD	No	Mm:Q6P9Q3;Rn:D3ZG35	Dr:A2BF92	Mm:Q8BJE2	Rn:M0R7E0
Q9HCK0	O15021	57684	375449	ZBTB26	MAST4	chromatin immunoprecipitation assay	27924024	Homo sapiens	GTRD	No	Mm:Q6P9Q3;Rn:D3ZG35	Dr:A2BF92	Mm:Q811L6;Rn:M0R3L1	-
Q9HCK0	Q9Y6G1	57684	28978	ZBTB26	TMEM14A	chromatin immunoprecipitation assay	27924024	Homo sapiens	GTRD	No	Mm:Q6P9Q3;Rn:D3ZG35	Dr:A2BF92	Dr:A3KP91;Mm:P56983;Rn:D3ZUB4	-
Q9HCK0	Q13615	57684	8897	ZBTB26	MTMR3	chromatin immunoprecipitation assay	27924024	Homo sapiens	GTRD	No	Mm:Q6P9Q3;Rn:D3ZG35	Dr:A2BF92	Dr:A0A0R4IFR5;Mm:B1ATD5	Rn:A0A0G2K8C7
Q9HCK0	P27635	57684	6134	ZBTB26	RPL10	chromatin immunoprecipitation assay	27924024	Homo sapiens	GTRD	No	Mm:Q6P9Q3;Rn:D3ZG35	Dr:A2BF92	-	-
Q9HCK0	Q0VDD8	57684	127602	ZBTB26	DNAH14	chromatin immunoprecipitation assay	27924024	Homo sapiens	GTRD	No	Mm:Q6P9Q3;Rn:D3ZG35	Dr:A2BF92	-	Mm:A0A571BGC3
Q9HCK0	Q96PU8	57684	9444	ZBTB26	QKI	chromatin immunoprecipitation assay	27924024	Homo sapiens	GTRD	No	Mm:Q6P9Q3;Rn:D3ZG35	Dr:A2BF92	Mm:Q9QYS9;Rn:A0A0G2JXZ5	Dr:B8JLF2
Q9HCK0	P36894	57684	657	ZBTB26	BMPR1A	chromatin immunoprecipitation assay	27924024	Homo sapiens	GTRD	No	Mm:Q6P9Q3;Rn:D3ZG35	Dr:A2BF92	Mm:P36895;Rn:Q78EA7	-
Q9HCK0	P19256	57684	965	ZBTB26	CD58	chromatin immunoprecipitation assay	27924024	Homo sapiens	GTRD	No	Mm:Q6P9Q3;Rn:D3ZG35	Dr:A2BF92	Dr:A0A0R4ICM3	-
Q9HCK0	O75354	57684	955	ZBTB26	ENTPD6	chromatin immunoprecipitation assay	27924024	Homo sapiens	GTRD	No	Mm:Q6P9Q3;Rn:D3ZG35	Dr:A2BF92	Dr:F1R4L9;Mm:Q3U0P5;Rn:Q9ER31	-
Q9HCK0	Q99967	57684	10370	ZBTB26	CITED2	chromatin immunoprecipitation assay	27924024	Homo sapiens	GTRD	No	Mm:Q6P9Q3;Rn:D3ZG35	Dr:A2BF92	Dr:F1R408;Mm:O35740;Rn:Q99MA1	-
Q9HCK0	Q9Y252	57684	6049	ZBTB26	RNF6	chromatin immunoprecipitation assay	27924024	Homo sapiens	GTRD	No	Mm:Q6P9Q3;Rn:D3ZG35	Dr:A2BF92	Mm:Q9DBU5;Rn:D3ZRG6	-
Q9HCK0	P22455	57684	2264	ZBTB26	FGFR4	chromatin immunoprecipitation assay	27924024	Homo sapiens	GTRD	No	Mm:Q6P9Q3;Rn:D3ZG35	Dr:A2BF92	Mm:A0A0R4IZY3;Rn:Q498D6	-
Q9HCK0	Q96LC9	57684	90427	ZBTB26	BMF	chromatin immunoprecipitation assay	27924024	Homo sapiens	GTRD	No	Mm:Q6P9Q3;Rn:D3ZG35	Dr:A2BF92	Rn:Q8K589	Mm:Q91ZE9
Q9HCK0	Q00056	57684	3201	ZBTB26	HOXA4	chromatin immunoprecipitation assay	27924024	Homo sapiens	GTRD	No	Mm:Q6P9Q3;Rn:D3ZG35	Dr:A2BF92	Mm:A0A0R4J193	Rn:E9PT77
Q9HCK0	Q9Y4D7	57684	23129	ZBTB26	PLXND1	chromatin immunoprecipitation assay	27924024	Homo sapiens	GTRD	No	Mm:Q6P9Q3;Rn:D3ZG35	Dr:A2BF92	Mm:Q3UH93;Rn:D4AA77	-
Q9HCK0	O94788	57684	8854	ZBTB26	ALDH1A2	chromatin immunoprecipitation assay	27924024	Homo sapiens	GTRD	No	Mm:Q6P9Q3;Rn:D3ZG35	Dr:A2BF92	Dr:Q90Y03;Mm:Q62148;Rn:Q63639	-
Q9HCK0	Q4G0Z9	57684	157777	ZBTB26	MCMDC2	chromatin immunoprecipitation assay	27924024	Homo sapiens	GTRD	No	Mm:Q6P9Q3;Rn:D3ZG35	Dr:A2BF92	Mm:E9Q956;Rn:R9PXX4	-
Q9HCK0	Q9P032	57684	29078	ZBTB26	NDUFAF4	chromatin immunoprecipitation assay	27924024	Homo sapiens	GTRD	No	Mm:Q6P9Q3;Rn:D3ZG35	Dr:A2BF92	Dm:Q9VH39;Mm:Q9D1H6;Rn:Q9NQR8	Dr:E7FDX3;Rn:D4ABZ8
Q9HCK0	O00180	57684	3775	ZBTB26	KCNK1	chromatin immunoprecipitation assay	27924024	Homo sapiens	GTRD	No	Mm:Q6P9Q3;Rn:D3ZG35	Dr:A2BF92	Ce:Q9NEV3;Dr:A5PLK0;Dr:B8A573;Mm:O08581	Rn:Q9Z2T2
Q9HCK0	Q9BZ76	57684	79937	ZBTB26	CNTNAP3	chromatin immunoprecipitation assay	27924024	Homo sapiens	GTRD	No	Mm:Q6P9Q3;Rn:D3ZG35	Dr:A2BF92	-	-
Q9HCK0	Q9BZW5	57684	53346	ZBTB26	TM6SF1	chromatin immunoprecipitation assay	27924024	Homo sapiens	GTRD	No	Mm:Q6P9Q3;Rn:D3ZG35	Dr:A2BF92	Mm:P58749;Rn:A0A0G2JZS3	-
Q9HCK0	O15535	57684	7746	ZBTB26	ZSCAN9	chromatin immunoprecipitation assay	27924024	Homo sapiens	GTRD	No	Mm:Q6P9Q3;Rn:D3ZG35	Dr:A2BF92	-	-
Q9HCK0	Q9H0K1	57684	23235	ZBTB26	SIK2	chromatin immunoprecipitation assay	27924024	Homo sapiens	GTRD	No	Mm:Q6P9Q3;Rn:D3ZG35	Dr:A2BF92	Dr:E7F378;Mm:F8VPT7;Rn:E9PSK5	-
Q9HCK0	Q9P2B7	57684	57587	ZBTB26	CFAP97	chromatin immunoprecipitation assay	27924024	Homo sapiens	GTRD	No	Mm:Q6P9Q3;Rn:D3ZG35	Dr:A2BF92	Mm:Q6ZPR1;Rn:Q66H34	Dr:B8JIG1
Q9HCK0	Q9Y5G0	57684	56101	ZBTB26	PCDHGB5	chromatin immunoprecipitation assay	27924024	Homo sapiens	GTRD	No	Mm:Q6P9Q3;Rn:D3ZG35	Dr:A2BF92	Mm:Q91XX5;Rn:D4ACU2	-
Q9HCK0	Q674X7	57684	23254	ZBTB26	KAZN	chromatin immunoprecipitation assay	27924024	Homo sapiens	GTRD	No	Mm:Q6P9Q3;Rn:D3ZG35	Dr:A2BF92	-	-
Q9HCK0	Q96KC8	57684	64215	ZBTB26	DNAJC1	chromatin immunoprecipitation assay	27924024	Homo sapiens	GTRD	No	Mm:Q6P9Q3;Rn:D3ZG35	Dr:A2BF92	Ce:P34454;Dm:Q9VWL4;Dr:B0UXV7;Mm:Q61712;Rn:F1LVX1	-
Q9HCK0	Q9UHI8	57684	9510	ZBTB26	ADAMTS1	chromatin immunoprecipitation assay	27924024	Homo sapiens	GTRD	No	Mm:Q6P9Q3;Rn:D3ZG35	Dr:A2BF92	Mm:P97857;Rn:Q68EJ2	-
Q9HCK0	P61009	57684	60559	ZBTB26	SPCS3	chromatin immunoprecipitation assay	27924024	Homo sapiens	GTRD	No	Mm:Q6P9Q3;Rn:D3ZG35	Dr:A2BF92	Ce:P34525;Dm:Q9VCA9;Dr:Q6NWJ2;Mm:Q6ZWQ7	Rn:D3ZF12
Q9HCK0	Q96A04	57684	128229	ZBTB26	TSACC	chromatin immunoprecipitation assay	27924024	Homo sapiens	GTRD	No	Mm:Q6P9Q3;Rn:D3ZG35	Dr:A2BF92	Mm:Q9DA44;Rn:D3ZH74	-
Q9HCK0	P51572	57684	10134	ZBTB26	BCAP31	chromatin immunoprecipitation assay	27924024	Homo sapiens	GTRD	No	Mm:Q6P9Q3;Rn:D3ZG35	Dr:A2BF92	Dm:Q9W0M4;Dr:Q8JFW7;Mm:Q61335;Rn:Q6AY58;Sc:Q07451	-
Q9HCK0	Q9HD43	57684	5794	ZBTB26	PTPRH	chromatin immunoprecipitation assay	27924024	Homo sapiens	GTRD	No	Mm:Q6P9Q3;Rn:D3ZG35	Dr:A2BF92	Mm:E9Q0N2;Rn:A0A0G2K754	-
Q9HCK0	Q8WZ75	57684	54538	ZBTB26	ROBO4	chromatin immunoprecipitation assay	27924024	Homo sapiens	GTRD	No	Mm:Q6P9Q3;Rn:D3ZG35	Dr:A2BF92	Dr:F1RE66;Mm:D3Z4M4	Rn:A0A0G2QC46;Rn:F1M7B9
Q9HCK0	Q9UIL1	57684	60592	ZBTB26	SCOC	chromatin immunoprecipitation assay	27924024	Homo sapiens	GTRD	No	Mm:Q6P9Q3;Rn:D3ZG35	Dr:A2BF92	Dr:A0A0H2UKD1;Mm:Q78YZ6;Rn:Q5RJZ6	-
Q9HCK0	Q6Q0C1	57684	283600	ZBTB26	SLC25A47	chromatin immunoprecipitation assay	27924024	Homo sapiens	GTRD	No	Mm:Q6P9Q3;Rn:D3ZG35	Dr:A2BF92	Dr:Q1ECW7;Mm:Q6IS41;Rn:Q6J329	-
Q9HCK0	O75152	57684	9877	ZBTB26	ZC3H11A	chromatin immunoprecipitation assay	27924024	Homo sapiens	GTRD	No	Mm:Q6P9Q3;Rn:D3ZG35	Dr:A2BF92	-	-
Q9HCK0	Q12888	57684	7158	ZBTB26	TP53BP1	chromatin immunoprecipitation assay	27924024	Homo sapiens	GTRD	No	Mm:Q6P9Q3;Rn:D3ZG35	Dr:A2BF92	Mm:P70399;Rn:F1M842	-
Q9HCK0	Q969L4	57684	84967	ZBTB26	LSM10	chromatin immunoprecipitation assay	27924024	Homo sapiens	GTRD	No	Mm:Q6P9Q3;Rn:D3ZG35	Dr:A2BF92	Mm:Q8QZX5;Rn:B2RYU1	Dr:A0A0R4IV27
Q9HCK0	Q8N8V4	57684	257629	ZBTB26	ANKS4B	chromatin immunoprecipitation assay	27924024	Homo sapiens	GTRD	No	Mm:Q6P9Q3;Rn:D3ZG35	Dr:A2BF92	Mm:Q8K3X6;Rn:M0RBX2	Dr:Q6GMG7
Q9HCK0	P83111	57684	114294	ZBTB26	LACTB	chromatin immunoprecipitation assay	27924024	Homo sapiens	GTRD	No	Mm:Q6P9Q3;Rn:D3ZG35	Dr:A2BF92	Ce:O62481;Mm:Q9EP89;Rn:D3ZFJ6	Dr:F1QPG1
Q9HCK0	Q7RTY5	57684	345062	ZBTB26	PRSS48	chromatin immunoprecipitation assay	27924024	Homo sapiens	GTRD	No	Mm:Q6P9Q3;Rn:D3ZG35	Dr:A2BF92	Mm:Q14B25	Rn:F1M9J3
Q9HCK0	Q9HB19	57684	59339	ZBTB26	PLEKHA2	chromatin immunoprecipitation assay	27924024	Homo sapiens	GTRD	No	Mm:Q6P9Q3;Rn:D3ZG35	Dr:A2BF92	-	-
Q9HCK0	Q96DB2	57684	79885	ZBTB26	HDAC11	chromatin immunoprecipitation assay	27924024	Homo sapiens	GTRD	No	Mm:Q6P9Q3;Rn:D3ZG35	Dr:A2BF92	Ce:Q18477;Dm:Q9VC26;Mm:Q91WA3;Rn:B2GUW3	-
Q9HCK0	Q5T5C0	57684	134957	ZBTB26	STXBP5	chromatin immunoprecipitation assay	27924024	Homo sapiens	GTRD	No	Mm:Q6P9Q3;Rn:D3ZG35	Dr:A2BF92	Dr:Q5RGD1;Rn:Q9WU70	Mm:D3Z079
Q9HCK0	Q9GZU3	57684	55116	ZBTB26	TMEM39B	chromatin immunoprecipitation assay	27924024	Homo sapiens	GTRD	No	Mm:Q6P9Q3;Rn:D3ZG35	Dr:A2BF92	Dr:Q7ZW11;Mm:Q810L4	Rn:F1LRC8
Q9HCK0	Q8TEA8	57684	92675	ZBTB26	DTD1	chromatin immunoprecipitation assay	27924024	Homo sapiens	GTRD	No	Mm:Q6P9Q3;Rn:D3ZG35	Dr:A2BF92	Sc:Q07648	-
Q9HCK0	Q9Y2D5	57684	445815	ZBTB26	AKAP2	chromatin immunoprecipitation assay	27924024	Homo sapiens	GTRD	No	Mm:Q6P9Q3;Rn:D3ZG35	Dr:A2BF92	Dr:A0A0R4ISM7	Mm:A2API8;Rn:F1LPQ9
Q9HCK0	Q8IVW4	57684	51265	ZBTB26	CDKL3	chromatin immunoprecipitation assay	27924024	Homo sapiens	GTRD	No	Mm:Q6P9Q3;Rn:D3ZG35	Dr:A2BF92	Mm:Q8BLF2	Rn:A0A0G2K2N2;Rn:A0A0G2K5J4
Q9HCK0	Q92565	57684	9771	ZBTB26	RAPGEF5	chromatin immunoprecipitation assay	27924024	Homo sapiens	GTRD	No	Mm:Q6P9Q3;Rn:D3ZG35	Dr:A2BF92	-	-
Q9HCK0	Q5VW36	57684	54914	ZBTB26	FOCAD	chromatin immunoprecipitation assay	27924024	Homo sapiens	GTRD	No	Mm:Q6P9Q3;Rn:D3ZG35	Dr:A2BF92	-	-
Q9HCK0	Q9BX74	57684	83941	ZBTB26	TM2D1	chromatin immunoprecipitation assay	27924024	Homo sapiens	GTRD	No	Mm:Q6P9Q3;Rn:D3ZG35	Dr:A2BF92	Ce:Q95PJ8;Dm:Q9W2H1;Mm:Q99MB3;Rn:D3ZYF8	Dr:A5PLH4
Q9HCK0	Q68CZ2	57684	64759	ZBTB26	TNS3	chromatin immunoprecipitation assay	27924024	Homo sapiens	GTRD	No	Mm:Q6P9Q3;Rn:D3ZG35	Dr:A2BF92	Rn:F1LN91	Mm:A0A5F8MPF2
Q9HCK0	Q9H4L4	57684	26168	ZBTB26	SENP3	chromatin immunoprecipitation assay	27924024	Homo sapiens	GTRD	No	Mm:Q6P9Q3;Rn:D3ZG35	Dr:A2BF92	-	-
Q9HCK0	Q9UHL0	57684	29118	ZBTB26	DDX25	chromatin immunoprecipitation assay	27924024	Homo sapiens	GTRD	No	Mm:Q6P9Q3;Rn:D3ZG35	Dr:A2BF92	Mm:Q9QY15;Rn:Q68G14	-
Q9HCK0	Q5C9Z4	57684	64434	ZBTB26	NOM1	chromatin immunoprecipitation assay	27924024	Homo sapiens	GTRD	No	Mm:Q6P9Q3;Rn:D3ZG35	Dr:A2BF92	Ce:Q9U255;Dm:Q9W020;Dr:Q1LY17;Mm:Q3UFM5	Rn:M0R6J5
Q9HCK0	Q9BZF9	57684	55075	ZBTB26	UACA	chromatin immunoprecipitation assay	27924024	Homo sapiens	GTRD	No	Mm:Q6P9Q3;Rn:D3ZG35	Dr:A2BF92	Rn:D3ZGS5	Dr:F1QM39;Mm:A0A0R4J0S7
Q9HCK0	O75051	57684	5362	ZBTB26	PLXNA2	chromatin immunoprecipitation assay	27924024	Homo sapiens	GTRD	No	Mm:Q6P9Q3;Rn:D3ZG35	Dr:A2BF92	Mm:P70207;Rn:D3ZWP6	Dr:F1QCL2
Q9HCK0	Q14192	57684	2274	ZBTB26	FHL2	chromatin immunoprecipitation assay	27924024	Homo sapiens	GTRD	No	Mm:Q6P9Q3;Rn:D3ZG35	Dr:A2BF92	Dr:B0V234;Dr:Q6AZB7;Mm:O70433;Rn:O35115	-
Q9HCK0	P78406	57684	8480	ZBTB26	RAE1	chromatin immunoprecipitation assay	27924024	Homo sapiens	GTRD	No	Mm:Q6P9Q3;Rn:D3ZG35	Dr:A2BF92	Ce:Q93454;Dm:Q9W2E7;Dr:Q7ZWF0;Mm:Q8C570;Rn:Q3SWS8;Sc:P40066	-
Q9HCK0	P30531	57684	6529	ZBTB26	SLC6A1	chromatin immunoprecipitation assay	27924024	Homo sapiens	GTRD	No	Mm:Q6P9Q3;Rn:D3ZG35	Dr:A2BF92	Ce:G5EF43;Dm:Q9V4E7;Dr:F1QUY7;Mm:P31648	Dr:Q5U3E5;Rn:P23978
Q9HCK0	Q3SXM5	57684	83693	ZBTB26	HSDL1	chromatin immunoprecipitation assay	27924024	Homo sapiens	GTRD	No	Mm:Q6P9Q3;Rn:D3ZG35	Dr:A2BF92	Dm:Q8SX47;Dm:Q8INZ8;Mm:Q8BTX9;Rn:Q4V8B7	Dr:A5WWC6
Q9HCK0	Q8TB22	57684	64847	ZBTB26	SPATA20	chromatin immunoprecipitation assay	27924024	Homo sapiens	GTRD	No	Mm:Q6P9Q3;Rn:D3ZG35	Dr:A2BF92	Ce:Q09214;Dm:Q5BIA9;Dr:E7F7E2;Mm:Q80YT5	Rn:F1LSR7
Q9HCK0	Q8WWT9	57684	64849	ZBTB26	SLC13A3	chromatin immunoprecipitation assay	27924024	Homo sapiens	GTRD	No	Mm:Q6P9Q3;Rn:D3ZG35	Dr:A2BF92	Mm:Q91Y63;Rn:A2VD10	Dr:Q6NWY4
Q9HCK0	Q8NBL1	57684	56983	ZBTB26	POGLUT1	chromatin immunoprecipitation assay	27924024	Homo sapiens	GTRD	No	Mm:Q6P9Q3;Rn:D3ZG35	Dr:A2BF92	Dm:Q8T045;Mm:Q8BYB9	Dr:R4GF10;Rn:A0A140TAF7
Q9HCK0	Q8N3D4	57684	254102	ZBTB26	EHBP1L1	chromatin immunoprecipitation assay	27924024	Homo sapiens	GTRD	No	Mm:Q6P9Q3;Rn:D3ZG35	Dr:A2BF92	Mm:E9QP49;Rn:A0A0G2K6R8	-
Q9HCK0	Q8IUW3	57684	124044	ZBTB26	SPATA2L	chromatin immunoprecipitation assay	27924024	Homo sapiens	GTRD	No	Mm:Q6P9Q3;Rn:D3ZG35	Dr:A2BF92	Mm:Q8BNN1;Rn:D4A9H7	-
Q9HCK0	Q96E17	57684	115827	ZBTB26	RAB3C	chromatin immunoprecipitation assay	27924024	Homo sapiens	GTRD	No	Mm:Q6P9Q3;Rn:D3ZG35	Dr:A2BF92	Dm:P25228;Mm:P62823;Rn:P62824	-
Q9HCK0	Q5JZY3	57684	284656	ZBTB26	EPHA10	chromatin immunoprecipitation assay	27924024	Homo sapiens	GTRD	No	Mm:Q6P9Q3;Rn:D3ZG35	Dr:A2BF92	Rn:F1LX55	-
Q9HCK0	P13631	57684	5916	ZBTB26	RARG	chromatin immunoprecipitation assay	27924024	Homo sapiens	GTRD	No	Mm:Q6P9Q3;Rn:D3ZG35	Dr:A2BF92	Dr:Q91392;Mm:P18911	Rn:D3ZF61
Q9HCK0	P30307	57684	995	ZBTB26	CDC25C	chromatin immunoprecipitation assay	27924024	Homo sapiens	GTRD	No	Mm:Q6P9Q3;Rn:D3ZG35	Dr:A2BF92	Mm:P48967;Rn:D4ADT2	-
Q9HCK0	Q8N5S9	57684	84254	ZBTB26	CAMKK1	chromatin immunoprecipitation assay	27924024	Homo sapiens	GTRD	No	Mm:Q6P9Q3;Rn:D3ZG35	Dr:A2BF92	Ce:Q3Y416;Mm:Q8VBY2;Rn:F1LQD2	Dr:X1WG73
Q9HCK0	Q8IWF9	57684	220047	ZBTB26	CCDC83	chromatin immunoprecipitation assay	27924024	Homo sapiens	GTRD	No	Mm:Q6P9Q3;Rn:D3ZG35	Dr:A2BF92	-	Dr:F1QAQ9;Mm:D3YUZ0
Q9HCK0	Q15846	57684	27098	ZBTB26	CLUL1	chromatin immunoprecipitation assay	27924024	Homo sapiens	GTRD	No	Mm:Q6P9Q3;Rn:D3ZG35	Dr:A2BF92	-	-
Q9HCK0	O15232	57684	4148	ZBTB26	MATN3	chromatin immunoprecipitation assay	27924024	Homo sapiens	GTRD	No	Mm:Q6P9Q3;Rn:D3ZG35	Dr:A2BF92	Mm:O35701;Rn:A0A0G2JYF9	-
Q9HCK0	P35610	57684	6646	ZBTB26	SOAT1	chromatin immunoprecipitation assay	27924024	Homo sapiens	GTRD	No	Mm:Q6P9Q3;Rn:D3ZG35	Dr:A2BF92	Dr:B0UYE4;Mm:Q61263;Rn:G3V6J2	-
Q9HCK0	Q8TED0	57684	84135	ZBTB26	UTP15	chromatin immunoprecipitation assay	27924024	Homo sapiens	GTRD	No	Mm:Q6P9Q3;Rn:D3ZG35	Dr:A2BF92	Dm:Q9W4Z9;Mm:Q8C7V3;Rn:A2RRU3;Sc:Q04305	Ce:Q9N477;Dr:Q7ZW33
Q9HCK0	Q6PG37	57684	388536	ZBTB26	ZNF790	chromatin immunoprecipitation assay	27924024	Homo sapiens	GTRD	No	Mm:Q6P9Q3;Rn:D3ZG35	Dr:A2BF92	-	Rn:M0R9W3
Q9HCK0	Q9NZ52	57684	23163	ZBTB26	GGA3	chromatin immunoprecipitation assay	27924024	Homo sapiens	GTRD	No	Mm:Q6P9Q3;Rn:D3ZG35	Dr:A2BF92	Mm:Q8BMI3;Rn:A0A0G2JV04	Dr:A0A0R4IFN1
Q9HCK0	Q8IXI2	57684	55288	ZBTB26	RHOT1	chromatin immunoprecipitation assay	27924024	Homo sapiens	GTRD	No	Mm:Q6P9Q3;Rn:D3ZG35	Dr:A2BF92	Dm:Q8IMX7;Dr:Q6NVC5;Mm:Q8BG51	-
Q9HCK0	O00268	57684	6874	ZBTB26	TAF4	chromatin immunoprecipitation assay	27924024	Homo sapiens	GTRD	No	Mm:Q6P9Q3;Rn:D3ZG35	Dr:A2BF92	Dr:E7FBZ0;Mm:E9QAP7	-
Q9HCK0	Q15007	57684	9589	ZBTB26	WTAP	chromatin immunoprecipitation assay	27924024	Homo sapiens	GTRD	No	Mm:Q6P9Q3;Rn:D3ZG35	Dr:A2BF92	Dr:Q7SXL7;Rn:D3ZPY0	Mm:E0CYH0
Q9HCK0	A4D161	57684	340277	ZBTB26	FAM221A	chromatin immunoprecipitation assay	27924024	Homo sapiens	GTRD	No	Mm:Q6P9Q3;Rn:D3ZG35	Dr:A2BF92	Dr:E9QIF4;Mm:Q8C790;Rn:Q4V8D7	-
Q9HCK0	Q9P243	57684	57623	ZBTB26	ZFAT	chromatin immunoprecipitation assay	27924024	Homo sapiens	GTRD	No	Mm:Q6P9Q3;Rn:D3ZG35	Dr:A2BF92	Mm:Q7TS63	Dr:F1QF56;Rn:D4A2U0
Q9HCK0	Q9NXR7	57684	9577	ZBTB26	BABAM2	chromatin immunoprecipitation assay	27924024	Homo sapiens	GTRD	No	Mm:Q6P9Q3;Rn:D3ZG35	Dr:A2BF92	Mm:Q8K3W0;Rn:Q6P7Q1	Dr:E9QE25
Q9HCK0	Q9NRQ2	57684	57088	ZBTB26	PLSCR4	chromatin immunoprecipitation assay	27924024	Homo sapiens	GTRD	No	Mm:Q6P9Q3;Rn:D3ZG35	Dr:A2BF92	Mm:P58196;Rn:G3V719	-
Q9HCK0	O00391	57684	5768	ZBTB26	QSOX1	chromatin immunoprecipitation assay	27924024	Homo sapiens	GTRD	No	Mm:Q6P9Q3;Rn:D3ZG35	Dr:A2BF92	Mm:Q8BND5;Rn:Q6IUU3	Dr:B0UXN0
Q9HCK0	Q9Y239	57684	10392	ZBTB26	NOD1	chromatin immunoprecipitation assay	27924024	Homo sapiens	GTRD	No	Mm:Q6P9Q3;Rn:D3ZG35	Dr:A2BF92	Mm:Q8BHB0;Rn:D4ADT7	-
Q9HCK0	Q6ZW49	57684	22976	ZBTB26	PAXIP1	chromatin immunoprecipitation assay	27924024	Homo sapiens	GTRD	No	Mm:Q6P9Q3;Rn:D3ZG35	Dr:A2BF92	Ce:Q9U370;Mm:Q6NZQ4	Rn:D3ZSX6
Q9HCK0	P01111	57684	4893	ZBTB26	NRAS	chromatin immunoprecipitation assay	27924024	Homo sapiens	GTRD	No	Mm:Q6P9Q3;Rn:D3ZG35	Dr:A2BF92	Dr:Q6DGD1;Mm:Q9D091;Rn:Q04970	-
Q9HCK0	O15131	57684	3841	ZBTB26	KPNA5	chromatin immunoprecipitation assay	27924024	Homo sapiens	GTRD	No	Mm:Q6P9Q3;Rn:D3ZG35	Dr:A2BF92	-	-
Q9HCK0	Q9ULM3	57684	55689	ZBTB26	YEATS2	chromatin immunoprecipitation assay	27924024	Homo sapiens	GTRD	No	Mm:Q6P9Q3;Rn:D3ZG35	Dr:A2BF92	Dr:F1QAV3;Rn:D3ZBV9	-
Q9HCK0	Q7Z7C8	57684	129685	ZBTB26	TAF8	chromatin immunoprecipitation assay	27924024	Homo sapiens	GTRD	No	Mm:Q6P9Q3;Rn:D3ZG35	Dr:A2BF92	Dm:Q9VWY6;Mm:Q9EQH4;Rn:D3ZY89	Dr:Q6P0T2
Q9HCK0	P55085	57684	2150	ZBTB26	F2RL1	chromatin immunoprecipitation assay	27924024	Homo sapiens	GTRD	No	Mm:Q6P9Q3;Rn:D3ZG35	Dr:A2BF92	-	-
Q9HCK0	Q9UJJ9	57684	84572	ZBTB26	GNPTG	chromatin immunoprecipitation assay	27924024	Homo sapiens	GTRD	No	Mm:Q6P9Q3;Rn:D3ZG35	Dr:A2BF92	Dr:F1R3U6;Mm:A0A140T8R4;Rn:B0BNH1	-
Q9HCK0	Q9Y5E7	57684	56133	ZBTB26	PCDHB2	chromatin immunoprecipitation assay	27924024	Homo sapiens	GTRD	No	Mm:Q6P9Q3;Rn:D3ZG35	Dr:A2BF92	Mm:Q91Y00	Rn:F1M7D0
Q9HCK0	P68543	57684	165324	ZBTB26	UBXN2A	chromatin immunoprecipitation assay	27924024	Homo sapiens	GTRD	No	Mm:Q6P9Q3;Rn:D3ZG35	Dr:A2BF92	Dr:E7EY86;Mm:Q99KJ0;Rn:D3ZID8	-
Q9HCK0	Q9H7M6	57684	65249	ZBTB26	ZSWIM4	chromatin immunoprecipitation assay	27924024	Homo sapiens	GTRD	No	Mm:Q6P9Q3;Rn:D3ZG35	Dr:A2BF92	Mm:Q8C7B8;Rn:D3ZNW6	-
Q9HCK0	Q96PV7	57684	54540	ZBTB26	FAM193B	chromatin immunoprecipitation assay	27924024	Homo sapiens	GTRD	No	Mm:Q6P9Q3;Rn:D3ZG35	Dr:A2BF92	Dr:A0A0R4ICN6;Rn:D3ZDR1	Mm:A0A286YE27
Q9HCK0	Q96P68	57684	27199	ZBTB26	OXGR1	chromatin immunoprecipitation assay	27924024	Homo sapiens	GTRD	No	Mm:Q6P9Q3;Rn:D3ZG35	Dr:A2BF92	Mm:Q6IYF8	Dr:Q1RLT8;Dr:B8JKA1;Rn:Q6Y1R5
Q9HCK0	Q9Y261	57684	3170	ZBTB26	FOXA2	chromatin immunoprecipitation assay	27924024	Homo sapiens	GTRD	No	Mm:Q6P9Q3;Rn:D3ZG35	Dr:A2BF92	Dr:F1Q819;Rn:G3V7Q2	-
Q9HCK0	Q9Y2V0	57684	84529	ZBTB26	CDIN1	chromatin immunoprecipitation assay	27924024	Homo sapiens	GTRD	No	Mm:Q6P9Q3;Rn:D3ZG35	Dr:A2BF92	-	-
Q9HCK0	Q8N461	57684	146330	ZBTB26	FBXL16	chromatin immunoprecipitation assay	27924024	Homo sapiens	GTRD	No	Mm:Q6P9Q3;Rn:D3ZG35	Dr:A2BF92	Mm:A2RT62	Dr:I3ITN3;Rn:Q5MJ12
Q9HCK0	Q96LD8	57684	123228	ZBTB26	SENP8	chromatin immunoprecipitation assay	27924024	Homo sapiens	GTRD	No	Mm:Q6P9Q3;Rn:D3ZG35	Dr:A2BF92	Ce:Q86FN3;Dr:Q08CI6;Mm:Q9D2Z4;Rn:Q5FVJ8	-
Q9HCK0	Q7Z7F0	57684	22889	ZBTB26	KHDC4	chromatin immunoprecipitation assay	27924024	Homo sapiens	GTRD	No	Mm:Q6P9Q3;Rn:D3ZG35	Dr:A2BF92	Dr:F1QQM1;Mm:Q3TCX3;Rn:F1LM38	-
Q9HCK0	P80162	57684	6372	ZBTB26	CXCL6	chromatin immunoprecipitation assay	27924024	Homo sapiens	GTRD	No	Mm:Q6P9Q3;Rn:D3ZG35	Dr:A2BF92	-	-
Q9HCK0	Q8IXX5	57684	92703	ZBTB26	TMEM183A	chromatin immunoprecipitation assay	27924024	Homo sapiens	GTRD	No	Mm:Q6P9Q3;Rn:D3ZG35	Dr:A2BF92	Dr:B0S6H9;Mm:Q9JJB9	Rn:A0A0G2JT36
Q9HCK0	Q96HR8	57684	92345	ZBTB26	NAF1	chromatin immunoprecipitation assay	27924024	Homo sapiens	GTRD	No	Mm:Q6P9Q3;Rn:D3ZG35	Dr:A2BF92	Dm:Q9VJ62;Mm:E9QJT2;Rn:F1LMR4;Sc:P53919	-
Q9HCK0	Q53GA4	57684	7262	ZBTB26	PHLDA2	chromatin immunoprecipitation assay	27924024	Homo sapiens	GTRD	No	Mm:Q6P9Q3;Rn:D3ZG35	Dr:A2BF92	Mm:O08969;Rn:F1LME7	Dr:Q503L1
Q9HCK0	Q8TCP9	57684	221786	ZBTB26	FAM200A	chromatin immunoprecipitation assay	27924024	Homo sapiens	GTRD	No	Mm:Q6P9Q3;Rn:D3ZG35	Dr:A2BF92	-	-
Q9HCK0	P58658	57684	59271	ZBTB26	EVA1C	chromatin immunoprecipitation assay	27924024	Homo sapiens	GTRD	No	Mm:Q6P9Q3;Rn:D3ZG35	Dr:A2BF92	Dr:E9QCY1;Mm:P58659;Rn:D4A895	-
Q9HCK0	Q2M3W8	57684	339318	ZBTB26	ZNF181	chromatin immunoprecipitation assay	27924024	Homo sapiens	GTRD	No	Mm:Q6P9Q3;Rn:D3ZG35	Dr:A2BF92	-	-
Q9HCK0	Q15543	57684	6884	ZBTB26	TAF13	chromatin immunoprecipitation assay	27924024	Homo sapiens	GTRD	No	Mm:Q6P9Q3;Rn:D3ZG35	Dr:A2BF92	Dm:Q9VIP1;Dr:F1QBH2;Mm:P61216;Rn:B2RYQ7	Ce:Q17957
Q9HCK0	Q9UPN6	57684	22828	ZBTB26	SCAF8	chromatin immunoprecipitation assay	27924024	Homo sapiens	GTRD	No	Mm:Q6P9Q3;Rn:D3ZG35	Dr:A2BF92	-	-
Q9HCK0	Q13523	57684	8899	ZBTB26	PRPF4B	chromatin immunoprecipitation assay	27924024	Homo sapiens	GTRD	No	Mm:Q6P9Q3;Rn:D3ZG35	Dr:A2BF92	Ce:Q09437;Dr:B0V1K6;Mm:Q61136;Rn:Q5RKH1;Sc:P53739	Dm:Q9Y145;Dr:F1QWY2
Q9HCK0	P48382	57684	5993	ZBTB26	RFX5	chromatin immunoprecipitation assay	27924024	Homo sapiens	GTRD	No	Mm:Q6P9Q3;Rn:D3ZG35	Dr:A2BF92	Mm:Q9JL61;Rn:D3ZHD7	-
Q9HCK0	P46977	57684	3703	ZBTB26	STT3A	chromatin immunoprecipitation assay	27924024	Homo sapiens	GTRD	No	Mm:Q6P9Q3;Rn:D3ZG35	Dr:A2BF92	Dm:Q9VRE0;Mm:P46978	Dr:A0A0R4IRD0;Rn:A0A0G2JWH5
Q9HCK0	Q15319	57684	5459	ZBTB26	POU4F3	chromatin immunoprecipitation assay	27924024	Homo sapiens	GTRD	No	Mm:Q6P9Q3;Rn:D3ZG35	Dr:A2BF92	Mm:Q63955	Dr:Q90435;Rn:D3ZTL1
Q9HCK0	Q9Y3E5	57684	51651	ZBTB26	PTRH2	chromatin immunoprecipitation assay	27924024	Homo sapiens	GTRD	No	Mm:Q6P9Q3;Rn:D3ZG35	Dr:A2BF92	Dm:O97067;Dr:F1Q6B2;Mm:Q8R2Y8;Rn:Q5XI86	-
Q9HCK0	P36578	57684	6124	ZBTB26	RPL4	chromatin immunoprecipitation assay	27924024	Homo sapiens	GTRD	No	Mm:Q6P9Q3;Rn:D3ZG35	Dr:A2BF92	Ce:O02056;Dm:P09180;Dr:Q7ZW95;Mm:Q9D8E6;Rn:Q6P3V9;Sc:P10664;Sc:P49626	-
Q9HCK0	Q5VXT5	57684	284612	ZBTB26	SYPL2	chromatin immunoprecipitation assay	27924024	Homo sapiens	GTRD	No	Mm:Q6P9Q3;Rn:D3ZG35	Dr:A2BF92	Mm:O89104;Rn:D4A6M0	-
Q9HCK0	Q96G28	57684	112942	ZBTB26	CFAP36	chromatin immunoprecipitation assay	27924024	Homo sapiens	GTRD	No	Mm:Q6P9Q3;Rn:D3ZG35	Dr:A2BF92	Dm:Q9VFS4;Dr:F1R235;Mm:Q8C6E0;Rn:Q4V8E4	-
Q9HCK0	P61018	57684	53916	ZBTB26	RAB4B	chromatin immunoprecipitation assay	27924024	Homo sapiens	GTRD	No	Mm:Q6P9Q3;Rn:D3ZG35	Dr:A2BF92	-	-
Q9HCK0	Q7LFL8	57684	51523	ZBTB26	CXXC5	chromatin immunoprecipitation assay	27924024	Homo sapiens	GTRD	No	Mm:Q6P9Q3;Rn:D3ZG35	Dr:A2BF92	Mm:Q91WA4;Rn:Q5XIQ3	Dr:E7FC24;Rn:F8WFL6
Q9HCK0	P41182	57684	604	ZBTB26	BCL6	chromatin immunoprecipitation assay	27924024	Homo sapiens	GTRD	No	Mm:Q6P9Q3;Rn:D3ZG35	Dr:A2BF92	Dr:F1R5N6;Mm:P41183;Rn:B2GUV8	-
Q9HCK0	Q9BY84	57684	80824	ZBTB26	DUSP16	chromatin immunoprecipitation assay	27924024	Homo sapiens	GTRD	No	Mm:Q6P9Q3;Rn:D3ZG35	Dr:A2BF92	Dr:F1RDV6;Mm:Q6PCP3;Rn:D4A3W6	-
Q9HCK0	P58557	57684	54059	ZBTB26	YBEY	chromatin immunoprecipitation assay	27924024	Homo sapiens	GTRD	No	Mm:Q6P9Q3;Rn:D3ZG35	Dr:A2BF92	Mm:Q8CAV0;Rn:D4A815	Dr:Q6NWH8
Q9HCK0	Q2M2W7	57684	284018	ZBTB26	C17orf58	chromatin immunoprecipitation assay	27924024	Homo sapiens	GTRD	No	Mm:Q6P9Q3;Rn:D3ZG35	Dr:A2BF92	-	-
Q9HCK0	P56537	57684	3692	ZBTB26	EIF6	chromatin immunoprecipitation assay	27924024	Homo sapiens	GTRD	No	Mm:Q6P9Q3;Rn:D3ZG35	Dr:A2BF92	Ce:O62106;Dm:P56538;Dr:Q6ZM19;Mm:O55135;Rn:Q3KRD8;Sc:Q12522	-
Q9HCK0	Q13422	57684	10320	ZBTB26	IKZF1	chromatin immunoprecipitation assay	27924024	Homo sapiens	GTRD	No	Mm:Q6P9Q3;Rn:D3ZG35	Dr:A2BF92	-	Dr:B8A607;Mm:G5E8H3;Rn:A0A0G2JVD9
Q9HCK0	Q96N66	57684	79143	ZBTB26	MBOAT7	chromatin immunoprecipitation assay	27924024	Homo sapiens	GTRD	No	Mm:Q6P9Q3;Rn:D3ZG35	Dr:A2BF92	Ce:Q19468;Dm:Q9VMD5;Dr:F1Q9V3;Mm:Q8CHK3	Rn:G3V7N6
Q9HCK0	O75161	57684	261734	ZBTB26	NPHP4	chromatin immunoprecipitation assay	27924024	Homo sapiens	GTRD	No	Mm:Q6P9Q3;Rn:D3ZG35	Dr:A2BF92	Ce:G5ECP0;Mm:P59240;Rn:G3V9Y6	Dr:F6NUK4
Q9HCK0	Q969M3	57684	81555	ZBTB26	YIPF5	chromatin immunoprecipitation assay	27924024	Homo sapiens	GTRD	No	Mm:Q6P9Q3;Rn:D3ZG35	Dr:A2BF92	Dm:Q9VK46;Dr:Q6P5I8;Mm:Q9EQQ2;Rn:Q5XID0	-
Q9HCK0	Q9Y6W3	57684	23473	ZBTB26	CAPN7	chromatin immunoprecipitation assay	27924024	Homo sapiens	GTRD	No	Mm:Q6P9Q3;Rn:D3ZG35	Dr:A2BF92	Ce:Q22143;Mm:Q9R1S8;Rn:Q499T5	-
Q9HCK0	O00479	57684	10473	ZBTB26	HMGN4	chromatin immunoprecipitation assay	27924024	Homo sapiens	GTRD	No	Mm:Q6P9Q3;Rn:D3ZG35	Dr:A2BF92	-	-
Q9HCK0	Q8TEB7	57684	79589	ZBTB26	RNF128	chromatin immunoprecipitation assay	27924024	Homo sapiens	GTRD	No	Mm:Q6P9Q3;Rn:D3ZG35	Dr:A2BF92	-	Mm:A2AGL8;Rn:B1H231
Q9HCK0	Q92574	57684	7248	ZBTB26	TSC1	chromatin immunoprecipitation assay	27924024	Homo sapiens	GTRD	No	Mm:Q6P9Q3;Rn:D3ZG35	Dr:A2BF92	Dm:Q9VCC9;Dr:E7FEJ0;Mm:Q9EP53	Rn:Q9Z136
Q9HCK0	Q49AG3	57684	58486	ZBTB26	ZBED5	chromatin immunoprecipitation assay	27924024	Homo sapiens	GTRD	No	Mm:Q6P9Q3;Rn:D3ZG35	Dr:A2BF92	-	-
Q9HCK0	P05362	57684	3383	ZBTB26	ICAM1	chromatin immunoprecipitation assay	27924024	Homo sapiens	GTRD	No	Mm:Q6P9Q3;Rn:D3ZG35	Dr:A2BF92	Mm:P13597;Rn:Q00238	-
Q9HCK0	Q9H4M3	57684	93611	ZBTB26	FBXO44	chromatin immunoprecipitation assay	27924024	Homo sapiens	GTRD	No	Mm:Q6P9Q3;Rn:D3ZG35	Dr:A2BF92	Mm:A2A7H5;Rn:D4A6R1	-
Q9HCK0	O15342	57684	8992	ZBTB26	ATP6V0E1	chromatin immunoprecipitation assay	27924024	Homo sapiens	GTRD	No	Mm:Q6P9Q3;Rn:D3ZG35	Dr:A2BF92	Dm:Q9VEQ6;Dr:F1Q700;Mm:Q9CQD8;Rn:Q794C0	-
Q9HCK0	Q13936	57684	775	ZBTB26	CACNA1C	chromatin immunoprecipitation assay	27924024	Homo sapiens	GTRD	No	Mm:Q6P9Q3;Rn:D3ZG35	Dr:A2BF92	Dr:Q5TZF1	Mm:F7C376;Rn:A0A0G2QC25
Q9HCK0	P78415	57684	79191	ZBTB26	IRX3	chromatin immunoprecipitation assay	27924024	Homo sapiens	GTRD	No	Mm:Q6P9Q3;Rn:D3ZG35	Dr:A2BF92	Dr:Q90Z68;Mm:P81067;Rn:D3ZNE0	-
Q9HCK0	Q12796	57684	10957	ZBTB26	PNRC1	chromatin immunoprecipitation assay	27924024	Homo sapiens	GTRD	No	Mm:Q6P9Q3;Rn:D3ZG35	Dr:A2BF92	Mm:Q3TWH3;Rn:R9PXT3	-
Q9HCK0	Q9Y573	57684	3652	ZBTB26	IPP	chromatin immunoprecipitation assay	27924024	Homo sapiens	GTRD	No	Mm:Q6P9Q3;Rn:D3ZG35	Dr:A2BF92	Mm:P28575;Rn:D4A1F4	Dm:Q9VK21
Q9HCK0	Q8IYJ2	57684	256815	ZBTB26	C10orf67	chromatin immunoprecipitation assay	27924024	Homo sapiens	GTRD	No	Mm:Q6P9Q3;Rn:D3ZG35	Dr:A2BF92	-	-
Q9HCK0	Q8WW59	57684	283377	ZBTB26	SPRYD4	chromatin immunoprecipitation assay	27924024	Homo sapiens	GTRD	No	Mm:Q6P9Q3;Rn:D3ZG35	Dr:A2BF92	-	-
Q9HCK0	O15118	57684	4864	ZBTB26	NPC1	chromatin immunoprecipitation assay	27924024	Homo sapiens	GTRD	No	Mm:Q6P9Q3;Rn:D3ZG35	Dr:A2BF92	Dm:Q9VL24;Mm:O35604;Rn:G3V7K5	-
Q9HCK0	Q8TDB6	57684	151636	ZBTB26	DTX3L	chromatin immunoprecipitation assay	27924024	Homo sapiens	GTRD	No	Mm:Q6P9Q3;Rn:D3ZG35	Dr:A2BF92	Mm:Q3UIR3;Rn:D3Z8X6	-
Q9HCK0	P06401	57684	5241	ZBTB26	PGR	chromatin immunoprecipitation assay	27924024	Homo sapiens	GTRD	No	Mm:Q6P9Q3;Rn:D3ZG35	Dr:A2BF92	Mm:Q00175	Rn:F7FA48
Q9HCK0	Q5T6S3	57684	26147	ZBTB26	PHF19	chromatin immunoprecipitation assay	27924024	Homo sapiens	GTRD	No	Mm:Q6P9Q3;Rn:D3ZG35	Dr:A2BF92	-	-
Q9HCK0	Q9NYS7	57684	55884	ZBTB26	WSB2	chromatin immunoprecipitation assay	27924024	Homo sapiens	GTRD	No	Mm:Q6P9Q3;Rn:D3ZG35	Dr:A2BF92	Mm:O54929;Rn:Q66HE3	-
Q9HCK0	Q9NS23	57684	11186	ZBTB26	RASSF1	chromatin immunoprecipitation assay	27924024	Homo sapiens	GTRD	No	Mm:Q6P9Q3;Rn:D3ZG35	Dr:A2BF92	Mm:Q99MK9	Dr:F6P946;Rn:Q68FW0
Q9HCK0	Q9UBX5	57684	10516	ZBTB26	FBLN5	chromatin immunoprecipitation assay	27924024	Homo sapiens	GTRD	No	Mm:Q6P9Q3;Rn:D3ZG35	Dr:A2BF92	Dr:B8A4X3;Mm:Q9WVH9	Rn:Q9WVH8
Q9HCK0	Q9BWX1	57684	51533	ZBTB26	PHF7	chromatin immunoprecipitation assay	27924024	Homo sapiens	GTRD	No	Mm:Q6P9Q3;Rn:D3ZG35	Dr:A2BF92	Mm:Q9DAG9;Rn:Q6AXW4	-
Q9HCK0	O43196	57684	4439	ZBTB26	MSH5	chromatin immunoprecipitation assay	27924024	Homo sapiens	GTRD	No	Mm:Q6P9Q3;Rn:D3ZG35	Dr:A2BF92	-	-
Q9HCK0	Q9NUA8	57684	9923	ZBTB26	ZBTB40	chromatin immunoprecipitation assay	27924024	Homo sapiens	GTRD	No	Mm:Q6P9Q3;Rn:D3ZG35	Dr:A2BF92	Mm:Q6PCS8	Dr:E7F660;Rn:D4A365
Q9HCK0	Q9BYG7	57684	83876	ZBTB26	MRO	chromatin immunoprecipitation assay	27924024	Homo sapiens	GTRD	No	Mm:Q6P9Q3;Rn:D3ZG35	Dr:A2BF92	Mm:E9QNX2;Rn:M0RDR0	-
Q9HCK0	P78314	57684	6452	ZBTB26	SH3BP2	chromatin immunoprecipitation assay	27924024	Homo sapiens	GTRD	No	Mm:Q6P9Q3;Rn:D3ZG35	Dr:A2BF92	-	-
Q9HCK0	Q96NE9	57684	122786	ZBTB26	FRMD6	chromatin immunoprecipitation assay	27924024	Homo sapiens	GTRD	No	Mm:Q6P9Q3;Rn:D3ZG35	Dr:A2BF92	Dr:B8JJL6;Mm:Q8C0V9;Rn:F1LR29	-
Q9HCK0	Q86YM7	57684	9456	ZBTB26	HOMER1	chromatin immunoprecipitation assay	27924024	Homo sapiens	GTRD	No	Mm:Q6P9Q3;Rn:D3ZG35	Dr:A2BF92	Mm:Q9Z2Y3	Rn:A0A0H2UI35
Q9HCK0	Q7Z4R8	57684	387263	ZBTB26	C6orf120	chromatin immunoprecipitation assay	27924024	Homo sapiens	GTRD	No	Mm:Q6P9Q3;Rn:D3ZG35	Dr:A2BF92	Dr:Q6NZZ3;Mm:Q9DAY5;Rn:Q6AY64	-
Q9HCK0	Q6PCB6	57684	58489	ZBTB26	ABHD17C	chromatin immunoprecipitation assay	27924024	Homo sapiens	GTRD	No	Mm:Q6P9Q3;Rn:D3ZG35	Dr:A2BF92	Dr:Q7ZVZ7;Mm:Q8VCV1;Rn:B5DFK7	-
Q9HCK0	Q9UKK9	57684	11164	ZBTB26	NUDT5	chromatin immunoprecipitation assay	27924024	Homo sapiens	GTRD	No	Mm:Q6P9Q3;Rn:D3ZG35	Dr:A2BF92	Ce:O61902;Mm:Q9JKX6;Sc:Q01976	Rn:A0A140TAD1
Q9HCK0	Q9BZJ0	57684	51340	ZBTB26	CRNKL1	chromatin immunoprecipitation assay	27924024	Homo sapiens	GTRD	No	Mm:Q6P9Q3;Rn:D3ZG35	Dr:A2BF92	Ce:A9D4S6;Dm:P17886;Mm:P63154;Rn:P63155;Sc:Q12309	Rn:A0A0G2K5Q2
Q9HCK0	Q8N2E2	57684	221806	ZBTB26	VWDE	chromatin immunoprecipitation assay	27924024	Homo sapiens	GTRD	No	Mm:Q6P9Q3;Rn:D3ZG35	Dr:A2BF92	Dr:A0A0R4IWA2	Mm:A0A0N4SVZ4
Q9HCK0	Q5VU43	57684	9659	ZBTB26	PDE4DIP	chromatin immunoprecipitation assay	27924024	Homo sapiens	GTRD	No	Mm:Q6P9Q3;Rn:D3ZG35	Dr:A2BF92	-	Dr:E7F6F8
Q9HCK0	Q96DR4	57684	134429	ZBTB26	STARD4	chromatin immunoprecipitation assay	27924024	Homo sapiens	GTRD	No	Mm:Q6P9Q3;Rn:D3ZG35	Dr:A2BF92	Ce:Q21130;Dr:Q566U7;Mm:Q80SX0;Rn:D3Z9I9	-
Q9HCK0	C9JAW5	57684	-	ZBTB26	-	chromatin immunoprecipitation assay	27924024	Homo sapiens	GTRD	No	Mm:Q6P9Q3;Rn:D3ZG35	Dr:A2BF92	-	-
Q9HCK0	Q9Y248	57684	51659	ZBTB26	GINS2	chromatin immunoprecipitation assay	27924024	Homo sapiens	GTRD	No	Mm:Q6P9Q3;Rn:D3ZG35	Dr:A2BF92	Ce:O62193;Dm:Q9VQY9;Dr:Q4VBJ6;Mm:Q9D600;Rn:D3ZSY6	-
Q9HCK0	Q9BV81	57684	83460	ZBTB26	EMC6	chromatin immunoprecipitation assay	27924024	Homo sapiens	GTRD	No	Mm:Q6P9Q3;Rn:D3ZG35	Dr:A2BF92	Ce:Q7KPW6;Dm:Q9VBZ8;Dr:Q6P0F0;Mm:Q9CQW0;Rn:D4ABX9	-
Q9HCK0	Q8N448	57684	222484	ZBTB26	LNX2	chromatin immunoprecipitation assay	27924024	Homo sapiens	GTRD	No	Mm:Q6P9Q3;Rn:D3ZG35	Dr:A2BF92	Mm:Q91XL2;Rn:D3ZRH6	Dr:F1R1J1
Q9HCK0	P54829	57684	84867	ZBTB26	PTPN5	chromatin immunoprecipitation assay	27924024	Homo sapiens	GTRD	No	Mm:Q6P9Q3;Rn:D3ZG35	Dr:A2BF92	Dr:A0A1D5NSH3;Mm:P54830;Rn:A0A0G2QC31	-
Q9HCK0	Q8N9I0	57684	127833	ZBTB26	SYT2	chromatin immunoprecipitation assay	27924024	Homo sapiens	GTRD	No	Mm:Q6P9Q3;Rn:D3ZG35	Dr:A2BF92	Dm:P21521;Dr:F1R5C0;Mm:A0A0R4J2C2	Rn:G3V6M3
Q9HCK0	O75473	57684	8549	ZBTB26	LGR5	chromatin immunoprecipitation assay	27924024	Homo sapiens	GTRD	No	Mm:Q6P9Q3;Rn:D3ZG35	Dr:A2BF92	Mm:Q9Z1P4;Rn:D4AC13	-
Q9HCK0	Q6P1K2	57684	100527963;11243	ZBTB26	PMF1	chromatin immunoprecipitation assay	27924024	Homo sapiens	GTRD	No	Mm:Q6P9Q3;Rn:D3ZG35	Dr:A2BF92	-	-
Q9HCK0	Q9Y371	57684	51100	ZBTB26	SH3GLB1	chromatin immunoprecipitation assay	27924024	Homo sapiens	GTRD	No	Mm:Q6P9Q3;Rn:D3ZG35	Dr:A2BF92	Dr:F1QGH8;Mm:Q9JK48	Dr:B0V151;Rn:A0A0G2K714
Q9HCK0	Q99471	57684	5204	ZBTB26	PFDN5	chromatin immunoprecipitation assay	27924024	Homo sapiens	GTRD	No	Mm:Q6P9Q3;Rn:D3ZG35	Dr:A2BF92	Ce:Q21993;Dm:Q9VCZ8;Mm:Q9WU28;Rn:B5DFN4;Sc:Q04493	Dr:A9JT16
Q9HCK0	Q8TF44	57684	126567	ZBTB26	C2CD4C	chromatin immunoprecipitation assay	27924024	Homo sapiens	GTRD	No	Mm:Q6P9Q3;Rn:D3ZG35	Dr:A2BF92	Mm:Q5HZI2;Rn:D3ZLU0	Dr:F1R2G1
Q9HCK0	Q96GD3	57684	22955	ZBTB26	SCMH1	chromatin immunoprecipitation assay	27924024	Homo sapiens	GTRD	No	Mm:Q6P9Q3;Rn:D3ZG35	Dr:A2BF92	Mm:Q8K214	Dr:A0A0R4IED9;Rn:A0A0G2K483
Q9HCK0	Q9H910	57684	90861	ZBTB26	JPT2	chromatin immunoprecipitation assay	27924024	Homo sapiens	GTRD	No	Mm:Q6P9Q3;Rn:D3ZG35	Dr:A2BF92	Dr:F1Q6E4;Mm:Q6PGH2;Rn:Q5BK20	-
Q9HCK0	Q9BTU6	57684	55361	ZBTB26	PI4K2A	chromatin immunoprecipitation assay	27924024	Homo sapiens	GTRD	No	Mm:Q6P9Q3;Rn:D3ZG35	Dr:A2BF92	-	-
Q9HCK0	P10155	57684	6738	ZBTB26	RO60	chromatin immunoprecipitation assay	27924024	Homo sapiens	GTRD	No	Mm:Q6P9Q3;Rn:D3ZG35	Dr:A2BF92	Ce:Q27274;Dm:M9PDP5;Dr:F1QQM0;Mm:O08848;Rn:D3ZRN5	-
Q9HCK0	Q92886	57684	4762	ZBTB26	NEUROG1	chromatin immunoprecipitation assay	27924024	Homo sapiens	GTRD	No	Mm:Q6P9Q3;Rn:D3ZG35	Dr:A2BF92	Dr:O42606;Mm:P70660;Rn:P70595	-
Q9HCK0	Q9P1U0	57684	30834	ZBTB26	POLR1H	chromatin immunoprecipitation assay	27924024	Homo sapiens	GTRD	No	Mm:Q6P9Q3;Rn:D3ZG35	Dr:A2BF92	Ce:O17587;Dm:Q9VD81;Dr:Q1LWR1;Mm:Q791N7;Rn:Q6MFY5	-
Q9HCK0	Q15653	57684	4793	ZBTB26	NFKBIB	chromatin immunoprecipitation assay	27924024	Homo sapiens	GTRD	No	Mm:Q6P9Q3;Rn:D3ZG35	Dr:A2BF92	Mm:Q60778;Rn:Q5U342	-
Q9HCK0	O95208	57684	22905	ZBTB26	EPN2	chromatin immunoprecipitation assay	27924024	Homo sapiens	GTRD	No	Mm:Q6P9Q3;Rn:D3ZG35	Dr:A2BF92	Dr:E7EYW2;Mm:Q8CHU3;Rn:Q505I9	-
Q9HCK0	Q07889	57684	6654	ZBTB26	SOS1	chromatin immunoprecipitation assay	27924024	Homo sapiens	GTRD	No	Mm:Q6P9Q3;Rn:D3ZG35	Dr:A2BF92	Mm:Q62245;Rn:D4A3T0	-
Q9HCK0	Q2TB10	57684	168850	ZBTB26	ZNF800	chromatin immunoprecipitation assay	27924024	Homo sapiens	GTRD	No	Mm:Q6P9Q3;Rn:D3ZG35	Dr:A2BF92	Dr:F1QH89;Mm:Q0VEE6;Rn:D3ZPQ4	-
Q9HCK0	Q99985	57684	10512	ZBTB26	SEMA3C	chromatin immunoprecipitation assay	27924024	Homo sapiens	GTRD	No	Mm:Q6P9Q3;Rn:D3ZG35	Dr:A2BF92	Ce:Q95XP4;Mm:Q62181;Rn:F7FHT4	Dr:F1QGW9
Q9HCK0	P54851	57684	2013	ZBTB26	EMP2	chromatin immunoprecipitation assay	27924024	Homo sapiens	GTRD	No	Mm:Q6P9Q3;Rn:D3ZG35	Dr:A2BF92	Mm:O88662;Rn:Q66HH2	Dr:F1QIK8
Q9HCK0	Q6ZN18	57684	121536	ZBTB26	AEBP2	chromatin immunoprecipitation assay	27924024	Homo sapiens	GTRD	No	Mm:Q6P9Q3;Rn:D3ZG35	Dr:A2BF92	Mm:Q9Z248	-
Q9HCK0	Q9Y4F5	57684	283638	ZBTB26	CEP170B	chromatin immunoprecipitation assay	27924024	Homo sapiens	GTRD	No	Mm:Q6P9Q3;Rn:D3ZG35	Dr:A2BF92	-	-
Q9HCK0	Q13409	57684	1781	ZBTB26	DYNC1I2	chromatin immunoprecipitation assay	27924024	Homo sapiens	GTRD	No	Mm:Q6P9Q3;Rn:D3ZG35	Dr:A2BF92	Mm:O88487;Rn:G3V9V3	Dr:A0A0R4IXD8;Dr:A0A286YAG4
Q9HCK0	Q8TAB3	57684	57526	ZBTB26	PCDH19	chromatin immunoprecipitation assay	27924024	Homo sapiens	GTRD	No	Mm:Q6P9Q3;Rn:D3ZG35	Dr:A2BF92	Mm:Q80TF3;Rn:A0A0G2K8I5	Dr:A0A140LG84
Q9HCK0	P0C7T8	57684	643382	ZBTB26	TMEM253	chromatin immunoprecipitation assay	27924024	Homo sapiens	GTRD	No	Mm:Q6P9Q3;Rn:D3ZG35	Dr:A2BF92	Mm:Q3UNB8;Rn:D4ACQ1	-
Q9HCK0	Q92785	57684	5977	ZBTB26	DPF2	chromatin immunoprecipitation assay	27924024	Homo sapiens	GTRD	No	Mm:Q6P9Q3;Rn:D3ZG35	Dr:A2BF92	-	-
Q9HCK0	Q96B23	57684	147339	ZBTB26	C18orf25	chromatin immunoprecipitation assay	27924024	Homo sapiens	GTRD	No	Mm:Q6P9Q3;Rn:D3ZG35	Dr:A2BF92	Dr:Q6P0T1;Mm:Q0VAW6	Rn:D4A3X1
Q9HCK0	Q14289	57684	2185	ZBTB26	PTK2B	chromatin immunoprecipitation assay	27924024	Homo sapiens	GTRD	No	Mm:Q6P9Q3;Rn:D3ZG35	Dr:A2BF92	Mm:Q9QVP9;Rn:P70600	Dr:K7DYJ3;Dr:Q7T2P8
Q9HCK0	Q5SW96	57684	26119	ZBTB26	LDLRAP1	chromatin immunoprecipitation assay	27924024	Homo sapiens	GTRD	No	Mm:Q6P9Q3;Rn:D3ZG35	Dr:A2BF92	Mm:Q8C142;Rn:D3ZAR1	-
Q9HCK0	Q96IV0	57684	55768	ZBTB26	NGLY1	chromatin immunoprecipitation assay	27924024	Homo sapiens	GTRD	No	Mm:Q6P9Q3;Rn:D3ZG35	Dr:A2BF92	Dm:Q7KRR5;Dr:A3KQW7;Mm:Q9JI78;Rn:Q5XI55	Ce:Q9TW67
Q9HCK0	Q9GZT9	57684	54583	ZBTB26	EGLN1	chromatin immunoprecipitation assay	27924024	Homo sapiens	GTRD	No	Mm:Q6P9Q3;Rn:D3ZG35	Dr:A2BF92	Dr:F6P6J7;Dr:E7F518;Mm:Q91YE3;Rn:A0A0G2JZ28	-
Q9HCK0	O75886	57684	10254	ZBTB26	STAM2	chromatin immunoprecipitation assay	27924024	Homo sapiens	GTRD	No	Mm:Q6P9Q3;Rn:D3ZG35	Dr:A2BF92	Dr:A8WI00;Mm:O88811;Rn:Q5XHY7	-
Q9HCK0	P43088	57684	5737	ZBTB26	PTGFR	chromatin immunoprecipitation assay	27924024	Homo sapiens	GTRD	No	Mm:Q6P9Q3;Rn:D3ZG35	Dr:A2BF92	Mm:P43117;Rn:P43118	Dr:E7F7H2
Q9HCK0	Q9HCS7	57684	56949	ZBTB26	XAB2	chromatin immunoprecipitation assay	27924024	Homo sapiens	GTRD	No	Mm:Q6P9Q3;Rn:D3ZG35	Dr:A2BF92	Ce:P91175;Dm:A1Z9G2;Dr:Q1LY92;Mm:Q9DCD2;Rn:Q99PK0;Sc:Q04048	-
Q9HCK0	Q9HC38	57684	51031	ZBTB26	GLOD4	chromatin immunoprecipitation assay	27924024	Homo sapiens	GTRD	No	Mm:Q6P9Q3;Rn:D3ZG35	Dr:A2BF92	Ce:Q09253;Dm:Q9VRD4;Dr:A8E5F3;Mm:Q9CPV4;Rn:Q5I0D1	-
Q9HCK0	Q9UHK6	57684	23600	ZBTB26	AMACR	chromatin immunoprecipitation assay	27924024	Homo sapiens	GTRD	No	Mm:Q6P9Q3;Rn:D3ZG35	Dr:A2BF92	Ce:Q18122;Dm:Q9VIK0;Dr:F1QDN0;Mm:O09174;Rn:Q7TP08	Ce:Q09618
Q9HCK0	Q6PK81	57684	374928	ZBTB26	ZNF773	chromatin immunoprecipitation assay	27924024	Homo sapiens	GTRD	No	Mm:Q6P9Q3;Rn:D3ZG35	Dr:A2BF92	-	-
Q9HCK0	Q9Y3F4	57684	11171	ZBTB26	STRAP	chromatin immunoprecipitation assay	27924024	Homo sapiens	GTRD	No	Mm:Q6P9Q3;Rn:D3ZG35	Dr:A2BF92	Dm:Q9W1N4;Dr:Q7ZW92;Mm:Q9Z1Z2	Rn:M0RCV0
Q9HCK0	Q13308	57684	5754	ZBTB26	PTK7	chromatin immunoprecipitation assay	27924024	Homo sapiens	GTRD	No	Mm:Q6P9Q3;Rn:D3ZG35	Dr:A2BF92	Dm:Q6AWJ9;Dr:E7F2R9;Mm:Q8BKG3	Rn:D3ZHG3
Q9HCK0	Q96GS6	57684	81926	ZBTB26	ABHD17A	chromatin immunoprecipitation assay	27924024	Homo sapiens	GTRD	No	Mm:Q6P9Q3;Rn:D3ZG35	Dr:A2BF92	Dr:F1R0S2;Dr:E7FGL4;Mm:Q99JW1;Rn:Q5XIJ5	-
Q9HCK0	Q01851	57684	5457	ZBTB26	POU4F1	chromatin immunoprecipitation assay	27924024	Homo sapiens	GTRD	No	Mm:Q6P9Q3;Rn:D3ZG35	Dr:A2BF92	Dr:F1Q813;Mm:P17208;Rn:A0A0G2K8H8	-
Q9HCK0	P40926	57684	4191	ZBTB26	MDH2	chromatin immunoprecipitation assay	27924024	Homo sapiens	GTRD	No	Mm:Q6P9Q3;Rn:D3ZG35	Dr:A2BF92	Ce:O02640;Dm:Q9VEB1;Mm:P08249;Rn:P04636;Sc:P17505;Sc:P22133	Dr:Q7T334
Q9HCK0	P07492	57684	2922	ZBTB26	GRP	chromatin immunoprecipitation assay	27924024	Homo sapiens	GTRD	No	Mm:Q6P9Q3;Rn:D3ZG35	Dr:A2BF92	Mm:Q8R1I2	Rn:P24393
Q9HCK0	P11831	57684	6722	ZBTB26	SRF	chromatin immunoprecipitation assay	27924024	Homo sapiens	GTRD	No	Mm:Q6P9Q3;Rn:D3ZG35	Dr:A2BF92	Mm:Q9JM73;Rn:D3ZHH8	-
Q9HCK0	Q8N145	57684	203190	ZBTB26	LGI3	chromatin immunoprecipitation assay	27924024	Homo sapiens	GTRD	No	Mm:Q6P9Q3;Rn:D3ZG35	Dr:A2BF92	Dr:Q2HPG0;Mm:Q8K406;Rn:D3ZN61	-
Q9HCK0	P48167	57684	2743	ZBTB26	GLRB	chromatin immunoprecipitation assay	27924024	Homo sapiens	GTRD	No	Mm:Q6P9Q3;Rn:D3ZG35	Dr:A2BF92	Dr:Q6DC22;Mm:P48168;Rn:P20781	Dr:Q9DES8
Q9HCK0	Q07687	57684	1746	ZBTB26	DLX2	chromatin immunoprecipitation assay	27924024	Homo sapiens	GTRD	No	Mm:Q6P9Q3;Rn:D3ZG35	Dr:A2BF92	Dr:F6NKE2;Mm:P40764;Rn:G3V668	-
Q9HCK0	Q96NW4	57684	84079	ZBTB26	ANKRD27	chromatin immunoprecipitation assay	27924024	Homo sapiens	GTRD	No	Mm:Q6P9Q3;Rn:D3ZG35	Dr:A2BF92	Mm:Q3UMR0;Rn:A0A0G2JVS9	-
Q9HCK0	P0C7W0	57684	92340	ZBTB26	PRR29	chromatin immunoprecipitation assay	27924024	Homo sapiens	GTRD	No	Mm:Q6P9Q3;Rn:D3ZG35	Dr:A2BF92	Mm:B1ARI9	Rn:A0A0G2K7K1
Q9HCK0	O75170	57684	9701	ZBTB26	PPP6R2	chromatin immunoprecipitation assay	27924024	Homo sapiens	GTRD	No	Mm:Q6P9Q3;Rn:D3ZG35	Dr:A2BF92	Dr:Q5RGI5;Mm:G3X9K4	Rn:F1M6T6
Q9HCK0	Q6UXX9	57684	340419	ZBTB26	RSPO2	chromatin immunoprecipitation assay	27924024	Homo sapiens	GTRD	No	Mm:Q6P9Q3;Rn:D3ZG35	Dr:A2BF92	Dr:F1Q5C9;Mm:Q8BFU0	Rn:I7GAZ6
Q9HCK0	Q969N2	57684	51604	ZBTB26	PIGT	chromatin immunoprecipitation assay	27924024	Homo sapiens	GTRD	No	Mm:Q6P9Q3;Rn:D3ZG35	Dr:A2BF92	Ce:Q19518;Dm:Q9W3G0;Dr:E9QH65;Mm:Q8BXQ2;Rn:D4A604;Sc:P38875	-
Q9HCK0	Q8TCT0	57684	64781	ZBTB26	CERK	chromatin immunoprecipitation assay	27924024	Homo sapiens	GTRD	No	Mm:Q6P9Q3;Rn:D3ZG35	Dr:A2BF92	Ce:Q9TZI1;Dm:Q9VNA6;Mm:Q8K4Q7;Rn:D3Z9Y3	-
Q9HCK0	Q8TC41	57684	154214	ZBTB26	RNF217	chromatin immunoprecipitation assay	27924024	Homo sapiens	GTRD	No	Mm:Q6P9Q3;Rn:D3ZG35	Dr:A2BF92	-	-
Q9HCK0	Q8N883	57684	80110	ZBTB26	ZNF614	chromatin immunoprecipitation assay	27924024	Homo sapiens	GTRD	No	Mm:Q6P9Q3;Rn:D3ZG35	Dr:A2BF92	-	-
Q9HCK0	O00488	57684	51042	ZBTB26	ZNF593	chromatin immunoprecipitation assay	27924024	Homo sapiens	GTRD	No	Mm:Q6P9Q3;Rn:D3ZG35	Dr:A2BF92	Ce:Q9U239;Dm:Q9W3Y0;Dr:E7FCM9;Mm:Q9DB42;Rn:B2GV37	-
Q9HCK0	O15228	57684	8443	ZBTB26	GNPAT	chromatin immunoprecipitation assay	27924024	Homo sapiens	GTRD	No	Mm:Q6P9Q3;Rn:D3ZG35	Dr:A2BF92	Dr:F1QAU7;Mm:P98192;Rn:Q9ES71	-
Q9HCK0	P35606	57684	9276	ZBTB26	COPB2	chromatin immunoprecipitation assay	27924024	Homo sapiens	GTRD	No	Mm:Q6P9Q3;Rn:D3ZG35	Dr:A2BF92	-	-
Q9HCK0	Q13207	57684	6909	ZBTB26	TBX2	chromatin immunoprecipitation assay	27924024	Homo sapiens	GTRD	No	Mm:Q6P9Q3;Rn:D3ZG35	Dr:A2BF92	Dr:Q7ZTU9;Dr:B0R122;Mm:Q60707	-
Q9HCK0	Q8N6U8	57684	23432	ZBTB26	GPR161	chromatin immunoprecipitation assay	27924024	Homo sapiens	GTRD	No	Mm:Q6P9Q3;Rn:D3ZG35	Dr:A2BF92	-	-
Q9HCK0	Q5T9C9	57684	138429	ZBTB26	PIP5KL1	chromatin immunoprecipitation assay	27924024	Homo sapiens	GTRD	No	Mm:Q6P9Q3;Rn:D3ZG35	Dr:A2BF92	Mm:Q6U7H8	Dr:A2CEP6;Rn:M0RBR8
Q9HCK0	P48066	57684	6538	ZBTB26	SLC6A11	chromatin immunoprecipitation assay	27924024	Homo sapiens	GTRD	No	Mm:Q6P9Q3;Rn:D3ZG35	Dr:A2BF92	Mm:P31650;Rn:P31647	Dr:A0A140LG64
Q9HCK0	Q13330	57684	9112	ZBTB26	MTA1	chromatin immunoprecipitation assay	27924024	Homo sapiens	GTRD	No	Mm:Q6P9Q3;Rn:D3ZG35	Dr:A2BF92	Mm:Q8K4B0;Rn:A0A140TA98	Dr:E7FC29
Q9HCK0	Q9NPA3	57684	58526	ZBTB26	MID1IP1	chromatin immunoprecipitation assay	27924024	Homo sapiens	GTRD	No	Mm:Q6P9Q3;Rn:D3ZG35	Dr:A2BF92	Dr:Q1LUV9;Mm:Q9CQ20;Rn:Q6P7D5	-
Q9HCK0	Q5FWE3	57684	285368	ZBTB26	PRRT3	chromatin immunoprecipitation assay	27924024	Homo sapiens	GTRD	No	Mm:Q6P9Q3;Rn:D3ZG35	Dr:A2BF92	-	Mm:A0A0N4SVB5;Rn:D3ZWQ0
Q9HCK0	Q5SWH9	57684	51249	ZBTB26	TMEM69	chromatin immunoprecipitation assay	27924024	Homo sapiens	GTRD	No	Mm:Q6P9Q3;Rn:D3ZG35	Dr:A2BF92	Dr:F1QUY4;Mm:Q3KQJ0;Rn:B1WBX2	-
Q9HCK0	Q9Y5X1	57684	51429	ZBTB26	SNX9	chromatin immunoprecipitation assay	27924024	Homo sapiens	GTRD	No	Mm:Q6P9Q3;Rn:D3ZG35	Dr:A2BF92	Dm:Q9NCC3;Mm:Q91VH2;Rn:M0R9L3	Dr:Q5SPP2
Q9HCK0	Q9NR09	57684	57448	ZBTB26	BIRC6	chromatin immunoprecipitation assay	27924024	Homo sapiens	GTRD	No	Mm:Q6P9Q3;Rn:D3ZG35	Dr:A2BF92	-	-
Q9HCK0	Q6NSI3	57684	152877	ZBTB26	FAM53A	chromatin immunoprecipitation assay	27924024	Homo sapiens	GTRD	No	Mm:Q6P9Q3;Rn:D3ZG35	Dr:A2BF92	Mm:E9PV82;Rn:B5DF22	-
Q9HCK0	Q8N782	57684	-	ZBTB26	ZNF525	chromatin immunoprecipitation assay	27924024	Homo sapiens	GTRD	No	Mm:Q6P9Q3;Rn:D3ZG35	Dr:A2BF92	-	-
Q9HCK0	Q6Q759	57684	200162	ZBTB26	SPAG17	chromatin immunoprecipitation assay	27924024	Homo sapiens	GTRD	No	Mm:Q6P9Q3;Rn:D3ZG35	Dr:A2BF92	Dr:B8JLM6;Mm:Q5S003;Rn:D3ZXP4	-
Q9HCK0	Q9BV68	57684	55658	ZBTB26	RNF126	chromatin immunoprecipitation assay	27924024	Homo sapiens	GTRD	No	Mm:Q6P9Q3;Rn:D3ZG35	Dr:A2BF92	Mm:Q91YL2;Rn:F7ESD4	Dr:A2RV40
Q9HCK0	Q9BVV7	57684	29090	ZBTB26	TIMM21	chromatin immunoprecipitation assay	27924024	Homo sapiens	GTRD	No	Mm:Q6P9Q3;Rn:D3ZG35	Dr:A2BF92	Dm:Q9VMR0;Mm:Q8CCM6;Rn:Q5U2X7	-
Q9HCK0	Q15126	57684	10654	ZBTB26	PMVK	chromatin immunoprecipitation assay	27924024	Homo sapiens	GTRD	No	Mm:Q6P9Q3;Rn:D3ZG35	Dr:A2BF92	Ce:I2HAD9;Dm:Q9VIT2;Mm:Q9D1G2;Rn:Q5RK24	Dr:F8W4R0
Q9HCK0	Q7L3V2	57684	79680	ZBTB26	RTL10	chromatin immunoprecipitation assay	27924024	Homo sapiens	GTRD	No	Mm:Q6P9Q3;Rn:D3ZG35	Dr:A2BF92	-	-
Q9HCK0	Q58WW2	57684	55827	ZBTB26	DCAF6	chromatin immunoprecipitation assay	27924024	Homo sapiens	GTRD	No	Mm:Q6P9Q3;Rn:D3ZG35	Dr:A2BF92	Dr:B0QZE8;Mm:Q9DC22;Rn:D4A8L4	-
Q9HCK0	Q567V2	57684	84769	ZBTB26	MPV17L2	chromatin immunoprecipitation assay	27924024	Homo sapiens	GTRD	No	Mm:Q6P9Q3;Rn:D3ZG35	Dr:A2BF92	Ce:Q23508;Dr:Q6DGV7;Mm:Q8VIK2;Rn:D4A9N8	Dm:Q8IRC8
Q9HCK0	Q92482	57684	360	ZBTB26	AQP3	chromatin immunoprecipitation assay	27924024	Homo sapiens	GTRD	No	Mm:Q6P9Q3;Rn:D3ZG35	Dr:A2BF92	Mm:Q8R2N1;Sc:P0CD91	Dr:D3TI80;Dr:Q803U6;Rn:A0A0G2JSK0
Q9HCK0	Q96E35	57684	116225	ZBTB26	ZMYND19	chromatin immunoprecipitation assay	27924024	Homo sapiens	GTRD	No	Mm:Q6P9Q3;Rn:D3ZG35	Dr:A2BF92	Dr:A0A0R4IVE6;Mm:Q9CQG3;Rn:Q7TSV3	-
Q9HCK0	Q9NYT6	57684	7769	ZBTB26	ZNF226	chromatin immunoprecipitation assay	27924024	Homo sapiens	GTRD	No	Mm:Q6P9Q3;Rn:D3ZG35	Dr:A2BF92	Mm:Q923D1	-
Q9HCK0	Q9BW91	57684	53343	ZBTB26	NUDT9	chromatin immunoprecipitation assay	27924024	Homo sapiens	GTRD	No	Mm:Q6P9Q3;Rn:D3ZG35	Dr:A2BF92	Ce:Q09297;Dm:Q9VV83;Dr:F1QL34;Mm:Q8BVU5;Rn:Q5XIG0	-
Q9HCK0	Q96L73	57684	64324	ZBTB26	NSD1	chromatin immunoprecipitation assay	27924024	Homo sapiens	GTRD	No	Mm:Q6P9Q3;Rn:D3ZG35	Dr:A2BF92	Mm:E9QAE4;Rn:D4AA06	-
Q9HCK0	P09086	57684	5452	ZBTB26	POU2F2	chromatin immunoprecipitation assay	27924024	Homo sapiens	GTRD	No	Mm:Q6P9Q3;Rn:D3ZG35	Dr:A2BF92	-	-
Q9HCK0	Q9Y4X0	57684	9949	ZBTB26	AMMECR1	chromatin immunoprecipitation assay	27924024	Homo sapiens	GTRD	No	Mm:Q6P9Q3;Rn:D3ZG35	Dr:A2BF92	Dr:Q6NWA1;Mm:Q9JHT5;Rn:D3ZBY1	-
Q9HCK0	Q8IXK0	57684	1912	ZBTB26	PHC2	chromatin immunoprecipitation assay	27924024	Homo sapiens	GTRD	No	Mm:Q6P9Q3;Rn:D3ZG35	Dr:A2BF92	Dr:Q8QHL5;Mm:Q9QWH1	Dr:F6P2R0;Rn:D4A0M3
Q9HCK0	Q86YN6	57684	133522	ZBTB26	PPARGC1B	chromatin immunoprecipitation assay	27924024	Homo sapiens	GTRD	No	Mm:Q6P9Q3;Rn:D3ZG35	Dr:A2BF92	Mm:Q8VHJ7;Rn:Q811R2	Dr:A0A0R4IGS9
Q9HCK0	Q70SY1	57684	64764	ZBTB26	CREB3L2	chromatin immunoprecipitation assay	27924024	Homo sapiens	GTRD	No	Mm:Q6P9Q3;Rn:D3ZG35	Dr:A2BF92	Dr:A1L224;Mm:Q8BH52;Rn:Q6QDP7	-
Q9HCK0	Q6ZP29	57684	54896	ZBTB26	SLC66A1	chromatin immunoprecipitation assay	27924024	Homo sapiens	GTRD	No	Mm:Q6P9Q3;Rn:D3ZG35	Dr:A2BF92	Ce:Q95XZ6;Mm:Q8C4N4;Rn:B0BMY1;Sc:P38279;Sc:Q12010	Dr:B0S5U0
Q9HCK0	Q15025	57684	10318	ZBTB26	TNIP1	chromatin immunoprecipitation assay	27924024	Homo sapiens	GTRD	No	Mm:Q6P9Q3;Rn:D3ZG35	Dr:A2BF92	Mm:Q9WUU8;Rn:D3ZHV1	Dr:E7FCP9
Q9HCK0	Q7L8W6	57684	89978	ZBTB26	DPH6	chromatin immunoprecipitation assay	27924024	Homo sapiens	GTRD	No	Mm:Q6P9Q3;Rn:D3ZG35	Dr:A2BF92	Ce:Q966L4;Dr:A2RV01;Mm:Q9CQ28;Rn:F1LP07	-
Q9HCK0	Q9BQD7	57684	65990	ZBTB26	ANTKMT	chromatin immunoprecipitation assay	27924024	Homo sapiens	GTRD	No	Mm:Q6P9Q3;Rn:D3ZG35	Dr:A2BF92	Mm:Q501J2;Rn:D4A1T7	Dr:E9QH00
Q9HCK0	Q9NX46	57684	54936	ZBTB26	ADPRS	chromatin immunoprecipitation assay	27924024	Homo sapiens	GTRD	No	Mm:Q6P9Q3;Rn:D3ZG35	Dr:A2BF92	Mm:Q8CG72;Rn:B0K017	Dr:Q66HT8
Q9HCK0	Q9NR31	57684	56681	ZBTB26	SAR1A	chromatin immunoprecipitation assay	27924024	Homo sapiens	GTRD	No	Mm:Q6P9Q3;Rn:D3ZG35	Dr:A2BF92	Mm:Q99JZ4;Rn:Q6AY18	-
Q9HCK0	P49619	57684	1608	ZBTB26	DGKG	chromatin immunoprecipitation assay	27924024	Homo sapiens	GTRD	No	Mm:Q6P9Q3;Rn:D3ZG35	Dr:A2BF92	Mm:Q91WG7;Rn:P49620	-
Q9HCK0	Q9Y257	57684	9424	ZBTB26	KCNK6	chromatin immunoprecipitation assay	27924024	Homo sapiens	GTRD	No	Mm:Q6P9Q3;Rn:D3ZG35	Dr:A2BF92	Dr:F1R312;Mm:Q3TBV4	Rn:G3V8R8
Q9HCK0	Q9BV90	57684	79622	ZBTB26	SNRNP25	chromatin immunoprecipitation assay	27924024	Homo sapiens	GTRD	No	Mm:Q6P9Q3;Rn:D3ZG35	Dr:A2BF92	-	-
Q9HCK0	Q8NEL9	57684	80821	ZBTB26	DDHD1	chromatin immunoprecipitation assay	27924024	Homo sapiens	GTRD	No	Mm:Q6P9Q3;Rn:D3ZG35	Dr:A2BF92	Dr:E7F9W6;Rn:Q3ZAU5	Ce:G5EEM9;Mm:F8WHP5
Q9HCK0	P41279	57684	1326	ZBTB26	MAP3K8	chromatin immunoprecipitation assay	27924024	Homo sapiens	GTRD	No	Mm:Q6P9Q3;Rn:D3ZG35	Dr:A2BF92	Dr:E7F4L2;Mm:Q07174;Rn:G3V840	-
Q9HCK0	Q96MF7	57684	286053	ZBTB26	NSMCE2	chromatin immunoprecipitation assay	27924024	Homo sapiens	GTRD	No	Mm:Q6P9Q3;Rn:D3ZG35	Dr:A2BF92	Dr:B3DIX8;Mm:Q91VT1;Rn:Q4V8A0	-
Q9HCK0	Q9BTV5	57684	79187	ZBTB26	FSD1	chromatin immunoprecipitation assay	27924024	Homo sapiens	GTRD	No	Mm:Q6P9Q3;Rn:D3ZG35	Dr:A2BF92	Mm:Q7TPM6;Rn:B1H2A2	-
Q9HCK0	Q9H0K6	57684	83448	ZBTB26	PUS7L	chromatin immunoprecipitation assay	27924024	Homo sapiens	GTRD	No	Mm:Q6P9Q3;Rn:D3ZG35	Dr:A2BF92	Mm:Q8CE46	Rn:D4ABN2
Q9HCK0	Q70CQ3	57684	84749	ZBTB26	USP30	chromatin immunoprecipitation assay	27924024	Homo sapiens	GTRD	No	Mm:Q6P9Q3;Rn:D3ZG35	Dr:A2BF92	Ce:Q9BKQ6;Dm:Q9W462;Mm:Q3UN04;Rn:D3ZPG5	-
Q9HCK0	Q8TBC3	57684	92799	ZBTB26	SHKBP1	chromatin immunoprecipitation assay	27924024	Homo sapiens	GTRD	No	Mm:Q6P9Q3;Rn:D3ZG35	Dr:A2BF92	Mm:Q6P7W2;Rn:P0C5J9	Dr:E7FFI2
Q9HCK0	Q96CS2	57684	115106	ZBTB26	HAUS1	chromatin immunoprecipitation assay	27924024	Homo sapiens	GTRD	No	Mm:Q6P9Q3;Rn:D3ZG35	Dr:A2BF92	-	Dr:F1QWF9;Mm:A0A494BB26;Rn:Q9R0A8
Q9HCK0	Q7Z460	57684	23332	ZBTB26	CLASP1	chromatin immunoprecipitation assay	27924024	Homo sapiens	GTRD	No	Mm:Q6P9Q3;Rn:D3ZG35	Dr:A2BF92	Rn:A0A0G2JUI5	Mm:A0A087WQ31
Q9HCK0	Q63HQ2	57684	133584	ZBTB26	EGFLAM	chromatin immunoprecipitation assay	27924024	Homo sapiens	GTRD	No	Mm:Q6P9Q3;Rn:D3ZG35	Dr:A2BF92	Ce:Q22574;Mm:Q4VBE4;Rn:G3V7M7	-
Q9HCK0	Q8IUH5	57684	23390	ZBTB26	ZDHHC17	chromatin immunoprecipitation assay	27924024	Homo sapiens	GTRD	No	Mm:Q6P9Q3;Rn:D3ZG35	Dr:A2BF92	Dm:Q9VUW9;Mm:Q80TN5;Rn:E9PTT0	-
Q9HCK0	H3BT56	57684	-	ZBTB26	CHKB-CPT1B	chromatin immunoprecipitation assay	27924024	Homo sapiens	GTRD	No	Mm:Q6P9Q3;Rn:D3ZG35	Dr:A2BF92	-	-
Q9HCK0	P48378	57684	5990	ZBTB26	RFX2	chromatin immunoprecipitation assay	27924024	Homo sapiens	GTRD	No	Mm:Q6P9Q3;Rn:D3ZG35	Dr:A2BF92	Dr:Q5EAP5;Mm:P48379;Sc:P48743	Rn:A0A0G2K7V5
Q9HCK0	Q13642	57684	2273	ZBTB26	FHL1	chromatin immunoprecipitation assay	27924024	Homo sapiens	GTRD	No	Mm:Q6P9Q3;Rn:D3ZG35	Dr:A2BF92	-	Mm:A2AEY0;Rn:A0A0G2K338
Q9HCK0	P49641	57684	4122	ZBTB26	MAN2A2	chromatin immunoprecipitation assay	27924024	Homo sapiens	GTRD	No	Mm:Q6P9Q3;Rn:D3ZG35	Dr:A2BF92	Dr:E7EYL2;Mm:Q8BRK9	Rn:A0A0G2JWG1
Q9HCK0	O95340	57684	9060	ZBTB26	PAPSS2	chromatin immunoprecipitation assay	27924024	Homo sapiens	GTRD	No	Mm:Q6P9Q3;Rn:D3ZG35	Dr:A2BF92	Mm:O88428	Dr:Q802U9;Dr:F1QFG2;Rn:A0A0G2K950
Q9HCK0	P37837	57684	6888	ZBTB26	TALDO1	chromatin immunoprecipitation assay	27924024	Homo sapiens	GTRD	No	Mm:Q6P9Q3;Rn:D3ZG35	Dr:A2BF92	Ce:Q966C7;Dm:Q9W1G0;Mm:Q93092;Rn:Q9EQS0;Sc:P53228;Sc:P15019	-
Q9HCK0	Q15438	57684	9267	ZBTB26	CYTH1	chromatin immunoprecipitation assay	27924024	Homo sapiens	GTRD	No	Mm:Q6P9Q3;Rn:D3ZG35	Dr:A2BF92	Dr:F1R9I9;Rn:B2GUV0	Mm:Q3TZ02
Q9HCK0	O15439	57684	10257	ZBTB26	ABCC4	chromatin immunoprecipitation assay	27924024	Homo sapiens	GTRD	No	Mm:Q6P9Q3;Rn:D3ZG35	Dr:A2BF92	Ce:Q19625;Dm:Q9VLN6;Dm:Q7KT22;Dr:F1QIK5;Mm:E9Q236;Rn:F1M3J4	Dm:Q9VJ21;Dm:A0A0B4KEG2;Dm:Q9VDT3
Q9HCK0	Q13418	57684	3611	ZBTB26	ILK	chromatin immunoprecipitation assay	27924024	Homo sapiens	GTRD	No	Mm:Q6P9Q3;Rn:D3ZG35	Dr:A2BF92	Ce:Q9TZC4;Dm:Q9V400;Dr:Q6PHD6;Mm:O55222;Rn:Q99J82	-
Q9HCK0	Q8TAC2	57684	126119	ZBTB26	JOSD2	chromatin immunoprecipitation assay	27924024	Homo sapiens	GTRD	No	Mm:Q6P9Q3;Rn:D3ZG35	Dr:A2BF92	Dr:F1QCJ5;Mm:Q9CR30;Rn:D4AD44	-
Q9HCK0	Q8IXZ3	57684	221833	ZBTB26	SP8	chromatin immunoprecipitation assay	27924024	Homo sapiens	GTRD	No	Mm:Q6P9Q3;Rn:D3ZG35	Dr:A2BF92	Dr:Q6P0J3;Mm:Q8BMJ8;Rn:D3ZQL2	-
Q9HCK0	Q92794	57684	7994	ZBTB26	KAT6A	chromatin immunoprecipitation assay	27924024	Homo sapiens	GTRD	No	Mm:Q6P9Q3;Rn:D3ZG35	Dr:A2BF92	Mm:G3X940;Rn:A0A0A0MY12	Dr:A2CG09
Q9HCK0	O75157	57684	9819	ZBTB26	TSC22D2	chromatin immunoprecipitation assay	27924024	Homo sapiens	GTRD	No	Mm:Q6P9Q3;Rn:D3ZG35	Dr:A2BF92	Mm:E9Q7M2;Rn:D3ZDW3	-
Q9HCK0	P17039	57684	90075	ZBTB26	ZNF30	chromatin immunoprecipitation assay	27924024	Homo sapiens	GTRD	No	Mm:Q6P9Q3;Rn:D3ZG35	Dr:A2BF92	-	-
Q9HCK0	P24278	57684	7597	ZBTB26	ZBTB25	chromatin immunoprecipitation assay	27924024	Homo sapiens	GTRD	No	Mm:Q6P9Q3;Rn:D3ZG35	Dr:A2BF92	Dr:Q5RIH3;Mm:G3UW50;Rn:Q6P754	-
Q9HCK0	Q6ZU65	57684	254048	ZBTB26	UBN2	chromatin immunoprecipitation assay	27924024	Homo sapiens	GTRD	No	Mm:Q6P9Q3;Rn:D3ZG35	Dr:A2BF92	Dm:P25992;Dr:I3ISA2;Mm:Q80WC1;Rn:D4A666	-
Q9HCK0	Q15561	57684	7004	ZBTB26	TEAD4	chromatin immunoprecipitation assay	27924024	Homo sapiens	GTRD	No	Mm:Q6P9Q3;Rn:D3ZG35	Dr:A2BF92	-	Mm:A0A0R4IZY5;Rn:F1M665
Q9HCK0	Q13541	57684	1978	ZBTB26	EIF4EBP1	chromatin immunoprecipitation assay	27924024	Homo sapiens	GTRD	No	Mm:Q6P9Q3;Rn:D3ZG35	Dr:A2BF92	Mm:Q60876;Rn:Q62622	-
Q9HCK0	Q9GZU8	57684	80011	ZBTB26	PSME3IP1	chromatin immunoprecipitation assay	27924024	Homo sapiens	GTRD	No	Mm:Q6P9Q3;Rn:D3ZG35	Dr:A2BF92	Ce:O17594;Dm:Q7JWU9;Mm:Q91WE2;Rn:Q6AY90	-
Q9HCK0	O43900	57684	4007	ZBTB26	PRICKLE3	chromatin immunoprecipitation assay	27924024	Homo sapiens	GTRD	No	Mm:Q6P9Q3;Rn:D3ZG35	Dr:A2BF92	Mm:Q80VL3;Rn:Q5U2Q0	-
Q9HCK0	P32780	57684	2965	ZBTB26	GTF2H1	chromatin immunoprecipitation assay	27924024	Homo sapiens	GTRD	No	Mm:Q6P9Q3;Rn:D3ZG35	Dr:A2BF92	Ce:O44499;Dm:Q960E8;Rn:A0A0G2JWQ0	Dr:Q66I03;Mm:D6RJL7
Q9HCK0	A0A087WVE0	57684	-	ZBTB26	-	chromatin immunoprecipitation assay	27924024	Homo sapiens	GTRD	No	Mm:Q6P9Q3;Rn:D3ZG35	Dr:A2BF92	-	-
Q9HCK0	P11717	57684	3482	ZBTB26	IGF2R	chromatin immunoprecipitation assay	27924024	Homo sapiens	GTRD	No	Mm:Q6P9Q3;Rn:D3ZG35	Dr:A2BF92	Dr:Q2TTK0;Mm:Q07113;Rn:G3V824	-
Q9HCK0	Q00597	57684	2176	ZBTB26	FANCC	chromatin immunoprecipitation assay	27924024	Homo sapiens	GTRD	No	Mm:Q6P9Q3;Rn:D3ZG35	Dr:A2BF92	Dr:B0V1A9;Rn:B4F762	Mm:Q8CBR3
Q9HCK0	Q9BRV3	57684	55974	ZBTB26	SLC50A1	chromatin immunoprecipitation assay	27924024	Homo sapiens	GTRD	No	Mm:Q6P9Q3;Rn:D3ZG35	Dr:A2BF92	Dr:Q5EB14;Mm:Q9CXK4;Rn:D3ZH22	-
Q9HCK0	Q6NWY9	57684	25766	ZBTB26	PRPF40B	chromatin immunoprecipitation assay	27924024	Homo sapiens	GTRD	No	Mm:Q6P9Q3;Rn:D3ZG35	Dr:A2BF92	-	-
Q9HCK0	Q96G46	57684	56931	ZBTB26	DUS3L	chromatin immunoprecipitation assay	27924024	Homo sapiens	GTRD	No	Mm:Q6P9Q3;Rn:D3ZG35	Dr:A2BF92	Ce:Q9TYN2;Dm:Q9VIS4;Mm:A0A0R4IZY9;Rn:M0RAY0;Sc:Q06053	Dr:A0A0R4IQ00
Q9HCK0	Q14197	57684	3396	ZBTB26	MRPL58	chromatin immunoprecipitation assay	27924024	Homo sapiens	GTRD	No	Mm:Q6P9Q3;Rn:D3ZG35	Dr:A2BF92	Ce:Q95QC2;Dm:Q9VKU3;Dr:E7F0D0;Mm:Q8R035;Rn:D3ZDP2;Sc:Q12322	-
Q9HCK0	P15880	57684	6187	ZBTB26	RPS2	chromatin immunoprecipitation assay	27924024	Homo sapiens	GTRD	No	Mm:Q6P9Q3;Rn:D3ZG35	Dr:A2BF92	Ce:P51403;Dm:P31009;Dr:Q6NWC3;Mm:P25444;Rn:P27952;Sc:P25443	Rn:E9PT76;Rn:A0A0U1RVI9
Q9HCK0	Q9H0Z9	57684	55544	ZBTB26	RBM38	chromatin immunoprecipitation assay	27924024	Homo sapiens	GTRD	No	Mm:Q6P9Q3;Rn:D3ZG35	Dr:A2BF92	Dm:Q24207;Dr:B7ZVC7;Mm:Q62176;Rn:D3ZGE9	-
Q9HCK0	Q16600	57684	8187	ZBTB26	ZNF239	chromatin immunoprecipitation assay	27924024	Homo sapiens	GTRD	No	Mm:Q6P9Q3;Rn:D3ZG35	Dr:A2BF92	Dr:A0A0G2KZ75	-
Q9HCK0	Q8N769	57684	-	ZBTB26	C14orf178	chromatin immunoprecipitation assay	27924024	Homo sapiens	GTRD	No	Mm:Q6P9Q3;Rn:D3ZG35	Dr:A2BF92	-	-
Q9HCK0	Q8IYI8	57684	126070	ZBTB26	ZNF440	chromatin immunoprecipitation assay	27924024	Homo sapiens	GTRD	No	Mm:Q6P9Q3;Rn:D3ZG35	Dr:A2BF92	-	-
Q9HCK0	S4R434	57684	100527978	ZBTB26	TLCD4-RWDD3	chromatin immunoprecipitation assay	27924024	Homo sapiens	GTRD	No	Mm:Q6P9Q3;Rn:D3ZG35	Dr:A2BF92	-	-
Q9HCK0	P25440	57684	6046	ZBTB26	BRD2	chromatin immunoprecipitation assay	27924024	Homo sapiens	GTRD	No	Mm:Q6P9Q3;Rn:D3ZG35	Dr:A2BF92	Mm:Q7JJ13	Dr:Q1LWX7;Rn:Q6MGA9
Q9HCK0	O75794	57684	8872	ZBTB26	CDC123	chromatin immunoprecipitation assay	27924024	Homo sapiens	GTRD	No	Mm:Q6P9Q3;Rn:D3ZG35	Dr:A2BF92	Dr:Q6PC40;Mm:Q8CII2;Rn:Q62834;Sc:Q05791	-
Q9HCK0	Q6UXY8	57684	79838	ZBTB26	TMC5	chromatin immunoprecipitation assay	27924024	Homo sapiens	GTRD	No	Mm:Q6P9Q3;Rn:D3ZG35	Dr:A2BF92	Mm:Q32NZ6	Dr:E7FDU7;Rn:D3ZTH0
Q9HCK0	Q9Y692	57684	10691	ZBTB26	GMEB1	chromatin immunoprecipitation assay	27924024	Homo sapiens	GTRD	No	Mm:Q6P9Q3;Rn:D3ZG35	Dr:A2BF92	Mm:Q9JL60;Rn:Q9QUZ8	Dr:F1QN94
Q9HCK0	Q9Y6Y1	57684	23261	ZBTB26	CAMTA1	chromatin immunoprecipitation assay	27924024	Homo sapiens	GTRD	No	Mm:Q6P9Q3;Rn:D3ZG35	Dr:A2BF92	Dr:K7DY74;Mm:A2A891;Rn:F1M4M6	Dm:A0A0B4LF15
Q9HCK0	Q86UN2	57684	146760	ZBTB26	RTN4RL1	chromatin immunoprecipitation assay	27924024	Homo sapiens	GTRD	No	Mm:Q6P9Q3;Rn:D3ZG35	Dr:A2BF92	Mm:Q8K0S5;Rn:Q80WD0	Dr:F1QCS9
Q9HCK0	Q9BWW7	57684	83482	ZBTB26	SCRT1	chromatin immunoprecipitation assay	27924024	Homo sapiens	GTRD	No	Mm:Q6P9Q3;Rn:D3ZG35	Dr:A2BF92	-	-
Q9HCK0	Q9NXF1	57684	54881	ZBTB26	TEX10	chromatin immunoprecipitation assay	27924024	Homo sapiens	GTRD	No	Mm:Q6P9Q3;Rn:D3ZG35	Dr:A2BF92	Dr:F1R8L7;Mm:Q3URQ0	Rn:D4A401
Q9HCK0	Q9Y2G2	57684	22900	ZBTB26	CARD8	chromatin immunoprecipitation assay	27924024	Homo sapiens	GTRD	No	Mm:Q6P9Q3;Rn:D3ZG35	Dr:A2BF92	-	-
Q9HCK0	Q96F45	57684	84858	ZBTB26	ZNF503	chromatin immunoprecipitation assay	27924024	Homo sapiens	GTRD	No	Mm:Q6P9Q3;Rn:D3ZG35	Dr:A2BF92	Dr:Q6UFS5;Mm:Q7TMA2;Rn:G3V7W0	Ce:G5EDQ6
Q9HCK0	Q9Y468	57684	26013	ZBTB26	L3MBTL1	chromatin immunoprecipitation assay	27924024	Homo sapiens	GTRD	No	Mm:Q6P9Q3;Rn:D3ZG35	Dr:A2BF92	-	-
Q9HCK0	Q8N668	57684	150684	ZBTB26	COMMD1	chromatin immunoprecipitation assay	27924024	Homo sapiens	GTRD	No	Mm:Q6P9Q3;Rn:D3ZG35	Dr:A2BF92	Mm:Q8K4M5;Rn:B0BNB1	Dr:B8A6D0
Q9HCK0	O15360	57684	2175	ZBTB26	FANCA	chromatin immunoprecipitation assay	27924024	Homo sapiens	GTRD	No	Mm:Q6P9Q3;Rn:D3ZG35	Dr:A2BF92	Mm:Q9JL70	Rn:D3ZQL0
Q9HCK0	Q96M83	57684	79741	ZBTB26	CCDC7	chromatin immunoprecipitation assay	27924024	Homo sapiens	GTRD	No	Mm:Q6P9Q3;Rn:D3ZG35	Dr:A2BF92	-	Mm:A0A1L1SS82
Q9HCK0	Q9Y5Y0	57684	28982	ZBTB26	FLVCR1	chromatin immunoprecipitation assay	27924024	Homo sapiens	GTRD	No	Mm:Q6P9Q3;Rn:D3ZG35	Dr:A2BF92	Dr:Q5RGT2;Mm:B2RXV4;Rn:M0RB11	-
Q9HCK0	Q6NSJ2	57684	653583	ZBTB26	PHLDB3	chromatin immunoprecipitation assay	27924024	Homo sapiens	GTRD	No	Mm:Q6P9Q3;Rn:D3ZG35	Dr:A2BF92	Mm:E9QAF4;Rn:A0A0G2KB72	-
Q9HCK0	P01116	57684	3845	ZBTB26	KRAS	chromatin immunoprecipitation assay	27924024	Homo sapiens	GTRD	No	Mm:Q6P9Q3;Rn:D3ZG35	Dr:A2BF92	Mm:P32883;Rn:P08644	Dr:Q6AZA4
Q9HCK0	Q13115	57684	1846	ZBTB26	DUSP4	chromatin immunoprecipitation assay	27924024	Homo sapiens	GTRD	No	Mm:Q6P9Q3;Rn:D3ZG35	Dr:A2BF92	Dr:Q7SZF3;Mm:Q8BFV3;Rn:G3V7L2	-
Q9HCK0	Q8IUZ0	57684	54839	ZBTB26	LRRC49	chromatin immunoprecipitation assay	27924024	Homo sapiens	GTRD	No	Mm:Q6P9Q3;Rn:D3ZG35	Dr:A2BF92	Rn:A0A0G2K8U5	Mm:G5E8R5
Q9HCK0	O75469	57684	8856	ZBTB26	NR1I2	chromatin immunoprecipitation assay	27924024	Homo sapiens	GTRD	No	Mm:Q6P9Q3;Rn:D3ZG35	Dr:A2BF92	Mm:O54915;Rn:Q9R1A7	-
Q9HCK0	Q8N567	57684	84240	ZBTB26	ZCCHC9	chromatin immunoprecipitation assay	27924024	Homo sapiens	GTRD	No	Mm:Q6P9Q3;Rn:D3ZG35	Dr:A2BF92	Mm:Q8R1J3;Rn:Q5XII6	Dr:F1QE26
Q9HCK0	Q96GC9	57684	81671	ZBTB26	VMP1	chromatin immunoprecipitation assay	27924024	Homo sapiens	GTRD	No	Mm:Q6P9Q3;Rn:D3ZG35	Dr:A2BF92	Ce:Q9XWU8;Dr:F1Q6C7;Mm:Q99KU0;Rn:Q91ZQ0	Dm:Q7KVQ7
Q9HCK0	P81408	57684	10712	ZBTB26	FAM189B	chromatin immunoprecipitation assay	27924024	Homo sapiens	GTRD	No	Mm:Q6P9Q3;Rn:D3ZG35	Dr:A2BF92	Mm:Q5HZJ5;Rn:D3Z8J6	Dr:A0A0R4IZW2
Q9HCK0	Q9H9P5	57684	64718	ZBTB26	UNKL	chromatin immunoprecipitation assay	27924024	Homo sapiens	GTRD	No	Mm:Q6P9Q3;Rn:D3ZG35	Dr:A2BF92	-	-
Q9HCK0	F5H697	57684	-	ZBTB26	-	chromatin immunoprecipitation assay	27924024	Homo sapiens	GTRD	No	Mm:Q6P9Q3;Rn:D3ZG35	Dr:A2BF92	-	-
Q9HCK0	O75592	57684	23077	ZBTB26	MYCBP2	chromatin immunoprecipitation assay	27924024	Homo sapiens	GTRD	No	Mm:Q6P9Q3;Rn:D3ZG35	Dr:A2BF92	Dm:Q9NB71;Dr:F1RD40;Mm:Q7TPH6;Rn:D4A2D3	Ce:Q17551
Q9HCK0	P78332	57684	10180	ZBTB26	RBM6	chromatin immunoprecipitation assay	27924024	Homo sapiens	GTRD	No	Mm:Q6P9Q3;Rn:D3ZG35	Dr:A2BF92	Dr:E7FD35;Rn:D4ACW0	Mm:Q3ULB0
Q9HCK0	P51788	57684	1181	ZBTB26	CLCN2	chromatin immunoprecipitation assay	27924024	Homo sapiens	GTRD	No	Mm:Q6P9Q3;Rn:D3ZG35	Dr:A2BF92	Mm:Q9R0A1	Dr:A5PMN6;Rn:P35525
Q9HCK0	Q6UVY6	57684	26002	ZBTB26	MOXD1	chromatin immunoprecipitation assay	27924024	Homo sapiens	GTRD	No	Mm:Q6P9Q3;Rn:D3ZG35	Dr:A2BF92	Dm:Q9VUY0;Dr:Q5TZ24;Mm:Q9CXI3	Rn:G3V9S5
Q9HCK0	Q9Y490	57684	7094	ZBTB26	TLN1	chromatin immunoprecipitation assay	27924024	Homo sapiens	GTRD	No	Mm:Q6P9Q3;Rn:D3ZG35	Dr:A2BF92	Mm:P26039;Rn:G3V852	Dr:A3KP11
Q9HCK0	Q99590	57684	9169	ZBTB26	SCAF11	chromatin immunoprecipitation assay	27924024	Homo sapiens	GTRD	No	Mm:Q6P9Q3;Rn:D3ZG35	Dr:A2BF92	Mm:E9PZM7;Rn:D4ABH1	-
Q9HCK0	Q9BU76	57684	79169	ZBTB26	MMTAG2	chromatin immunoprecipitation assay	27924024	Homo sapiens	GTRD	No	Mm:Q6P9Q3;Rn:D3ZG35	Dr:A2BF92	Dr:F1QZ61;Mm:Q99LX5;Rn:Q5M9I6	-
Q9HCK0	Q15649	57684	9326	ZBTB26	ZNHIT3	chromatin immunoprecipitation assay	27924024	Homo sapiens	GTRD	No	Mm:Q6P9Q3;Rn:D3ZG35	Dr:A2BF92	Dm:A1ZA28;Dr:Q7ZUF9;Mm:Q9CQK1;Rn:D4AA75	-
Q9HCK0	Q15034	57684	8916	ZBTB26	HERC3	chromatin immunoprecipitation assay	27924024	Homo sapiens	GTRD	No	Mm:Q6P9Q3;Rn:D3ZG35	Dr:A2BF92	-	-
Q9HCK0	Q9UKM7	57684	11253	ZBTB26	MAN1B1	chromatin immunoprecipitation assay	27924024	Homo sapiens	GTRD	No	Mm:Q6P9Q3;Rn:D3ZG35	Dr:A2BF92	Ce:Q23296;Ce:Q22120;Dm:Q9VAP8;Dr:E7F4N5;Dr:A5WWD5;Mm:A2AJ15;Rn:B2GUY0	-
Q9HCK0	Q9Y6H5	57684	9627	ZBTB26	SNCAIP	chromatin immunoprecipitation assay	27924024	Homo sapiens	GTRD	No	Mm:Q6P9Q3;Rn:D3ZG35	Dr:A2BF92	Mm:G5E848;Rn:D3ZWQ5	Dr:A0A0M3HEL3
Q9HCK0	Q5XUX0	57684	79791	ZBTB26	FBXO31	chromatin immunoprecipitation assay	27924024	Homo sapiens	GTRD	No	Mm:Q6P9Q3;Rn:D3ZG35	Dr:A2BF92	Dr:E7F5P0;Mm:Q3TQF0;Rn:B2RYN2	-
Q9HCK0	E7ETH6	57684	100293516	ZBTB26	ZNF587B	chromatin immunoprecipitation assay	27924024	Homo sapiens	GTRD	No	Mm:Q6P9Q3;Rn:D3ZG35	Dr:A2BF92	-	-
Q9HCK0	Q9BQE6	57684	79081	ZBTB26	LBHD1	chromatin immunoprecipitation assay	27924024	Homo sapiens	GTRD	No	Mm:Q6P9Q3;Rn:D3ZG35	Dr:A2BF92	Mm:A0A087WPA0;Mm:J3QPQ6	-
Q9HCK0	Q9P270	57684	57606	ZBTB26	SLAIN2	chromatin immunoprecipitation assay	27924024	Homo sapiens	GTRD	No	Mm:Q6P9Q3;Rn:D3ZG35	Dr:A2BF92	Dr:Q5RHE6;Mm:Q8CI08;Rn:G3V6A2	-
Q9HCK0	Q9NX55	57684	25764	ZBTB26	HYPK	chromatin immunoprecipitation assay	27924024	Homo sapiens	GTRD	No	Mm:Q6P9Q3;Rn:D3ZG35	Dr:A2BF92	-	-
Q9HCK0	Q10469	57684	4247	ZBTB26	MGAT2	chromatin immunoprecipitation assay	27924024	Homo sapiens	GTRD	No	Mm:Q6P9Q3;Rn:D3ZG35	Dr:A2BF92	Ce:O17560;Mm:Q921V5;Rn:Q09326	Dr:A4IG58
Q9HCK0	Q9Y266	57684	10726	ZBTB26	NUDC	chromatin immunoprecipitation assay	27924024	Homo sapiens	GTRD	No	Mm:Q6P9Q3;Rn:D3ZG35	Dr:A2BF92	Ce:G5EE74;Dm:Q9VVA6;Dr:Q6NV13;Mm:O35685;Rn:Q63525	-
Q9HCK0	Q6ZW76	57684	124401	ZBTB26	ANKS3	chromatin immunoprecipitation assay	27924024	Homo sapiens	GTRD	No	Mm:Q6P9Q3;Rn:D3ZG35	Dr:A2BF92	Mm:Q9CZK6;Rn:Q5M9H0	-
Q9HCK0	Q15772	57684	10290	ZBTB26	SPEG	chromatin immunoprecipitation assay	27924024	Homo sapiens	GTRD	No	Mm:Q6P9Q3;Rn:D3ZG35	Dr:A2BF92	-	-
Q9HCK0	H3BUV5	57684	-	ZBTB26	-	chromatin immunoprecipitation assay	27924024	Homo sapiens	GTRD	No	Mm:Q6P9Q3;Rn:D3ZG35	Dr:A2BF92	-	-
Q9HCK0	Q9UL01	57684	29940	ZBTB26	DSE	chromatin immunoprecipitation assay	27924024	Homo sapiens	GTRD	No	Mm:Q6P9Q3;Rn:D3ZG35	Dr:A2BF92	Dr:Q5RGL8;Mm:Q8BLI4;Rn:B5DF19	-
Q9HCK0	Q8TAA9	57684	81839	ZBTB26	VANGL1	chromatin immunoprecipitation assay	27924024	Homo sapiens	GTRD	No	Mm:Q6P9Q3;Rn:D3ZG35	Dr:A2BF92	Mm:Q80Z96;Rn:D3ZKC8	Dr:B0V210
Q9HCK0	Q9C010	57684	5570	ZBTB26	PKIB	chromatin immunoprecipitation assay	27924024	Homo sapiens	GTRD	No	Mm:Q6P9Q3;Rn:D3ZG35	Dr:A2BF92	Rn:Q8R4R3	Dr:Q5SPN9;Mm:Q3TZU5
Q9HCK0	Q6P1M0	57684	10999	ZBTB26	SLC27A4	chromatin immunoprecipitation assay	27924024	Homo sapiens	GTRD	No	Mm:Q6P9Q3;Rn:D3ZG35	Dr:A2BF92	Mm:Q91VE0;Rn:G3V7V3	-
Q9HCK0	A4D1E9	57684	85865	ZBTB26	GTPBP10	chromatin immunoprecipitation assay	27924024	Homo sapiens	GTRD	No	Mm:Q6P9Q3;Rn:D3ZG35	Dr:A2BF92	Ce:Q95QU5;Dm:Q9I7M2;Dr:Q6DHF7;Mm:Q8K013;Rn:D4A3U1	-
Q9HCK0	Q9HAC8	57684	80019	ZBTB26	UBTD1	chromatin immunoprecipitation assay	27924024	Homo sapiens	GTRD	No	Mm:Q6P9Q3;Rn:D3ZG35	Dr:A2BF92	Dr:F1Q7S7;Dr:B8A4E9;Mm:Q91WB7;Rn:Q68FV8	-
Q9HCK0	P61247	57684	6189	ZBTB26	RPS3A	chromatin immunoprecipitation assay	27924024	Homo sapiens	GTRD	No	Mm:Q6P9Q3;Rn:D3ZG35	Dr:A2BF92	Ce:P48154;Dm:P55830;Dr:Q6PBY1;Mm:P97351;Rn:M0R6L4;Rn:P49242;Sc:P33442;Sc:P23248	-
Q9HCK0	P23508	57684	4163	ZBTB26	MCC	chromatin immunoprecipitation assay	27924024	Homo sapiens	GTRD	No	Mm:Q6P9Q3;Rn:D3ZG35	Dr:A2BF92	Mm:E9PWI3	Rn:A0A0G2K098
Q9HCK0	Q5SGD2	57684	151742	ZBTB26	PPM1L	chromatin immunoprecipitation assay	27924024	Homo sapiens	GTRD	No	Mm:Q6P9Q3;Rn:D3ZG35	Dr:A2BF92	Mm:Q8BHN0	Rn:M0R5V1
Q9HCK0	Q13651	57684	3587	ZBTB26	IL10RA	chromatin immunoprecipitation assay	27924024	Homo sapiens	GTRD	No	Mm:Q6P9Q3;Rn:D3ZG35	Dr:A2BF92	Mm:Q61727;Rn:G3V830	-
Q9HCK0	Q8NDM7	57684	80217	ZBTB26	CFAP43	chromatin immunoprecipitation assay	27924024	Homo sapiens	GTRD	No	Mm:Q6P9Q3;Rn:D3ZG35	Dr:A2BF92	Rn:F1LN76	Mm:E9Q7R9
Q9HCK0	O75390	57684	1431	ZBTB26	CS	chromatin immunoprecipitation assay	27924024	Homo sapiens	GTRD	No	Mm:Q6P9Q3;Rn:D3ZG35	Dr:A2BF92	Ce:P34575;Dm:Q9W401;Dr:B2GTW6;Mm:Q9CZU6;Rn:G3V936;Sc:P08679;Sc:P00890	-
Q9HCK0	Q03252	57684	84823	ZBTB26	LMNB2	chromatin immunoprecipitation assay	27924024	Homo sapiens	GTRD	No	Mm:Q6P9Q3;Rn:D3ZG35	Dr:A2BF92	Dr:B3DFN3;Rn:D3ZLC1	-
Q9HCK0	Q96AQ7	57684	63924	ZBTB26	CIDEC	chromatin immunoprecipitation assay	27924024	Homo sapiens	GTRD	No	Mm:Q6P9Q3;Rn:D3ZG35	Dr:A2BF92	-	Dr:Q0P4E5;Mm:D3Z1A6;Rn:A0A0G2K551
Q9HCK0	P13232	57684	3574	ZBTB26	IL7	chromatin immunoprecipitation assay	27924024	Homo sapiens	GTRD	No	Mm:Q6P9Q3;Rn:D3ZG35	Dr:A2BF92	Mm:P10168	Rn:F7FJK6
Q9HCK0	Q9BY89	57684	85379	ZBTB26	KIAA1671	chromatin immunoprecipitation assay	27924024	Homo sapiens	GTRD	No	Mm:Q6P9Q3;Rn:D3ZG35	Dr:A2BF92	Rn:A0A0G2JZ88	Mm:A0A1B0GR85
Q9HCK0	Q8WTW3	57684	9382	ZBTB26	COG1	chromatin immunoprecipitation assay	27924024	Homo sapiens	GTRD	No	Mm:Q6P9Q3;Rn:D3ZG35	Dr:A2BF92	Mm:Q9Z160;Rn:F1LND1	Dm:A0A0B4KH76
Q9HCK0	P37231	57684	5468	ZBTB26	PPARG	chromatin immunoprecipitation assay	27924024	Homo sapiens	GTRD	No	Mm:Q6P9Q3;Rn:D3ZG35	Dr:A2BF92	-	-
Q9HCK0	Q8NE01	57684	26505	ZBTB26	CNNM3	chromatin immunoprecipitation assay	27924024	Homo sapiens	GTRD	No	Mm:Q6P9Q3;Rn:D3ZG35	Dr:A2BF92	Ce:A3QM97;Mm:Q32NY4;Rn:D4ACK7	-
Q9HCK0	P10072	57684	284459	ZBTB26	ZNF875	chromatin immunoprecipitation assay	27924024	Homo sapiens	GTRD	No	Mm:Q6P9Q3;Rn:D3ZG35	Dr:A2BF92	-	-
Q9HCK0	Q05048	57684	1477	ZBTB26	CSTF1	chromatin immunoprecipitation assay	27924024	Homo sapiens	GTRD	No	Mm:Q6P9Q3;Rn:D3ZG35	Dr:A2BF92	Ce:Q19864;Dm:Q9V9V0;Dr:F1QFK9;Mm:Q99LC2;Rn:Q5BJQ6	-
Q9HCK0	Q01970	57684	5331	ZBTB26	PLCB3	chromatin immunoprecipitation assay	27924024	Homo sapiens	GTRD	No	Mm:Q6P9Q3;Rn:D3ZG35	Dr:A2BF92	Mm:P51432;Rn:Q45QJ4	Dr:Q7ZZ38
Q9HCK0	Q96SK3	57684	84775	ZBTB26	ZNF607	chromatin immunoprecipitation assay	27924024	Homo sapiens	GTRD	No	Mm:Q6P9Q3;Rn:D3ZG35	Dr:A2BF92	-	-
Q9HCK0	Q9Y679	57684	550	ZBTB26	AUP1	chromatin immunoprecipitation assay	27924024	Homo sapiens	GTRD	No	Mm:Q6P9Q3;Rn:D3ZG35	Dr:A2BF92	Ce:P34426;Dr:Q6PBN5;Mm:Q3U3K9;Rn:A1L134	-
Q9HCK0	Q8N264	57684	83478	ZBTB26	ARHGAP24	chromatin immunoprecipitation assay	27924024	Homo sapiens	GTRD	No	Mm:Q6P9Q3;Rn:D3ZG35	Dr:A2BF92	Dr:A0A0R4IRU6;Mm:Q8C4V1;Rn:Q5U2Z7	-
Q9HCK0	Q9UPQ3	57684	116987	ZBTB26	AGAP1	chromatin immunoprecipitation assay	27924024	Homo sapiens	GTRD	No	Mm:Q6P9Q3;Rn:D3ZG35	Dr:A2BF92	Dr:A0A286YBU1;Mm:Q8BXK8	Rn:A0A0G2K847
Q9HCK0	O95125	57684	7753	ZBTB26	ZNF202	chromatin immunoprecipitation assay	27924024	Homo sapiens	GTRD	No	Mm:Q6P9Q3;Rn:D3ZG35	Dr:A2BF92	Mm:Q8C879;Rn:D4A7G1	-
Q9HCK0	P42226	57684	6778	ZBTB26	STAT6	chromatin immunoprecipitation assay	27924024	Homo sapiens	GTRD	No	Mm:Q6P9Q3;Rn:D3ZG35	Dr:A2BF92	-	-
Q9HCK0	P15151	57684	5817	ZBTB26	PVR	chromatin immunoprecipitation assay	27924024	Homo sapiens	GTRD	No	Mm:Q6P9Q3;Rn:D3ZG35	Dr:A2BF92	-	-
Q9HCK0	Q5T1R4	57684	59269	ZBTB26	HIVEP3	chromatin immunoprecipitation assay	27924024	Homo sapiens	GTRD	No	Mm:Q6P9Q3;Rn:D3ZG35	Dr:A2BF92	Mm:A2A884;Rn:D3ZRB5	-
Q9HCK0	Q9HCU5	57684	10113	ZBTB26	PREB	chromatin immunoprecipitation assay	27924024	Homo sapiens	GTRD	No	Mm:Q6P9Q3;Rn:D3ZG35	Dr:A2BF92	Ce:Q21115;Dm:Q9VMH4;Dr:Q6DHN1;Mm:Q9WUQ2;Rn:G3V6W2	-
Q9HCK0	Q9HC56	57684	5101	ZBTB26	PCDH9	chromatin immunoprecipitation assay	27924024	Homo sapiens	GTRD	No	Mm:Q6P9Q3;Rn:D3ZG35	Dr:A2BF92	Mm:F8VPK8;Rn:F1LS01	Dr:I3ISE5
Q9HCK0	O95863	57684	6615	ZBTB26	SNAI1	chromatin immunoprecipitation assay	27924024	Homo sapiens	GTRD	No	Mm:Q6P9Q3;Rn:D3ZG35	Dr:A2BF92	Dm:P39413;Mm:Q02085;Rn:Q6AY35	-
Q9HCK0	O15347	57684	3149	ZBTB26	HMGB3	chromatin immunoprecipitation assay	27924024	Homo sapiens	GTRD	No	Mm:Q6P9Q3;Rn:D3ZG35	Dr:A2BF92	Dr:F1QGP8;Mm:O54879	Rn:B0BN99
Q9HCK0	Q6ZMS4	57684	285346	ZBTB26	ZNF852	chromatin immunoprecipitation assay	27924024	Homo sapiens	GTRD	No	Mm:Q6P9Q3;Rn:D3ZG35	Dr:A2BF92	-	-
Q9HCK0	Q9H9B1	57684	79813	ZBTB26	EHMT1	chromatin immunoprecipitation assay	27924024	Homo sapiens	GTRD	No	Mm:Q6P9Q3;Rn:D3ZG35	Dr:A2BF92	Mm:Q5DW34;Rn:A0A0G2K889	Dr:F1QUP3
Q9HCK0	Q8WUF8	57684	83989	ZBTB26	FAM172A	chromatin immunoprecipitation assay	27924024	Homo sapiens	GTRD	No	Mm:Q6P9Q3;Rn:D3ZG35	Dr:A2BF92	Rn:D3ZYE5	Dr:F1QMC1;Mm:E9QMA2
Q9HCK0	Q53FD0	57684	79696	ZBTB26	ZC2HC1C	chromatin immunoprecipitation assay	27924024	Homo sapiens	GTRD	No	Mm:Q6P9Q3;Rn:D3ZG35	Dr:A2BF92	Dr:E7F5P9;Mm:Q8CCG1;Rn:Q6AYP4	-
Q9HCK0	Q9Y5W7	57684	57231	ZBTB26	SNX14	chromatin immunoprecipitation assay	27924024	Homo sapiens	GTRD	No	Mm:Q6P9Q3;Rn:D3ZG35	Dr:A2BF92	-	Ce:G5EF63;Mm:G3UX33;Rn:D3ZLX0
Q9HCK0	A1L3X0	57684	79993	ZBTB26	ELOVL7	chromatin immunoprecipitation assay	27924024	Homo sapiens	GTRD	No	Mm:Q6P9Q3;Rn:D3ZG35	Dr:A2BF92	Mm:Q9D2Y9;Rn:A0A0A0MXW4	Dr:A9C3R2;Dr:A0A0R4IG54
Q9HCK0	Q8TB36	57684	54332	ZBTB26	GDAP1	chromatin immunoprecipitation assay	27924024	Homo sapiens	GTRD	No	Mm:Q6P9Q3;Rn:D3ZG35	Dr:A2BF92	Mm:O88741;Rn:D4A5X7	Dr:F1R9R0
Q9HCK0	Q8N163	57684	57805	ZBTB26	CCAR2	chromatin immunoprecipitation assay	27924024	Homo sapiens	GTRD	No	Mm:Q6P9Q3;Rn:D3ZG35	Dr:A2BF92	Dr:E7FGT1;Mm:Q8VDP4;Rn:F1LM55	-
Q9HCK0	Q8N1V2	57684	146845	ZBTB26	CFAP52	chromatin immunoprecipitation assay	27924024	Homo sapiens	GTRD	No	Mm:Q6P9Q3;Rn:D3ZG35	Dr:A2BF92	Dm:Q9VS00;Mm:Q5F201;Rn:B1WBL5	Dr:Q1LV33
Q9HCK0	Q06210	57684	2673	ZBTB26	GFPT1	chromatin immunoprecipitation assay	27924024	Homo sapiens	GTRD	No	Mm:Q6P9Q3;Rn:D3ZG35	Dr:A2BF92	Mm:P47856	Rn:A0A0G2KB56
Q9HCK0	O95639	57684	10898	ZBTB26	CPSF4	chromatin immunoprecipitation assay	27924024	Homo sapiens	GTRD	No	Mm:Q6P9Q3;Rn:D3ZG35	Dr:A2BF92	Ce:Q7YTG9;Dm:Q9VPT8;Dr:F1Q949;Rn:Q5FVR7	Mm:B2LVG6
Q9HCK0	P60903	57684	6281	ZBTB26	S100A10	chromatin immunoprecipitation assay	27924024	Homo sapiens	GTRD	No	Mm:Q6P9Q3;Rn:D3ZG35	Dr:A2BF92	Mm:P08207;Rn:P05943	-
Q9HCK0	P18825	57684	152	ZBTB26	ADRA2C	chromatin immunoprecipitation assay	27924024	Homo sapiens	GTRD	No	Mm:Q6P9Q3;Rn:D3ZG35	Dr:A2BF92	Mm:Q01337	Dr:Q90WY6;Rn:P22086
Q9HCK0	Q5T4D3	57684	84899	ZBTB26	TMTC4	chromatin immunoprecipitation assay	27924024	Homo sapiens	GTRD	No	Mm:Q6P9Q3;Rn:D3ZG35	Dr:A2BF92	Ce:Q20144;Dm:Q9VF81;Mm:Q8BG19	Dr:B0S6W0;Rn:A0A0G2K726
Q9HCK0	Q6PIW4	57684	63979	ZBTB26	FIGNL1	chromatin immunoprecipitation assay	27924024	Homo sapiens	GTRD	No	Mm:Q6P9Q3;Rn:D3ZG35	Dr:A2BF92	Dr:B3DGU1;Mm:Q8BPY9;Rn:Q6GX84	-
Q9HCK0	P78543	57684	7832	ZBTB26	BTG2	chromatin immunoprecipitation assay	27924024	Homo sapiens	GTRD	No	Mm:Q6P9Q3;Rn:D3ZG35	Dr:A2BF92	Dr:Q9IB77;Mm:Q04211;Rn:P27049	-
Q9HCK0	P13645	57684	3858	ZBTB26	KRT10	chromatin immunoprecipitation assay	27924024	Homo sapiens	GTRD	No	Mm:Q6P9Q3;Rn:D3ZG35	Dr:A2BF92	Mm:A2A513;Rn:Q6IFW6	-
Q9HCK0	Q9NXG0	57684	54875	ZBTB26	CNTLN	chromatin immunoprecipitation assay	27924024	Homo sapiens	GTRD	No	Mm:Q6P9Q3;Rn:D3ZG35	Dr:A2BF92	Dr:F1QX00;Mm:A2AM05	-
Q9HCK0	Q9H3M7	57684	10628	ZBTB26	TXNIP	chromatin immunoprecipitation assay	27924024	Homo sapiens	GTRD	No	Mm:Q6P9Q3;Rn:D3ZG35	Dr:A2BF92	Ce:D1MN74;Dm:Q0E8K8;Dr:Q7ZWB6;Mm:Q8BG60;Rn:Q5M7W1	-
Q9HCK0	Q9Y2H1	57684	23012	ZBTB26	STK38L	chromatin immunoprecipitation assay	27924024	Homo sapiens	GTRD	No	Mm:Q6P9Q3;Rn:D3ZG35	Dr:A2BF92	Dr:Q5RH05;Mm:Q7TSE6	Rn:A4GW50
Q9HCK0	Q5VWW1	57684	389941	ZBTB26	C1QL3	chromatin immunoprecipitation assay	27924024	Homo sapiens	GTRD	No	Mm:Q6P9Q3;Rn:D3ZG35	Dr:A2BF92	Mm:Q9ESN4;Rn:D4A3T5	-
Q9HCK0	Q96QK1	57684	55737	ZBTB26	VPS35	chromatin immunoprecipitation assay	27924024	Homo sapiens	GTRD	No	Mm:Q6P9Q3;Rn:D3ZG35	Dr:A2BF92	Ce:Q21053;Dr:Q6ZM34;Mm:Q9EQH3;Rn:G3V8A5;Sc:P34110	Dm:Q7KVL7
Q9HCK0	Q9Y4W6	57684	10939	ZBTB26	AFG3L2	chromatin immunoprecipitation assay	27924024	Homo sapiens	GTRD	No	Mm:Q6P9Q3;Rn:D3ZG35	Dr:A2BF92	Ce:Q9N3T5;Mm:Q8JZQ2;Rn:F1LN92;Sc:P39925;Sc:P40341	Dm:Q8IQQ9
Q9HCK0	Q5JRV8	57684	55026	ZBTB26	TMEM255A	chromatin immunoprecipitation assay	27924024	Homo sapiens	GTRD	No	Mm:Q6P9Q3;Rn:D3ZG35	Dr:A2BF92	Mm:Q8BHW5;Rn:F1LQE2	Dr:E7FG89
Q9HCK0	Q8IXJ6	57684	22933	ZBTB26	SIRT2	chromatin immunoprecipitation assay	27924024	Homo sapiens	GTRD	No	Mm:Q6P9Q3;Rn:D3ZG35	Dr:A2BF92	Dm:Q9I7I7;Dr:F1QE37;Mm:Q8VDQ8	Rn:A0A0G2JWM2
Q9HCK0	Q2M1Z3	57684	57514	ZBTB26	ARHGAP31	chromatin immunoprecipitation assay	27924024	Homo sapiens	GTRD	No	Mm:Q6P9Q3;Rn:D3ZG35	Dr:A2BF92	Mm:A6X8Z5;Rn:D4A987	Dr:E9QGF9
Q9HCK0	Q9NPC1	57684	56413	ZBTB26	LTB4R2	chromatin immunoprecipitation assay	27924024	Homo sapiens	GTRD	No	Mm:Q6P9Q3;Rn:D3ZG35	Dr:A2BF92	Mm:Q9JJL9	Rn:Q924U0
Q9HCK0	Q96SZ6	57684	51654	ZBTB26	CDK5RAP1	chromatin immunoprecipitation assay	27924024	Homo sapiens	GTRD	No	Mm:Q6P9Q3;Rn:D3ZG35	Dr:A2BF92	Dm:Q9VGZ1;Mm:Q8BTW8;Rn:Q9JLH6	Ce:Q09316;Dr:F1QMW8
Q9HCK0	Q96MY1	57684	140688	ZBTB26	NOL4L	chromatin immunoprecipitation assay	27924024	Homo sapiens	GTRD	No	Mm:Q6P9Q3;Rn:D3ZG35	Dr:A2BF92	Dr:A1L2C7;Mm:Q3UH85;Rn:D3ZHS3	-
Q9HCK0	Q86XA0	57684	124512	ZBTB26	METTL23	chromatin immunoprecipitation assay	27924024	Homo sapiens	GTRD	No	Mm:Q6P9Q3;Rn:D3ZG35	Dr:A2BF92	Dm:Q9VEZ4;Dr:A0A0R4IMW2;Mm:A2AA28;Rn:Q5RJL2	Dr:A0A0G2L4U4
Q9HCK0	P25963	57684	4792	ZBTB26	NFKBIA	chromatin immunoprecipitation assay	27924024	Homo sapiens	GTRD	No	Mm:Q6P9Q3;Rn:D3ZG35	Dr:A2BF92	Dr:Q7ZW68;Dr:F1QCG4;Mm:Q9Z1E3;Rn:Q63746	-
Q9HCK0	P05165	57684	5095	ZBTB26	PCCA	chromatin immunoprecipitation assay	27924024	Homo sapiens	GTRD	No	Mm:Q6P9Q3;Rn:D3ZG35	Dr:A2BF92	Ce:Q19842;Dr:F1QPL7;Mm:Q91ZA3;Rn:A0A0G2K5P9	-
Q9HCK0	Q7Z5U6	57684	348793	ZBTB26	WDR53	chromatin immunoprecipitation assay	27924024	Homo sapiens	GTRD	No	Mm:Q6P9Q3;Rn:D3ZG35	Dr:A2BF92	Dr:X1WBQ1;Mm:Q9DB94;Rn:D4ADI9	-
Q9HCK0	Q96IG2	57684	84961	ZBTB26	FBXL20	chromatin immunoprecipitation assay	27924024	Homo sapiens	GTRD	No	Mm:Q6P9Q3;Rn:D3ZG35	Dr:A2BF92	Dr:B8K0E7;Mm:Q9CZV8;Rn:A0A0H2UI14	-
Q9HCK0	P20783	57684	4908	ZBTB26	NTF3	chromatin immunoprecipitation assay	27924024	Homo sapiens	GTRD	No	Mm:Q6P9Q3;Rn:D3ZG35	Dr:A2BF92	Dr:F1QR36;Mm:P20181	Rn:A0A0G2JVQ7
Q9HCK0	Q9BV86	57684	28989	ZBTB26	NTMT1	chromatin immunoprecipitation assay	27924024	Homo sapiens	GTRD	No	Mm:Q6P9Q3;Rn:D3ZG35	Dr:A2BF92	Ce:Q9N4D9;Dm:Q6NN40;Mm:Q8R2U4;Rn:Q5BJX0;Sc:P38340	Dr:F1QAE8
Q9HCK0	Q15759	57684	5600	ZBTB26	MAPK11	chromatin immunoprecipitation assay	27924024	Homo sapiens	GTRD	No	Mm:Q6P9Q3;Rn:D3ZG35	Dr:A2BF92	Mm:Q9WUI1;Rn:D4A3U7	Dr:Q6IQ84
Q9HCK0	O76003	57684	10539	ZBTB26	GLRX3	chromatin immunoprecipitation assay	27924024	Homo sapiens	GTRD	No	Mm:Q6P9Q3;Rn:D3ZG35	Dr:A2BF92	Ce:H2KZJ5;Dr:A0A0R4IHU9;Mm:Q9CQM9;Rn:Q9JLZ1;Sc:P32642	-
Q9HCK0	O15145	57684	10094	ZBTB26	ARPC3	chromatin immunoprecipitation assay	27924024	Homo sapiens	GTRD	No	Mm:Q6P9Q3;Rn:D3ZG35	Dr:A2BF92	Ce:Q9XWV3;Dm:Q9VF28;Dr:Q6ZM62;Mm:Q9JM76;Rn:B2GV73;Sc:Q05933	Dm:A8JV29
Q9HCK0	P27144	57684	205	ZBTB26	AK4	chromatin immunoprecipitation assay	27924024	Homo sapiens	GTRD	No	Mm:Q6P9Q3;Rn:D3ZG35	Dr:A2BF92	Dr:Q6NUY0;Mm:Q9WUR9;Rn:Q9WUS0	-
Q9HCK0	Q8N3H0	57684	338811	ZBTB26	TAFA2	chromatin immunoprecipitation assay	27924024	Homo sapiens	GTRD	No	Mm:Q6P9Q3;Rn:D3ZG35	Dr:A2BF92	Rn:F1LV54	Mm:Q7TPG7
Q9HCK0	Q96KV7	57684	197335	ZBTB26	WDR90	chromatin immunoprecipitation assay	27924024	Homo sapiens	GTRD	No	Mm:Q6P9Q3;Rn:D3ZG35	Dr:A2BF92	-	-
Q9HCK0	P34998	57684	104909134;1394	ZBTB26	CRHR1	chromatin immunoprecipitation assay	27924024	Homo sapiens	GTRD	No	Mm:Q6P9Q3;Rn:D3ZG35	Dr:A2BF92	Dr:X1WHD4;Mm:P35347	Rn:P35353
Q9HCK0	Q9NYV4	57684	51755	ZBTB26	CDK12	chromatin immunoprecipitation assay	27924024	Homo sapiens	GTRD	No	Mm:Q6P9Q3;Rn:D3ZG35	Dr:A2BF92	Dr:F1R6Y1;Mm:Q14AX6;Rn:Q3MJK5	-
Q9HCK0	Q9NY65	57684	51807	ZBTB26	TUBA8	chromatin immunoprecipitation assay	27924024	Homo sapiens	GTRD	No	Mm:Q6P9Q3;Rn:D3ZG35	Dr:A2BF92	Ce:Q20221;Mm:Q9JJZ2;Rn:Q6AY56	-
Q9HCK0	Q9Y376	57684	51719	ZBTB26	CAB39	chromatin immunoprecipitation assay	27924024	Homo sapiens	GTRD	No	Mm:Q6P9Q3;Rn:D3ZG35	Dr:A2BF92	Dr:F1QNT8;Mm:Q06138;Rn:A0A0G2JZH0	-
Q9HCK0	Q9H9Q4	57684	79840	ZBTB26	NHEJ1	chromatin immunoprecipitation assay	27924024	Homo sapiens	GTRD	No	Mm:Q6P9Q3;Rn:D3ZG35	Dr:A2BF92	Rn:Q6AYI4	-
Q9HCK0	Q9H300	57684	55486	ZBTB26	PARL	chromatin immunoprecipitation assay	27924024	Homo sapiens	GTRD	No	Mm:Q6P9Q3;Rn:D3ZG35	Dr:A2BF92	-	-
Q9HCK0	Q9UM11	57684	51343	ZBTB26	FZR1	chromatin immunoprecipitation assay	27924024	Homo sapiens	GTRD	No	Mm:Q6P9Q3;Rn:D3ZG35	Dr:A2BF92	Ce:Q09373;Dm:Q9W4H9;Dr:Q7ZUP9;Mm:Q9R1K5;Rn:B1WCA1	-
Q9HCK0	Q96L91	57684	57634	ZBTB26	EP400	chromatin immunoprecipitation assay	27924024	Homo sapiens	GTRD	No	Mm:Q6P9Q3;Rn:D3ZG35	Dr:A2BF92	Mm:Q8CHI8;Rn:A0A0G2JU09	Dm:A0A0B4LFX8;Dr:A0A0R4IGB8
Q9HCK0	Q8N1E6	57684	144699	ZBTB26	FBXL14	chromatin immunoprecipitation assay	27924024	Homo sapiens	GTRD	No	Mm:Q6P9Q3;Rn:D3ZG35	Dr:A2BF92	Dr:Q5RH13;Mm:Q8BID8	Dm:Q9W214
Q9HCK0	Q2M2I8	57684	22848	ZBTB26	AAK1	chromatin immunoprecipitation assay	27924024	Homo sapiens	GTRD	No	Mm:Q6P9Q3;Rn:D3ZG35	Dr:A2BF92	Dr:E7F2L1;Mm:Q3UHJ0;Rn:F1LRI7;Sc:P13186	-
Q9HCK0	P51797	57684	1185	ZBTB26	CLCN6	chromatin immunoprecipitation assay	27924024	Homo sapiens	GTRD	No	Mm:Q6P9Q3;Rn:D3ZG35	Dr:A2BF92	Mm:O35454;Rn:D4A3H5	Dr:E7F798
Q9HCK0	Q86YP4	57684	54815	ZBTB26	GATAD2A	chromatin immunoprecipitation assay	27924024	Homo sapiens	GTRD	No	Mm:Q6P9Q3;Rn:D3ZG35	Dr:A2BF92	Rn:G3V8R7	Dr:Q1LVI0;Mm:E9QMN5
Q9HCK0	Q6PCE3	57684	283209	ZBTB26	PGM2L1	chromatin immunoprecipitation assay	27924024	Homo sapiens	GTRD	No	Mm:Q6P9Q3;Rn:D3ZG35	Dr:A2BF92	Dr:B7ZVE8;Mm:Q8CAA7;Rn:D3Z955	-
Q9HCK0	P01024	57684	718	ZBTB26	C3	chromatin immunoprecipitation assay	27924024	Homo sapiens	GTRD	No	Mm:Q6P9Q3;Rn:D3ZG35	Dr:A2BF92	Mm:P01027;Rn:M0RBF1	Dr:F1QYN0;Dr:B8JKW4;Dr:F1QV29
Q9HCK0	Q15043	57684	23516	ZBTB26	SLC39A14	chromatin immunoprecipitation assay	27924024	Homo sapiens	GTRD	No	Mm:Q6P9Q3;Rn:D3ZG35	Dr:A2BF92	Dr:A0A0G2KQY6;Mm:Q75N73;Rn:D3ZZM0	-
Q9HCK0	Q9Y6I4	57684	9960	ZBTB26	USP3	chromatin immunoprecipitation assay	27924024	Homo sapiens	GTRD	No	Mm:Q6P9Q3;Rn:D3ZG35	Dr:A2BF92	Ce:Q9GRV2;Dr:X1WG21;Mm:Q91W36;Rn:D4A4F6	-
Q9HCK0	P08962	57684	967	ZBTB26	CD63	chromatin immunoprecipitation assay	27924024	Homo sapiens	GTRD	No	Mm:Q6P9Q3;Rn:D3ZG35	Dr:A2BF92	Dr:Q6P2T9;Mm:P41731	Rn:A0A0G2K0T2
Q9HCK0	P33402	57684	2977	ZBTB26	GUCY1A2	chromatin immunoprecipitation assay	27924024	Homo sapiens	GTRD	No	Mm:Q6P9Q3;Rn:D3ZG35	Dr:A2BF92	Dm:Q07093;Mm:F8VQK3;Rn:Q9WVI4	-
Q9HCK0	A6NNY8	57684	389856	ZBTB26	USP27X	chromatin immunoprecipitation assay	27924024	Homo sapiens	GTRD	No	Mm:Q6P9Q3;Rn:D3ZG35	Dr:A2BF92	Mm:Q8CEG8;Rn:D3ZGB0	-
Q9HCK0	Q9H814	57684	51808	ZBTB26	PHAX	chromatin immunoprecipitation assay	27924024	Homo sapiens	GTRD	No	Mm:Q6P9Q3;Rn:D3ZG35	Dr:A2BF92	Dm:A1Z7P3;Dr:F1QHC5;Mm:Q9JJT9;Rn:Q63068	-
Q9HCK0	O95336	57684	25796	ZBTB26	PGLS	chromatin immunoprecipitation assay	27924024	Homo sapiens	GTRD	No	Mm:Q6P9Q3;Rn:D3ZG35	Dr:A2BF92	Dm:Q9VZ64;Dr:F1R0C0;Mm:Q9CQ60;Sc:P37262;Sc:P53315;Sc:P38858;Sc:P50278	Rn:G3V8D5
Q9HCK0	Q13761	57684	864	ZBTB26	RUNX3	chromatin immunoprecipitation assay	27924024	Homo sapiens	GTRD	No	Mm:Q6P9Q3;Rn:D3ZG35	Dr:A2BF92	Rn:A0A0G2K9V0	Dr:F6NM27;Mm:Q3U1Q3
Q9HCK0	Q9P055	57684	51528	ZBTB26	JKAMP	chromatin immunoprecipitation assay	27924024	Homo sapiens	GTRD	No	Mm:Q6P9Q3;Rn:D3ZG35	Dr:A2BF92	Ce:G5EBX4;Dm:Q8SXK7;Dr:F1R9P8;Mm:Q8BI36;Rn:D3ZZT8	-
Q9HCK0	Q9P0U4	57684	30827	ZBTB26	CXXC1	chromatin immunoprecipitation assay	27924024	Homo sapiens	GTRD	No	Mm:Q6P9Q3;Rn:D3ZG35	Dr:A2BF92	Dr:F1QXL1;Dr:A0A0R4IGC5;Mm:Q9CWW7;Rn:A1A5S2	Dm:M9MS35
Q9HCK0	P49760	57684	1196	ZBTB26	CLK2	chromatin immunoprecipitation assay	27924024	Homo sapiens	GTRD	No	Mm:Q6P9Q3;Rn:D3ZG35	Dr:A2BF92	Dr:Q1L8U4	Mm:E9Q5Y1;Rn:Q5XI98
Q9HCK0	Q8TF71	57684	117247	ZBTB26	SLC16A10	chromatin immunoprecipitation assay	27924024	Homo sapiens	GTRD	No	Mm:Q6P9Q3;Rn:D3ZG35	Dr:A2BF92	Dr:A1L1W9;Mm:Q3U9N9	Rn:G3V621
Q9HCK0	Q9NVS9	57684	55163	ZBTB26	PNPO	chromatin immunoprecipitation assay	27924024	Homo sapiens	GTRD	No	Mm:Q6P9Q3;Rn:D3ZG35	Dr:A2BF92	Ce:Q20939;Mm:Q91XF0;Rn:O88794;Sc:P38075	Dr:F1QQQ6
Q9HCK0	Q86XP3	57684	11325	ZBTB26	DDX42	chromatin immunoprecipitation assay	27924024	Homo sapiens	GTRD	No	Mm:Q6P9Q3;Rn:D3ZG35	Dr:A2BF92	Dm:Q9VTC1;Dr:F1QSB8;Mm:Q810A7;Rn:D4A031	-
Q9HCK0	Q9H0M4	57684	55063	ZBTB26	ZCWPW1	chromatin immunoprecipitation assay	27924024	Homo sapiens	GTRD	No	Mm:Q6P9Q3;Rn:D3ZG35	Dr:A2BF92	Mm:Q6IR42	Rn:F1LT90;Rn:F1M2K1;Rn:M0RC55
Q9HCK0	Q8TBE1	57684	149111	ZBTB26	CNIH3	chromatin immunoprecipitation assay	27924024	Homo sapiens	GTRD	No	Mm:Q6P9Q3;Rn:D3ZG35	Dr:A2BF92	Dr:Q5RIH0;Mm:Q6ZWS4	Rn:D0Q0Y7
Q9HCK0	Q9BVG9	57684	81490	ZBTB26	PTDSS2	chromatin immunoprecipitation assay	27924024	Homo sapiens	GTRD	No	Mm:Q6P9Q3;Rn:D3ZG35	Dr:A2BF92	Dr:E7EY42;Mm:Q9Z1X2;Rn:B2GV22	-
Q9HCK0	Q86VM9	57684	124245	ZBTB26	ZC3H18	chromatin immunoprecipitation assay	27924024	Homo sapiens	GTRD	No	Mm:Q6P9Q3;Rn:D3ZG35	Dr:A2BF92	-	Dm:X2JE07;Dr:A0A0R4IEF8;Mm:G3X8T2;Rn:A0A140TAG3
Q9HCK0	Q9BRU9	57684	84294	ZBTB26	UTP23	chromatin immunoprecipitation assay	27924024	Homo sapiens	GTRD	No	Mm:Q6P9Q3;Rn:D3ZG35	Dr:A2BF92	Ce:Q95QS4;Dm:Q9VQ40;Dr:A0A0R4IA74;Mm:Q9CX11;Rn:B1WBU0;Sc:Q12339	-
Q9HCK0	O95235	57684	10112	ZBTB26	KIF20A	chromatin immunoprecipitation assay	27924024	Homo sapiens	GTRD	No	Mm:Q6P9Q3;Rn:D3ZG35	Dr:A2BF92	Dr:F1QDF0;Mm:P97329;Rn:B1WC01	-
Q9HCK0	Q0VDI3	57684	64417	ZBTB26	TMEM267	chromatin immunoprecipitation assay	27924024	Homo sapiens	GTRD	No	Mm:Q6P9Q3;Rn:D3ZG35	Dr:A2BF92	Dm:Q9VZK9;Dr:A0A0R4I9G7;Mm:H3BJ86;Rn:F1LUB0	-
Q9HCK0	P52735	57684	7410	ZBTB26	VAV2	chromatin immunoprecipitation assay	27924024	Homo sapiens	GTRD	No	Mm:Q6P9Q3;Rn:D3ZG35	Dr:A2BF92	Mm:Q60992;Rn:D3ZYG0	-
Q9HCK0	Q7Z6G3	57684	54550	ZBTB26	NECAB2	chromatin immunoprecipitation assay	27924024	Homo sapiens	GTRD	No	Mm:Q6P9Q3;Rn:D3ZG35	Dr:A2BF92	Dr:A3KQL1;Mm:Q91ZP9	Rn:A0A5H1ZRU5
Q9HCK0	Q5VXU9	57684	158401	ZBTB26	SHOC1	chromatin immunoprecipitation assay	27924024	Homo sapiens	GTRD	No	Mm:Q6P9Q3;Rn:D3ZG35	Dr:A2BF92	Mm:A2ALV5	-
Q9HCK0	P42336	57684	5290	ZBTB26	PIK3CA	chromatin immunoprecipitation assay	27924024	Homo sapiens	GTRD	No	Mm:Q6P9Q3;Rn:D3ZG35	Dr:A2BF92	Mm:P42337;Rn:A0A0G2K344	-
Q9HCK0	H0YGX0	57684	-	ZBTB26	-	chromatin immunoprecipitation assay	27924024	Homo sapiens	GTRD	No	Mm:Q6P9Q3;Rn:D3ZG35	Dr:A2BF92	-	-
Q9HCK0	Q86WP2	57684	65056	ZBTB26	GPBP1	chromatin immunoprecipitation assay	27924024	Homo sapiens	GTRD	No	Mm:Q6P9Q3;Rn:D3ZG35	Dr:A2BF92	Mm:Q6NXH3;Rn:H9BFG8	-
Q9HCK0	P23416	57684	2742	ZBTB26	GLRA2	chromatin immunoprecipitation assay	27924024	Homo sapiens	GTRD	No	Mm:Q6P9Q3;Rn:D3ZG35	Dr:A2BF92	Mm:Q7TNC8;Rn:A0A0G2JSH7	-
Q9HCK0	P30040	57684	10961	ZBTB26	ERP29	chromatin immunoprecipitation assay	27924024	Homo sapiens	GTRD	No	Mm:Q6P9Q3;Rn:D3ZG35	Dr:A2BF92	Dm:O44342;Mm:P57759;Rn:P52555	-
Q9HCK0	O95749	57684	9453	ZBTB26	GGPS1	chromatin immunoprecipitation assay	27924024	Homo sapiens	GTRD	No	Mm:Q6P9Q3;Rn:D3ZG35	Dr:A2BF92	Dm:Q9VS54;Mm:Q9WTN0;Rn:Q6F596;Sc:Q12051	-
Q9HCK0	Q6UWL2	57684	64420	ZBTB26	SUSD1	chromatin immunoprecipitation assay	27924024	Homo sapiens	GTRD	No	Mm:Q6P9Q3;Rn:D3ZG35	Dr:A2BF92	Mm:E9Q3H4;Rn:A0A0G2JTG3	Dr:E7FBP0
Q9HCK0	Q6P9A2	57684	374378	ZBTB26	GALNT18	chromatin immunoprecipitation assay	27924024	Homo sapiens	GTRD	No	Mm:Q6P9Q3;Rn:D3ZG35	Dr:A2BF92	Dr:E7F4H6;Mm:Q8K1B9;Rn:A1A5P1	-
Q9HCK0	Q8NCN5	57684	55066	ZBTB26	PDPR	chromatin immunoprecipitation assay	27924024	Homo sapiens	GTRD	No	Mm:Q6P9Q3;Rn:D3ZG35	Dr:A2BF92	Dm:Q9W4K8;Mm:Q7TSQ8	Ce:Q9U300;Dr:E7FC79;Rn:D3ZXA6
Q9HCK0	Q6RFH5	57684	54663	ZBTB26	WDR74	chromatin immunoprecipitation assay	27924024	Homo sapiens	GTRD	No	Mm:Q6P9Q3;Rn:D3ZG35	Dr:A2BF92	Ce:O45757;Dm:Q7K4B2;Mm:Q8VCG3;Rn:B0BNI2	Dr:F1QLI4
Q9HCK0	O95872	57684	7918	ZBTB26	GPANK1	chromatin immunoprecipitation assay	27924024	Homo sapiens	GTRD	No	Mm:Q6P9Q3;Rn:D3ZG35	Dr:A2BF92	Dm:Q9V7A7;Dr:E7FC30;Mm:Q61858;Rn:D3ZX77	-
Q9HCK0	E9PSI1	57684	-	ZBTB26	-	chromatin immunoprecipitation assay	27924024	Homo sapiens	GTRD	No	Mm:Q6P9Q3;Rn:D3ZG35	Dr:A2BF92	-	-
Q9HCK0	P29375	57684	5927	ZBTB26	KDM5A	chromatin immunoprecipitation assay	27924024	Homo sapiens	GTRD	No	Mm:Q6P9Q3;Rn:D3ZG35	Dr:A2BF92	Mm:Q3UXZ9;Rn:A0A0G2JTU9;Sc:Q03214	Dr:A0A0G2KR99
Q9HCK0	Q9Y3I1	57684	25793	ZBTB26	FBXO7	chromatin immunoprecipitation assay	27924024	Homo sapiens	GTRD	No	Mm:Q6P9Q3;Rn:D3ZG35	Dr:A2BF92	Mm:Q3U7U3;Rn:Q68FS3	Dr:A0A0R4IFW4
Q9HCK0	Q9NPA8	57684	56943	ZBTB26	ENY2	chromatin immunoprecipitation assay	27924024	Homo sapiens	GTRD	No	Mm:Q6P9Q3;Rn:D3ZG35	Dr:A2BF92	Dm:Q9VYX1;Dr:Q6DH42;Mm:Q9JIX0;Rn:D3ZWF5;Sc:Q6WNK7	-
Q9HCK0	O75074	57684	4037	ZBTB26	LRP3	chromatin immunoprecipitation assay	27924024	Homo sapiens	GTRD	No	Mm:Q6P9Q3;Rn:D3ZG35	Dr:A2BF92	Rn:O88204	Dr:A0A0G2KWX9;Mm:E9Q711
Q9HCK0	Q96RL1	57684	51720	ZBTB26	UIMC1	chromatin immunoprecipitation assay	27924024	Homo sapiens	GTRD	No	Mm:Q6P9Q3;Rn:D3ZG35	Dr:A2BF92	Mm:A0A0R4J073	Rn:A0A0G2K556
Q9HCK0	H0YD56	57684	-	ZBTB26	-	chromatin immunoprecipitation assay	27924024	Homo sapiens	GTRD	No	Mm:Q6P9Q3;Rn:D3ZG35	Dr:A2BF92	-	-
Q9HCK0	A1L390	57684	26030	ZBTB26	PLEKHG3	chromatin immunoprecipitation assay	27924024	Homo sapiens	GTRD	No	Mm:Q6P9Q3;Rn:D3ZG35	Dr:A2BF92	Mm:Q4VAC9;Rn:D3ZA21	-
Q9HCK0	Q6NSI8	57684	84542	ZBTB26	KIAA1841	chromatin immunoprecipitation assay	27924024	Homo sapiens	GTRD	No	Mm:Q6P9Q3;Rn:D3ZG35	Dr:A2BF92	Mm:Q68FF0	Dr:E7EXN1;Rn:A1A5R8
Q9HCK0	Q8N1W1	57684	64283	ZBTB26	ARHGEF28	chromatin immunoprecipitation assay	27924024	Homo sapiens	GTRD	No	Mm:Q6P9Q3;Rn:D3ZG35	Dr:A2BF92	Mm:G5E8P2	Rn:P0C6P5
Q9HCK0	P20155	57684	6691	ZBTB26	SPINK2	chromatin immunoprecipitation assay	27924024	Homo sapiens	GTRD	No	Mm:Q6P9Q3;Rn:D3ZG35	Dr:A2BF92	-	-
Q9HCK0	Q6X4W1	57684	26012	ZBTB26	NSMF	chromatin immunoprecipitation assay	27924024	Homo sapiens	GTRD	No	Mm:Q6P9Q3;Rn:D3ZG35	Dr:A2BF92	Mm:Q99NF2;Rn:D4AAJ2	Dr:A0A0R4IP19
Q9HCK0	Q96NZ1	57684	121643	ZBTB26	FOXN4	chromatin immunoprecipitation assay	27924024	Homo sapiens	GTRD	No	Mm:Q6P9Q3;Rn:D3ZG35	Dr:A2BF92	Dr:A2BGM5;Mm:Q8K3Q3;Rn:F1M4N5	-
Q9HCK0	Q7Z4G1	57684	170622	ZBTB26	COMMD6	chromatin immunoprecipitation assay	27924024	Homo sapiens	GTRD	No	Mm:Q6P9Q3;Rn:D3ZG35	Dr:A2BF92	Mm:Q3V4B5;Rn:D4A8E7	-
Q9HCK0	Q9BUJ0	57684	25864	ZBTB26	ABHD14A	chromatin immunoprecipitation assay	27924024	Homo sapiens	GTRD	No	Mm:Q6P9Q3;Rn:D3ZG35	Dr:A2BF92	-	-
Q9HCK0	P78552	57684	3597	ZBTB26	IL13RA1	chromatin immunoprecipitation assay	27924024	Homo sapiens	GTRD	No	Mm:Q6P9Q3;Rn:D3ZG35	Dr:A2BF92	Mm:O09030;Rn:Q561K3	-
Q9HCK0	A6NC57	57684	342850	ZBTB26	ANKRD62	chromatin immunoprecipitation assay	27924024	Homo sapiens	GTRD	No	Mm:Q6P9Q3;Rn:D3ZG35	Dr:A2BF92	-	-
Q9HCK0	Q9NS37	57684	58487	ZBTB26	CREBZF	chromatin immunoprecipitation assay	27924024	Homo sapiens	GTRD	No	Mm:Q6P9Q3;Rn:D3ZG35	Dr:A2BF92	Mm:Q91ZR3;Rn:D3ZU42	-
Q9HCK0	Q86UP0	57684	64403	ZBTB26	CDH24	chromatin immunoprecipitation assay	27924024	Homo sapiens	GTRD	No	Mm:Q6P9Q3;Rn:D3ZG35	Dr:A2BF92	Mm:Q6PFX6;Rn:D3ZTI3	Dr:F1Q9S5
Q9HCK0	P29274	57684	135	ZBTB26	ADORA2A	chromatin immunoprecipitation assay	27924024	Homo sapiens	GTRD	No	Mm:Q6P9Q3;Rn:D3ZG35	Dr:A2BF92	Dr:Q29ST6;Mm:Q60613;Rn:P30543	Dr:Q29ST5
Q9HCK0	Q96LW7	57684	84270	ZBTB26	CARD19	chromatin immunoprecipitation assay	27924024	Homo sapiens	GTRD	No	Mm:Q6P9Q3;Rn:D3ZG35	Dr:A2BF92	Dr:F1R8I1;Mm:Q9D1I2;Rn:D3ZPP9	-
Q9HCK0	Q96F63	57684	90324	ZBTB26	CCDC97	chromatin immunoprecipitation assay	27924024	Homo sapiens	GTRD	No	Mm:Q6P9Q3;Rn:D3ZG35	Dr:A2BF92	Ce:Q9U385;Dm:Q9VLP6;Dr:E7FBN4;Mm:Q9DBT3;Rn:D4A4L2	-
Q9HCK0	Q96FV2	57684	90507	ZBTB26	SCRN2	chromatin immunoprecipitation assay	27924024	Homo sapiens	GTRD	No	Mm:Q6P9Q3;Rn:D3ZG35	Dr:A2BF92	-	-
Q9HCK0	Q9Y4X5	57684	25820	ZBTB26	ARIH1	chromatin immunoprecipitation assay	27924024	Homo sapiens	GTRD	No	Mm:Q6P9Q3;Rn:D3ZG35	Dr:A2BF92	Ce:O01963;Ce:O01964;Ce:O01965;Ce:Q9NA31;Dm:Q94981;Mm:Q9Z1K5;Rn:D3ZXL1;Sc:P36113	Dr:Q6PFJ9
Q9HCK0	Q96HE8	57684	283232	ZBTB26	TMEM80	chromatin immunoprecipitation assay	27924024	Homo sapiens	GTRD	No	Mm:Q6P9Q3;Rn:D3ZG35	Dr:A2BF92	Rn:A0A0G2K5V3	-
Q9HCK0	Q9H410	57684	79980	ZBTB26	DSN1	chromatin immunoprecipitation assay	27924024	Homo sapiens	GTRD	No	Mm:Q6P9Q3;Rn:D3ZG35	Dr:A2BF92	Mm:Q9CYC5;Rn:Q4V7C0	Dr:E7FD92
Q9HCK0	Q13972	57684	5923	ZBTB26	RASGRF1	chromatin immunoprecipitation assay	27924024	Homo sapiens	GTRD	No	Mm:Q6P9Q3;Rn:D3ZG35	Dr:A2BF92	Dr:E7F7V2;Mm:P27671;Rn:A0A0G2JZ23	-
Q9HCK0	Q9NVE5	57684	55230	ZBTB26	USP40	chromatin immunoprecipitation assay	27924024	Homo sapiens	GTRD	No	Mm:Q6P9Q3;Rn:D3ZG35	Dr:A2BF92	Dr:F1Q7D2;Mm:Q8BWR4	Rn:D3ZL95
Q9HCK0	Q96MZ0	57684	78997	ZBTB26	GDAP1L1	chromatin immunoprecipitation assay	27924024	Homo sapiens	GTRD	No	Mm:Q6P9Q3;Rn:D3ZG35	Dr:A2BF92	Dr:B8A514;Rn:B4F774	Mm:Q3USC7
Q9HCK0	Q8N2F6	57684	83787	ZBTB26	ARMC10	chromatin immunoprecipitation assay	27924024	Homo sapiens	GTRD	No	Mm:Q6P9Q3;Rn:D3ZG35	Dr:A2BF92	Mm:Q9D0L7;Rn:B1WBW4	Dr:F6NIY4
Q9HCK0	M0QZU9	57684	-	ZBTB26	-	chromatin immunoprecipitation assay	27924024	Homo sapiens	GTRD	No	Mm:Q6P9Q3;Rn:D3ZG35	Dr:A2BF92	-	-
Q9HCK0	Q5VU57	57684	84871	ZBTB26	AGBL4	chromatin immunoprecipitation assay	27924024	Homo sapiens	GTRD	No	Mm:Q6P9Q3;Rn:D3ZG35	Dr:A2BF92	Ce:Q09296;Dm:Q8IMH9	Mm:E4W7Y4
Q9HCK0	O95670	57684	534	ZBTB26	ATP6V1G2	chromatin immunoprecipitation assay	27924024	Homo sapiens	GTRD	No	Mm:Q6P9Q3;Rn:D3ZG35	Dr:A2BF92	Mm:Q9WTT4;Rn:Q8R2H0	-
Q9HCK0	Q15768	57684	1949	ZBTB26	EFNB3	chromatin immunoprecipitation assay	27924024	Homo sapiens	GTRD	No	Mm:Q6P9Q3;Rn:D3ZG35	Dr:A2BF92	Mm:O35393;Rn:G3V7D4	Dr:F1RB71;Dr:Q502Q3
Q9HCK0	P18509	57684	116	ZBTB26	ADCYAP1	chromatin immunoprecipitation assay	27924024	Homo sapiens	GTRD	No	Mm:Q6P9Q3;Rn:D3ZG35	Dr:A2BF92	Dr:Q98TU3;Mm:O70176;Rn:P13589	Dr:Q5XJ29
Q9HCK0	Q13133	57684	10062	ZBTB26	NR1H3	chromatin immunoprecipitation assay	27924024	Homo sapiens	GTRD	No	Mm:Q6P9Q3;Rn:D3ZG35	Dr:A2BF92	Ce:G5EEM0;Mm:Q9Z0Y9;Rn:Q5I035	Dr:A0A0R4IVP0
Q9HCK0	P42771	57684	1029	ZBTB26	CDKN2A	chromatin immunoprecipitation assay	27924024	Homo sapiens	GTRD	No	Mm:Q6P9Q3;Rn:D3ZG35	Dr:A2BF92	-	-
Q9HCK0	Q9NY74	57684	54465	ZBTB26	ETAA1	chromatin immunoprecipitation assay	27924024	Homo sapiens	GTRD	No	Mm:Q6P9Q3;Rn:D3ZG35	Dr:A2BF92	Mm:Q5SVT3	Rn:D3ZQ67
Q9HCK0	Q6P1L6	57684	79175	ZBTB26	ZNF343	chromatin immunoprecipitation assay	27924024	Homo sapiens	GTRD	No	Mm:Q6P9Q3;Rn:D3ZG35	Dr:A2BF92	-	-
Q9HCK0	P11309	57684	5292	ZBTB26	PIM1	chromatin immunoprecipitation assay	27924024	Homo sapiens	GTRD	No	Mm:Q6P9Q3;Rn:D3ZG35	Dr:A2BF92	Dr:Q08BC0;Rn:P26794	Mm:P06803
Q9HCK0	P06213	57684	3643	ZBTB26	INSR	chromatin immunoprecipitation assay	27924024	Homo sapiens	GTRD	No	Mm:Q6P9Q3;Rn:D3ZG35	Dr:A2BF92	Dr:Q1LVG4;Dr:F1QNX5;Mm:P15208;Rn:T2CB11	-
Q9HCK0	Q96CS7	57684	55041	ZBTB26	PLEKHB2	chromatin immunoprecipitation assay	27924024	Homo sapiens	GTRD	No	Mm:Q6P9Q3;Rn:D3ZG35	Dr:A2BF92	Mm:Q9QZC7;Rn:D4A263	Dr:Q1LXF0
Q9HCK0	Q6ZNF0	57684	390928	ZBTB26	ACP7	chromatin immunoprecipitation assay	27924024	Homo sapiens	GTRD	No	Mm:Q6P9Q3;Rn:D3ZG35	Dr:A2BF92	-	Dm:Q9VZ57;Dr:A0A0R4IZ62;Mm:Q8BX37;Rn:M0RCA8
Q9HCK0	O60906	57684	6610	ZBTB26	SMPD2	chromatin immunoprecipitation assay	27924024	Homo sapiens	GTRD	No	Mm:Q6P9Q3;Rn:D3ZG35	Dr:A2BF92	Dm:Q9VZS6;Dr:E7FBR1;Mm:O70572;Rn:Q9ET64	Dr:F1QUD7
Q9HCK0	P07093	57684	5270	ZBTB26	SERPINE2	chromatin immunoprecipitation assay	27924024	Homo sapiens	GTRD	No	Mm:Q6P9Q3;Rn:D3ZG35	Dr:A2BF92	-	-
Q9HCK0	Q15052	57684	9459	ZBTB26	ARHGEF6	chromatin immunoprecipitation assay	27924024	Homo sapiens	GTRD	No	Mm:Q6P9Q3;Rn:D3ZG35	Dr:A2BF92	Mm:F6WMJ3;Rn:D3ZWQ8	Dr:F8W5F0
Q9HCK0	Q8TCF1	57684	79752	ZBTB26	ZFAND1	chromatin immunoprecipitation assay	27924024	Homo sapiens	GTRD	No	Mm:Q6P9Q3;Rn:D3ZG35	Dr:A2BF92	Mm:Q8BFR6;Rn:D3ZQI4;Sc:P53899	Dr:F1R230
Q9HCK0	O75386	57684	7289	ZBTB26	TULP3	chromatin immunoprecipitation assay	27924024	Homo sapiens	GTRD	No	Mm:Q6P9Q3;Rn:D3ZG35	Dr:A2BF92	Mm:O88413;Rn:F1M656	-
Q9HCK0	Q9NXW2	57684	54788	ZBTB26	DNAJB12	chromatin immunoprecipitation assay	27924024	Homo sapiens	GTRD	No	Mm:Q6P9Q3;Rn:D3ZG35	Dr:A2BF92	-	-
Q9HCK0	Q9Y2X3	57684	51602	ZBTB26	NOP58	chromatin immunoprecipitation assay	27924024	Homo sapiens	GTRD	No	Mm:Q6P9Q3;Rn:D3ZG35	Dr:A2BF92	Ce:O45012;Dm:Q9VM69;Rn:Q9QZ86;Sc:Q12499	Dr:Q6P6X6;Mm:A0A0A0MQ76
Q9HCK0	Q8TE57	57684	170690	ZBTB26	ADAMTS16	chromatin immunoprecipitation assay	27924024	Homo sapiens	GTRD	No	Mm:Q6P9Q3;Rn:D3ZG35	Dr:A2BF92	Mm:Q69Z28	Rn:D3ZLL7
Q9HCK0	P56270	57684	4150	ZBTB26	MAZ	chromatin immunoprecipitation assay	27924024	Homo sapiens	GTRD	No	Mm:Q6P9Q3;Rn:D3ZG35	Dr:A2BF92	Dm:P07247;Rn:A0A0G2KAJ3	Mm:A0A0U1RNL9
Q9HCK0	H3BUX3	57684	-	ZBTB26	-	chromatin immunoprecipitation assay	27924024	Homo sapiens	GTRD	No	Mm:Q6P9Q3;Rn:D3ZG35	Dr:A2BF92	-	-
Q9HCK0	Q9HCH0	57684	57701	ZBTB26	NCKAP5L	chromatin immunoprecipitation assay	27924024	Homo sapiens	GTRD	No	Mm:Q6P9Q3;Rn:D3ZG35	Dr:A2BF92	-	-
Q9HCK0	Q8WYK2	57684	122953	ZBTB26	JDP2	chromatin immunoprecipitation assay	27924024	Homo sapiens	GTRD	No	Mm:Q6P9Q3;Rn:D3ZG35	Dr:A2BF92	Mm:P97875;Rn:Q78E65	Dr:E7F1F6
Q9HCK0	P40426	57684	5090	ZBTB26	PBX3	chromatin immunoprecipitation assay	27924024	Homo sapiens	GTRD	No	Mm:Q6P9Q3;Rn:D3ZG35	Dr:A2BF92	-	-
Q9HCK0	Q9UNA4	57684	11201	ZBTB26	POLI	chromatin immunoprecipitation assay	27924024	Homo sapiens	GTRD	No	Mm:Q6P9Q3;Rn:D3ZG35	Dr:A2BF92	Mm:E9QJU6;Rn:D4A8I8	-
Q9HCK0	Q9P0V3	57684	23677	ZBTB26	SH3BP4	chromatin immunoprecipitation assay	27924024	Homo sapiens	GTRD	No	Mm:Q6P9Q3;Rn:D3ZG35	Dr:A2BF92	Dr:Q1LVQ2;Mm:Q921I6;Rn:G3V8J0	-
Q9HCK0	Q9BTY2	57684	2519	ZBTB26	FUCA2	chromatin immunoprecipitation assay	27924024	Homo sapiens	GTRD	No	Mm:Q6P9Q3;Rn:D3ZG35	Dr:A2BF92	Dm:Q9VTJ4;Dr:F1QWD0;Mm:Q99KR8;Rn:Q6AYS4	-
Q9HCK0	Q9P2E9	57684	6238	ZBTB26	RRBP1	chromatin immunoprecipitation assay	27924024	Homo sapiens	GTRD	No	Mm:Q6P9Q3;Rn:D3ZG35	Dr:A2BF92	Rn:F1M853	Dr:A0A286YB68;Mm:A2AVJ7
Q9HCK0	Q13546	57684	8737	ZBTB26	RIPK1	chromatin immunoprecipitation assay	27924024	Homo sapiens	GTRD	No	Mm:Q6P9Q3;Rn:D3ZG35	Dr:A2BF92	-	-
Q9HCK0	Q5VZY2	57684	196051	ZBTB26	PLPP4	chromatin immunoprecipitation assay	27924024	Homo sapiens	GTRD	No	Mm:Q6P9Q3;Rn:D3ZG35	Dr:A2BF92	Mm:Q0VBU9;Rn:F1LZ94	-
Q9HCK0	P23526	57684	191	ZBTB26	AHCY	chromatin immunoprecipitation assay	27924024	Homo sapiens	GTRD	No	Mm:Q6P9Q3;Rn:D3ZG35	Dr:A2BF92	Ce:P27604;Dm:Q27580;Dr:Q803T5;Mm:P50247;Rn:P10760;Sc:P39954	-
Q9HCK0	P21506	57684	7556	ZBTB26	ZNF10	chromatin immunoprecipitation assay	27924024	Homo sapiens	GTRD	No	Mm:Q6P9Q3;Rn:D3ZG35	Dr:A2BF92	-	-
Q9HCK0	Q3MIS6	57684	84436	ZBTB26	ZNF528	chromatin immunoprecipitation assay	27924024	Homo sapiens	GTRD	No	Mm:Q6P9Q3;Rn:D3ZG35	Dr:A2BF92	-	-
Q9HCK0	A6NIH7	57684	84747	ZBTB26	UNC119B	chromatin immunoprecipitation assay	27924024	Homo sapiens	GTRD	No	Mm:Q6P9Q3;Rn:D3ZG35	Dr:A2BF92	Dr:Q90Z08;Mm:Q8C4B4	Rn:A0A0G2K351
Q9HCK0	Q0GE19	57684	84068	ZBTB26	SLC10A7	chromatin immunoprecipitation assay	27924024	Homo sapiens	GTRD	No	Mm:Q6P9Q3;Rn:D3ZG35	Dr:A2BF92	Dr:Q6DHK8;Mm:Q5PT53;Rn:Q5PT50;Sc:Q05131	-
Q9HCK0	O95859	57684	23554	ZBTB26	TSPAN12	chromatin immunoprecipitation assay	27924024	Homo sapiens	GTRD	No	Mm:Q6P9Q3;Rn:D3ZG35	Dr:A2BF92	Dr:Q7T2G0;Mm:Q8BKT6;Rn:Q569A2	-
Q9HCK0	P20366	57684	6863	ZBTB26	TAC1	chromatin immunoprecipitation assay	27924024	Homo sapiens	GTRD	No	Mm:Q6P9Q3;Rn:D3ZG35	Dr:A2BF92	Mm:P41539;Rn:P06767	Dr:A3KQK1
Q9HCK0	Q9BRV8	57684	80143	ZBTB26	SIKE1	chromatin immunoprecipitation assay	27924024	Homo sapiens	GTRD	No	Mm:Q6P9Q3;Rn:D3ZG35	Dr:A2BF92	Mm:Q9CPR7;Rn:Q5FWT9	Dr:A0A0R4ISE8
Q9HCK0	P54764	57684	2043	ZBTB26	EPHA4	chromatin immunoprecipitation assay	27924024	Homo sapiens	GTRD	No	Mm:Q6P9Q3;Rn:D3ZG35	Dr:A2BF92	Dr:F8W481;Mm:Q03137;Rn:D3ZZK3	-
Q9HCK0	P52744	57684	7697	ZBTB26	ZNF138	chromatin immunoprecipitation assay	27924024	Homo sapiens	GTRD	No	Mm:Q6P9Q3;Rn:D3ZG35	Dr:A2BF92	-	-
Q9HCK0	Q9NSE2	57684	1154	ZBTB26	CISH	chromatin immunoprecipitation assay	27924024	Homo sapiens	GTRD	No	Mm:Q6P9Q3;Rn:D3ZG35	Dr:A2BF92	Dr:Q08BW5;Mm:Q62225;Rn:B1WBX9	-
Q9HCK0	Q92698	57684	8438	ZBTB26	RAD54L	chromatin immunoprecipitation assay	27924024	Homo sapiens	GTRD	No	Mm:Q6P9Q3;Rn:D3ZG35	Dr:A2BF92	Ce:G5EEN6;Dm:O76460;Dr:F1Q8K0;Mm:P70270;Rn:B5DFE8	-
Q9HCK0	P42345	57684	2475	ZBTB26	MTOR	chromatin immunoprecipitation assay	27924024	Homo sapiens	GTRD	No	Mm:Q6P9Q3;Rn:D3ZG35	Dr:A2BF92	Dm:Q9VK45;Mm:Q9JLN9;Rn:P42346;Sc:P35169;Sc:P32600	Dr:F1Q9H9
Q9HCK0	Q9H9A7	57684	80010	ZBTB26	RMI1	chromatin immunoprecipitation assay	27924024	Homo sapiens	GTRD	No	Mm:Q6P9Q3;Rn:D3ZG35	Dr:A2BF92	Ce:G5EF82;Dr:F1R3F9;Mm:Q9D4G9	Rn:D3ZHX4
Q9HCK0	Q9BYZ6	57684	23221	ZBTB26	RHOBTB2	chromatin immunoprecipitation assay	27924024	Homo sapiens	GTRD	No	Mm:Q6P9Q3;Rn:D3ZG35	Dr:A2BF92	Mm:Q91V93;Rn:Q5BJV7	Dr:B0V1K9
Q9HCK0	Q9BS92	57684	55335	ZBTB26	NIPSNAP3B	chromatin immunoprecipitation assay	27924024	Homo sapiens	GTRD	No	Mm:Q6P9Q3;Rn:D3ZG35	Dr:A2BF92	-	-
Q9HCK0	Q5VTD9	57684	8328	ZBTB26	GFI1B	chromatin immunoprecipitation assay	27924024	Homo sapiens	GTRD	No	Mm:Q6P9Q3;Rn:D3ZG35	Dr:A2BF92	-	-
Q9HCK0	P62304	57684	6635	ZBTB26	SNRPE	chromatin immunoprecipitation assay	27924024	Homo sapiens	GTRD	No	Mm:Q6P9Q3;Rn:D3ZG35	Dr:A2BF92	Ce:Q9XTU6;Dm:Q9VLV5;Dr:Q7ZUG0;Mm:P62305;Rn:D3ZSP1;Sc:Q12330	Rn:D4A8M5
Q9HCK0	Q15465	57684	6469	ZBTB26	SHH	chromatin immunoprecipitation assay	27924024	Homo sapiens	GTRD	No	Mm:Q6P9Q3;Rn:D3ZG35	Dr:A2BF92	Dr:Q90419;Mm:Q62226	Dr:Q92008;Rn:G3V6T0
Q9HCK0	Q6ZN54	57684	54849	ZBTB26	DEF8	chromatin immunoprecipitation assay	27924024	Homo sapiens	GTRD	No	Mm:Q6P9Q3;Rn:D3ZG35	Dr:A2BF92	Dm:Q9VTT9;Rn:Q4V8I4	Dr:A0A0R4IHS8;Mm:A0A1D5RLG6
Q9HCK0	P18206	57684	7414	ZBTB26	VCL	chromatin immunoprecipitation assay	27924024	Homo sapiens	GTRD	No	Mm:Q6P9Q3;Rn:D3ZG35	Dr:A2BF92	Ce:P19826;Dm:O46037;Mm:Q64727;Rn:A0A0G2K8V2	-
Q9HCK0	Q13445	57684	11018	ZBTB26	TMED1	chromatin immunoprecipitation assay	27924024	Homo sapiens	GTRD	No	Mm:Q6P9Q3;Rn:D3ZG35	Dr:A2BF92	Dr:F1QF76;Mm:Q3V009;Rn:Q5BK85	Dr:Q6DBT1
Q9HCK0	P25445	57684	355	ZBTB26	FAS	chromatin immunoprecipitation assay	27924024	Homo sapiens	GTRD	No	Mm:Q6P9Q3;Rn:D3ZG35	Dr:A2BF92	Mm:P25446;Rn:F1LWQ2	-
Q9HCK0	P19086	57684	2781	ZBTB26	GNAZ	chromatin immunoprecipitation assay	27924024	Homo sapiens	GTRD	No	Mm:Q6P9Q3;Rn:D3ZG35	Dr:A2BF92	Mm:O70443;Rn:P19627	Dr:A0A0G2LAU9
Q9HCK0	Q5TYW1	57684	26149	ZBTB26	ZNF658	chromatin immunoprecipitation assay	27924024	Homo sapiens	GTRD	No	Mm:Q6P9Q3;Rn:D3ZG35	Dr:A2BF92	-	-
Q9HCK0	Q5SRH9	57684	22996	ZBTB26	TTC39A	chromatin immunoprecipitation assay	27924024	Homo sapiens	GTRD	No	Mm:Q6P9Q3;Rn:D3ZG35	Dr:A2BF92	Mm:A2ACP1;Rn:D4A4G3	Dr:F1QD50
Q9HCK0	P17066	57684	3310	ZBTB26	HSPA6	chromatin immunoprecipitation assay	27924024	Homo sapiens	GTRD	No	Mm:Q6P9Q3;Rn:D3ZG35	Dr:A2BF92	-	-
Q9HCK0	Q6ZPD9	57684	147991	ZBTB26	DPY19L3	chromatin immunoprecipitation assay	27924024	Homo sapiens	GTRD	No	Mm:Q6P9Q3;Rn:D3ZG35	Dr:A2BF92	Mm:Q71B07;Rn:D4A9G5	Dr:E7FFI3
Q9HCK0	Q99797	57684	4285	ZBTB26	MIPEP	chromatin immunoprecipitation assay	27924024	Homo sapiens	GTRD	No	Mm:Q6P9Q3;Rn:D3ZG35	Dr:A2BF92	Ce:Q95PY9;Dm:A1Z6H6;Dr:F1R6P4;Mm:A6H611;Rn:A0A0G2K4T8;Sc:P35999	-
Q9HCK0	Q9Y697	57684	9054	ZBTB26	NFS1	chromatin immunoprecipitation assay	27924024	Homo sapiens	GTRD	No	Mm:Q6P9Q3;Rn:D3ZG35	Dr:A2BF92	Dr:Q1LYQ9;Mm:Q9Z1J3;Sc:P25374	Ce:O61741;Dm:Q9VKD3;Rn:Q3MHT2
Q9HCK0	Q8TCU4	57684	7840	ZBTB26	ALMS1	chromatin immunoprecipitation assay	27924024	Homo sapiens	GTRD	No	Mm:Q6P9Q3;Rn:D3ZG35	Dr:A2BF92	Rn:F1LVG9	Mm:A0A1D5RMI8
Q9HCK0	Q9H6R0	57684	56919	ZBTB26	DHX33	chromatin immunoprecipitation assay	27924024	Homo sapiens	GTRD	No	Mm:Q6P9Q3;Rn:D3ZG35	Dr:A2BF92	Dm:Q9VL25;Dr:X1WET4;Mm:Q80VY9;Rn:D3ZSV6;Sc:P36009	Ce:O01598
Q9HCK0	O95758	57684	9991	ZBTB26	PTBP3	chromatin immunoprecipitation assay	27924024	Homo sapiens	GTRD	No	Mm:Q6P9Q3;Rn:D3ZG35	Dr:A2BF92	Dr:E7FB37	Mm:G8JL74;Rn:A0A0G2JV54
Q9HCK0	P20265	57684	5454	ZBTB26	POU3F2	chromatin immunoprecipitation assay	27924024	Homo sapiens	GTRD	No	Mm:Q6P9Q3;Rn:D3ZG35	Dr:A2BF92	Dr:P79746;Dr:A2VD21;Mm:P31360;Rn:G3V6U5	-
Q9HCK0	Q9GZX5	57684	59348	ZBTB26	ZNF350	chromatin immunoprecipitation assay	27924024	Homo sapiens	GTRD	No	Mm:Q6P9Q3;Rn:D3ZG35	Dr:A2BF92	-	-
Q9HCK0	Q9Y2G7	57684	22835	ZBTB26	ZFP30	chromatin immunoprecipitation assay	27924024	Homo sapiens	GTRD	No	Mm:Q6P9Q3;Rn:D3ZG35	Dr:A2BF92	Mm:Q78FW7	Rn:A0A0G2K1C5
Q9HCK0	Q92597	57684	10397	ZBTB26	NDRG1	chromatin immunoprecipitation assay	27924024	Homo sapiens	GTRD	No	Mm:Q6P9Q3;Rn:D3ZG35	Dr:A2BF92	Mm:Q62433;Rn:Q6JE36	-
Q9HCK0	Q5I7T1	57684	144245	ZBTB26	ALG10B	chromatin immunoprecipitation assay	27924024	Homo sapiens	GTRD	No	Mm:Q6P9Q3;Rn:D3ZG35	Dr:A2BF92	-	-
Q9HCK0	Q86VQ0	57684	167691	ZBTB26	LCA5	chromatin immunoprecipitation assay	27924024	Homo sapiens	GTRD	No	Mm:Q6P9Q3;Rn:D3ZG35	Dr:A2BF92	Mm:G5E886;Rn:Q5U2Y9	-
Q9HCK0	O95881	57684	51060	ZBTB26	TXNDC12	chromatin immunoprecipitation assay	27924024	Homo sapiens	GTRD	No	Mm:Q6P9Q3;Rn:D3ZG35	Dr:A2BF92	Ce:Q9NA78;Dr:Q503D8;Mm:Q9CQU0;Rn:Q498E0	-
Q9HCK0	Q9BRY0	57684	29985	ZBTB26	SLC39A3	chromatin immunoprecipitation assay	27924024	Homo sapiens	GTRD	No	Mm:Q6P9Q3;Rn:D3ZG35	Dr:A2BF92	Mm:Q99K24;Rn:Q5U1X7	-
Q9HCK0	Q9C0B1	57684	79068	ZBTB26	FTO	chromatin immunoprecipitation assay	27924024	Homo sapiens	GTRD	No	Mm:Q6P9Q3;Rn:D3ZG35	Dr:A2BF92	Mm:Q8BGW1	Dr:F1R5T4;Rn:A0A0G2K675
Q9HCK0	O75083	57684	9948	ZBTB26	WDR1	chromatin immunoprecipitation assay	27924024	Homo sapiens	GTRD	No	Mm:Q6P9Q3;Rn:D3ZG35	Dr:A2BF92	Ce:O17939;Ce:Q11176;Dm:Q9VU68;Mm:O88342;Rn:Q5RKI0;Sc:P46680	-
Q9HCK0	Q5SQH8	57684	221545	ZBTB26	C6orf136	chromatin immunoprecipitation assay	27924024	Homo sapiens	GTRD	No	Mm:Q6P9Q3;Rn:D3ZG35	Dr:A2BF92	-	-
Q9HCK0	Q8WUH6	57684	90488	ZBTB26	TMEM263	chromatin immunoprecipitation assay	27924024	Homo sapiens	GTRD	No	Mm:Q6P9Q3;Rn:D3ZG35	Dr:A2BF92	Mm:Q9DAM7;Rn:B2RZ08	Dr:Q7T352
Q9HCK0	A0A0U1RR32	57684	-	ZBTB26	-	chromatin immunoprecipitation assay	27924024	Homo sapiens	GTRD	No	Mm:Q6P9Q3;Rn:D3ZG35	Dr:A2BF92	-	-
Q9HCK0	Q9Y5Y5	57684	9409	ZBTB26	PEX16	chromatin immunoprecipitation assay	27924024	Homo sapiens	GTRD	No	Mm:Q6P9Q3;Rn:D3ZG35	Dr:A2BF92	Dm:Q9VPB9;Dr:F1RDG2;Mm:Q91XC9;Rn:A0A0G2JWT6	-
Q9HCK0	Q99081	57684	6938	ZBTB26	TCF12	chromatin immunoprecipitation assay	27924024	Homo sapiens	GTRD	No	Mm:Q6P9Q3;Rn:D3ZG35	Dr:A2BF92	Dr:A0A0R4IBL7;Mm:Q61286;Rn:P51514	-
Q9HCK0	Q8NHP8	57684	196463	ZBTB26	PLBD2	chromatin immunoprecipitation assay	27924024	Homo sapiens	GTRD	No	Mm:Q6P9Q3;Rn:D3ZG35	Dr:A2BF92	Ce:Q9XWV2;Mm:Q3TCN2;Rn:Q4QQW8	-
Q9HCK0	Q8IUZ5	57684	85007	ZBTB26	PHYKPL	chromatin immunoprecipitation assay	27924024	Homo sapiens	GTRD	No	Mm:Q6P9Q3;Rn:D3ZG35	Dr:A2BF92	Dr:Q2YDQ8;Mm:Q8R1K4	Rn:B0BNC4
Q9HCK0	Q5VV67	57684	23082	ZBTB26	PPRC1	chromatin immunoprecipitation assay	27924024	Homo sapiens	GTRD	No	Mm:Q6P9Q3;Rn:D3ZG35	Dr:A2BF92	Mm:Q6NZN1;Rn:D3ZRG8	-
Q9HCK0	Q96ET8	57684	100533496;201158	ZBTB26	TVP23C	chromatin immunoprecipitation assay	27924024	Homo sapiens	GTRD	No	Mm:Q6P9Q3;Rn:D3ZG35	Dr:A2BF92	-	-
Q9HCK0	P40123	57684	10486	ZBTB26	CAP2	chromatin immunoprecipitation assay	27924024	Homo sapiens	GTRD	No	Mm:Q6P9Q3;Rn:D3ZG35	Dr:A2BF92	Mm:Q9CYT6;Rn:P52481	-
Q9HCK0	Q9UKA1	57684	26234	ZBTB26	FBXL5	chromatin immunoprecipitation assay	27924024	Homo sapiens	GTRD	No	Mm:Q6P9Q3;Rn:D3ZG35	Dr:A2BF92	Dr:F1QLP2;Mm:Q8C2S5;Rn:A0A0G2JTC9	-
Q9HCK0	O94900	57684	9760	ZBTB26	TOX	chromatin immunoprecipitation assay	27924024	Homo sapiens	GTRD	No	Mm:Q6P9Q3;Rn:D3ZG35	Dr:A2BF92	Mm:Q66JW3;Rn:D4A1U5	Dr:B0V356
Q9HCK0	A6QL64	57684	375248	ZBTB26	ANKRD36	chromatin immunoprecipitation assay	27924024	Homo sapiens	GTRD	No	Mm:Q6P9Q3;Rn:D3ZG35	Dr:A2BF92	Dm:Q9VD46	-
Q9HCK0	O95780	57684	91120	ZBTB26	ZNF682	chromatin immunoprecipitation assay	27924024	Homo sapiens	GTRD	No	Mm:Q6P9Q3;Rn:D3ZG35	Dr:A2BF92	-	-
Q9HCK0	Q9BQ90	57684	116138	ZBTB26	KLHDC3	chromatin immunoprecipitation assay	27924024	Homo sapiens	GTRD	No	Mm:Q6P9Q3;Rn:D3ZG35	Dr:A2BF92	Ce:G5EEG5;Dm:Q9W3D5;Mm:A0A0R4J0W0;Rn:Q6AYI2	-
Q9HCK0	Q8NI32	57684	130576	ZBTB26	LYPD6B	chromatin immunoprecipitation assay	27924024	Homo sapiens	GTRD	No	Mm:Q6P9Q3;Rn:D3ZG35	Dr:A2BF92	Mm:Q9D7F2;Rn:D3ZUF1	-
Q9HCK0	Q15878	57684	777	ZBTB26	CACNA1E	chromatin immunoprecipitation assay	27924024	Homo sapiens	GTRD	No	Mm:Q6P9Q3;Rn:D3ZG35	Dr:A2BF92	Mm:A0A087WS83	Rn:F1LMS1
Q9HCK0	O15264	57684	5603	ZBTB26	MAPK13	chromatin immunoprecipitation assay	27924024	Homo sapiens	GTRD	No	Mm:Q6P9Q3;Rn:D3ZG35	Dr:A2BF92	Mm:Q9Z1B7	Rn:G3V618
Q9HCK0	Q13243	57684	6430	ZBTB26	SRSF5	chromatin immunoprecipitation assay	27924024	Homo sapiens	GTRD	No	Mm:Q6P9Q3;Rn:D3ZG35	Dr:A2BF92	Dr:Q6DHJ0;Mm:O35326;Rn:Q09167	-
Q9HCK0	Q96FW1	57684	55611	ZBTB26	OTUB1	chromatin immunoprecipitation assay	27924024	Homo sapiens	GTRD	No	Mm:Q6P9Q3;Rn:D3ZG35	Dr:A2BF92	-	-
Q9HCK0	Q9BSH5	57684	81932	ZBTB26	HDHD3	chromatin immunoprecipitation assay	27924024	Homo sapiens	GTRD	No	Mm:Q6P9Q3;Rn:D3ZG35	Dr:A2BF92	Ce:Q9BI82;Dm:Q9W4J7;Dr:Q7T012;Mm:Q9CYW4;Rn:B2RYT7;Sc:Q04223	-
Q9HCK0	P78337	57684	5307	ZBTB26	PITX1	chromatin immunoprecipitation assay	27924024	Homo sapiens	GTRD	No	Mm:Q6P9Q3;Rn:D3ZG35	Dr:A2BF92	Dr:B2LT56;Mm:P70314;Rn:Q99NA7	-
Q9HCK0	Q8NG08	57684	92797	ZBTB26	HELB	chromatin immunoprecipitation assay	27924024	Homo sapiens	GTRD	No	Mm:Q6P9Q3;Rn:D3ZG35	Dr:A2BF92	Dr:B0UYS3;Mm:Q6NVF4;Rn:D4AAN8	-
Q9HCK0	Q96DT7	57684	65986	ZBTB26	ZBTB10	chromatin immunoprecipitation assay	27924024	Homo sapiens	GTRD	No	Mm:Q6P9Q3;Rn:D3ZG35	Dr:A2BF92	Mm:E9Q8X5	Rn:A0A0G2K3H8
Q9HCK0	P21941	57684	4146	ZBTB26	MATN1	chromatin immunoprecipitation assay	27924024	Homo sapiens	GTRD	No	Mm:Q6P9Q3;Rn:D3ZG35	Dr:A2BF92	Ce:Q9GZF5;Ce:Q18048;Mm:P51942;Rn:Q5XI24	Dr:A5WWJ4
Q9HCK0	Q9P275	57684	57602	ZBTB26	USP36	chromatin immunoprecipitation assay	27924024	Homo sapiens	GTRD	No	Mm:Q6P9Q3;Rn:D3ZG35	Dr:A2BF92	Dr:E7F4C0;Mm:B1AQJ2	Rn:A0A0G2K033
Q9HCK0	Q9NR45	57684	54187	ZBTB26	NANS	chromatin immunoprecipitation assay	27924024	Homo sapiens	GTRD	No	Mm:Q6P9Q3;Rn:D3ZG35	Dr:A2BF92	Dm:Q9VG74;Mm:Q99J77;Rn:B1WC26	Dr:F1R1P6
Q9HCK0	Q8WWZ3	57684	128178	ZBTB26	EDARADD	chromatin immunoprecipitation assay	27924024	Homo sapiens	GTRD	No	Mm:Q6P9Q3;Rn:D3ZG35	Dr:A2BF92	Mm:Q5D0F1;Rn:F1LYE0	-
Q9HCK0	Q15777	57684	744	ZBTB26	MPPED2	chromatin immunoprecipitation assay	27924024	Homo sapiens	GTRD	No	Mm:Q6P9Q3;Rn:D3ZG35	Dr:A2BF92	Dr:F1QPA6;Mm:Q9CZJ0;Rn:B1WBP0	-
Q9HCK0	O76021	57684	26156	ZBTB26	RSL1D1	chromatin immunoprecipitation assay	27924024	Homo sapiens	GTRD	No	Mm:Q6P9Q3;Rn:D3ZG35	Dr:A2BF92	Mm:Q8BVY0	Dr:F1R8M8;Rn:M0RCH8
Q9HCK0	Q5T1C6	57684	117145	ZBTB26	THEM4	chromatin immunoprecipitation assay	27924024	Homo sapiens	GTRD	No	Mm:Q6P9Q3;Rn:D3ZG35	Dr:A2BF92	Mm:Q3UUI3;Rn:Q566R0	Dr:F8W5J5
Q9HCK0	Q5TKA1	57684	286826	ZBTB26	LIN9	chromatin immunoprecipitation assay	27924024	Homo sapiens	GTRD	No	Mm:Q6P9Q3;Rn:D3ZG35	Dr:A2BF92	Ce:P30630;Mm:A0A0A6YVZ7	Dm:Q9VZW3;Dr:Q08BJ0;Rn:M0R885
Q9HCK0	O75496	57684	51053	ZBTB26	GMNN	chromatin immunoprecipitation assay	27924024	Homo sapiens	GTRD	No	Mm:Q6P9Q3;Rn:D3ZG35	Dr:A2BF92	Mm:O88513;Rn:D3ZWJ0	-
Q9HCK0	Q9BXI9	57684	114904	ZBTB26	C1QTNF6	chromatin immunoprecipitation assay	27924024	Homo sapiens	GTRD	No	Mm:Q6P9Q3;Rn:D3ZG35	Dr:A2BF92	Dr:A0A2R9YJL0;Mm:Q6IR41;Rn:Q3T1I2	-
Q9HCK0	P49756	57684	58517	ZBTB26	RBM25	chromatin immunoprecipitation assay	27924024	Homo sapiens	GTRD	No	Mm:Q6P9Q3;Rn:D3ZG35	Dr:A2BF92	Ce:H2L2D0;Dm:Q9V3Y5;Mm:B2RY56	Dr:F1QGH5;Rn:D3Z8R4
Q9HCK0	Q9Y394	57684	51635	ZBTB26	DHRS7	chromatin immunoprecipitation assay	27924024	Homo sapiens	GTRD	No	Mm:Q6P9Q3;Rn:D3ZG35	Dr:A2BF92	Dm:Q9VQ39;Mm:Q9CXR1;Rn:D4A0T8	Dr:B8A4G1
Q9HCK0	A3KN83	57684	55206	ZBTB26	SBNO1	chromatin immunoprecipitation assay	27924024	Homo sapiens	GTRD	No	Mm:Q6P9Q3;Rn:D3ZG35	Dr:A2BF92	Dm:A8JUV0;Mm:B2RRI2;Rn:A0A0G2K5H7	-
Q9HCK0	P47736	57684	5909	ZBTB26	RAP1GAP	chromatin immunoprecipitation assay	27924024	Homo sapiens	GTRD	No	Mm:Q6P9Q3;Rn:D3ZG35	Dr:A2BF92	Dr:F1QIU1;Mm:A2ALS5	Dr:A0A2R9YJK6;Rn:F1LV89
Q9HCK0	Q8N594	57684	84954	ZBTB26	MPND	chromatin immunoprecipitation assay	27924024	Homo sapiens	GTRD	No	Mm:Q6P9Q3;Rn:D3ZG35	Dr:A2BF92	-	-
Q9HCK0	Q8IWL3	57684	150274	ZBTB26	HSCB	chromatin immunoprecipitation assay	27924024	Homo sapiens	GTRD	No	Mm:Q6P9Q3;Rn:D3ZG35	Dr:A2BF92	Ce:Q21324;Dm:A8JNT7;Mm:A0A0R4J0T0;Rn:D3ZME7;Sc:P53193	Dr:B0V1J6
Q9HCK0	Q9BTW9	57684	6904	ZBTB26	TBCD	chromatin immunoprecipitation assay	27924024	Homo sapiens	GTRD	No	Mm:Q6P9Q3;Rn:D3ZG35	Dr:A2BF92	Dm:Q9VQ78;Mm:Q8BYA0;Rn:F1M1D5	Dr:A0A0R4IXD9
Q9HCK0	O95455	57684	23483	ZBTB26	TGDS	chromatin immunoprecipitation assay	27924024	Homo sapiens	GTRD	No	Mm:Q6P9Q3;Rn:D3ZG35	Dr:A2BF92	Ce:Q20697;Mm:Q8VDR7	Rn:A0A0G2JZS4
Q9HCK0	Q7L1W4	57684	55144	ZBTB26	LRRC8D	chromatin immunoprecipitation assay	27924024	Homo sapiens	GTRD	No	Mm:Q6P9Q3;Rn:D3ZG35	Dr:A2BF92	Dr:Q08BM6;Mm:Q8BGR2;Rn:A0A0H2UHA3	-
Q9HCK0	Q8N1G4	57684	57470	ZBTB26	LRRC47	chromatin immunoprecipitation assay	27924024	Homo sapiens	GTRD	No	Mm:Q6P9Q3;Rn:D3ZG35	Dr:A2BF92	Ce:Q9N3F2;Dr:F1QAF8;Rn:F1LT49	-
Q9HCK0	Q9P1W3	57684	57156	ZBTB26	TMEM63C	chromatin immunoprecipitation assay	27924024	Homo sapiens	GTRD	No	Mm:Q6P9Q3;Rn:D3ZG35	Dr:A2BF92	Dr:X1WEM4;Mm:Q8CBX0;Rn:D3ZNF5	-
Q9HCK0	P11441	57684	8266	ZBTB26	UBL4A	chromatin immunoprecipitation assay	27924024	Homo sapiens	GTRD	No	Mm:Q6P9Q3;Rn:D3ZG35	Dr:A2BF92	Dm:Q9VEC8;Mm:P21126;Rn:B2GV38	Dr:Q7ZWB2
Q9HCK0	P01042	57684	3827	ZBTB26	KNG1	chromatin immunoprecipitation assay	27924024	Homo sapiens	GTRD	No	Mm:Q6P9Q3;Rn:D3ZG35	Dr:A2BF92	Mm:Q6S9I3	Mm:D3YTY9;Rn:A0A0G2JVQ5
Q9HCK0	Q6ZP65	57684	92558	ZBTB26	BICDL1	chromatin immunoprecipitation assay	27924024	Homo sapiens	GTRD	No	Mm:Q6P9Q3;Rn:D3ZG35	Dr:A2BF92	Dm:Q8SWR2;Mm:A0JNT9	Rn:A0A0G2KAQ3
Q9HCK0	Q15061	57684	23160	ZBTB26	WDR43	chromatin immunoprecipitation assay	27924024	Homo sapiens	GTRD	No	Mm:Q6P9Q3;Rn:D3ZG35	Dr:A2BF92	Dm:A1Z7K2;Dr:A9JR96;Mm:Q6ZQL4;Rn:G3V920;Sc:Q04177	-
Q9HCK0	P54136	57684	5917	ZBTB26	RARS1	chromatin immunoprecipitation assay	27924024	Homo sapiens	GTRD	No	Mm:Q6P9Q3;Rn:D3ZG35	Dr:A2BF92	Ce:Q19825;Dm:Q9VXN4;Dr:F1QLT9;Mm:Q9D0I9;Rn:P40329	-
Q9HCK0	Q96D70	57684	91300	ZBTB26	R3HDM4	chromatin immunoprecipitation assay	27924024	Homo sapiens	GTRD	No	Mm:Q6P9Q3;Rn:D3ZG35	Dr:A2BF92	Mm:Q4VBF2	-
Q9HCK0	Q68BL7	57684	169611	ZBTB26	OLFML2A	chromatin immunoprecipitation assay	27924024	Homo sapiens	GTRD	No	Mm:Q6P9Q3;Rn:D3ZG35	Dr:A2BF92	Mm:Q8BHP7;Rn:D3ZMR0	-
Q9HCK0	O14920	57684	3551	ZBTB26	IKBKB	chromatin immunoprecipitation assay	27924024	Homo sapiens	GTRD	No	Mm:Q6P9Q3;Rn:D3ZG35	Dr:A2BF92	Dr:B0R199;Mm:Q5D0E0;Rn:G3V8H5	-
Q9HCK0	Q9H832	57684	65264	ZBTB26	UBE2Z	chromatin immunoprecipitation assay	27924024	Homo sapiens	GTRD	No	Mm:Q6P9Q3;Rn:D3ZG35	Dr:A2BF92	Dr:B0JZL9;Mm:Q3UE37;Rn:Q3B7D1	-
Q9HCK0	O60814	57684	85236	ZBTB26	H2BC12	chromatin immunoprecipitation assay	27924024	Homo sapiens	GTRD	No	Mm:Q6P9Q3;Rn:D3ZG35	Dr:A2BF92	-	-
Q9HCK0	Q9P0W2	57684	10362	ZBTB26	HMG20B	chromatin immunoprecipitation assay	27924024	Homo sapiens	GTRD	No	Mm:Q6P9Q3;Rn:D3ZG35	Dr:A2BF92	Dm:Q9W2K8;Dr:Q503Z1;Mm:Q9Z104;Rn:D4A586	-
Q9HCK0	A0A096LPI5	57684	-	ZBTB26	CCDC28A-AS1	chromatin immunoprecipitation assay	27924024	Homo sapiens	GTRD	No	Mm:Q6P9Q3;Rn:D3ZG35	Dr:A2BF92	-	-
Q9HCK0	Q9NV58	57684	25897	ZBTB26	RNF19A	chromatin immunoprecipitation assay	27924024	Homo sapiens	GTRD	No	Mm:Q6P9Q3;Rn:D3ZG35	Dr:A2BF92	Mm:P50636;Rn:D3ZXM0	Dr:E7F0K2
Q9HCK0	Q504Q3	57684	9924	ZBTB26	PAN2	chromatin immunoprecipitation assay	27924024	Homo sapiens	GTRD	No	Mm:Q6P9Q3;Rn:D3ZG35	Dr:A2BF92	Ce:P53015;Dm:A1Z7K9;Mm:Q8BGF7;Rn:R9PXX6;Sc:P53010	Dr:E9QJN4
Q9HCK0	Q9UPQ8	57684	22845	ZBTB26	DOLK	chromatin immunoprecipitation assay	27924024	Homo sapiens	GTRD	No	Mm:Q6P9Q3;Rn:D3ZG35	Dr:A2BF92	Dr:F1R8F1;Mm:Q8R2Y3;Rn:D3ZLM6	-
Q9HCK0	Q13555	57684	818	ZBTB26	CAMK2G	chromatin immunoprecipitation assay	27924024	Homo sapiens	GTRD	No	Mm:Q6P9Q3;Rn:D3ZG35	Dr:A2BF92	Rn:P11730	Mm:A0A2I3BQP6
Q9HCK0	Q9NRC8	57684	51547	ZBTB26	SIRT7	chromatin immunoprecipitation assay	27924024	Homo sapiens	GTRD	No	Mm:Q6P9Q3;Rn:D3ZG35	Dr:A2BF92	Dr:A0A2R8QUG9;Mm:Q8BKJ9;Rn:B2RZ55	-
Q9HCK0	Q9NW81	57684	55101	ZBTB26	DMAC2	chromatin immunoprecipitation assay	27924024	Homo sapiens	GTRD	No	Mm:Q6P9Q3;Rn:D3ZG35	Dr:A2BF92	Rn:Q5I0I4	Mm:Q8CA44
Q9HCK0	E9PB15	57684	100885848	ZBTB26	PTGES3L	chromatin immunoprecipitation assay	27924024	Homo sapiens	GTRD	No	Mm:Q6P9Q3;Rn:D3ZG35	Dr:A2BF92	-	-
Q9HCK0	Q8N392	57684	93663	ZBTB26	ARHGAP18	chromatin immunoprecipitation assay	27924024	Homo sapiens	GTRD	No	Mm:Q6P9Q3;Rn:D3ZG35	Dr:A2BF92	Mm:Q8K0Q5;Rn:F1LXP8	-
Q9HCK0	Q8N3Y1	57684	26259	ZBTB26	FBXW8	chromatin immunoprecipitation assay	27924024	Homo sapiens	GTRD	No	Mm:Q6P9Q3;Rn:D3ZG35	Dr:A2BF92	Mm:Q8BIA4;Rn:P0DL28	Dr:F1R9M6
Q9HCK0	Q96KG9	57684	57410	ZBTB26	SCYL1	chromatin immunoprecipitation assay	27924024	Homo sapiens	GTRD	No	Mm:Q6P9Q3;Rn:D3ZG35	Dr:A2BF92	Ce:Q23215;Dm:Q9VAH7;Dr:E7F3D6;Mm:Q9EQC5;Rn:Q5M9F8;Sc:Q12453	-
Q9HCK0	Q8N5H7	57684	10044	ZBTB26	SH2D3C	chromatin immunoprecipitation assay	27924024	Homo sapiens	GTRD	No	Mm:Q6P9Q3;Rn:D3ZG35	Dr:A2BF92	Mm:Q9QZS8;Rn:A0A0G2JYH7	-
Q9HCK0	Q9NUU6	57684	54491	ZBTB26	OTULINL	chromatin immunoprecipitation assay	27924024	Homo sapiens	GTRD	No	Mm:Q6P9Q3;Rn:D3ZG35	Dr:A2BF92	Mm:Q3TVP5;Rn:F1LN65	-
Q9HCK0	Q0VFZ6	57684	129881	ZBTB26	CCDC173	chromatin immunoprecipitation assay	27924024	Homo sapiens	GTRD	No	Mm:Q6P9Q3;Rn:D3ZG35	Dr:A2BF92	Dr:E7F133;Mm:A0JLY1;Rn:F1MAP6	-
Q9HCK0	D6RA96	57684	-	ZBTB26	RTEL1-TNFRSF6B	chromatin immunoprecipitation assay	27924024	Homo sapiens	GTRD	No	Mm:Q6P9Q3;Rn:D3ZG35	Dr:A2BF92	Dm:Q9W484	Ce:Q93575
Q9HCK0	Q86WR0	57684	55246	ZBTB26	CCDC25	chromatin immunoprecipitation assay	27924024	Homo sapiens	GTRD	No	Mm:Q6P9Q3;Rn:D3ZG35	Dr:A2BF92	Ce:Q9XW03;Dm:Q9W3T2;Mm:Q78PG9;Rn:D4AAU6;Sc:P40206	Dr:Q7T312
Q9HCK0	Q13454	57684	7991	ZBTB26	TUSC3	chromatin immunoprecipitation assay	27924024	Homo sapiens	GTRD	No	Mm:Q6P9Q3;Rn:D3ZG35	Dr:A2BF92	Mm:Q8BTV1;Rn:Q6AY49	Dr:F1RET6
Q9HCK0	Q93008	57684	8239	ZBTB26	USP9X	chromatin immunoprecipitation assay	27924024	Homo sapiens	GTRD	No	Mm:Q6P9Q3;Rn:D3ZG35	Dr:A2BF92	Dm:P55824;Dr:Q4FE55;Mm:Q4FE56;Rn:A0A0G2K2C7	-
Q9HCK0	Q9NQC7	57684	1540	ZBTB26	CYLD	chromatin immunoprecipitation assay	27924024	Homo sapiens	GTRD	No	Mm:Q6P9Q3;Rn:D3ZG35	Dr:A2BF92	Mm:Q80TQ2;Rn:F1LPJ6	Dr:F8W5E2
Q9HCK0	O43813	57684	10314	ZBTB26	LANCL1	chromatin immunoprecipitation assay	27924024	Homo sapiens	GTRD	No	Mm:Q6P9Q3;Rn:D3ZG35	Dr:A2BF92	Dr:Q90ZL2;Mm:O89112;Rn:Q9QX69	-
Q9HCK0	Q969P5	57684	114907	ZBTB26	FBXO32	chromatin immunoprecipitation assay	27924024	Homo sapiens	GTRD	No	Mm:Q6P9Q3;Rn:D3ZG35	Dr:A2BF92	Dr:F1R1Z0;Mm:Q9CPU7;Rn:G3V6Z4	-
Q9HCK0	Q9GZY4	57684	55744	ZBTB26	COA1	chromatin immunoprecipitation assay	27924024	Homo sapiens	GTRD	No	Mm:Q6P9Q3;Rn:D3ZG35	Dr:A2BF92	-	Dr:B0S673
Q9HCK0	Q9Y2H6	57684	22862	ZBTB26	FNDC3A	chromatin immunoprecipitation assay	27924024	Homo sapiens	GTRD	No	Mm:Q6P9Q3;Rn:D3ZG35	Dr:A2BF92	Mm:Q8BX90	Rn:D3ZEA0
Q9HCK0	Q6TFL3	57684	203238	ZBTB26	CCDC171	chromatin immunoprecipitation assay	27924024	Homo sapiens	GTRD	No	Mm:Q6P9Q3;Rn:D3ZG35	Dr:A2BF92	Mm:E9Q1U1	Dr:F8W510
Q9HCK0	Q6NUN0	57684	54988	ZBTB26	ACSM5	chromatin immunoprecipitation assay	27924024	Homo sapiens	GTRD	No	Mm:Q6P9Q3;Rn:D3ZG35	Dr:A2BF92	Mm:Q8BGA8	-
Q9HCK0	Q16513	57684	5586	ZBTB26	PKN2	chromatin immunoprecipitation assay	27924024	Homo sapiens	GTRD	No	Mm:Q6P9Q3;Rn:D3ZG35	Dr:A2BF92	Mm:Q8BWW9;Rn:F1LPA4	Dm:A0A0B4LEY5;Dr:A0A0R4IJZ0
Q9HCK0	Q86V20	57684	54537	ZBTB26	SHLD2	chromatin immunoprecipitation assay	27924024	Homo sapiens	GTRD	No	Mm:Q6P9Q3;Rn:D3ZG35	Dr:A2BF92	Mm:Q3UEN2;Rn:D3ZH67	-
Q9HCK0	Q53GS9	57684	10713	ZBTB26	USP39	chromatin immunoprecipitation assay	27924024	Homo sapiens	GTRD	No	Mm:Q6P9Q3;Rn:D3ZG35	Dr:A2BF92	Ce:O44787;Dm:Q9VWP1;Dr:A3KQ59;Mm:Q3TIX9;Sc:P43589	Rn:B2GV41
Q9HCK0	Q5T890	57684	375748	ZBTB26	ERCC6L2	chromatin immunoprecipitation assay	27924024	Homo sapiens	GTRD	No	Mm:Q6P9Q3;Rn:D3ZG35	Dr:A2BF92	-	-
Q9HCK0	Q8NFB2	57684	84548	ZBTB26	TMEM185A	chromatin immunoprecipitation assay	27924024	Homo sapiens	GTRD	No	Mm:Q6P9Q3;Rn:D3ZG35	Dr:A2BF92	-	-
Q9HCK0	A2VDJ0	57684	23240	ZBTB26	TMEM131L	chromatin immunoprecipitation assay	27924024	Homo sapiens	GTRD	No	Mm:Q6P9Q3;Rn:D3ZG35	Dr:A2BF92	Dr:F1R1G3;Mm:Q3U3D7;Rn:D3ZRG1	-
Q9HCK0	Q9Y5Z4	57684	23593	ZBTB26	HEBP2	chromatin immunoprecipitation assay	27924024	Homo sapiens	GTRD	No	Mm:Q6P9Q3;Rn:D3ZG35	Dr:A2BF92	Dr:Q5SPA1;Mm:Q9WU63;Rn:D3ZHC4	-
Q9HCK0	Q9HAU8	57684	57140	ZBTB26	RNPEPL1	chromatin immunoprecipitation assay	27924024	Homo sapiens	GTRD	No	Mm:Q6P9Q3;Rn:D3ZG35	Dr:A2BF92	Mm:G5E872;Rn:M0RA44	Dr:E7FA17
Q9HCK0	Q96CF2	57684	92421	ZBTB26	CHMP4C	chromatin immunoprecipitation assay	27924024	Homo sapiens	GTRD	No	Mm:Q6P9Q3;Rn:D3ZG35	Dr:A2BF92	Mm:Q9D7F7;Rn:F1LPT7	Dr:F1QX75
Q9HCK0	Q9BPW5	57684	65997	ZBTB26	RASL11B	chromatin immunoprecipitation assay	27924024	Homo sapiens	GTRD	No	Mm:Q6P9Q3;Rn:D3ZG35	Dr:A2BF92	Dr:Q6P0U3;Mm:Q922H7;Rn:Q6IMA7	-
Q9HCK0	Q15149	57684	5339	ZBTB26	PLEC	chromatin immunoprecipitation assay	27924024	Homo sapiens	GTRD	No	Mm:Q6P9Q3;Rn:D3ZG35	Dr:A2BF92	Mm:Q9QXS1	Dr:E9QCV2;Rn:Q6S3A0
Q9HCK0	Q13129	57684	6018	ZBTB26	RLF	chromatin immunoprecipitation assay	27924024	Homo sapiens	GTRD	No	Mm:Q6P9Q3;Rn:D3ZG35	Dr:A2BF92	Dr:F1RBQ7;Mm:A2A7F4;Rn:D3ZJX1	-
Q9HCK0	Q96EU7	57684	29071	ZBTB26	C1GALT1C1	chromatin immunoprecipitation assay	27924024	Homo sapiens	GTRD	No	Mm:Q6P9Q3;Rn:D3ZG35	Dr:A2BF92	Ce:Q22900;Mm:Q9JMG2;Rn:Q499P3	-
Q9HCK0	Q9H7B4	57684	64754	ZBTB26	SMYD3	chromatin immunoprecipitation assay	27924024	Homo sapiens	GTRD	No	Mm:Q6P9Q3;Rn:D3ZG35	Dr:A2BF92	Dm:Q9W4X8;Dr:E7EZZ6;Mm:Q9CWR2	-
Q9HCK0	P15692	57684	7422	ZBTB26	VEGFA	chromatin immunoprecipitation assay	27924024	Homo sapiens	GTRD	No	Mm:Q6P9Q3;Rn:D3ZG35	Dr:A2BF92	Dr:O73682	Mm:E9Q4N8
Q9HCK0	Q5T6V5	57684	84267	ZBTB26	C9orf64	chromatin immunoprecipitation assay	27924024	Homo sapiens	GTRD	No	Mm:Q6P9Q3;Rn:D3ZG35	Dr:A2BF92	Ce:O45069;Dm:Q9W2I2;Dr:A4FUL9;Mm:G3X8U3;Rn:F7FM32	-
Q9HCK0	Q9H305	57684	29965	ZBTB26	CDIP1	chromatin immunoprecipitation assay	27924024	Homo sapiens	GTRD	No	Mm:Q6P9Q3;Rn:D3ZG35	Dr:A2BF92	Mm:Q9DB75;Rn:Q5U2U6	Dr:A6H8U1
Q9HCK0	Q13867	57684	642	ZBTB26	BLMH	chromatin immunoprecipitation assay	27924024	Homo sapiens	GTRD	No	Mm:Q6P9Q3;Rn:D3ZG35	Dr:A2BF92	Dr:F1R4G2;Mm:Q8R016;Sc:Q01532	Dm:Q9W3F6;Rn:P70645
Q9HCK0	Q53F39	57684	65258	ZBTB26	MPPE1	chromatin immunoprecipitation assay	27924024	Homo sapiens	GTRD	No	Mm:Q6P9Q3;Rn:D3ZG35	Dr:A2BF92	Ce:Q95X35;Dm:Q9VLR9;Mm:Q80XL7;Rn:B1WC86	Dr:F1RE10
Q9HCK0	P61586	57684	387	ZBTB26	RHOA	chromatin immunoprecipitation assay	27924024	Homo sapiens	GTRD	No	Mm:Q6P9Q3;Rn:D3ZG35	Dr:A2BF92	Ce:Q22038;Dm:P48148;Dr:Q6DHM9;Mm:Q9QUI0;Sc:P06780	Rn:P61589
Q9HCK0	Q9BYJ9	57684	54915	ZBTB26	YTHDF1	chromatin immunoprecipitation assay	27924024	Homo sapiens	GTRD	No	Mm:Q6P9Q3;Rn:D3ZG35	Dr:A2BF92	Dr:Q802Z0;Mm:P59326;Rn:Q4V8J6	-
Q9HCK0	Q03468	57684	2074	ZBTB26	ERCC6	chromatin immunoprecipitation assay	27924024	Homo sapiens	GTRD	No	Mm:Q6P9Q3;Rn:D3ZG35	Dr:A2BF92	Mm:F8VPZ5;Rn:A0A0G2JTU1	-
Q9HCK0	Q9BSI4	57684	26277	ZBTB26	TINF2	chromatin immunoprecipitation assay	27924024	Homo sapiens	GTRD	No	Mm:Q6P9Q3;Rn:D3ZG35	Dr:A2BF92	Mm:Q8K1K3;Rn:Q5XIB8	-
Q9HCK0	P78346	57684	10556	ZBTB26	RPP30	chromatin immunoprecipitation assay	27924024	Homo sapiens	GTRD	No	Mm:Q6P9Q3;Rn:D3ZG35	Dr:A2BF92	Dm:Q9VPM0;Dr:Q5BJK2;Mm:O88796;Rn:D3ZU51;Sc:P38786	-
Q9HCK0	A6NFI3	57684	100131017	ZBTB26	ZNF316	chromatin immunoprecipitation assay	27924024	Homo sapiens	GTRD	No	Mm:Q6P9Q3;Rn:D3ZG35	Dr:A2BF92	-	Mm:Q6PGE4;Rn:D4A8C4
Q9HCK0	Q8WVX9	57684	84188	ZBTB26	FAR1	chromatin immunoprecipitation assay	27924024	Homo sapiens	GTRD	No	Mm:Q6P9Q3;Rn:D3ZG35	Dr:A2BF92	Dr:A0A0R4ICF6;Mm:Q922J9	Rn:A0A096MJW2
Q9HCK0	Q8NAP1	57684	352954	ZBTB26	CASTOR3	chromatin immunoprecipitation assay	27924024	Homo sapiens	GTRD	No	Mm:Q6P9Q3;Rn:D3ZG35	Dr:A2BF92	-	-
Q9HCK0	O15049	57684	23138	ZBTB26	N4BP3	chromatin immunoprecipitation assay	27924024	Homo sapiens	GTRD	No	Mm:Q6P9Q3;Rn:D3ZG35	Dr:A2BF92	Mm:Q8C7U1	Dr:F1QA84;Rn:Q3LUD3
Q9HCK0	Q15048	57684	9684	ZBTB26	LRRC14	chromatin immunoprecipitation assay	27924024	Homo sapiens	GTRD	No	Mm:Q6P9Q3;Rn:D3ZG35	Dr:A2BF92	Mm:Q8VC16	Rn:A0A0G2JUP6
Q9HCK0	Q9Y6I9	57684	51368	ZBTB26	TEX264	chromatin immunoprecipitation assay	27924024	Homo sapiens	GTRD	No	Mm:Q6P9Q3;Rn:D3ZG35	Dr:A2BF92	Mm:E9Q137;Rn:Q5XIF0	-
Q9HCK0	O14907	57684	30851	ZBTB26	TAX1BP3	chromatin immunoprecipitation assay	27924024	Homo sapiens	GTRD	No	Mm:Q6P9Q3;Rn:D3ZG35	Dr:A2BF92	Ce:Q09506;Dr:Q8AWD4;Mm:Q9DBG9;Rn:Q4QQV1	-
Q9HCK0	Q9H819	57684	202052	ZBTB26	DNAJC18	chromatin immunoprecipitation assay	27924024	Homo sapiens	GTRD	No	Mm:Q6P9Q3;Rn:D3ZG35	Dr:A2BF92	Mm:Q9CZJ9;Rn:Q0H8V1	Dr:A8WG70
Q9HCK0	Q9H204	57684	80306	ZBTB26	MED28	chromatin immunoprecipitation assay	27924024	Homo sapiens	GTRD	No	Mm:Q6P9Q3;Rn:D3ZG35	Dr:A2BF92	Dr:F1Q682;Mm:Q920D3;Rn:P68943	-
Q9HCK0	Q9UL15	57684	9529	ZBTB26	BAG5	chromatin immunoprecipitation assay	27924024	Homo sapiens	GTRD	No	Mm:Q6P9Q3;Rn:D3ZG35	Dr:A2BF92	Mm:Q8CI32	Rn:Q5QJC9
Q9HCK0	Q13151	57684	10949	ZBTB26	HNRNPA0	chromatin immunoprecipitation assay	27924024	Homo sapiens	GTRD	No	Mm:Q6P9Q3;Rn:D3ZG35	Dr:A2BF92	Dr:F1QS28;Dr:F1QTL9;Mm:Q9CX86;Rn:F1M3H8	Dr:Q7ZU48
Q9HCK0	Q9BXJ8	57684	83862	ZBTB26	TMEM120A	chromatin immunoprecipitation assay	27924024	Homo sapiens	GTRD	No	Mm:Q6P9Q3;Rn:D3ZG35	Dr:A2BF92	Mm:Q8C1E7;Rn:Q5HZE2	-
Q9HCK0	P49765	57684	7423	ZBTB26	VEGFB	chromatin immunoprecipitation assay	27924024	Homo sapiens	GTRD	No	Mm:Q6P9Q3;Rn:D3ZG35	Dr:A2BF92	Mm:P49766;Rn:O35485	-
Q9HCK0	Q8TF76	57684	83903	ZBTB26	HASPIN	chromatin immunoprecipitation assay	27924024	Homo sapiens	GTRD	No	Mm:Q6P9Q3;Rn:D3ZG35	Dr:A2BF92	Mm:A0A0R4J0P2;Rn:M0RBT0	-
Q9HCK0	Q6NSZ9	57684	221785	ZBTB26	ZSCAN25	chromatin immunoprecipitation assay	27924024	Homo sapiens	GTRD	No	Mm:Q6P9Q3;Rn:D3ZG35	Dr:A2BF92	Mm:B2RX31	Rn:D4A6L5
Q9HCK0	Q5VZ89	57684	55667	ZBTB26	DENND4C	chromatin immunoprecipitation assay	27924024	Homo sapiens	GTRD	No	Mm:Q6P9Q3;Rn:D3ZG35	Dr:A2BF92	Mm:A6H8H2;Rn:A0A0G2K089	Dr:A0A0R4IIC4
Q9HCK0	Q16825	57684	11099	ZBTB26	PTPN21	chromatin immunoprecipitation assay	27924024	Homo sapiens	GTRD	No	Mm:Q6P9Q3;Rn:D3ZG35	Dr:A2BF92	Mm:G5E8J4;Rn:A0A0G2JTB7	Dr:F1Q6T9
Q9HCK0	P05091	57684	217	ZBTB26	ALDH2	chromatin immunoprecipitation assay	27924024	Homo sapiens	GTRD	No	Mm:Q6P9Q3;Rn:D3ZG35	Dr:A2BF92	Dm:Q9VLC5;Dr:F1QZU7;Mm:P47738;Rn:F1LN88	Dr:A0A0G2KZR6
Q9HCK0	Q6PII5	57684	84264	ZBTB26	HAGHL	chromatin immunoprecipitation assay	27924024	Homo sapiens	GTRD	No	Mm:Q6P9Q3;Rn:D3ZG35	Dr:A2BF92	Mm:Q9DB32;Rn:D4A2F7	-
Q9HCK0	Q587I9	57684	84826	ZBTB26	SFT2D3	chromatin immunoprecipitation assay	27924024	Homo sapiens	GTRD	No	Mm:Q6P9Q3;Rn:D3ZG35	Dr:A2BF92	Rn:D3ZV26	Dr:X1WFG3;Mm:Q9CSV6
Q9HCK0	Q6ZV89	57684	400745	ZBTB26	SH2D5	chromatin immunoprecipitation assay	27924024	Homo sapiens	GTRD	No	Mm:Q6P9Q3;Rn:D3ZG35	Dr:A2BF92	Mm:Q8JZW5;Rn:D3ZWT6	Dr:F1Q5B0
Q9HCK0	Q15070	57684	5018	ZBTB26	OXA1L	chromatin immunoprecipitation assay	27924024	Homo sapiens	GTRD	No	Mm:Q6P9Q3;Rn:D3ZG35	Dr:A2BF92	-	-
Q9HCK0	Q7Z6G8	57684	56899	ZBTB26	ANKS1B	chromatin immunoprecipitation assay	27924024	Homo sapiens	GTRD	No	Mm:Q6P9Q3;Rn:D3ZG35	Dr:A2BF92	-	-
Q9HCK0	Q9H841	57684	79815	ZBTB26	NIPAL2	chromatin immunoprecipitation assay	27924024	Homo sapiens	GTRD	No	Mm:Q6P9Q3;Rn:D3ZG35	Dr:A2BF92	Mm:A0A0R4J0G3;Rn:D3ZKE2	-
Q9HCK0	Q9H8T0	57684	64400	ZBTB26	AKTIP	chromatin immunoprecipitation assay	27924024	Homo sapiens	GTRD	No	Mm:Q6P9Q3;Rn:D3ZG35	Dr:A2BF92	Ce:Q9U1U4;Dm:Q7K4V4;Mm:Q64362;Rn:Q5FVH4	Dr:F1QM05
Q9HCK0	O95363	57684	10667	ZBTB26	FARS2	chromatin immunoprecipitation assay	27924024	Homo sapiens	GTRD	No	Mm:Q6P9Q3;Rn:D3ZG35	Dr:A2BF92	Ce:G5ECI8;Dm:O16129;Mm:Q99M01;Rn:Q6AYQ3;Sc:P08425	Dr:E7FBG2
Q9HCK0	Q8WTX7	57684	652968	ZBTB26	CASTOR1	chromatin immunoprecipitation assay	27924024	Homo sapiens	GTRD	No	Mm:Q6P9Q3;Rn:D3ZG35	Dr:A2BF92	Mm:Q9CWQ8;Rn:Q5BJZ0	-
Q9HCK0	Q7L0X2	57684	131831	ZBTB26	ERICH6	chromatin immunoprecipitation assay	27924024	Homo sapiens	GTRD	No	Mm:Q6P9Q3;Rn:D3ZG35	Dr:A2BF92	Mm:D3Z6S9;Rn:A0A0H2UHL0	-
Q9HCK0	P13984	57684	2963	ZBTB26	GTF2F2	chromatin immunoprecipitation assay	27924024	Homo sapiens	GTRD	No	Mm:Q6P9Q3;Rn:D3ZG35	Dr:A2BF92	Ce:Q8MYM8;Dm:P41900;Mm:Q8R0A0;Rn:Q63489	Dr:A7MCQ3
Q9HCK0	Q08345	57684	780	ZBTB26	DDR1	chromatin immunoprecipitation assay	27924024	Homo sapiens	GTRD	No	Mm:Q6P9Q3;Rn:D3ZG35	Dr:A2BF92	Mm:Q03146;Rn:Q6MG19	Dr:E7F3X9
Q9HCK0	Q6ZUX7	57684	10184	ZBTB26	LHFPL2	chromatin immunoprecipitation assay	27924024	Homo sapiens	GTRD	No	Mm:Q6P9Q3;Rn:D3ZG35	Dr:A2BF92	Dm:Q9W0X9;Dr:Q568B9;Mm:Q8BGA2	Rn:D4A0X7
Q9HCK0	O95139	57684	4712	ZBTB26	NDUFB6	chromatin immunoprecipitation assay	27924024	Homo sapiens	GTRD	No	Mm:Q6P9Q3;Rn:D3ZG35	Dr:A2BF92	Dr:Q6PBJ6;Mm:Q3UIU2;Rn:D3ZZ21	-
Q9HCK0	Q9Y5L0	57684	23534	ZBTB26	TNPO3	chromatin immunoprecipitation assay	27924024	Homo sapiens	GTRD	No	Mm:Q6P9Q3;Rn:D3ZG35	Dr:A2BF92	Dm:Q9VQG0;Mm:Q6P2B1;Rn:D4AAM0	Dr:Q5RHV1
Q9HCK0	Q13564	57684	8883	ZBTB26	NAE1	chromatin immunoprecipitation assay	27924024	Homo sapiens	GTRD	No	Mm:Q6P9Q3;Rn:D3ZG35	Dr:A2BF92	Dm:Q9VTE9;Dr:F1QR83;Mm:Q8VBW6;Rn:F1M7W7;Sc:Q12059	Ce:Q18217
Q9HCK0	Q9BVJ6	57684	10813	ZBTB26	UTP14A	chromatin immunoprecipitation assay	27924024	Homo sapiens	GTRD	No	Mm:Q6P9Q3;Rn:D3ZG35	Dr:A2BF92	-	-
Q9HCK0	Q8N3Z0	57684	167681	ZBTB26	PRSS35	chromatin immunoprecipitation assay	27924024	Homo sapiens	GTRD	No	Mm:Q6P9Q3;Rn:D3ZG35	Dr:A2BF92	Dr:Q6GML6;Mm:Q8C0F9;Rn:F1LLW4	-
Q9HCK0	Q86VP6	57684	55832	ZBTB26	CAND1	chromatin immunoprecipitation assay	27924024	Homo sapiens	GTRD	No	Mm:Q6P9Q3;Rn:D3ZG35	Dr:A2BF92	Dm:Q9VKY2;Dr:Q5TYZ5;Mm:Q6ZQ38;Rn:P97536	-
Q9HCK0	Q96EG3	57684	116412	ZBTB26	ZNF837	chromatin immunoprecipitation assay	27924024	Homo sapiens	GTRD	No	Mm:Q6P9Q3;Rn:D3ZG35	Dr:A2BF92	-	-
Q9HCK0	Q6IBW4	57684	29781	ZBTB26	NCAPH2	chromatin immunoprecipitation assay	27924024	Homo sapiens	GTRD	No	Mm:Q6P9Q3;Rn:D3ZG35	Dr:A2BF92	Dr:Q5RH01;Mm:Q8BSP2	Rn:A0A0G2K4H8
Q9HCK0	Q7L5Y6	57684	55070	ZBTB26	DET1	chromatin immunoprecipitation assay	27924024	Homo sapiens	GTRD	No	Mm:Q6P9Q3;Rn:D3ZG35	Dr:A2BF92	-	-
Q9HCK0	Q7Z6J0	57684	57630	ZBTB26	SH3RF1	chromatin immunoprecipitation assay	27924024	Homo sapiens	GTRD	No	Mm:Q6P9Q3;Rn:D3ZG35	Dr:A2BF92	Dr:B3DIT8;Mm:E9QQ33;Rn:Q71F54	-
Q9HCK0	Q96A54	57684	51094	ZBTB26	ADIPOR1	chromatin immunoprecipitation assay	27924024	Homo sapiens	GTRD	No	Mm:Q6P9Q3;Rn:D3ZG35	Dr:A2BF92	Dr:F1QJJ9;Mm:Q91VH1;Rn:G3V6I6	Dr:B0S5Y2
Q9HCK0	Q2VPJ9	57684	388886	ZBTB26	LRRC75B	chromatin immunoprecipitation assay	27924024	Homo sapiens	GTRD	No	Mm:Q6P9Q3;Rn:D3ZG35	Dr:A2BF92	Dr:E7EXP5;Dr:F1QJF5;Mm:Q7TPD7;Rn:A0A0G2JUZ2	-
Q9HCK0	P30559	57684	5021	ZBTB26	OXTR	chromatin immunoprecipitation assay	27924024	Homo sapiens	GTRD	No	Mm:Q6P9Q3;Rn:D3ZG35	Dr:A2BF92	Dr:E4W699;Mm:P97926;Rn:P70536	Dr:E4W698
Q9HCK0	P62937	57684	5478	ZBTB26	PPIA	chromatin immunoprecipitation assay	27924024	Homo sapiens	GTRD	No	Mm:Q6P9Q3;Rn:D3ZG35	Dr:A2BF92	Mm:P17742;Rn:P10111	Rn:A0A0G2K1P0;Rn:A0A0G2K2E4
Q9HCK0	Q9UI12	57684	51606	ZBTB26	ATP6V1H	chromatin immunoprecipitation assay	27924024	Homo sapiens	GTRD	No	Mm:Q6P9Q3;Rn:D3ZG35	Dr:A2BF92	Ce:Q22494;Dm:Q9V3J1;Mm:Q8BVE3;Rn:A0A0G2K9J2	Dr:Q6PC35
Q9HCK0	Q05084	57684	3382	ZBTB26	ICA1	chromatin immunoprecipitation assay	27924024	Homo sapiens	GTRD	No	Mm:Q6P9Q3;Rn:D3ZG35	Dr:A2BF92	Mm:P97411;Rn:Q6AZ05	Dr:E7EXU4
Q9HCK0	P23443	57684	6198	ZBTB26	RPS6KB1	chromatin immunoprecipitation assay	27924024	Homo sapiens	GTRD	No	Mm:Q6P9Q3;Rn:D3ZG35	Dr:A2BF92	Ce:Q21694;Dr:F1R3V1;Mm:Q8BSK8;Rn:P67999	-
Q9HCK0	O43822	57684	755	ZBTB26	CFAP410	chromatin immunoprecipitation assay	27924024	Homo sapiens	GTRD	No	Mm:Q6P9Q3;Rn:D3ZG35	Dr:A2BF92	Mm:Q8C6G1;Rn:Q5RKG5	-
Q9HCK0	P51398	57684	7818	ZBTB26	DAP3	chromatin immunoprecipitation assay	27924024	Homo sapiens	GTRD	No	Mm:Q6P9Q3;Rn:D3ZG35	Dr:A2BF92	Dm:Q9W253;Dr:F1R4V5;Mm:Q9ER88	Ce:G5EFC8;Rn:A0A0G2K264
Q9HCK0	P53801	57684	754	ZBTB26	PTTG1IP	chromatin immunoprecipitation assay	27924024	Homo sapiens	GTRD	No	Mm:Q6P9Q3;Rn:D3ZG35	Dr:A2BF92	Ce:Q8I7H8;Dr:E7FDD4;Mm:Q8R143	Rn:Q6P767
Q9HCK0	A6NHJ4	57684	344787	ZBTB26	ZNF860	chromatin immunoprecipitation assay	27924024	Homo sapiens	GTRD	No	Mm:Q6P9Q3;Rn:D3ZG35	Dr:A2BF92	-	-
Q9HCK0	Q86U06	57684	55147	ZBTB26	RBM23	chromatin immunoprecipitation assay	27924024	Homo sapiens	GTRD	No	Mm:Q6P9Q3;Rn:D3ZG35	Dr:A2BF92	-	-
Q9HCK0	P29279	57684	1490	ZBTB26	CCN2	chromatin immunoprecipitation assay	27924024	Homo sapiens	GTRD	No	Mm:Q6P9Q3;Rn:D3ZG35	Dr:A2BF92	Mm:P29268;Rn:Q9R1E9	Dr:Q5RI33
Q9HCK0	P42262	57684	2891	ZBTB26	GRIA2	chromatin immunoprecipitation assay	27924024	Homo sapiens	GTRD	No	Mm:Q6P9Q3;Rn:D3ZG35	Dr:A2BF92	Mm:G5E8H1;Rn:G3V914	Dr:A0A140LG34
Q9HCK0	O14503	57684	8553	ZBTB26	BHLHE40	chromatin immunoprecipitation assay	27924024	Homo sapiens	GTRD	No	Mm:Q6P9Q3;Rn:D3ZG35	Dr:A2BF92	Dr:Q6NY50;Mm:O35185;Rn:Q76JQ4	-
Q9HCK0	Q8N0W5	57684	124152	ZBTB26	IQCK	chromatin immunoprecipitation assay	27924024	Homo sapiens	GTRD	No	Mm:Q6P9Q3;Rn:D3ZG35	Dr:A2BF92	-	Mm:E9PUC1;Rn:D3ZTH1
Q9HCK0	Q96BD8	57684	220134	ZBTB26	SKA1	chromatin immunoprecipitation assay	27924024	Homo sapiens	GTRD	No	Mm:Q6P9Q3;Rn:D3ZG35	Dr:A2BF92	Dr:Q6DHG8;Mm:A0A0R4J0M5;Rn:B0BN28	-
Q9HCK0	Q6ZS86	57684	256356	ZBTB26	GK5	chromatin immunoprecipitation assay	27924024	Homo sapiens	GTRD	No	Mm:Q6P9Q3;Rn:D3ZG35	Dr:A2BF92	Ce:H2KZG4;Dr:F1QS50;Mm:Q8BX05	Dm:Q8I940;Rn:D3ZN47
Q9HCK0	Q15382	57684	6009	ZBTB26	RHEB	chromatin immunoprecipitation assay	27924024	Homo sapiens	GTRD	No	Mm:Q6P9Q3;Rn:D3ZG35	Dr:A2BF92	Dm:Q9VND8;Mm:Q921J2;Rn:M0R3K1	-
Q9HCK0	Q13362	57684	5527	ZBTB26	PPP2R5C	chromatin immunoprecipitation assay	27924024	Homo sapiens	GTRD	No	Mm:Q6P9Q3;Rn:D3ZG35	Dr:A2BF92	Dr:A4QP33;Mm:Q60996;Rn:A0A0G2JZD1	Dm:Q8IN90;Dr:F1QSR1
Q9HCK0	Q96GY0	57684	51101	ZBTB26	ZC2HC1A	chromatin immunoprecipitation assay	27924024	Homo sapiens	GTRD	No	Mm:Q6P9Q3;Rn:D3ZG35	Dr:A2BF92	Dr:F1R9B5;Mm:Q8BJH1	Rn:A0A0G2K782
Q9HCK0	P57740	57684	57122	ZBTB26	NUP107	chromatin immunoprecipitation assay	27924024	Homo sapiens	GTRD	No	Mm:Q6P9Q3;Rn:D3ZG35	Dr:A2BF92	Dm:Q9V466;Dr:Q5RGI2;Mm:Q8BH74;Rn:F1LSL2	-
Q9HCK0	Q8TB72	57684	23369	ZBTB26	PUM2	chromatin immunoprecipitation assay	27924024	Homo sapiens	GTRD	No	Mm:Q6P9Q3;Rn:D3ZG35	Dr:A2BF92	Mm:Q80U58;Rn:D3ZQL8	Dr:B8JLL6
Q9HCK0	Q5JSZ5	57684	84726	ZBTB26	PRRC2B	chromatin immunoprecipitation assay	27924024	Homo sapiens	GTRD	No	Mm:Q6P9Q3;Rn:D3ZG35	Dr:A2BF92	Rn:D3ZZ51	Dr:F1QGS2;Mm:F8WHT3
Q9HCK0	Q9HAV7	57684	80273	ZBTB26	GRPEL1	chromatin immunoprecipitation assay	27924024	Homo sapiens	GTRD	No	Mm:Q6P9Q3;Rn:D3ZG35	Dr:A2BF92	Dm:P48604;Dr:Q32PS5;Mm:Q99LP6	Rn:A0A0G2JZA2
Q9HCK0	Q9NYW8	57684	57786	ZBTB26	RBAK	chromatin immunoprecipitation assay	27924024	Homo sapiens	GTRD	No	Mm:Q6P9Q3;Rn:D3ZG35	Dr:A2BF92	Mm:Q8BQC8;Rn:F1M2Y6	-
Q9HCK0	Q9NS64	57684	56475	ZBTB26	RPRM	chromatin immunoprecipitation assay	27924024	Homo sapiens	GTRD	No	Mm:Q6P9Q3;Rn:D3ZG35	Dr:A2BF92	Dr:Q6PBK8;Dr:Q502I1;Mm:Q9JJ72;Rn:Q5BJN9	-
Q9HCK0	P49137	57684	9261	ZBTB26	MAPKAPK2	chromatin immunoprecipitation assay	27924024	Homo sapiens	GTRD	No	Mm:Q6P9Q3;Rn:D3ZG35	Dr:A2BF92	Dm:P49071;Dr:Q7T2F2;Mm:P49138;Rn:F1M9C0	-
Q9HCK0	Q17RY0	57684	80315	ZBTB26	CPEB4	chromatin immunoprecipitation assay	27924024	Homo sapiens	GTRD	No	Mm:Q6P9Q3;Rn:D3ZG35	Dr:A2BF92	Dr:A0A0G2KYC0;Mm:Q7TN98	Rn:A0A0G2K3Y6
Q9HCK0	Q5JVL4	57684	114327	ZBTB26	EFHC1	chromatin immunoprecipitation assay	27924024	Homo sapiens	GTRD	No	Mm:Q6P9Q3;Rn:D3ZG35	Dr:A2BF92	Mm:B2CKC6;Rn:D3ZD71	Dr:F1Q8A4
Q9HCK0	Q13261	57684	3601	ZBTB26	IL15RA	chromatin immunoprecipitation assay	27924024	Homo sapiens	GTRD	No	Mm:Q6P9Q3;Rn:D3ZG35	Dr:A2BF92	Mm:Q60819;Rn:F1M293	-
Q9HCK0	P08238	57684	3326	ZBTB26	HSP90AB1	chromatin immunoprecipitation assay	27924024	Homo sapiens	GTRD	No	Mm:Q6P9Q3;Rn:D3ZG35	Dr:A2BF92	Dr:O57521;Mm:P11499;Rn:P34058	-
Q9HCK0	Q86YQ8	57684	144402	ZBTB26	CPNE8	chromatin immunoprecipitation assay	27924024	Homo sapiens	GTRD	No	Mm:Q6P9Q3;Rn:D3ZG35	Dr:A2BF92	Mm:Q9DC53;Rn:B5DEX3	Dr:A0A0G2KVZ0
Q9HCK0	Q8WV99	57684	130617	ZBTB26	ZFAND2B	chromatin immunoprecipitation assay	27924024	Homo sapiens	GTRD	No	Mm:Q6P9Q3;Rn:D3ZG35	Dr:A2BF92	Mm:Q91X58;Rn:Q4KLG9	Dr:A0A0R4IIW4
Q9HCK0	Q9NVH2	57684	25896	ZBTB26	INTS7	chromatin immunoprecipitation assay	27924024	Homo sapiens	GTRD	No	Mm:Q6P9Q3;Rn:D3ZG35	Dr:A2BF92	Ce:G5EDW9;Dm:Q9VT41;Dr:Q8JGR7;Mm:A0A0R4J0E4;Rn:D4ADS6	-
Q9HCK0	Q15057	57684	23527	ZBTB26	ACAP2	chromatin immunoprecipitation assay	27924024	Homo sapiens	GTRD	No	Mm:Q6P9Q3;Rn:D3ZG35	Dr:A2BF92	Dr:F1Q973;Mm:Q6ZQK5	Rn:A0A0G2K4T3
Q9HCK0	Q9Y6J8	57684	51657	ZBTB26	STYXL1	chromatin immunoprecipitation assay	27924024	Homo sapiens	GTRD	No	Mm:Q6P9Q3;Rn:D3ZG35	Dr:A2BF92	Dr:F1R5W3;Mm:Q9DAR2;Rn:G3V9J5	-
Q9HCK0	Q9NX78	57684	54916	ZBTB26	TMEM260	chromatin immunoprecipitation assay	27924024	Homo sapiens	GTRD	No	Mm:Q6P9Q3;Rn:D3ZG35	Dr:A2BF92	Dr:E7F5M2;Mm:Q8BMD6;Rn:F1M7C0	-
Q9HCK0	Q9NR63	57684	56603	ZBTB26	CYP26B1	chromatin immunoprecipitation assay	27924024	Homo sapiens	GTRD	No	Mm:Q6P9Q3;Rn:D3ZG35	Dr:A2BF92	Dm:Q9VGB5;Dr:A0A0R4I9F4;Mm:Q811W2;Rn:G3V7X8	-
Q9HCK0	Q9Y2X8	57684	51619	ZBTB26	UBE2D4	chromatin immunoprecipitation assay	27924024	Homo sapiens	GTRD	No	Mm:Q6P9Q3;Rn:D3ZG35	Dr:A2BF92	Dr:A4QNX5	-
Q9HCK0	Q9Y289	57684	8884	ZBTB26	SLC5A6	chromatin immunoprecipitation assay	27924024	Homo sapiens	GTRD	No	Mm:Q6P9Q3;Rn:D3ZG35	Dr:A2BF92	Dr:Q5RIG1;Mm:Q5U4D8;Rn:O70247	-
Q9HCK0	Q5VWG9	57684	83860	ZBTB26	TAF3	chromatin immunoprecipitation assay	27924024	Homo sapiens	GTRD	No	Mm:Q6P9Q3;Rn:D3ZG35	Dr:A2BF92	Ce:E9P861;Dr:Q5RH27;Mm:Q5HZG4	Rn:D3ZPB7
Q9HCK0	Q9ULR3	57684	57460	ZBTB26	PPM1H	chromatin immunoprecipitation assay	27924024	Homo sapiens	GTRD	No	Mm:Q6P9Q3;Rn:D3ZG35	Dr:A2BF92	Mm:Q3UYC0;Rn:Q5M821	-
Q9HCK0	Q8N9M1	57684	126526	ZBTB26	C19orf47	chromatin immunoprecipitation assay	27924024	Homo sapiens	GTRD	No	Mm:Q6P9Q3;Rn:D3ZG35	Dr:A2BF92	Dr:Q1LXX6;Mm:G5E8E3	Rn:A0A0G2JVF4
Q9HCK0	Q7Z7H8	57684	124995	ZBTB26	MRPL10	chromatin immunoprecipitation assay	27924024	Homo sapiens	GTRD	No	Mm:Q6P9Q3;Rn:D3ZG35	Dr:A2BF92	Dm:Q9VPL3;Mm:Q3TBW2;Rn:P0C2C4	Dr:Q5BJB7
Q9HCK0	Q9HCH5	57684	54843	ZBTB26	SYTL2	chromatin immunoprecipitation assay	27924024	Homo sapiens	GTRD	No	Mm:Q6P9Q3;Rn:D3ZG35	Dr:A2BF92	-	Mm:A0A5F8MPH5
Q9HCK0	Q4VC31	57684	131076	ZBTB26	CCDC58	chromatin immunoprecipitation assay	27924024	Homo sapiens	GTRD	No	Mm:Q6P9Q3;Rn:D3ZG35	Dr:A2BF92	Dr:Q6PBK1;Mm:Q8R3Q6;Rn:D4A305	Dm:Q7KUT5
Q9HCK0	Q9BTY7	57684	51236	ZBTB26	HGH1	chromatin immunoprecipitation assay	27924024	Homo sapiens	GTRD	No	Mm:Q6P9Q3;Rn:D3ZG35	Dr:A2BF92	Dm:Q9VBG6;Dr:A0A0R4IE47;Mm:Q8C3I8;Rn:Q6AY79;Sc:P48362	-
Q9HCK0	O95473	57684	23546	ZBTB26	SYNGR4	chromatin immunoprecipitation assay	27924024	Homo sapiens	GTRD	No	Mm:Q6P9Q3;Rn:D3ZG35	Dr:A2BF92	Mm:A0A0R4J0K3;Rn:Q4KLY7	-
Q9HCK0	Q9Y5J7	57684	26520	ZBTB26	TIMM9	chromatin immunoprecipitation assay	27924024	Homo sapiens	GTRD	No	Mm:Q6P9Q3;Rn:D3ZG35	Dr:A2BF92	Ce:Q17754;Dm:Q9VYD7;Dr:E7FC78;Mm:Q9WV98;Rn:Q9WV97;Sc:O74700	-
Q9HCK0	Q8TBF5	57684	54965	ZBTB26	PIGX	chromatin immunoprecipitation assay	27924024	Homo sapiens	GTRD	No	Mm:Q6P9Q3;Rn:D3ZG35	Dr:A2BF92	Dr:A5WVS5;Rn:F1LRM6	Mm:A0A087WSN5
Q9HCK0	Q9BYN0	57684	140809	ZBTB26	SRXN1	chromatin immunoprecipitation assay	27924024	Homo sapiens	GTRD	No	Mm:Q6P9Q3;Rn:D3ZG35	Dr:A2BF92	Mm:A2AQU8;Sc:P36077	Dr:E7FBQ8
Q9HCK0	Q68D10	57684	144108	ZBTB26	SPTY2D1	chromatin immunoprecipitation assay	27924024	Homo sapiens	GTRD	No	Mm:Q6P9Q3;Rn:D3ZG35	Dr:A2BF92	Mm:Q68FG3;Rn:M0R8V7	Dr:F1QNL9
Q9HCK0	P42574	57684	836	ZBTB26	CASP3	chromatin immunoprecipitation assay	27924024	Homo sapiens	GTRD	No	Mm:Q6P9Q3;Rn:D3ZG35	Dr:A2BF92	Dm:Q9VET9;Dr:B8JK21;Mm:P70677;Rn:P55213	Dr:F1Q7K7
Q9HCK0	Q9NWW6	57684	54981	ZBTB26	NMRK1	chromatin immunoprecipitation assay	27924024	Homo sapiens	GTRD	No	Mm:Q6P9Q3;Rn:D3ZG35	Dr:A2BF92	Mm:Q91W63;Rn:Q6AY91;Sc:P53915	-
Q9HCK0	Q14814	57684	4209	ZBTB26	MEF2D	chromatin immunoprecipitation assay	27924024	Homo sapiens	GTRD	No	Mm:Q6P9Q3;Rn:D3ZG35	Dr:A2BF92	Dr:F1Q910;Rn:A0A0G2JSU7	Mm:E9QKT0
Q9HCK0	O95249	57684	9527	ZBTB26	GOSR1	chromatin immunoprecipitation assay	27924024	Homo sapiens	GTRD	No	Mm:Q6P9Q3;Rn:D3ZG35	Dr:A2BF92	Dm:Q9VE50;Mm:O88630;Rn:Q62931;Sc:P38736	Ce:Q95ZW1;Dr:E9QH18
Q9HCK0	Q9UK23	57684	51172	ZBTB26	NAGPA	chromatin immunoprecipitation assay	27924024	Homo sapiens	GTRD	No	Mm:Q6P9Q3;Rn:D3ZG35	Dr:A2BF92	Dr:F1QSF9;Mm:Q8BJ48;Rn:G3V6D1	-
Q9HCK0	P27694	57684	6117	ZBTB26	RPA1	chromatin immunoprecipitation assay	27924024	Homo sapiens	GTRD	No	Mm:Q6P9Q3;Rn:D3ZG35	Dr:A2BF92	Ce:Q19537;Dm:Q24492;Dr:Q6NY74;Mm:Q8VEE4;Rn:Q7TP21;Sc:P22336	-
Q9HCK0	Q32M45	57684	121601	ZBTB26	ANO4	chromatin immunoprecipitation assay	27924024	Homo sapiens	GTRD	No	Mm:Q6P9Q3;Rn:D3ZG35	Dr:A2BF92	Mm:Q8C5H1;Rn:A0A0G2K0I0	-
Q9HCK0	F8VNQ1	57684	-	ZBTB26	-	chromatin immunoprecipitation assay	27924024	Homo sapiens	GTRD	No	Mm:Q6P9Q3;Rn:D3ZG35	Dr:A2BF92	-	-
Q9HCK0	O95372	57684	11313	ZBTB26	LYPLA2	chromatin immunoprecipitation assay	27924024	Homo sapiens	GTRD	No	Mm:Q6P9Q3;Rn:D3ZG35	Dr:A2BF92	Mm:Q9WTL7;Rn:Q9QYL8	Dr:Q6PBW8
Q9HCK0	Q9NZI5	57684	29841	ZBTB26	GRHL1	chromatin immunoprecipitation assay	27924024	Homo sapiens	GTRD	No	Mm:Q6P9Q3;Rn:D3ZG35	Dr:A2BF92	Mm:Q921D9	Rn:A0A0G2JTY1
Q9HCK0	Q7Z7K0	57684	152100	ZBTB26	CMC1	chromatin immunoprecipitation assay	27924024	Homo sapiens	GTRD	No	Mm:Q6P9Q3;Rn:D3ZG35	Dr:A2BF92	Dm:Q9VJJ1;Mm:Q9CPZ8;Rn:D3ZTN2	Dr:Q6NTI1
Q9HCK0	O60832	57684	1736	ZBTB26	DKC1	chromatin immunoprecipitation assay	27924024	Homo sapiens	GTRD	No	Mm:Q6P9Q3;Rn:D3ZG35	Dr:A2BF92	Ce:O17919;Dm:O44081;Dr:F1Q749;Mm:Q9ESX5;Rn:A0A0G2K700;Sc:P33322	-
Q9HCK0	Q9NP61	57684	26286	ZBTB26	ARFGAP3	chromatin immunoprecipitation assay	27924024	Homo sapiens	GTRD	No	Mm:Q6P9Q3;Rn:D3ZG35	Dr:A2BF92	Rn:A0A0G2K4J0	Mm:A0A0R4J0T8
Q9HCK0	Q7L2H7	57684	10480	ZBTB26	EIF3M	chromatin immunoprecipitation assay	27924024	Homo sapiens	GTRD	No	Mm:Q6P9Q3;Rn:D3ZG35	Dr:A2BF92	Ce:Q94261;Dm:Q7JVI3;Mm:Q99JX4;Rn:D3ZAZ0	Dr:Q7T3B0
Q9HCK0	Q86X40	57684	123355	ZBTB26	LRRC28	chromatin immunoprecipitation assay	27924024	Homo sapiens	GTRD	No	Mm:Q6P9Q3;Rn:D3ZG35	Dr:A2BF92	Dr:E7FBW4;Mm:Q3TX51;Rn:D4A4Y4	-
Q9HCK0	Q96DE9	57684	541578	ZBTB26	EOLA2	chromatin immunoprecipitation assay	27924024	Homo sapiens	GTRD	No	Mm:Q6P9Q3;Rn:D3ZG35	Dr:A2BF92	-	-
Q9HCK0	Q9UPS6	57684	23067	ZBTB26	SETD1B	chromatin immunoprecipitation assay	27924024	Homo sapiens	GTRD	No	Mm:Q6P9Q3;Rn:D3ZG35	Dr:A2BF92	Dr:F1Q6L6;Mm:Q8CFT2	Rn:F1LWJ1
Q9HCK0	Q3ZCX4	57684	374900	ZBTB26	ZNF568	chromatin immunoprecipitation assay	27924024	Homo sapiens	GTRD	No	Mm:Q6P9Q3;Rn:D3ZG35	Dr:A2BF92	-	Dr:H0WEW6
Q9HCK0	P20393	57684	9572	ZBTB26	NR1D1	chromatin immunoprecipitation assay	27924024	Homo sapiens	GTRD	No	Mm:Q6P9Q3;Rn:D3ZG35	Dr:A2BF92	Mm:Q3UV55;Rn:G3V770	-
Q9HCK0	Q8ND23	57684	90668	ZBTB26	CARMIL3	chromatin immunoprecipitation assay	27924024	Homo sapiens	GTRD	No	Mm:Q6P9Q3;Rn:D3ZG35	Dr:A2BF92	Dr:A0A0P0CP42;Mm:Q3UFQ8;Rn:A0A0H2UHV1	-
Q9HCK0	Q15369	57684	6921	ZBTB26	ELOC	chromatin immunoprecipitation assay	27924024	Homo sapiens	GTRD	No	Mm:Q6P9Q3;Rn:D3ZG35	Dr:A2BF92	Dm:Q7JWD6;Dr:Q66IB1;Dr:Q502M9;Mm:P83940;Rn:P83941;Sc:Q03071	Ce:Q9BKS1;Rn:A0A096MIY6
Q9HCK0	Q9C0B6	57684	57795	ZBTB26	BRINP2	chromatin immunoprecipitation assay	27924024	Homo sapiens	GTRD	No	Mm:Q6P9Q3;Rn:D3ZG35	Dr:A2BF92	Mm:Q6DFY8;Rn:F1MA15	-
Q9HCK0	Q9H9D4	57684	79797	ZBTB26	ZNF408	chromatin immunoprecipitation assay	27924024	Homo sapiens	GTRD	No	Mm:Q6P9Q3;Rn:D3ZG35	Dr:A2BF92	-	Mm:Q3V1D8
Q9HCK0	O43708	57684	2954	ZBTB26	GSTZ1	chromatin immunoprecipitation assay	27924024	Homo sapiens	GTRD	No	Mm:Q6P9Q3;Rn:D3ZG35	Dr:A2BF92	-	-
Q9HCK0	P57727	57684	64699	ZBTB26	TMPRSS3	chromatin immunoprecipitation assay	27924024	Homo sapiens	GTRD	No	Mm:Q6P9Q3;Rn:D3ZG35	Dr:A2BF92	Mm:Q8K1T0;Rn:D3ZY65	-
Q9HCK0	O14613	57684	10435	ZBTB26	CDC42EP2	chromatin immunoprecipitation assay	27924024	Homo sapiens	GTRD	No	Mm:Q6P9Q3;Rn:D3ZG35	Dr:A2BF92	Dr:Q5BKX1;Mm:Q8JZX9;Rn:Q5PQP4	-
Q9HCK0	Q04828	57684	1645	ZBTB26	AKR1C1	chromatin immunoprecipitation assay	27924024	Homo sapiens	GTRD	No	Mm:Q6P9Q3;Rn:D3ZG35	Dr:A2BF92	-	-
Q9HCK0	P18848	57684	468	ZBTB26	ATF4	chromatin immunoprecipitation assay	27924024	Homo sapiens	GTRD	No	Mm:Q6P9Q3;Rn:D3ZG35	Dr:A2BF92	Dr:Q6NW59;Mm:Q06507;Rn:Q9ES19	-
Q9HCK0	Q13472	57684	7156	ZBTB26	TOP3A	chromatin immunoprecipitation assay	27924024	Homo sapiens	GTRD	No	Mm:Q6P9Q3;Rn:D3ZG35	Dr:A2BF92	Dr:X1WCF3;Mm:O70157;Rn:D4A6J4	-
Q9HCK0	Q6PI98	57684	125476	ZBTB26	INO80C	chromatin immunoprecipitation assay	27924024	Homo sapiens	GTRD	No	Mm:Q6P9Q3;Rn:D3ZG35	Dr:A2BF92	Mm:Q8BHA0;Rn:Q5BJY3	-
Q9HCK0	Q6PIY7	57684	167153	ZBTB26	TENT2	chromatin immunoprecipitation assay	27924024	Homo sapiens	GTRD	No	Mm:Q6P9Q3;Rn:D3ZG35	Dr:A2BF92	Dr:A0A0R4IRV1;Mm:Q91YI6;Rn:Q5U315	Ce:P91361
Q9HCK0	Q01668	57684	776	ZBTB26	CACNA1D	chromatin immunoprecipitation assay	27924024	Homo sapiens	GTRD	No	Mm:Q6P9Q3;Rn:D3ZG35	Dr:A2BF92	Rn:F1LNB7	Mm:A0A2C9F2E5
Q9HCK0	O60507	57684	8460	ZBTB26	TPST1	chromatin immunoprecipitation assay	27924024	Homo sapiens	GTRD	No	Mm:Q6P9Q3;Rn:D3ZG35	Dr:A2BF92	Dr:Q9PTE6;Mm:O70281;Rn:Q3KR92	-
Q9HCK0	O94905	57684	11160	ZBTB26	ERLIN2	chromatin immunoprecipitation assay	27924024	Homo sapiens	GTRD	No	Mm:Q6P9Q3;Rn:D3ZG35	Dr:A2BF92	Dr:A3QK16;Mm:Q8BFZ9;Rn:B5DEH2	-
Q9HCK0	Q8TCX1	57684	51626	ZBTB26	DYNC2LI1	chromatin immunoprecipitation assay	27924024	Homo sapiens	GTRD	No	Mm:Q6P9Q3;Rn:D3ZG35	Dr:A2BF92	Ce:Q19119;Dm:Q9VLB9;Dr:F1R764;Mm:Q8K0T2;Rn:Q6AY43	-
Q9HCK0	P39687	57684	8125	ZBTB26	ANP32A	chromatin immunoprecipitation assay	27924024	Homo sapiens	GTRD	No	Mm:Q6P9Q3;Rn:D3ZG35	Dr:A2BF92	Mm:O35381;Rn:F7EL36	Rn:A0A0G2K7X0
Q9HCK0	O95785	57684	58525	ZBTB26	WIZ	chromatin immunoprecipitation assay	27924024	Homo sapiens	GTRD	No	Mm:Q6P9Q3;Rn:D3ZG35	Dr:A2BF92	-	-
Q9HCK0	Q9BQ95	57684	51295	ZBTB26	ECSIT	chromatin immunoprecipitation assay	27924024	Homo sapiens	GTRD	No	Mm:Q6P9Q3;Rn:D3ZG35	Dr:A2BF92	Ce:Q9N580;Dm:Q9U6M0;Dr:F1QSV0;Mm:A0A0R4J174;Rn:Q5XIC2	-
Q9HCK0	Q8NI37	57684	160760	ZBTB26	PPTC7	chromatin immunoprecipitation assay	27924024	Homo sapiens	GTRD	No	Mm:Q6P9Q3;Rn:D3ZG35	Dr:A2BF92	Ce:O18183;Dm:Q9W0E2;Dr:B0S510;Mm:Q6NVE9;Rn:D4A520;Sc:P38797	-
Q9HCK0	Q5QNW6	57684	440689	ZBTB26	H2BC18	chromatin immunoprecipitation assay	27924024	Homo sapiens	GTRD	No	Mm:Q6P9Q3;Rn:D3ZG35	Dr:A2BF92	-	-
Q9HCK0	O15269	57684	10558	ZBTB26	SPTLC1	chromatin immunoprecipitation assay	27924024	Homo sapiens	GTRD	No	Mm:Q6P9Q3;Rn:D3ZG35	Dr:A2BF92	Ce:P91079;Dm:Q6NR46;Mm:O35704;Rn:D4A2H2;Sc:P25045	Dr:F1QEL4
Q9HCK0	Q9Y2J4	57684	51421	ZBTB26	AMOTL2	chromatin immunoprecipitation assay	27924024	Homo sapiens	GTRD	No	Mm:Q6P9Q3;Rn:D3ZG35	Dr:A2BF92	Dr:A1YB07	Mm:B8JK87;Rn:A0A0G2KAV3
Q9HCK0	P08572	57684	1284	ZBTB26	COL4A2	chromatin immunoprecipitation assay	27924024	Homo sapiens	GTRD	No	Mm:Q6P9Q3;Rn:D3ZG35	Dr:A2BF92	Mm:P08122	Rn:F1M6Q3
Q9HCK0	Q16531	57684	1642	ZBTB26	DDB1	chromatin immunoprecipitation assay	27924024	Homo sapiens	GTRD	No	Mm:Q6P9Q3;Rn:D3ZG35	Dr:A2BF92	Ce:Q21554;Dm:Q9XYZ5;Mm:Q3U1J4;Rn:G3V8T4	-
Q9HCK0	P49247	57684	22934	ZBTB26	RPIA	chromatin immunoprecipitation assay	27924024	Homo sapiens	GTRD	No	Mm:Q6P9Q3;Rn:D3ZG35	Dr:A2BF92	Ce:P41994;Dm:Q8MLS2;Mm:P47968;Rn:D4A7L6;Sc:Q12189	Dr:B8JI15
Q9HCK0	Q9Y4Y9	57684	23658	ZBTB26	LSM5	chromatin immunoprecipitation assay	27924024	Homo sapiens	GTRD	No	Mm:Q6P9Q3;Rn:D3ZG35	Dr:A2BF92	Ce:O18694;Dm:Q9VRT7;Dr:A7E2L8;Mm:P62322;Rn:D3ZBJ0;Sc:P40089	Rn:D3ZD76
Q9HCK0	Q14511	57684	4739	ZBTB26	NEDD9	chromatin immunoprecipitation assay	27924024	Homo sapiens	GTRD	No	Mm:Q6P9Q3;Rn:D3ZG35	Dr:A2BF92	Dr:F1QLK3	Mm:A0A0R4J212;Rn:A0A0G2JZL7
Q9HCK0	O14512	57684	30837	ZBTB26	SOCS7	chromatin immunoprecipitation assay	27924024	Homo sapiens	GTRD	No	Mm:Q6P9Q3;Rn:D3ZG35	Dr:A2BF92	-	-
Q9HCK0	Q8N0X4	57684	171425	ZBTB26	CLYBL	chromatin immunoprecipitation assay	27924024	Homo sapiens	GTRD	No	Mm:Q6P9Q3;Rn:D3ZG35	Dr:A2BF92	Ce:Q93167;Dr:Q1JPT8;Mm:Q8R4N0;Rn:Q5I0K3	-
Q9HCK0	O15392	57684	332	ZBTB26	BIRC5	chromatin immunoprecipitation assay	27924024	Homo sapiens	GTRD	No	Mm:Q6P9Q3;Rn:D3ZG35	Dr:A2BF92	-	-
Q9HCK0	Q04727	57684	7091	ZBTB26	TLE4	chromatin immunoprecipitation assay	27924024	Homo sapiens	GTRD	No	Mm:Q6P9Q3;Rn:D3ZG35	Dr:A2BF92	Mm:Q62441	Rn:A0A0G2K7M5
Q9HCK0	Q13371	57684	5082	ZBTB26	PDCL	chromatin immunoprecipitation assay	27924024	Homo sapiens	GTRD	No	Mm:Q6P9Q3;Rn:D3ZG35	Dr:A2BF92	Dm:Q9VUR7;Dr:F1QTL0;Mm:Q9DBX2	Rn:Q63737
Q9HCK0	Q9NVF9	57684	55224	ZBTB26	ETNK2	chromatin immunoprecipitation assay	27924024	Homo sapiens	GTRD	No	Mm:Q6P9Q3;Rn:D3ZG35	Dr:A2BF92	Mm:A7MCT6;Rn:D3ZRW8	Dr:F6P5S0
Q9HCK0	P46087	57684	4839	ZBTB26	NOP2	chromatin immunoprecipitation assay	27924024	Homo sapiens	GTRD	No	Mm:Q6P9Q3;Rn:D3ZG35	Dr:A2BF92	Dr:F1QWP7;Mm:E9QN31;Rn:D4ACW1	-
Q9HCK0	Q9H6A9	57684	399909	ZBTB26	PCNX3	chromatin immunoprecipitation assay	27924024	Homo sapiens	GTRD	No	Mm:Q6P9Q3;Rn:D3ZG35	Dr:A2BF92	Mm:Q8VI59;Rn:D3ZSQ1	Dr:E9QG95
Q9HCK0	Q9P2W9	57684	53407	ZBTB26	STX18	chromatin immunoprecipitation assay	27924024	Homo sapiens	GTRD	No	Mm:Q6P9Q3;Rn:D3ZG35	Dr:A2BF92	Dm:Q9VC58;Dr:Q4VBI7;Mm:Q8VDS8;Rn:Q68FW4	-
Q9HCK0	O94804	57684	6793	ZBTB26	STK10	chromatin immunoprecipitation assay	27924024	Homo sapiens	GTRD	No	Mm:Q6P9Q3;Rn:D3ZG35	Dr:A2BF92	Mm:O55098;Rn:H9KVF6	-
Q9HCK0	A0A087WV42	57684	5554	ZBTB26	PRH1	chromatin immunoprecipitation assay	27924024	Homo sapiens	GTRD	No	Mm:Q6P9Q3;Rn:D3ZG35	Dr:A2BF92	Ce:Q9N4L9	-
Q9HCK0	Q9HA77	57684	79587	ZBTB26	CARS2	chromatin immunoprecipitation assay	27924024	Homo sapiens	GTRD	No	Mm:Q6P9Q3;Rn:D3ZG35	Dr:A2BF92	Dm:Q7K3P0;Mm:G3X975;Rn:B2GV57	Dr:E7FC09
Q9HCK0	O95684	57684	11116	ZBTB26	CEP43	chromatin immunoprecipitation assay	27924024	Homo sapiens	GTRD	No	Mm:Q6P9Q3;Rn:D3ZG35	Dr:A2BF92	Mm:Q66JX5;Rn:Q4V7C1	Dr:A0A0R4IW74
Q9HCK0	Q8NBR0	57684	90313	ZBTB26	TP53I13	chromatin immunoprecipitation assay	27924024	Homo sapiens	GTRD	No	Mm:Q6P9Q3;Rn:D3ZG35	Dr:A2BF92	Dr:E7F4B0;Mm:Q5F267;Rn:B0BN44	-
Q9HCK0	Q8N3J3	57684	78995	ZBTB26	HROB	chromatin immunoprecipitation assay	27924024	Homo sapiens	GTRD	No	Mm:Q6P9Q3;Rn:D3ZG35	Dr:A2BF92	Mm:Q32P12	Rn:A0A0G2K9P1
Q9HCK0	P42785	57684	5547	ZBTB26	PRCP	chromatin immunoprecipitation assay	27924024	Homo sapiens	GTRD	No	Mm:Q6P9Q3;Rn:D3ZG35	Dr:A2BF92	Ce:P34676;Dm:Q9VIM0;Dr:Q6DG46;Mm:Q7TMR0;Rn:D4AA31	-
Q9HCK0	Q9BRH9	57684	90987	ZBTB26	ZNF251	chromatin immunoprecipitation assay	27924024	Homo sapiens	GTRD	No	Mm:Q6P9Q3;Rn:D3ZG35	Dr:A2BF92	Mm:Q6PCX8;Rn:H7C5Y4	-
Q9HCK0	Q9Y399	57684	51116	ZBTB26	MRPS2	chromatin immunoprecipitation assay	27924024	Homo sapiens	GTRD	No	Mm:Q6P9Q3;Rn:D3ZG35	Dr:A2BF92	Ce:O17004;Dm:Q8MSS7;Dr:A0A0R4IYR7;Mm:Q924T2;Rn:D3ZY44	-
Q9HCK0	Q8N5Y8	57684	54956	ZBTB26	PARP16	chromatin immunoprecipitation assay	27924024	Homo sapiens	GTRD	No	Mm:Q6P9Q3;Rn:D3ZG35	Dr:A2BF92	Mm:Q7TMM8	Dr:Q6NX05;Rn:A0A0G2K6C5
Q9HCK0	P56385	57684	521	ZBTB26	ATP5ME	chromatin immunoprecipitation assay	27924024	Homo sapiens	GTRD	No	Mm:Q6P9Q3;Rn:D3ZG35	Dr:A2BF92	Dm:O77134;Dr:A2ARG7;Mm:Q06185;Rn:P29419	Dr:A7YY99
Q9HCK0	Q13885	57684	7280	ZBTB26	TUBB2A	chromatin immunoprecipitation assay	27924024	Homo sapiens	GTRD	No	Mm:Q6P9Q3;Rn:D3ZG35	Dr:A2BF92	Dr:F1QKY8	-
Q9HCK0	P18031	57684	5770	ZBTB26	PTPN1	chromatin immunoprecipitation assay	27924024	Homo sapiens	GTRD	No	Mm:Q6P9Q3;Rn:D3ZG35	Dr:A2BF92	Mm:P35821;Rn:P20417	Ce:G5EGA9
Q9HCK0	P08247	57684	6855	ZBTB26	SYP	chromatin immunoprecipitation assay	27924024	Homo sapiens	GTRD	No	Mm:Q6P9Q3;Rn:D3ZG35	Dr:A2BF92	Dr:B0S5B9;Dr:B0S6H6;Mm:Q62277;Rn:A0A0G2KAD8	-
Q9HCK0	Q9BSK2	57684	84275	ZBTB26	SLC25A33	chromatin immunoprecipitation assay	27924024	Homo sapiens	GTRD	No	Mm:Q6P9Q3;Rn:D3ZG35	Dr:A2BF92	Dr:Q6P036;Mm:Q3TZX3;Rn:B2RZ89	-
Q9HCK0	Q9NQT8	57684	23303	ZBTB26	KIF13B	chromatin immunoprecipitation assay	27924024	Homo sapiens	GTRD	No	Mm:Q6P9Q3;Rn:D3ZG35	Dr:A2BF92	Dr:X1WFZ0	Mm:E9Q4K7;Rn:A0A0G2K8Z9
Q9HCK0	Q16206	57684	10495	ZBTB26	ENOX2	chromatin immunoprecipitation assay	27924024	Homo sapiens	GTRD	No	Mm:Q6P9Q3;Rn:D3ZG35	Dr:A2BF92	Mm:Q8R0Z2;Rn:D3Z9Z5	Dr:A0A0R4ISI3
Q9HCK0	Q86YR7	57684	23101	ZBTB26	MCF2L2	chromatin immunoprecipitation assay	27924024	Homo sapiens	GTRD	No	Mm:Q6P9Q3;Rn:D3ZG35	Dr:A2BF92	-	-
Q9HCK0	P45844	57684	9619	ZBTB26	ABCG1	chromatin immunoprecipitation assay	27924024	Homo sapiens	GTRD	No	Mm:Q6P9Q3;Rn:D3ZG35	Dr:A2BF92	Mm:Q64343;Rn:G3V642	Dr:F1RDP4
Q9HCK0	Q9NVI1	57684	55215	ZBTB26	FANCI	chromatin immunoprecipitation assay	27924024	Homo sapiens	GTRD	No	Mm:Q6P9Q3;Rn:D3ZG35	Dr:A2BF92	Dm:A1Z7L1;Dr:F1R3B9;Mm:Q8K368;Rn:D3Z840	-
Q9HCK0	O15067	57684	5198	ZBTB26	PFAS	chromatin immunoprecipitation assay	27924024	Homo sapiens	GTRD	No	Mm:Q6P9Q3;Rn:D3ZG35	Dr:A2BF92	Ce:Q19311;Dm:P35421;Dr:Q5TZ72;Mm:Q5SUR0;Rn:A0A0G2JTN4;Sc:P38972	-
Q9HCK0	P42684	57684	27	ZBTB26	ABL2	chromatin immunoprecipitation assay	27924024	Homo sapiens	GTRD	No	Mm:Q6P9Q3;Rn:D3ZG35	Dr:A2BF92	Mm:F8VQH0;Rn:F1M0N1	-
Q9HCK0	O43405	57684	1690	ZBTB26	COCH	chromatin immunoprecipitation assay	27924024	Homo sapiens	GTRD	No	Mm:Q6P9Q3;Rn:D3ZG35	Dr:A2BF92	Mm:Q62507	Dr:B3DFV8;Rn:B1H259
Q9HCK0	Q9NXX6	57684	54780	ZBTB26	NSMCE4A	chromatin immunoprecipitation assay	27924024	Homo sapiens	GTRD	No	Mm:Q6P9Q3;Rn:D3ZG35	Dr:A2BF92	Dr:B8JMY3;Mm:G3XA30;Rn:D3Z9K8	-
Q9HCK0	Q8NCA5	57684	25940	ZBTB26	FAM98A	chromatin immunoprecipitation assay	27924024	Homo sapiens	GTRD	No	Mm:Q6P9Q3;Rn:D3ZG35	Dr:A2BF92	Dr:X1WEE6;Mm:Q3TJZ6;Rn:Q5FWT1	-
Q9HCK0	Q9NRW1	57684	51560	ZBTB26	RAB6B	chromatin immunoprecipitation assay	27924024	Homo sapiens	GTRD	No	Mm:Q6P9Q3;Rn:D3ZG35	Dr:A2BF92	Mm:P61294;Rn:A0A0G2JT78	Dr:F1RDG8
Q9HCK0	O14925	57684	100287932	ZBTB26	TIMM23	chromatin immunoprecipitation assay	27924024	Homo sapiens	GTRD	No	Mm:Q6P9Q3;Rn:D3ZG35	Dr:A2BF92	Ce:Q9XVQ2;Mm:Q9CXU4;Rn:Q5XIW0;Sc:P32897	-
Q9HCK0	Q6DN14	57684	79772	ZBTB26	MCTP1	chromatin immunoprecipitation assay	27924024	Homo sapiens	GTRD	No	Mm:Q6P9Q3;Rn:D3ZG35	Dr:A2BF92	-	Rn:A0A286YFH5
Q9HCK0	Q6ZQY2	57684	400891	ZBTB26	LRRC74B	chromatin immunoprecipitation assay	27924024	Homo sapiens	GTRD	No	Mm:Q6P9Q3;Rn:D3ZG35	Dr:A2BF92	Mm:Q14BP6	Dr:A0A0G2KJS1;Rn:M0R517
Q9HCK0	O95359	57684	10579	ZBTB26	TACC2	chromatin immunoprecipitation assay	27924024	Homo sapiens	GTRD	No	Mm:Q6P9Q3;Rn:D3ZG35	Dr:A2BF92	-	Mm:E9Q8T1;Rn:A0A0G2K598
Q9HCK0	Q9UL33	57684	51693	ZBTB26	TRAPPC2L	chromatin immunoprecipitation assay	27924024	Homo sapiens	GTRD	No	Mm:Q6P9Q3;Rn:D3ZG35	Dr:A2BF92	Ce:G4SNB8;Dm:A1Z8I0;Mm:Q9JME7;Rn:B2RYU6	Dr:A0A2R8S035
Q9HCK0	Q86X27	57684	55103	ZBTB26	RALGPS2	chromatin immunoprecipitation assay	27924024	Homo sapiens	GTRD	No	Mm:Q6P9Q3;Rn:D3ZG35	Dr:A2BF92	Dr:F1REU9;Mm:Q9ERD6	Rn:A0A0G2JTI5
Q9HCK0	Q3KQV9	57684	91373	ZBTB26	UAP1L1	chromatin immunoprecipitation assay	27924024	Homo sapiens	GTRD	No	Mm:Q6P9Q3;Rn:D3ZG35	Dr:A2BF92	Dr:F1R7J0;Mm:Q3TW96;Rn:B5DEH4	-
Q9HCK0	Q9Y5K6	57684	23607	ZBTB26	CD2AP	chromatin immunoprecipitation assay	27924024	Homo sapiens	GTRD	No	Mm:Q6P9Q3;Rn:D3ZG35	Dr:A2BF92	Ce:Q6A573;Mm:Q9JLQ0;Rn:F1LRS8	Dr:F1R1N9
Q9HCK0	Q8TBG4	57684	64850	ZBTB26	ETNPPL	chromatin immunoprecipitation assay	27924024	Homo sapiens	GTRD	No	Mm:Q6P9Q3;Rn:D3ZG35	Dr:A2BF92	Dm:Q9VU95;Mm:Q8BWU8;Rn:M0R7F6	Dr:Q7SY54
Q9HCK0	Q96C74	57684	83853	ZBTB26	ROPN1L	chromatin immunoprecipitation assay	27924024	Homo sapiens	GTRD	No	Mm:Q6P9Q3;Rn:D3ZG35	Dr:A2BF92	Dr:Q66IC9;Mm:Q9EQ00;Rn:D3ZJ62	-
Q9HCK0	P04844	57684	6185	ZBTB26	RPN2	chromatin immunoprecipitation assay	27924024	Homo sapiens	GTRD	No	Mm:Q6P9Q3;Rn:D3ZG35	Dr:A2BF92	Dm:Q7K110;Mm:Q9DBG6;Rn:P25235	Dr:A0A2R8Q108
Q9HCK0	O60942	57684	8732	ZBTB26	RNGTT	chromatin immunoprecipitation assay	27924024	Homo sapiens	GTRD	No	Mm:Q6P9Q3;Rn:D3ZG35	Dr:A2BF92	Ce:Q17607;Dm:Q9VY44;Dr:Q6NY98;Mm:O55236;Rn:D3ZH30	-
Q9HCK0	Q9P1Z0	57684	57659	ZBTB26	ZBTB4	chromatin immunoprecipitation assay	27924024	Homo sapiens	GTRD	No	Mm:Q6P9Q3;Rn:D3ZG35	Dr:A2BF92	Mm:Q5F293;Rn:D4A8X0	-
Q9HCK0	O43304	57684	9717	ZBTB26	SEC14L5	chromatin immunoprecipitation assay	27924024	Homo sapiens	GTRD	No	Mm:Q6P9Q3;Rn:D3ZG35	Dr:A2BF92	Mm:B2RXM5;Rn:D4A8B0	-
Q9HCK0	Q9NWX5	57684	140459	ZBTB26	ASB6	chromatin immunoprecipitation assay	27924024	Homo sapiens	GTRD	No	Mm:Q6P9Q3;Rn:D3ZG35	Dr:A2BF92	Dr:B0R1B6;Mm:Q91ZU1;Rn:Q6AYC9	-
Q9HCK0	Q2V2M9	57684	80206	ZBTB26	FHOD3	chromatin immunoprecipitation assay	27924024	Homo sapiens	GTRD	No	Mm:Q6P9Q3;Rn:D3ZG35	Dr:A2BF92	Mm:Q76LL6	Dr:F1R7D4;Rn:F1LRX2
Q9HCK0	Q96EF9	57684	100533106	ZBTB26	ZHX1-C8orf76	chromatin immunoprecipitation assay	27924024	Homo sapiens	GTRD	No	Mm:Q6P9Q3;Rn:D3ZG35	Dr:A2BF92	-	-
Q9HCK0	Q13683	57684	3679	ZBTB26	ITGA7	chromatin immunoprecipitation assay	27924024	Homo sapiens	GTRD	No	Mm:Q6P9Q3;Rn:D3ZG35	Dr:A2BF92	-	Mm:G3X9Q1;Rn:D4A051
Q9HCK0	Q9UBL9	57684	22953	ZBTB26	P2RX2	chromatin immunoprecipitation assay	27924024	Homo sapiens	GTRD	No	Mm:Q6P9Q3;Rn:D3ZG35	Dr:A2BF92	Mm:Q8K3P1	Dr:B0V352;Rn:A0A140TAH4
Q9HCK0	Q6ZRH7	57684	57828	ZBTB26	CATSPERG	chromatin immunoprecipitation assay	27924024	Homo sapiens	GTRD	No	Mm:Q6P9Q3;Rn:D3ZG35	Dr:A2BF92	Mm:E9Q355;Mm:C6KI89	Rn:A0A0G2K5S0
Q9HCK0	Q16619	57684	1489	ZBTB26	CTF1	chromatin immunoprecipitation assay	27924024	Homo sapiens	GTRD	No	Mm:Q6P9Q3;Rn:D3ZG35	Dr:A2BF92	Mm:Q60753;Rn:Q63086	-
Q9HCK0	Q96LJ7	57684	115817	ZBTB26	DHRS1	chromatin immunoprecipitation assay	27924024	Homo sapiens	GTRD	No	Mm:Q6P9Q3;Rn:D3ZG35	Dr:A2BF92	Ce:Q9N538;Dr:Q6GQN9;Mm:Q99L04;Rn:Q6AXY8	Ce:O16764
Q9HCK0	O95996	57684	10297	ZBTB26	APC2	chromatin immunoprecipitation assay	27924024	Homo sapiens	GTRD	No	Mm:Q6P9Q3;Rn:D3ZG35	Dr:A2BF92	Mm:G5E832;Rn:A0A0G2JZW4	Dr:E7F064
Q9HCK0	P62318	57684	6634	ZBTB26	SNRPD3	chromatin immunoprecipitation assay	27924024	Homo sapiens	GTRD	No	Mm:Q6P9Q3;Rn:D3ZG35	Dr:A2BF92	-	-
Q9HCK0	Q9NZJ4	57684	26278	ZBTB26	SACS	chromatin immunoprecipitation assay	27924024	Homo sapiens	GTRD	No	Mm:Q6P9Q3;Rn:D3ZG35	Dr:A2BF92	Rn:D4A1D3	Mm:E9QNY8
Q9HCK0	Q9UI08	57684	51466	ZBTB26	EVL	chromatin immunoprecipitation assay	27924024	Homo sapiens	GTRD	No	Mm:Q6P9Q3;Rn:D3ZG35	Dr:A2BF92	Dr:Q7SZN7;Mm:P70429;Rn:O08719	-
Q9HCK0	Q13459	57684	4650	ZBTB26	MYO9B	chromatin immunoprecipitation assay	27924024	Homo sapiens	GTRD	No	Mm:Q6P9Q3;Rn:D3ZG35	Dr:A2BF92	-	-
Q9HCK0	Q5VSY0	57684	80318	ZBTB26	GKAP1	chromatin immunoprecipitation assay	27924024	Homo sapiens	GTRD	No	Mm:Q6P9Q3;Rn:D3ZG35	Dr:A2BF92	Dr:Q6NWC9;Mm:Q9JMB0;Rn:Q5XIG5	-
Q9HCK0	O60841	57684	9669	ZBTB26	EIF5B	chromatin immunoprecipitation assay	27924024	Homo sapiens	GTRD	No	Mm:Q6P9Q3;Rn:D3ZG35	Dr:A2BF92	Ce:G5EGT7;Mm:Q05D44;Sc:P39730	Dm:M9NFL1;Rn:M0R7Z0;Rn:A0A0H2UHV4
Q9HCK0	O43818	57684	9136	ZBTB26	RRP9	chromatin immunoprecipitation assay	27924024	Homo sapiens	GTRD	No	Mm:Q6P9Q3;Rn:D3ZG35	Dr:A2BF92	Dm:Q8MSW9;Dr:F1R3Q7;Mm:Q91WM3;Rn:B0BND5;Sc:Q06506	-
Q9HCK0	Q96DF8	57684	8220	ZBTB26	ESS2	chromatin immunoprecipitation assay	27924024	Homo sapiens	GTRD	No	Mm:Q6P9Q3;Rn:D3ZG35	Dr:A2BF92	Ce:P34420;Dm:O44424;Mm:Q3UFM6;Rn:Q5EB95	Dr:F1QAX0
Q9HCK0	Q6UWN5	57684	284348	ZBTB26	LYPD5	chromatin immunoprecipitation assay	27924024	Homo sapiens	GTRD	No	Mm:Q6P9Q3;Rn:D3ZG35	Dr:A2BF92	Mm:Q9D7Z7	Rn:D4A9M5
Q9HCK0	O95157	57684	11248	ZBTB26	NXPH3	chromatin immunoprecipitation assay	27924024	Homo sapiens	GTRD	No	Mm:Q6P9Q3;Rn:D3ZG35	Dr:A2BF92	Mm:Q91VX5;Rn:B2GVB5	-
Q9HCK0	Q04323	57684	51035	ZBTB26	UBXN1	chromatin immunoprecipitation assay	27924024	Homo sapiens	GTRD	No	Mm:Q6P9Q3;Rn:D3ZG35	Dr:A2BF92	Ce:Q9TXH9;Dm:Q9VSC5;Dr:F1QTX4;Mm:Q922Y1;Rn:Q499N6	-
Q9HCK0	Q9UJS0	57684	10165	ZBTB26	SLC25A13	chromatin immunoprecipitation assay	27924024	Homo sapiens	GTRD	No	Mm:Q6P9Q3;Rn:D3ZG35	Dr:A2BF92	Mm:Q9QXX4;Rn:F1LZW6	Dr:A0A0R4IAY5
Q9HCK0	Q9BVL4	57684	83642	ZBTB26	SELENOO	chromatin immunoprecipitation assay	27924024	Homo sapiens	GTRD	No	Mm:Q6P9Q3;Rn:D3ZG35	Dr:A2BF92	Dr:T1ECT3;Mm:Q9DBC0;Rn:A0A0G2K1N9	-
Q9HCK0	Q05BQ5	57684	54799	ZBTB26	MBTD1	chromatin immunoprecipitation assay	27924024	Homo sapiens	GTRD	No	Mm:Q6P9Q3;Rn:D3ZG35	Dr:A2BF92	Mm:Q6P5G3	Dr:A0A0R4IVS9;Rn:M0R9N9
Q9HCK0	Q86V25	57684	79805	ZBTB26	VASH2	chromatin immunoprecipitation assay	27924024	Homo sapiens	GTRD	No	Mm:Q6P9Q3;Rn:D3ZG35	Dr:A2BF92	Mm:Q8C5G2	Dr:U3JAF6
Q9HCK0	O15379	57684	8841	ZBTB26	HDAC3	chromatin immunoprecipitation assay	27924024	Homo sapiens	GTRD	No	Mm:Q6P9Q3;Rn:D3ZG35	Dr:A2BF92	Dm:Q7KTS4;Sc:P53096	Mm:Q3UM33;Rn:A0A0G2K1C8
Q9HCK0	Q9UHP6	57684	27156	ZBTB26	RSPH14	chromatin immunoprecipitation assay	27924024	Homo sapiens	GTRD	No	Mm:Q6P9Q3;Rn:D3ZG35	Dr:A2BF92	Mm:Q9D3W1;Rn:A0A0G2K0V7	Dr:B8JJ19
Q9HCK0	P61077	57684	7323	ZBTB26	UBE2D3	chromatin immunoprecipitation assay	27924024	Homo sapiens	GTRD	No	Mm:Q6P9Q3;Rn:D3ZG35	Dr:A2BF92	Dr:A9JRT4	Mm:A0A0G2JGL0
Q9HCK0	Q96A72	57684	55110	ZBTB26	MAGOHB	chromatin immunoprecipitation assay	27924024	Homo sapiens	GTRD	No	Mm:Q6P9Q3;Rn:D3ZG35	Dr:A2BF92	-	-
Q9HCK0	Q96AW1	57684	81552	ZBTB26	VOPP1	chromatin immunoprecipitation assay	27924024	Homo sapiens	GTRD	No	Mm:Q6P9Q3;Rn:D3ZG35	Dr:A2BF92	Dr:E7F4X8;Mm:Q8R1C3;Rn:B5DEK8	-
Q9HCK0	Q9H9E3	57684	25839	ZBTB26	COG4	chromatin immunoprecipitation assay	27924024	Homo sapiens	GTRD	No	Mm:Q6P9Q3;Rn:D3ZG35	Dr:A2BF92	-	-
Q9HCK0	Q5T280	57684	51490	ZBTB26	SPOUT1	chromatin immunoprecipitation assay	27924024	Homo sapiens	GTRD	No	Mm:Q6P9Q3;Rn:D3ZG35	Dr:A2BF92	Ce:Q10950;Dm:A1Z830;Dr:Q66ID3;Mm:Q3UHX9;Rn:A0A0G2QC59	-
Q9HCK0	Q9Y5Z9	57684	29914	ZBTB26	UBIAD1	chromatin immunoprecipitation assay	27924024	Homo sapiens	GTRD	No	Mm:Q6P9Q3;Rn:D3ZG35	Dr:A2BF92	Dm:Q9V3R8;Dr:E7FB98;Mm:Q9DC60;Rn:D3ZG27	-
Q9HCK0	Q8TB68	57684	80758	ZBTB26	PRR7	chromatin immunoprecipitation assay	27924024	Homo sapiens	GTRD	No	Mm:Q6P9Q3;Rn:D3ZG35	Dr:A2BF92	Dr:E7EXZ8;Mm:Q3V0I2;Rn:P0C6T3	-
Q9HCK0	Q04837	57684	6742	ZBTB26	SSBP1	chromatin immunoprecipitation assay	27924024	Homo sapiens	GTRD	No	Mm:Q6P9Q3;Rn:D3ZG35	Dr:A2BF92	Dm:P54622;Dr:B8A5I7;Rn:G3V7K6	Mm:Q8R2K3
Q9HCK0	Q53HV7	57684	23583	ZBTB26	SMUG1	chromatin immunoprecipitation assay	27924024	Homo sapiens	GTRD	No	Mm:Q6P9Q3;Rn:D3ZG35	Dr:A2BF92	Dm:Q9VEM1;Mm:Q6P5C5	Rn:Q811Q1
Q9HCK0	P82914	57684	64960	ZBTB26	MRPS15	chromatin immunoprecipitation assay	27924024	Homo sapiens	GTRD	No	Mm:Q6P9Q3;Rn:D3ZG35	Dr:A2BF92	Mm:Q9DC71;Rn:Q5XI37	Dr:Q6DGL8
Q9HCK0	Q9H1A4	57684	64682	ZBTB26	ANAPC1	chromatin immunoprecipitation assay	27924024	Homo sapiens	GTRD	No	Mm:Q6P9Q3;Rn:D3ZG35	Dr:A2BF92	Dm:Q9VXV3;Dr:A0A2R8QA59;Mm:P53995;Rn:F1M801	-
Q9HCK0	B2CW77	57684	100144748	ZBTB26	KLLN	chromatin immunoprecipitation assay	27924024	Homo sapiens	GTRD	No	Mm:Q6P9Q3;Rn:D3ZG35	Dr:A2BF92	-	-
Q9HCK0	Q719H9	57684	284252	ZBTB26	KCTD1	chromatin immunoprecipitation assay	27924024	Homo sapiens	GTRD	No	Mm:Q6P9Q3;Rn:D3ZG35	Dr:A2BF92	-	-
Q9HCK0	Q9UGP5	57684	27343	ZBTB26	POLL	chromatin immunoprecipitation assay	27924024	Homo sapiens	GTRD	No	Mm:Q6P9Q3;Rn:D3ZG35	Dr:A2BF92	Dr:B8JIE9;Mm:Q9QXE2;Rn:Q5RKI3	-
Q9HCK0	Q13257	57684	4085	ZBTB26	MAD2L1	chromatin immunoprecipitation assay	27924024	Homo sapiens	GTRD	No	Mm:Q6P9Q3;Rn:D3ZG35	Dr:A2BF92	Ce:Q9NGT3;Dm:Q9VRQ2;Mm:Q9Z1B5;Rn:D4ACM2;Sc:P40958	Dr:F1QHN1
Q9HCK0	P08581	57684	4233	ZBTB26	MET	chromatin immunoprecipitation assay	27924024	Homo sapiens	GTRD	No	Mm:Q6P9Q3;Rn:D3ZG35	Dr:A2BF92	Dr:F1QLR7;Mm:F8VQL0	Rn:A0A0G2JY19
Q9HCK0	Q86WA9	57684	284129	ZBTB26	SLC26A11	chromatin immunoprecipitation assay	27924024	Homo sapiens	GTRD	No	Mm:Q6P9Q3;Rn:D3ZG35	Dr:A2BF92	Dm:Q7K4I4;Dr:B0V3V8;Mm:Q80ZD3;Rn:F1M067	Dm:Q9VAC2
Q9HCK0	Q6ZWL3	57684	285440	ZBTB26	CYP4V2	chromatin immunoprecipitation assay	27924024	Homo sapiens	GTRD	No	Mm:Q6P9Q3;Rn:D3ZG35	Dr:A2BF92	Ce:G5EGT6;Dm:Q9VA27;Dr:A0JMQ6;Mm:Q9DBW0;Rn:A2RRT9	Dr:A0JMN1
Q9HCK0	Q6ICH7	57684	57168	ZBTB26	ASPHD2	chromatin immunoprecipitation assay	27924024	Homo sapiens	GTRD	No	Mm:Q6P9Q3;Rn:D3ZG35	Dr:A2BF92	Dr:A0JMH0;Mm:Q80VP9;Rn:Q5HZW3	-
Q9HCK0	O14521	57684	6392	ZBTB26	SDHD	chromatin immunoprecipitation assay	27924024	Homo sapiens	GTRD	No	Mm:Q6P9Q3;Rn:D3ZG35	Dr:A2BF92	Ce:O62215	Dr:Q68FN7;Dr:Q6DGM2
Q9HCK0	P62854	57684	6231	ZBTB26	RPS26	chromatin immunoprecipitation assay	27924024	Homo sapiens	GTRD	No	Mm:Q6P9Q3;Rn:D3ZG35	Dr:A2BF92	Ce:O45499;Dm:P13008;Mm:P62855;Sc:P39939;Sc:P39938	Dr:Q6P6E2;Dr:F1QHJ1;Rn:D3Z8D7
Q9HCK0	Q96BF6	57684	138151	ZBTB26	NACC2	chromatin immunoprecipitation assay	27924024	Homo sapiens	GTRD	No	Mm:Q6P9Q3;Rn:D3ZG35	Dr:A2BF92	Mm:Q9DCM7;Rn:G3V8D3	-
Q9HCK0	Q9H4S2	57684	219409	ZBTB26	GSX1	chromatin immunoprecipitation assay	27924024	Homo sapiens	GTRD	No	Mm:Q6P9Q3;Rn:D3ZG35	Dr:A2BF92	Dr:Q5QHS3;Mm:P31315;Rn:G3V634	-
Q9HCK0	Q9NVG8	57684	54662	ZBTB26	TBC1D13	chromatin immunoprecipitation assay	27924024	Homo sapiens	GTRD	No	Mm:Q6P9Q3;Rn:D3ZG35	Dr:A2BF92	Dm:Q9VSM8;Mm:Q8R3D1;Rn:D4AEG7	-
Q9HCK0	Q8N2H9	57684	246330	ZBTB26	PELI3	chromatin immunoprecipitation assay	27924024	Homo sapiens	GTRD	No	Mm:Q6P9Q3;Rn:D3ZG35	Dr:A2BF92	Dr:E7F7M5;Mm:A0A0R4J057;Rn:B1WBX1	-
Q9HCK0	O94813	57684	9353	ZBTB26	SLIT2	chromatin immunoprecipitation assay	27924024	Homo sapiens	GTRD	No	Mm:Q6P9Q3;Rn:D3ZG35	Dr:A2BF92	Rn:F1MA79	Dr:F1QQE4;Mm:A0A140T8T2
Q9HCK0	P35555	57684	2200	ZBTB26	FBN1	chromatin immunoprecipitation assay	27924024	Homo sapiens	GTRD	No	Mm:Q6P9Q3;Rn:D3ZG35	Dr:A2BF92	Mm:Q61554;Rn:G3V9M6	-
Q9HCK0	Q9UQF2	57684	9479	ZBTB26	MAPK8IP1	chromatin immunoprecipitation assay	27924024	Homo sapiens	GTRD	No	Mm:Q6P9Q3;Rn:D3ZG35	Dr:A2BF92	Mm:Q9WVI9;Rn:Q9R237	-
Q9HCK0	Q9C029	57684	81786	ZBTB26	TRIM7	chromatin immunoprecipitation assay	27924024	Homo sapiens	GTRD	No	Mm:Q6P9Q3;Rn:D3ZG35	Dr:A2BF92	Mm:Q923T7;Rn:D3ZNJ9	-
Q9HCK0	Q6P1N9	57684	83940	ZBTB26	TATDN1	chromatin immunoprecipitation assay	27924024	Homo sapiens	GTRD	No	Mm:Q6P9Q3;Rn:D3ZG35	Dr:A2BF92	Dm:Q7JUN9;Mm:Q6P8M1;Sc:P34220	Rn:M0R6T1
Q9HCK0	Q6P6C2	57684	54890	ZBTB26	ALKBH5	chromatin immunoprecipitation assay	27924024	Homo sapiens	GTRD	No	Mm:Q6P9Q3;Rn:D3ZG35	Dr:A2BF92	Dr:Q08BA6;Mm:Q3TSG4;Rn:D3ZKD3	-
Q9HCK0	Q9BSL1	57684	10422	ZBTB26	UBAC1	chromatin immunoprecipitation assay	27924024	Homo sapiens	GTRD	No	Mm:Q6P9Q3;Rn:D3ZG35	Dr:A2BF92	Dr:A9JTG7;Mm:Q8VDI7;Rn:Q5XIR9	Dm:A1ZBP3
Q9HCK0	P21854	57684	971	ZBTB26	CD72	chromatin immunoprecipitation assay	27924024	Homo sapiens	GTRD	No	Mm:Q6P9Q3;Rn:D3ZG35	Dr:A2BF92	Mm:P21855	Rn:Q5BK59
Q9HCK0	Q8IX01	57684	10147	ZBTB26	SUGP2	chromatin immunoprecipitation assay	27924024	Homo sapiens	GTRD	No	Mm:Q6P9Q3;Rn:D3ZG35	Dr:A2BF92	Mm:Q8CH09;Rn:D3ZJH2	-
Q9HCK0	Q86Y37	57684	143384	ZBTB26	CACUL1	chromatin immunoprecipitation assay	27924024	Homo sapiens	GTRD	No	Mm:Q6P9Q3;Rn:D3ZG35	Dr:A2BF92	Mm:Q8R0X2	Rn:A0A0G2K1Y0
Q9HCK0	Q86YS6	57684	339122	ZBTB26	RAB43	chromatin immunoprecipitation assay	27924024	Homo sapiens	GTRD	No	Mm:Q6P9Q3;Rn:D3ZG35	Dr:A2BF92	Dm:O18339;Mm:Q8CG50;Rn:Q53B90	Ce:I7FN72;Dr:Q0P3V5
Q9HCK0	Q86SR1	57684	55568	ZBTB26	GALNT10	chromatin immunoprecipitation assay	27924024	Homo sapiens	GTRD	No	Mm:Q6P9Q3;Rn:D3ZG35	Dr:A2BF92	Mm:Q6P9S7;Rn:Q925R7	Dr:A0A0G2KK98
Q9HCK0	Q96HJ3	57684	91057	ZBTB26	CCDC34	chromatin immunoprecipitation assay	27924024	Homo sapiens	GTRD	No	Mm:Q6P9Q3;Rn:D3ZG35	Dr:A2BF92	Dr:A0A0R4IV07;Mm:Q3UI66	-
Q9HCK0	Q6URK8	57684	374739	ZBTB26	TEPP	chromatin immunoprecipitation assay	27924024	Homo sapiens	GTRD	No	Mm:Q6P9Q3;Rn:D3ZG35	Dr:A2BF92	Mm:Q6IMH0;Rn:Q6IMG9	-
Q9HCK0	Q15075	57684	8411	ZBTB26	EEA1	chromatin immunoprecipitation assay	27924024	Homo sapiens	GTRD	No	Mm:Q6P9Q3;Rn:D3ZG35	Dr:A2BF92	Ce:G5ED80;Mm:Q8BL66;Rn:A0A0G2K051	-
Q9HCK0	Q5T0D9	57684	127262	ZBTB26	TPRG1L	chromatin immunoprecipitation assay	27924024	Homo sapiens	GTRD	No	Mm:Q6P9Q3;Rn:D3ZG35	Dr:A2BF92	Dr:B8A4V5;Mm:Q9DBS2;Rn:A8WCF8	-
Q9HCK0	Q8N2K1	57684	118424	ZBTB26	UBE2J2	chromatin immunoprecipitation assay	27924024	Homo sapiens	GTRD	No	Mm:Q6P9Q3;Rn:D3ZG35	Dr:A2BF92	Mm:Q6P073;Rn:A0A0G2K8C5	-
Q9HCK0	Q9BQI7	57684	84249	ZBTB26	PSD2	chromatin immunoprecipitation assay	27924024	Homo sapiens	GTRD	No	Mm:Q6P9Q3;Rn:D3ZG35	Dr:A2BF92	Mm:Q6P1I6;Rn:D4ACB6	-
Q9HCK0	O43414	57684	79033	ZBTB26	ERI3	chromatin immunoprecipitation assay	27924024	Homo sapiens	GTRD	No	Mm:Q6P9Q3;Rn:D3ZG35	Dr:A2BF92	Ce:Q94285	-
Q9HCK0	Q9NR81	57684	50650	ZBTB26	ARHGEF3	chromatin immunoprecipitation assay	27924024	Homo sapiens	GTRD	No	Mm:Q6P9Q3;Rn:D3ZG35	Dr:A2BF92	Mm:Q91X46;Rn:A0A0G2JYL3	-
Q9HCK0	Q9UL42	57684	10687	ZBTB26	PNMA2	chromatin immunoprecipitation assay	27924024	Homo sapiens	GTRD	No	Mm:Q6P9Q3;Rn:D3ZG35	Dr:A2BF92	Mm:Q8BHK0;Rn:D4A068	-
Q9HCK0	Q53EV4	57684	10233	ZBTB26	LRRC23	chromatin immunoprecipitation assay	27924024	Homo sapiens	GTRD	No	Mm:Q6P9Q3;Rn:D3ZG35	Dr:A2BF92	Mm:O35125	Rn:G3V9K7
Q9HCK0	Q9HCJ3	57684	55225	ZBTB26	RAVER2	chromatin immunoprecipitation assay	27924024	Homo sapiens	GTRD	No	Mm:Q6P9Q3;Rn:D3ZG35	Dr:A2BF92	Dr:F1QAP4;Mm:Q7TPD6;Rn:D3ZD78	-
Q9HCK0	Q68CP4	57684	138050	ZBTB26	HGSNAT	chromatin immunoprecipitation assay	27924024	Homo sapiens	GTRD	No	Mm:Q6P9Q3;Rn:D3ZG35	Dr:A2BF92	Dm:Q9W4F7;Dr:F1Q893;Mm:Q3UDW8	-
Q9HCK0	Q9H4B6	57684	60485	ZBTB26	SAV1	chromatin immunoprecipitation assay	27924024	Homo sapiens	GTRD	No	Mm:Q6P9Q3;Rn:D3ZG35	Dr:A2BF92	Mm:Q8VEB2;Rn:A4V8B4	-
Q9HCK0	P49792	57684	5903	ZBTB26	RANBP2	chromatin immunoprecipitation assay	27924024	Homo sapiens	GTRD	No	Mm:Q6P9Q3;Rn:D3ZG35	Dr:A2BF92	Dm:A0A0B4K7J2	-
Q9HCK0	Q8IW00	57684	196740	ZBTB26	VSTM4	chromatin immunoprecipitation assay	27924024	Homo sapiens	GTRD	No	Mm:Q6P9Q3;Rn:D3ZG35	Dr:A2BF92	Mm:T1NXB5;Rn:Q4QQR8	Dr:B8A473
Q9HCK0	Q8NFT2	57684	261729	ZBTB26	STEAP2	chromatin immunoprecipitation assay	27924024	Homo sapiens	GTRD	No	Mm:Q6P9Q3;Rn:D3ZG35	Dr:A2BF92	Dr:E7FFL9;Mm:Q8BWB6;Rn:D4A6H3	-
Q9HCK0	Q13569	57684	6996	ZBTB26	TDG	chromatin immunoprecipitation assay	27924024	Homo sapiens	GTRD	No	Mm:Q6P9Q3;Rn:D3ZG35	Dr:A2BF92	Mm:P56581;Rn:A0A096MIY3	-
Q9HCK0	Q96CX2	57684	115207	ZBTB26	KCTD12	chromatin immunoprecipitation assay	27924024	Homo sapiens	GTRD	No	Mm:Q6P9Q3;Rn:D3ZG35	Dr:A2BF92	Dm:Q9VDH3;Dr:Q804Q4;Mm:A0A0R4J2B2	-
Q9HCK0	O43313	57684	23300	ZBTB26	ATMIN	chromatin immunoprecipitation assay	27924024	Homo sapiens	GTRD	No	Mm:Q6P9Q3;Rn:D3ZG35	Dr:A2BF92	Dr:A5WW46;Mm:Q6P9S1	Rn:A0A0G2K752
Q9HCK0	Q9NWY4	57684	54969	ZBTB26	HPF1	chromatin immunoprecipitation assay	27924024	Homo sapiens	GTRD	No	Mm:Q6P9Q3;Rn:D3ZG35	Dr:A2BF92	Dm:Q9VNI3;Dr:F1QKJ8;Mm:Q8CFE2;Rn:D3ZMN2	-
Q9HCK0	P00813	57684	100	ZBTB26	ADA	chromatin immunoprecipitation assay	27924024	Homo sapiens	GTRD	No	Mm:Q6P9Q3;Rn:D3ZG35	Dr:A2BF92	Mm:P03958;Rn:Q920P6;Sc:P53909	Dr:F1RA33
Q9HCK0	P56192	57684	4141	ZBTB26	MARS1	chromatin immunoprecipitation assay	27924024	Homo sapiens	GTRD	No	Mm:Q6P9Q3;Rn:D3ZG35	Dr:A2BF92	Ce:Q20970;Dm:A1ZBE9;Mm:Q68FL6;Rn:D3Z941;Sc:P00958	Dr:F1QVW1
Q9HCK0	Q4LEZ3	57684	441376	ZBTB26	AARD	chromatin immunoprecipitation assay	27924024	Homo sapiens	GTRD	No	Mm:Q6P9Q3;Rn:D3ZG35	Dr:A2BF92	Mm:Q811W1	Rn:Q91ZF7
Q9HCK0	O95267	57684	10125	ZBTB26	RASGRP1	chromatin immunoprecipitation assay	27924024	Homo sapiens	GTRD	No	Mm:Q6P9Q3;Rn:D3ZG35	Dr:A2BF92	Mm:Q9Z1S3	Rn:Q9R1K8
Q9HCK0	Q9UK41	57684	51160	ZBTB26	VPS28	chromatin immunoprecipitation assay	27924024	Homo sapiens	GTRD	No	Mm:Q6P9Q3;Rn:D3ZG35	Dr:A2BF92	Ce:Q9NA26;Dm:Q9V359;Mm:Q9D1C8;Rn:A0A0H2UHM0;Sc:Q02767	Dr:Q6PH25
Q9HCK0	P50747	57684	3141	ZBTB26	HLCS	chromatin immunoprecipitation assay	27924024	Homo sapiens	GTRD	No	Mm:Q6P9Q3;Rn:D3ZG35	Dr:A2BF92	Mm:Q920N2;Rn:D4AA38	-
Q9HCK0	Q6BDI9	57684	387849	ZBTB26	REP15	chromatin immunoprecipitation assay	27924024	Homo sapiens	GTRD	No	Mm:Q6P9Q3;Rn:D3ZG35	Dr:A2BF92	Mm:Q9D7T1;Rn:D4A9Z9	-
Q9HCK0	Q6ZRI6	57684	56905	ZBTB26	C15orf39	chromatin immunoprecipitation assay	27924024	Homo sapiens	GTRD	No	Mm:Q6P9Q3;Rn:D3ZG35	Dr:A2BF92	Mm:Q3TEI4;Rn:D4A2S6	-
Q9HCK0	P04629	57684	4914	ZBTB26	NTRK1	chromatin immunoprecipitation assay	27924024	Homo sapiens	GTRD	No	Mm:Q6P9Q3;Rn:D3ZG35	Dr:A2BF92	Mm:Q3UFB7;Rn:P35739	Dr:F1QB19
Q9HCK0	Q4W5G0	57684	166815	ZBTB26	TIGD2	chromatin immunoprecipitation assay	27924024	Homo sapiens	GTRD	No	Mm:Q6P9Q3;Rn:D3ZG35	Dr:A2BF92	Mm:Q0VBL1;Rn:F1LVC4	-
Q9HCK0	Q9UIQ6	57684	4012	ZBTB26	LNPEP	chromatin immunoprecipitation assay	27924024	Homo sapiens	GTRD	No	Mm:Q6P9Q3;Rn:D3ZG35	Dr:A2BF92	Ce:Q9XVV9;Mm:Q8C129	Rn:A0A0G2JUW8
Q9HCK0	Q9UI17	57684	29958	ZBTB26	DMGDH	chromatin immunoprecipitation assay	27924024	Homo sapiens	GTRD	No	Mm:Q6P9Q3;Rn:D3ZG35	Dr:A2BF92	Mm:Q9DBT9	Ce:Q6AW03;Rn:A0A0G2K9Y2
Q9HCK0	Q96HY6	57684	65992	ZBTB26	DDRGK1	chromatin immunoprecipitation assay	27924024	Homo sapiens	GTRD	No	Mm:Q6P9Q3;Rn:D3ZG35	Dr:A2BF92	Mm:Q80WW9	Rn:D3ZAS9
Q9HCK0	Q8NAB2	57684	143879	ZBTB26	KBTBD3	chromatin immunoprecipitation assay	27924024	Homo sapiens	GTRD	No	Mm:Q6P9Q3;Rn:D3ZG35	Dr:A2BF92	Mm:Q8BHI4	Dr:X1WEX5;Rn:D4A7F5
Q9HCK0	P55211	57684	842	ZBTB26	CASP9	chromatin immunoprecipitation assay	27924024	Homo sapiens	GTRD	No	Mm:Q6P9Q3;Rn:D3ZG35	Dr:A2BF92	Dr:F1QSB1;Mm:Q8C3Q9;Rn:Q9JHK1	-
Q9HCK0	O14732	57684	3613	ZBTB26	IMPA2	chromatin immunoprecipitation assay	27924024	Homo sapiens	GTRD	No	Mm:Q6P9Q3;Rn:D3ZG35	Dr:A2BF92	Dr:Q503S9;Mm:Q91UZ5;Rn:Q8CIN7	-
Q9HCK0	Q9H6T3	57684	79657	ZBTB26	RPAP3	chromatin immunoprecipitation assay	27924024	Homo sapiens	GTRD	No	Mm:Q6P9Q3;Rn:D3ZG35	Dr:A2BF92	Dm:Q9V3E9;Dr:F1R498;Mm:Q9D706;Rn:Q68FQ7	-
Q9HCK0	O95166	57684	11337	ZBTB26	GABARAP	chromatin immunoprecipitation assay	27924024	Homo sapiens	GTRD	No	Mm:Q6P9Q3;Rn:D3ZG35	Dr:A2BF92	Ce:Q09490;Dm:Q9W2S2;Dr:Q6PSS4;Dr:F1QY33;Mm:Q9DCD6;Rn:P60517	-
Q9HCK0	Q8NCQ7	57684	147011	ZBTB26	PROCA1	chromatin immunoprecipitation assay	27924024	Homo sapiens	GTRD	No	Mm:Q6P9Q3;Rn:D3ZG35	Dr:A2BF92	Mm:B0QZF7;Rn:Q4V7B4	-
Q9HCK0	Q9NXH9	57684	55621	ZBTB26	TRMT1	chromatin immunoprecipitation assay	27924024	Homo sapiens	GTRD	No	Mm:Q6P9Q3;Rn:D3ZG35	Dr:A2BF92	Ce:Q23270;Dm:Q9VK89;Dr:F1QGD9;Mm:A0A0R4IZW7;Rn:A0A140UHW6;Sc:P15565	-
Q9HCK0	Q9NRG4	57684	56950	ZBTB26	SMYD2	chromatin immunoprecipitation assay	27924024	Homo sapiens	GTRD	No	Mm:Q6P9Q3;Rn:D3ZG35	Dr:A2BF92	Ce:Q23084;Dr:F1QAG3;Mm:Q8R5A0;Rn:Q7M6Z3	-
Q9HCK0	Q7Z5J4	57684	10743	ZBTB26	RAI1	chromatin immunoprecipitation assay	27924024	Homo sapiens	GTRD	No	Mm:Q6P9Q3;Rn:D3ZG35	Dr:A2BF92	Mm:Q61818;Rn:A0A0G2K4G0	Dr:E7F726
Q9HCK0	Q9ULC5	57684	51703	ZBTB26	ACSL5	chromatin immunoprecipitation assay	27924024	Homo sapiens	GTRD	No	Mm:Q6P9Q3;Rn:D3ZG35	Dr:A2BF92	Dr:F1RAK0;Mm:Q8JZR0;Rn:F1LPB3	-
Q9HCK0	P49590	57684	23438	ZBTB26	HARS2	chromatin immunoprecipitation assay	27924024	Homo sapiens	GTRD	No	Mm:Q6P9Q3;Rn:D3ZG35	Dr:A2BF92	Mm:Q99KK9;Rn:F1M9C9	-
Q9HCK0	Q16527	57684	1466	ZBTB26	CSRP2	chromatin immunoprecipitation assay	27924024	Homo sapiens	GTRD	No	Mm:Q6P9Q3;Rn:D3ZG35	Dr:A2BF92	-	-
Q9HCK0	Q86VS3	57684	64799	ZBTB26	IQCH	chromatin immunoprecipitation assay	27924024	Homo sapiens	GTRD	No	Mm:Q6P9Q3;Rn:D3ZG35	Dr:A2BF92	Mm:Q9D2K4;Rn:A0A0G2K4U9	-
Q9HCK0	Q96KK5	57684	85235	ZBTB26	H2AC12	chromatin immunoprecipitation assay	27924024	Homo sapiens	GTRD	No	Mm:Q6P9Q3;Rn:D3ZG35	Dr:A2BF92	-	-
Q9HCK0	O14508	57684	8835	ZBTB26	SOCS2	chromatin immunoprecipitation assay	27924024	Homo sapiens	GTRD	No	Mm:Q6P9Q3;Rn:D3ZG35	Dr:A2BF92	Mm:O35717;Rn:A0A0H2UHH1	Dr:B0EVP5
Q9HCK0	Q9UBP0	57684	6683	ZBTB26	SPAST	chromatin immunoprecipitation assay	27924024	Homo sapiens	GTRD	No	Mm:Q6P9Q3;Rn:D3ZG35	Dr:A2BF92	Dm:Q8I0P1;Mm:Q9QYY8;Rn:B2RYN7	Dr:Q6NW58
Q9HCK0	Q13367	57684	8120	ZBTB26	AP3B2	chromatin immunoprecipitation assay	27924024	Homo sapiens	GTRD	No	Mm:Q6P9Q3;Rn:D3ZG35	Dr:A2BF92	-	-
Q9HCK0	P61086	57684	3093	ZBTB26	UBE2K	chromatin immunoprecipitation assay	27924024	Homo sapiens	GTRD	No	Mm:Q6P9Q3;Rn:D3ZG35	Dr:A2BF92	Ce:Q9TZ69;Ce:P52484;Dm:P52486;Dr:Q5PR60;Mm:P61087;Rn:D3ZXS8;Sc:P21734	-
Q9HCK0	Q8NFC6	57684	259282	ZBTB26	BOD1L1	chromatin immunoprecipitation assay	27924024	Homo sapiens	GTRD	No	Mm:Q6P9Q3;Rn:D3ZG35	Dr:A2BF92	Mm:E9Q6J5;Rn:M0RC54	-
Q9HCK0	P49366	57684	1725	ZBTB26	DHPS	chromatin immunoprecipitation assay	27924024	Homo sapiens	GTRD	No	Mm:Q6P9Q3;Rn:D3ZG35	Dr:A2BF92	Ce:Q9XXJ0;Dm:Q9VSF4;Dr:Q6NYK1;Mm:Q3TXU5;Rn:Q6AY53;Sc:P38791	-
Q9HCK0	Q13490	57684	329	ZBTB26	BIRC2	chromatin immunoprecipitation assay	27924024	Homo sapiens	GTRD	No	Mm:Q6P9Q3;Rn:D3ZG35	Dr:A2BF92	Dm:Q24306;Mm:Q62210;Rn:Q6P6S1	-
Q9HCK0	P52565	57684	396	ZBTB26	ARHGDIA	chromatin immunoprecipitation assay	27924024	Homo sapiens	GTRD	No	Mm:Q6P9Q3;Rn:D3ZG35	Dr:A2BF92	Mm:Q99PT1;Rn:Q5XI73	Dr:Q6P3J2
Q9HCK0	J3QW42	57684	-	ZBTB26	-	chromatin immunoprecipitation assay	27924024	Homo sapiens	GTRD	No	Mm:Q6P9Q3;Rn:D3ZG35	Dr:A2BF92	-	-
Q9HCK0	P25490	57684	7528	ZBTB26	YY1	chromatin immunoprecipitation assay	27924024	Homo sapiens	GTRD	No	Mm:Q6P9Q3;Rn:D3ZG35	Dr:A2BF92	Mm:Q00899;Rn:Q8CHJ4	-
Q9HCK0	P23470	57684	5793	ZBTB26	PTPRG	chromatin immunoprecipitation assay	27924024	Homo sapiens	GTRD	No	Mm:Q6P9Q3;Rn:D3ZG35	Dr:A2BF92	Dr:A0A1B1LZI1	Rn:F1LP13
Q9HCK0	P42166	57684	7112	ZBTB26	TMPO	chromatin immunoprecipitation assay	27924024	Homo sapiens	GTRD	No	Mm:Q6P9Q3;Rn:D3ZG35	Dr:A2BF92	-	-
Q9HCK0	O94923	57684	26035	ZBTB26	GLCE	chromatin immunoprecipitation assay	27924024	Homo sapiens	GTRD	No	Mm:Q6P9Q3;Rn:D3ZG35	Dr:A2BF92	Dr:F1QR43;Mm:Q9EPS3	Ce:P46555;Dm:C3KGM6;Rn:D3ZIK0
Q9HCK0	Q9NS69	57684	56993	ZBTB26	TOMM22	chromatin immunoprecipitation assay	27924024	Homo sapiens	GTRD	No	Mm:Q6P9Q3;Rn:D3ZG35	Dr:A2BF92	Dm:Q9I7T5;Dr:Q6IQJ1;Mm:Q9CPQ3;Rn:Q75Q41	Ce:O17287
Q9HCK0	Q8IZQ1	57684	23001	ZBTB26	WDFY3	chromatin immunoprecipitation assay	27924024	Homo sapiens	GTRD	No	Mm:Q6P9Q3;Rn:D3ZG35	Dr:A2BF92	Ce:H2FLM3;Dm:Q9VML2;Mm:Q6VNB8;Rn:A0A0G2K9M4	Dr:A5PMK7
Q9HCK0	Q7Z699	57684	161742	ZBTB26	SPRED1	chromatin immunoprecipitation assay	27924024	Homo sapiens	GTRD	No	Mm:Q6P9Q3;Rn:D3ZG35	Dr:A2BF92	Dr:F1R8L9;Mm:Q924S8;Rn:Q3C2P9	-
Q9HCK0	Q92902	57684	3257	ZBTB26	HPS1	chromatin immunoprecipitation assay	27924024	Homo sapiens	GTRD	No	Mm:Q6P9Q3;Rn:D3ZG35	Dr:A2BF92	Rn:A0A0G2JXZ4	Dr:B8A4P2;Mm:A0A0R4J062
Q9HCK0	Q9HB96	57684	2178	ZBTB26	FANCE	chromatin immunoprecipitation assay	27924024	Homo sapiens	GTRD	No	Mm:Q6P9Q3;Rn:D3ZG35	Dr:A2BF92	Dr:A9C4A9;Mm:B8JJD3;Rn:F1M286	-
Q9HCK0	Q2TBF2	57684	9671	ZBTB26	WSCD2	chromatin immunoprecipitation assay	27924024	Homo sapiens	GTRD	No	Mm:Q6P9Q3;Rn:D3ZG35	Dr:A2BF92	Dr:A2BGL3;Mm:D4PHA7	Rn:A0A0G2K1I1
Q9HCK0	K7EK78	57684	-	ZBTB26	-	chromatin immunoprecipitation assay	27924024	Homo sapiens	GTRD	No	Mm:Q6P9Q3;Rn:D3ZG35	Dr:A2BF92	-	-
Q9HCK0	Q15286	57684	11021	ZBTB26	RAB35	chromatin immunoprecipitation assay	27924024	Homo sapiens	GTRD	No	Mm:Q6P9Q3;Rn:D3ZG35	Dr:A2BF92	Dm:Q9W5X0;Dr:B8JLR8;Mm:Q6PHN9;Rn:Q5U316	Ce:Q9U2C3;Dr:A0A0G2L264
Q9HCK0	O15287	57684	2189	ZBTB26	FANCG	chromatin immunoprecipitation assay	27924024	Homo sapiens	GTRD	No	Mm:Q6P9Q3;Rn:D3ZG35	Dr:A2BF92	Dr:A2CE52;Mm:Q9EQR6;Rn:A0A0G2JWL4	-
Q9HCK0	P08590	57684	4634	ZBTB26	MYL3	chromatin immunoprecipitation assay	27924024	Homo sapiens	GTRD	No	Mm:Q6P9Q3;Rn:D3ZG35	Dr:A2BF92	Mm:P09542	Rn:P16409
Q9HCK0	Q8N4L2	57684	55529	ZBTB26	PIP4P2	chromatin immunoprecipitation assay	27924024	Homo sapiens	GTRD	No	Mm:Q6P9Q3;Rn:D3ZG35	Dr:A2BF92	Dr:Q1LWC3;Mm:Q9CZX7;Rn:Q4V888	Dm:Q9VT68
Q9HCK0	Q9BSJ8	57684	23344	ZBTB26	ESYT1	chromatin immunoprecipitation assay	27924024	Homo sapiens	GTRD	No	Mm:Q6P9Q3;Rn:D3ZG35	Dr:A2BF92	Dr:F6NZP4;Mm:Q3U7R1;Rn:A0A0G2JXJ7	Dr:E9QHD7
Q9HCK0	O14530	57684	10190	ZBTB26	TXNDC9	chromatin immunoprecipitation assay	27924024	Homo sapiens	GTRD	No	Mm:Q6P9Q3;Rn:D3ZG35	Dr:A2BF92	Ce:Q11183;Dm:Q9VGV8;Mm:Q9CQ79;Rn:Q5M8C7;Sc:Q04004	Dr:B0UYN1
Q9HCK0	Q08170	57684	6429	ZBTB26	SRSF4	chromatin immunoprecipitation assay	27924024	Homo sapiens	GTRD	No	Mm:Q6P9Q3;Rn:D3ZG35	Dr:A2BF92	Mm:Q542V3;Rn:G3V798	-
Q9HCK0	Q8IXN7	57684	284716	ZBTB26	RIMKLA	chromatin immunoprecipitation assay	27924024	Homo sapiens	GTRD	No	Mm:Q6P9Q3;Rn:D3ZG35	Dr:A2BF92	Mm:Q6PFX8;Rn:D4A7C3	-
Q9HCK0	Q7Z3J2	57684	57020	ZBTB26	VPS35L	chromatin immunoprecipitation assay	27924024	Homo sapiens	GTRD	No	Mm:Q6P9Q3;Rn:D3ZG35	Dr:A2BF92	-	-
Q9HCK0	Q6ZUJ8	57684	118788	ZBTB26	PIK3AP1	chromatin immunoprecipitation assay	27924024	Homo sapiens	GTRD	No	Mm:Q6P9Q3;Rn:D3ZG35	Dr:A2BF92	Dr:F1QIR0;Mm:Q9EQ32;Rn:F1M784	-
Q9HCK0	P21964	57684	1312	ZBTB26	COMT	chromatin immunoprecipitation assay	27924024	Homo sapiens	GTRD	No	Mm:Q6P9Q3;Rn:D3ZG35	Dr:A2BF92	Dr:A4IG53;Mm:O88587;Rn:P22734	Dr:B0UYJ6
Q9HCK0	Q9UJC3	57684	51361	ZBTB26	HOOK1	chromatin immunoprecipitation assay	27924024	Homo sapiens	GTRD	No	Mm:Q6P9Q3;Rn:D3ZG35	Dr:A2BF92	Ce:Q23529;Dr:Q5TZ80;Mm:Q8BIL5;Rn:D3ZB48	-
Q9HCK0	O94822	57684	26046	ZBTB26	LTN1	chromatin immunoprecipitation assay	27924024	Homo sapiens	GTRD	No	Mm:Q6P9Q3;Rn:D3ZG35	Dr:A2BF92	Dm:Q9VW09;Dr:E7F4K2;Mm:Q6A009;Rn:F1M9Q3	-
Q9HCK0	Q7Z5Y7	57684	222658	ZBTB26	KCTD20	chromatin immunoprecipitation assay	27924024	Homo sapiens	GTRD	No	Mm:Q6P9Q3;Rn:D3ZG35	Dr:A2BF92	Mm:Q8CDD8;Rn:D3ZGN4	-
Q9HCK0	Q8NHU3	57684	166929	ZBTB26	SGMS2	chromatin immunoprecipitation assay	27924024	Homo sapiens	GTRD	No	Mm:Q6P9Q3;Rn:D3ZG35	Dr:A2BF92	Ce:Q9U3D4;Dr:B8A5Q0;Mm:Q9D4B1;Rn:A0A0G2JSK7	-
Q9HCK0	Q15185	57684	10728	ZBTB26	PTGES3	chromatin immunoprecipitation assay	27924024	Homo sapiens	GTRD	No	Mm:Q6P9Q3;Rn:D3ZG35	Dr:A2BF92	-	-
Q9HCK0	Q96TA1	57684	64855	ZBTB26	NIBAN2	chromatin immunoprecipitation assay	27924024	Homo sapiens	GTRD	No	Mm:Q6P9Q3;Rn:D3ZG35	Dr:A2BF92	Dr:A1L1T1;Dr:F1R7A2;Mm:Q8R1F1;Rn:B4F7E8	-
Q9HCK0	Q14DG7	57684	114795	ZBTB26	TMEM132B	chromatin immunoprecipitation assay	27924024	Homo sapiens	GTRD	No	Mm:Q6P9Q3;Rn:D3ZG35	Dr:A2BF92	Mm:F7BAB2	-
Q9HCK0	Q9H7F0	57684	79572	ZBTB26	ATP13A3	chromatin immunoprecipitation assay	27924024	Homo sapiens	GTRD	No	Mm:Q6P9Q3;Rn:D3ZG35	Dr:A2BF92	-	-
Q9HCK0	Q9BRJ7	57684	84309	ZBTB26	NUDT16L1	chromatin immunoprecipitation assay	27924024	Homo sapiens	GTRD	No	Mm:Q6P9Q3;Rn:D3ZG35	Dr:A2BF92	Rn:B0BNG7	Mm:A0A2R8VH99
Q9HCK0	O43524	57684	2309	ZBTB26	FOXO3	chromatin immunoprecipitation assay	27924024	Homo sapiens	GTRD	No	Mm:Q6P9Q3;Rn:D3ZG35	Dr:A2BF92	Dr:Q5TYS1;Mm:Q9WVH4;Rn:D3ZBQ1	-
Q9HCK0	Q9NS91	57684	56852	ZBTB26	RAD18	chromatin immunoprecipitation assay	27924024	Homo sapiens	GTRD	No	Mm:Q6P9Q3;Rn:D3ZG35	Dr:A2BF92	Mm:Q9QXK2;Rn:A0JPN0;Sc:P10862	-
Q9HCK0	Q9NSY0	57684	340371	ZBTB26	NRBP2	chromatin immunoprecipitation assay	27924024	Homo sapiens	GTRD	No	Mm:Q6P9Q3;Rn:D3ZG35	Dr:A2BF92	Dr:F1QJ35;Mm:Q91V36;Rn:A0A0G2JT23	-
Q9HCK0	Q4VCS5	57684	154796	ZBTB26	AMOT	chromatin immunoprecipitation assay	27924024	Homo sapiens	GTRD	No	Mm:Q6P9Q3;Rn:D3ZG35	Dr:A2BF92	Dr:E9QFX4;Mm:Q8VHG2	Rn:A0A0G2JX94
Q9HCK0	Q96AG4	57684	55379	ZBTB26	LRRC59	chromatin immunoprecipitation assay	27924024	Homo sapiens	GTRD	No	Mm:Q6P9Q3;Rn:D3ZG35	Dr:A2BF92	Dr:F1R8Q3;Mm:Q922Q8;Rn:Q5RJR8	-
Q9HCK0	O95478	57684	10412	ZBTB26	NSA2	chromatin immunoprecipitation assay	27924024	Homo sapiens	GTRD	No	Mm:Q6P9Q3;Rn:D3ZG35	Dr:A2BF92	Ce:G5EFH0;Dm:O76994;Dr:F1QDL2;Mm:Q9CR47;Rn:Q2I0Y6;Sc:P40078	-
Q9HCK0	P79522	57684	80742	ZBTB26	PRR3	chromatin immunoprecipitation assay	27924024	Homo sapiens	GTRD	No	Mm:Q6P9Q3;Rn:D3ZG35	Dr:A2BF92	Mm:Q811B5;Rn:Q6MG07	-
Q9HCK0	P78382	57684	10559	ZBTB26	SLC35A1	chromatin immunoprecipitation assay	27924024	Homo sapiens	GTRD	No	Mm:Q6P9Q3;Rn:D3ZG35	Dr:A2BF92	Ce:Q02334;Ce:G5EBK5;Dr:B3DIQ6;Mm:Q61420;Rn:A0A0G2JZH4	-
Q9HCK0	Q96CV9	57684	10133	ZBTB26	OPTN	chromatin immunoprecipitation assay	27924024	Homo sapiens	GTRD	No	Mm:Q6P9Q3;Rn:D3ZG35	Dr:A2BF92	Dr:A5WUQ0;Mm:Q8K3K8;Rn:F1M9C4	-
Q9HCK0	Q01484	57684	287	ZBTB26	ANK2	chromatin immunoprecipitation assay	27924024	Homo sapiens	GTRD	No	Mm:Q6P9Q3;Rn:D3ZG35	Dr:A2BF92	-	-
Q9HCK0	Q9P1Y6	57684	57661	ZBTB26	PHRF1	chromatin immunoprecipitation assay	27924024	Homo sapiens	GTRD	No	Mm:Q6P9Q3;Rn:D3ZG35	Dr:A2BF92	Mm:A6H619;Rn:Q63625	-
Q9HCK0	Q9NQV6	57684	56980	ZBTB26	PRDM10	chromatin immunoprecipitation assay	27924024	Homo sapiens	GTRD	No	Mm:Q6P9Q3;Rn:D3ZG35	Dr:A2BF92	Dr:A0A0R4IF41;Rn:D3ZQ79	Mm:D3YYD1
Q9HCK0	Q86YT5	57684	284111	ZBTB26	SLC13A5	chromatin immunoprecipitation assay	27924024	Homo sapiens	GTRD	No	Mm:Q6P9Q3;Rn:D3ZG35	Dr:A2BF92	Mm:Q67BT3;Rn:A0A0H2UHM2	-
Q9HCK0	Q14204	57684	1778	ZBTB26	DYNC1H1	chromatin immunoprecipitation assay	27924024	Homo sapiens	GTRD	No	Mm:Q6P9Q3;Rn:D3ZG35	Dr:A2BF92	Ce:Q19020;Mm:Q9JHU4;Rn:M0R9X8;Sc:P36022	Dm:M9PEC8
Q9HCK0	P56179	57684	1750	ZBTB26	DLX6	chromatin immunoprecipitation assay	27924024	Homo sapiens	GTRD	No	Mm:Q6P9Q3;Rn:D3ZG35	Dr:A2BF92	Dm:Q7KUL4;Dr:Q98877;Mm:P70397	-
Q9HCK0	O15085	57684	9826	ZBTB26	ARHGEF11	chromatin immunoprecipitation assay	27924024	Homo sapiens	GTRD	No	Mm:Q6P9Q3;Rn:D3ZG35	Dr:A2BF92	Mm:Q68FM7;Rn:A0A0G2JZC6	Dr:B0S635
Q9HCK0	Q15084	57684	10130	ZBTB26	PDIA6	chromatin immunoprecipitation assay	27924024	Homo sapiens	GTRD	No	Mm:Q6P9Q3;Rn:D3ZG35	Dr:A2BF92	Ce:Q11067;Dm:Q9V438;Rn:A0A0G2JSZ5	Dr:Q90WA5;Mm:F7DBQ0
Q9HCK0	Q9UK28	57684	25789	ZBTB26	TMEM59L	chromatin immunoprecipitation assay	27924024	Homo sapiens	GTRD	No	Mm:Q6P9Q3;Rn:D3ZG35	Dr:A2BF92	Mm:Q7TNI2;Rn:A0A0G2KB04	Dr:A8WG81
Q9HCK0	Q6P4A7	57684	119559	ZBTB26	SFXN4	chromatin immunoprecipitation assay	27924024	Homo sapiens	GTRD	No	Mm:Q6P9Q3;Rn:D3ZG35	Dr:A2BF92	Mm:Q925N1;Rn:D3ZZX9	Dr:A8E7G5
Q9HCK0	Q9Y6M5	57684	7779	ZBTB26	SLC30A1	chromatin immunoprecipitation assay	27924024	Homo sapiens	GTRD	No	Mm:Q6P9Q3;Rn:D3ZG35	Dr:A2BF92	Ce:Q95QW4;Dr:Q6P3M0;Mm:Q60738;Rn:Q62720	Dm:Q7K3K5
Q9HCK0	Q13064	57684	7681	ZBTB26	MKRN3	chromatin immunoprecipitation assay	27924024	Homo sapiens	GTRD	No	Mm:Q6P9Q3;Rn:D3ZG35	Dr:A2BF92	Mm:Q60764;Rn:D3ZY41	-
Q9HCK0	Q7RTP6	57684	57553	ZBTB26	MICAL3	chromatin immunoprecipitation assay	27924024	Homo sapiens	GTRD	No	Mm:Q6P9Q3;Rn:D3ZG35	Dr:A2BF92	Dr:F1QH17;Mm:Q8CJ19	Rn:D3ZGN7
Q9HCK0	Q9HBH9	57684	2872	ZBTB26	MKNK2	chromatin immunoprecipitation assay	27924024	Homo sapiens	GTRD	No	Mm:Q6P9Q3;Rn:D3ZG35	Dr:A2BF92	Dr:B0S6F4;Mm:Q8CDB0;Rn:Q5U2N4	-
Q9HCK0	Q96DY2	57684	115811	ZBTB26	IQCD	chromatin immunoprecipitation assay	27924024	Homo sapiens	GTRD	No	Mm:Q6P9Q3;Rn:D3ZG35	Dr:A2BF92	Dm:A1Z8V5;Dr:F6P8U0;Mm:Q9D3V1	Dm:Q9VI32;Rn:Q5XIR6
Q9HCK0	Q8NCC3	57684	23659	ZBTB26	PLA2G15	chromatin immunoprecipitation assay	27924024	Homo sapiens	GTRD	No	Mm:Q6P9Q3;Rn:D3ZG35	Dr:A2BF92	Ce:Q21515;Dr:A0A0R4IE29;Mm:Q8VEB4;Rn:Q675A5	-
Q9HCK0	P43003	57684	6507	ZBTB26	SLC1A3	chromatin immunoprecipitation assay	27924024	Homo sapiens	GTRD	No	Mm:Q6P9Q3;Rn:D3ZG35	Dr:A2BF92	Mm:P56564;Rn:G3V846	-
Q9HCK0	Q9UHC1	57684	27030	ZBTB26	MLH3	chromatin immunoprecipitation assay	27924024	Homo sapiens	GTRD	No	Mm:Q6P9Q3;Rn:D3ZG35	Dr:A2BF92	Rn:D4ADG4	Mm:Q68FG1
Q9HCK0	Q9NP66	57684	10363	ZBTB26	HMG20A	chromatin immunoprecipitation assay	27924024	Homo sapiens	GTRD	No	Mm:Q6P9Q3;Rn:D3ZG35	Dr:A2BF92	Ce:Q9XVG8;Dr:A3KNQ1;Mm:Q9DC33;Rn:D3Z937	-
Q9HCK0	Q86X45	57684	23639	ZBTB26	LRRC6	chromatin immunoprecipitation assay	27924024	Homo sapiens	GTRD	No	Mm:Q6P9Q3;Rn:D3ZG35	Dr:A2BF92	Dm:Q9VR52;Mm:O88978	Dr:F1Q7C0;Rn:D4ACP1
Q9HCK0	Q86XT4	57684	135892	ZBTB26	TRIM50	chromatin immunoprecipitation assay	27924024	Homo sapiens	GTRD	No	Mm:Q6P9Q3;Rn:D3ZG35	Dr:A2BF92	-	-
Q9HCK0	Q14103	57684	3184	ZBTB26	HNRNPD	chromatin immunoprecipitation assay	27924024	Homo sapiens	GTRD	No	Mm:Q6P9Q3;Rn:D3ZG35	Dr:A2BF92	Dr:F1Q8A5;Mm:Q60668;Rn:Q9JJ54	-
Q9HCK0	Q8NFU1	57684	54831	ZBTB26	BEST2	chromatin immunoprecipitation assay	27924024	Homo sapiens	GTRD	No	Mm:Q6P9Q3;Rn:D3ZG35	Dr:A2BF92	Mm:A0A0R4J0P0	Dr:B8A664;Rn:D4A3A7
Q9HCK0	P31937	57684	11112	ZBTB26	HIBADH	chromatin immunoprecipitation assay	27924024	Homo sapiens	GTRD	No	Mm:Q6P9Q3;Rn:D3ZG35	Dr:A2BF92	Ce:Q9XTI0;Dm:Q9V8M5;Dr:F1QE62;Dr:A0A0R4IA23;Mm:Q99L13;Rn:P29266	-
Q9HCK0	Q96IZ6	57684	339175	ZBTB26	METTL2A	chromatin immunoprecipitation assay	27924024	Homo sapiens	GTRD	No	Mm:Q6P9Q3;Rn:D3ZG35	Dr:A2BF92	-	-
Q9HCK0	Q96C92	57684	10807	ZBTB26	ENTR1	chromatin immunoprecipitation assay	27924024	Homo sapiens	GTRD	No	Mm:Q6P9Q3;Rn:D3ZG35	Dr:A2BF92	Dr:A2CE83;Mm:A2AIW0;Rn:F1LMK3	-
Q9HCK0	Q9NWZ3	57684	51135	ZBTB26	IRAK4	chromatin immunoprecipitation assay	27924024	Homo sapiens	GTRD	No	Mm:Q6P9Q3;Rn:D3ZG35	Dr:A2BF92	Dm:Q05652;Dr:A0A0R4IP49;Mm:Q8R4K2;Rn:D4A7K4	-
Q9HCK0	Q8TDX7	57684	140609	ZBTB26	NEK7	chromatin immunoprecipitation assay	27924024	Homo sapiens	GTRD	No	Mm:Q6P9Q3;Rn:D3ZG35	Dr:A2BF92	Ce:G5EFM9;Mm:Q9ES74	Rn:A0A0G2JUP0
Q9HCK0	Q9UQV4	57684	27074	ZBTB26	LAMP3	chromatin immunoprecipitation assay	27924024	Homo sapiens	GTRD	No	Mm:Q6P9Q3;Rn:D3ZG35	Dr:A2BF92	Mm:Q7TST5	Rn:Q5XI99
Q9HCK0	P24821	57684	3371	ZBTB26	TNC	chromatin immunoprecipitation assay	27924024	Homo sapiens	GTRD	No	Mm:Q6P9Q3;Rn:D3ZG35	Dr:A2BF92	Mm:Q80YX1	Dr:A0A2R8S019;Rn:A0A0G2K1L0
Q9HCK0	Q7Z6K4	57684	441478	ZBTB26	NRARP	chromatin immunoprecipitation assay	27924024	Homo sapiens	GTRD	No	Mm:Q6P9Q3;Rn:D3ZG35	Dr:A2BF92	Dr:Q7T3Y0;Dr:Q7T3X9;Mm:Q91ZA8;Rn:D3Z9S9	-
Q9HCK0	Q9UBN7	57684	10013	ZBTB26	HDAC6	chromatin immunoprecipitation assay	27924024	Homo sapiens	GTRD	No	Mm:Q6P9Q3;Rn:D3ZG35	Dr:A2BF92	Dr:F8W4B7;Mm:Q9Z2V5	Ce:A7LPD8;Dm:M9NEH6;Rn:A0A0G2QC41;Rn:D3ZVD8
Q9HCK0	Q6IMN6	57684	65981	ZBTB26	CAPRIN2	chromatin immunoprecipitation assay	27924024	Homo sapiens	GTRD	No	Mm:Q6P9Q3;Rn:D3ZG35	Dr:A2BF92	Dr:Q5RJ80;Mm:Q05A80;Rn:M0R6B1	-
Q9HCK0	Q16637	57684	6606;6607	ZBTB26	SMN1;SMN2	chromatin immunoprecipitation assay	27924024	Homo sapiens	GTRD	No	Mm:Q6P9Q3;Rn:D3ZG35	Dr:A2BF92	-	-
Q9HCK0	O14618	57684	9973	ZBTB26	CCS	chromatin immunoprecipitation assay	27924024	Homo sapiens	GTRD	No	Mm:Q6P9Q3;Rn:D3ZG35	Dr:A2BF92	Mm:Q9WU84;Rn:A0A0G2JSZ9;Sc:P40202	Dm:A1Z850;Dr:F1QCS3
Q9HCK0	O15498	57684	10652	ZBTB26	YKT6	chromatin immunoprecipitation assay	27924024	Homo sapiens	GTRD	No	Mm:Q6P9Q3;Rn:D3ZG35	Dr:A2BF92	Dm:Q9W3M8;Mm:Q9CQW1;Rn:Q5EGY4;Sc:P36015	Ce:Q9TXZ9;Dr:F1Q581
Q9HCK0	Q9UI26	57684	51194	ZBTB26	IPO11	chromatin immunoprecipitation assay	27924024	Homo sapiens	GTRD	No	Mm:Q6P9Q3;Rn:D3ZG35	Dr:A2BF92	Dm:Q7K0Q2;Dr:A0A286Y8U4;Mm:Q8K2V6;Sc:Q02932	Rn:M0R8E8
Q9HCK0	Q13477	57684	8174	ZBTB26	MADCAM1	chromatin immunoprecipitation assay	27924024	Homo sapiens	GTRD	No	Mm:Q6P9Q3;Rn:D3ZG35	Dr:A2BF92	-	-
Q9HCK0	Q8N6M3	57684	128486	ZBTB26	FITM2	chromatin immunoprecipitation assay	27924024	Homo sapiens	GTRD	No	Mm:Q6P9Q3;Rn:D3ZG35	Dr:A2BF92	Ce:Q5CZ37;Dr:A0A0R4I9B7;Mm:P59266;Rn:D3ZWT2	-
Q9HCK0	P17098	57684	7554	ZBTB26	ZNF8	chromatin immunoprecipitation assay	27924024	Homo sapiens	GTRD	No	Mm:Q6P9Q3;Rn:D3ZG35	Dr:A2BF92	Mm:Q8BGV5;Rn:E9PT35	-
Q9HCK0	Q16760	57684	8527	ZBTB26	DGKD	chromatin immunoprecipitation assay	27924024	Homo sapiens	GTRD	No	Mm:Q6P9Q3;Rn:D3ZG35	Dr:A2BF92	Mm:E9PUQ8;Rn:F1M5T2	-
Q9HCK0	Q96DH6	57684	124540	ZBTB26	MSI2	chromatin immunoprecipitation assay	27924024	Homo sapiens	GTRD	No	Mm:Q6P9Q3;Rn:D3ZG35	Dr:A2BF92	Dr:Q7ZW10;Mm:Q920Q6;Rn:F1LWE6	Dm:M9PCV2
Q9HCK0	Q9BQY9	57684	55861	ZBTB26	DBNDD2	chromatin immunoprecipitation assay	27924024	Homo sapiens	GTRD	No	Mm:Q6P9Q3;Rn:D3ZG35	Dr:A2BF92	Mm:Q9CRD4;Rn:Q331S7	Dr:E7F9P7
Q9HCK0	Q9P2K3	57684	55758	ZBTB26	RCOR3	chromatin immunoprecipitation assay	27924024	Homo sapiens	GTRD	No	Mm:Q6P9Q3;Rn:D3ZG35	Dr:A2BF92	Rn:B5DFE7	Mm:A0A0A6YWP7
Q9HCK0	Q8NCR6	57684	84688	ZBTB26	SMRP1	chromatin immunoprecipitation assay	27924024	Homo sapiens	GTRD	No	Mm:Q6P9Q3;Rn:D3ZG35	Dr:A2BF92	Mm:Q2MH31	Rn:D4A9U1
Q9HCK0	Q9NRH3	57684	27175	ZBTB26	TUBG2	chromatin immunoprecipitation assay	27924024	Homo sapiens	GTRD	No	Mm:Q6P9Q3;Rn:D3ZG35	Dr:A2BF92	Mm:Q8VCK3;Rn:F1LUW9	-
Q9HCK0	Q9BVN2	57684	23623	ZBTB26	RUSC1	chromatin immunoprecipitation assay	27924024	Homo sapiens	GTRD	No	Mm:Q6P9Q3;Rn:D3ZG35	Dr:A2BF92	Mm:Q8BG26	-
Q9HCK0	Q53TN4	57684	79901	ZBTB26	CYBRD1	chromatin immunoprecipitation assay	27924024	Homo sapiens	GTRD	No	Mm:Q6P9Q3;Rn:D3ZG35	Dr:A2BF92	Mm:Q925G2	Rn:Q5RKJ2
Q9HCK0	Q9ULD4	57684	27154	ZBTB26	BRPF3	chromatin immunoprecipitation assay	27924024	Homo sapiens	GTRD	No	Mm:Q6P9Q3;Rn:D3ZG35	Dr:A2BF92	Dr:F6P390;Mm:B2KF05;Rn:D3ZMD3	-
Q9HCK0	O60635	57684	10103	ZBTB26	TSPAN1	chromatin immunoprecipitation assay	27924024	Homo sapiens	GTRD	No	Mm:Q6P9Q3;Rn:D3ZG35	Dr:A2BF92	Dr:E7FE95;Mm:Q99J59;Rn:Q6AYR9	-
Q9HCK0	P38935	57684	3508	ZBTB26	IGHMBP2	chromatin immunoprecipitation assay	27924024	Homo sapiens	GTRD	No	Mm:Q6P9Q3;Rn:D3ZG35	Dr:A2BF92	Dr:M9MM98;Mm:A0A0B4J1E3;Rn:F1LQE6;Sc:P34243	-
Q9HCK0	P36915	57684	2794	ZBTB26	GNL1	chromatin immunoprecipitation assay	27924024	Homo sapiens	GTRD	No	Mm:Q6P9Q3;Rn:D3ZG35	Dr:A2BF92	Dm:Q9VIJ9;Dr:Q1LXP8;Mm:P36916;Rn:Q6MG06	-
Q9HCK0	P11161	57684	1959	ZBTB26	EGR2	chromatin immunoprecipitation assay	27924024	Homo sapiens	GTRD	No	Mm:Q6P9Q3;Rn:D3ZG35	Dr:A2BF92	Dr:Q66HY5;Mm:P08152;Rn:P51774	-
Q9HCK0	O15397	57684	10526	ZBTB26	IPO8	chromatin immunoprecipitation assay	27924024	Homo sapiens	GTRD	No	Mm:Q6P9Q3;Rn:D3ZG35	Dr:A2BF92	Dr:B7ZV68;Mm:Q7TMY7;Rn:A0A0G2K6J6	-
Q9HCK0	Q9UHR4	57684	55971	ZBTB26	BAIAP2L1	chromatin immunoprecipitation assay	27924024	Homo sapiens	GTRD	No	Mm:Q6P9Q3;Rn:D3ZG35	Dr:A2BF92	Mm:Q9DBJ3;Rn:Q3KR97	Dr:F1QAX6
Q9HCK0	Q9Y3M2	57684	25776	ZBTB26	CBY1	chromatin immunoprecipitation assay	27924024	Homo sapiens	GTRD	No	Mm:Q6P9Q3;Rn:D3ZG35	Dr:A2BF92	-	-
Q9HCK0	K7EQM0	57684	-	ZBTB26	-	chromatin immunoprecipitation assay	27924024	Homo sapiens	GTRD	No	Mm:Q6P9Q3;Rn:D3ZG35	Dr:A2BF92	-	-
Q9HCK0	Q8NFD5	57684	57492	ZBTB26	ARID1B	chromatin immunoprecipitation assay	27924024	Homo sapiens	GTRD	No	Mm:Q6P9Q3;Rn:D3ZG35	Dr:A2BF92	-	-
Q9HCK0	Q9NUZ1	57684	55289	ZBTB26	ACOXL	chromatin immunoprecipitation assay	27924024	Homo sapiens	GTRD	No	Mm:Q6P9Q3;Rn:D3ZG35	Dr:A2BF92	-	-
Q9HCK0	O14640	57684	1855	ZBTB26	DVL1	chromatin immunoprecipitation assay	27924024	Homo sapiens	GTRD	No	Mm:Q6P9Q3;Rn:D3ZG35	Dr:A2BF92	Dr:F1QNA4;Dr:F8W5A4;Mm:P51141;Rn:Q9WVB9	-
Q9HCK0	P09001	57684	11222	ZBTB26	MRPL3	chromatin immunoprecipitation assay	27924024	Homo sapiens	GTRD	No	Mm:Q6P9Q3;Rn:D3ZG35	Dr:A2BF92	Dm:Q9VXQ0;Mm:Q99N95;Rn:G3V7P3	-
Q9HCK0	P60953	57684	998	ZBTB26	CDC42	chromatin immunoprecipitation assay	27924024	Homo sapiens	GTRD	No	Mm:Q6P9Q3;Rn:D3ZG35	Dr:A2BF92	Dm:P40793;Dr:Q6PFU4;Mm:P60766;Sc:P19073	Rn:A0A0G2JSM8
Q9HCK0	Q9BUN1	57684	54964	ZBTB26	MENT	chromatin immunoprecipitation assay	27924024	Homo sapiens	GTRD	No	Mm:Q6P9Q3;Rn:D3ZG35	Dr:A2BF92	Mm:Q569E4;Rn:Q5XI62	-
Q9HCK0	A6NC98	57684	283234	ZBTB26	CCDC88B	chromatin immunoprecipitation assay	27924024	Homo sapiens	GTRD	No	Mm:Q6P9Q3;Rn:D3ZG35	Dr:A2BF92	Ce:F3Y5P4;Mm:Q4QRL3	Rn:D3ZTC4
Q9HCK0	P82932	57684	64968	ZBTB26	MRPS6	chromatin immunoprecipitation assay	27924024	Homo sapiens	GTRD	No	Mm:Q6P9Q3;Rn:D3ZG35	Dr:A2BF92	Dm:Q9VZD5;Dr:B8JIY3;Mm:P58064;Rn:F1M6D0	-
Q9HCK0	Q6ZVK8	57684	79873	ZBTB26	NUDT18	chromatin immunoprecipitation assay	27924024	Homo sapiens	GTRD	No	Mm:Q6P9Q3;Rn:D3ZG35	Dr:A2BF92	Dr:B8JI11;Mm:Q3U2V3;Rn:Q641Y7	-
Q9HCK0	Q9H7D7	57684	80232	ZBTB26	WDR26	chromatin immunoprecipitation assay	27924024	Homo sapiens	GTRD	No	Mm:Q6P9Q3;Rn:D3ZG35	Dr:A2BF92	-	-
Q9HCK0	Q8IZ21	57684	65979	ZBTB26	PHACTR4	chromatin immunoprecipitation assay	27924024	Homo sapiens	GTRD	No	Mm:Q6P9Q3;Rn:D3ZG35	Dr:A2BF92	Mm:Q501J7;Rn:M0R7T1	-
Q9HCK0	Q7Z6Z7	57684	10075	ZBTB26	HUWE1	chromatin immunoprecipitation assay	27924024	Homo sapiens	GTRD	No	Mm:Q6P9Q3;Rn:D3ZG35	Dr:A2BF92	Dr:F1QL68	Ce:U4PBY0;Dm:X2JF83;Mm:A2AFQ0;Rn:A0A0G2JVW5
Q9HCK0	Q13275	57684	6405	ZBTB26	SEMA3F	chromatin immunoprecipitation assay	27924024	Homo sapiens	GTRD	No	Mm:Q6P9Q3;Rn:D3ZG35	Dr:A2BF92	Dr:F1QPG9;Mm:O88632;Rn:A0A0G2K0S6	Dr:E7F6C0
Q9HCK0	Q8N4M1	57684	126969	ZBTB26	SLC44A3	chromatin immunoprecipitation assay	27924024	Homo sapiens	GTRD	No	Mm:Q6P9Q3;Rn:D3ZG35	Dr:A2BF92	Mm:Q921V7	Rn:F1M965
Q9HCK0	Q6ZNG9	57684	124751	ZBTB26	KRBA2	chromatin immunoprecipitation assay	27924024	Homo sapiens	GTRD	No	Mm:Q6P9Q3;Rn:D3ZG35	Dr:A2BF92	-	-
Q9HCK0	Q9UIA9	57684	23039	ZBTB26	XPO7	chromatin immunoprecipitation assay	27924024	Homo sapiens	GTRD	No	Mm:Q6P9Q3;Rn:D3ZG35	Dr:A2BF92	Dr:F1RDC5;Mm:Q9EPK7	Rn:F1LQM9
Q9HCK0	P47869	57684	2555	ZBTB26	GABRA2	chromatin immunoprecipitation assay	27924024	Homo sapiens	GTRD	No	Mm:Q6P9Q3;Rn:D3ZG35	Dr:A2BF92	Mm:P26048	Rn:F1LNE8
Q9HCK0	Q86SQ7	57684	10806	ZBTB26	SDCCAG8	chromatin immunoprecipitation assay	27924024	Homo sapiens	GTRD	No	Mm:Q6P9Q3;Rn:D3ZG35	Dr:A2BF92	Mm:Q80UF4;Rn:A0A0G2JUD0	Dr:A0A140TAU3
Q9HCK0	Q9P0K1	57684	53616	ZBTB26	ADAM22	chromatin immunoprecipitation assay	27924024	Homo sapiens	GTRD	No	Mm:Q6P9Q3;Rn:D3ZG35	Dr:A2BF92	Mm:Q9R1V6;Rn:M0R5P8	Dr:F1QF43
Q9HCK0	Q86XF0	57684	200895	ZBTB26	DHFR2	chromatin immunoprecipitation assay	27924024	Homo sapiens	GTRD	No	Mm:Q6P9Q3;Rn:D3ZG35	Dr:A2BF92	-	-
Q9HCK0	P50453	57684	5272	ZBTB26	SERPINB9	chromatin immunoprecipitation assay	27924024	Homo sapiens	GTRD	No	Mm:Q6P9Q3;Rn:D3ZG35	Dr:A2BF92	Mm:O08797;Mm:Q9DAV6;Mm:Q8BMT0;Rn:Q6AYF8	Rn:M0R455
Q9HCK0	Q9BTN0	57684	79414	ZBTB26	LRFN3	chromatin immunoprecipitation assay	27924024	Homo sapiens	GTRD	No	Mm:Q6P9Q3;Rn:D3ZG35	Dr:A2BF92	Mm:Q8BLY3;Rn:B0BNK7	-
Q9HCK0	Q9H0C1	57684	84217	ZBTB26	ZMYND12	chromatin immunoprecipitation assay	27924024	Homo sapiens	GTRD	No	Mm:Q6P9Q3;Rn:D3ZG35	Dr:A2BF92	Dr:Q5U390;Mm:A2BGJ5;Rn:A0A096MJU8	-
Q9HCK0	Q5T5X7	57684	57673	ZBTB26	BEND3	chromatin immunoprecipitation assay	27924024	Homo sapiens	GTRD	No	Mm:Q6P9Q3;Rn:D3ZG35	Dr:A2BF92	Dr:B7ZD94;Mm:Q6PAL0;Rn:M0RCL1	-
Q9HCK0	Q6P3S1	57684	163486	ZBTB26	DENND1B	chromatin immunoprecipitation assay	27924024	Homo sapiens	GTRD	No	Mm:Q6P9Q3;Rn:D3ZG35	Dr:A2BF92	Mm:Q3U1T9;Rn:D3Z8F6	-
Q9HCK0	Q9NR77	57684	5827	ZBTB26	PXMP2	chromatin immunoprecipitation assay	27924024	Homo sapiens	GTRD	No	Mm:Q6P9Q3;Rn:D3ZG35	Dr:A2BF92	Dr:Q66HU7;Mm:Q5D073;Rn:G3V9N2	-
Q9HCK0	M0R2A6	57684	-	ZBTB26	-	chromatin immunoprecipitation assay	27924024	Homo sapiens	GTRD	No	Mm:Q6P9Q3;Rn:D3ZG35	Dr:A2BF92	-	-
Q9HCK0	Q14929	57684	169841	ZBTB26	ZNF169	chromatin immunoprecipitation assay	27924024	Homo sapiens	GTRD	No	Mm:Q6P9Q3;Rn:D3ZG35	Dr:A2BF92	Mm:E9Q3R6	Rn:D3Z9A8
Q9HCK0	P35573	57684	178	ZBTB26	AGL	chromatin immunoprecipitation assay	27924024	Homo sapiens	GTRD	No	Mm:Q6P9Q3;Rn:D3ZG35	Dr:A2BF92	Ce:O62334;Mm:F8VPN4;Rn:D4AEH9;Sc:Q06625	-
Q9HCK0	E9PBE3	57684	-	ZBTB26	-	chromatin immunoprecipitation assay	27924024	Homo sapiens	GTRD	No	Mm:Q6P9Q3;Rn:D3ZG35	Dr:A2BF92	-	-
Q9HCK0	Q8N9N5	57684	54971	ZBTB26	BANP	chromatin immunoprecipitation assay	27924024	Homo sapiens	GTRD	No	Mm:Q6P9Q3;Rn:D3ZG35	Dr:A2BF92	Dr:I7HPA5;Mm:Q8VBU8;Rn:B1H235	-
Q9HCK0	Q6IQ22	57684	201475	ZBTB26	RAB12	chromatin immunoprecipitation assay	27924024	Homo sapiens	GTRD	No	Mm:Q6P9Q3;Rn:D3ZG35	Dr:A2BF92	-	-
Q9HCK0	P25789	57684	5685	ZBTB26	PSMA4	chromatin immunoprecipitation assay	27924024	Homo sapiens	GTRD	No	Mm:Q6P9Q3;Rn:D3ZG35	Dr:A2BF92	Ce:Q9N599;Dm:P18053;Dr:Q7ZV77;Mm:Q9R1P0;Rn:P21670;Sc:P23638	-
Q9HCK0	Q6UXB0	57684	131408	ZBTB26	FAM131A	chromatin immunoprecipitation assay	27924024	Homo sapiens	GTRD	No	Mm:Q6P9Q3;Rn:D3ZG35	Dr:A2BF92	Mm:Q8BWU3	Rn:D4ADK8
Q9HCK0	P23769	57684	2624	ZBTB26	GATA2	chromatin immunoprecipitation assay	27924024	Homo sapiens	GTRD	No	Mm:Q6P9Q3;Rn:D3ZG35	Dr:A2BF92	Mm:O09100;Rn:Q924Y4	Dr:Q7T3G1
Q9HCK0	O75911	57684	9249	ZBTB26	DHRS3	chromatin immunoprecipitation assay	27924024	Homo sapiens	GTRD	No	Mm:Q6P9Q3;Rn:D3ZG35	Dr:A2BF92	Dr:F1QID5;Dr:Q6DBS5;Mm:O88876;Rn:Q3B7V0;Sc:Q06417	-
Q9HCK0	O95487	57684	10427	ZBTB26	SEC24B	chromatin immunoprecipitation assay	27924024	Homo sapiens	GTRD	No	Mm:Q6P9Q3;Rn:D3ZG35	Dr:A2BF92	Mm:Q80ZX0;Rn:D3ZW15	Dr:E7F715
Q9HCK0	Q00613	57684	3297	ZBTB26	HSF1	chromatin immunoprecipitation assay	27924024	Homo sapiens	GTRD	No	Mm:Q6P9Q3;Rn:D3ZG35	Dr:A2BF92	Mm:P38532;Rn:F1MAF1	-
Q9HCK0	Q5VT97	57684	84144	ZBTB26	SYDE2	chromatin immunoprecipitation assay	27924024	Homo sapiens	GTRD	No	Mm:Q6P9Q3;Rn:D3ZG35	Dr:A2BF92	Mm:E9PUP1;Rn:F1LVD8	-
Q9HCK0	Q6ZNJ1	57684	23218	ZBTB26	NBEAL2	chromatin immunoprecipitation assay	27924024	Homo sapiens	GTRD	No	Mm:Q6P9Q3;Rn:D3ZG35	Dr:A2BF92	Rn:D4A1L2	Dr:A0A0R4IH51;Mm:E9Q9L6
Q9HCK0	O43309	57684	-	ZBTB26	ZSCAN12	chromatin immunoprecipitation assay	27924024	Homo sapiens	GTRD	No	Mm:Q6P9Q3;Rn:D3ZG35	Dr:A2BF92	Mm:Q9Z1D7;Rn:A0A0G2K4Z9	-
Q9HCK0	P32189	57684	2710	ZBTB26	GK	chromatin immunoprecipitation assay	27924024	Homo sapiens	GTRD	No	Mm:Q6P9Q3;Rn:D3ZG35	Dr:A2BF92	Mm:Q64516;Rn:A0A0G2K785	-
Q9HCK0	P11473	57684	7421	ZBTB26	VDR	chromatin immunoprecipitation assay	27924024	Homo sapiens	GTRD	No	Mm:Q6P9Q3;Rn:D3ZG35	Dr:A2BF92	Dr:Q1L673;Mm:P48281;Rn:G3V744	-
Q9HCK0	Q71F23	57684	79682	ZBTB26	CENPU	chromatin immunoprecipitation assay	27924024	Homo sapiens	GTRD	No	Mm:Q6P9Q3;Rn:D3ZG35	Dr:A2BF92	Dr:E7FCV0;Mm:Q8C4M7;Rn:Q4V8G7	-
Q9HCK0	Q9UKS6	57684	29763	ZBTB26	PACSIN3	chromatin immunoprecipitation assay	27924024	Homo sapiens	GTRD	No	Mm:Q6P9Q3;Rn:D3ZG35	Dr:A2BF92	Mm:Q99JB8;Rn:G3V9N7	Dr:A0A0R4IUF8
Q9HCK0	Q8TCJ2	57684	201595	ZBTB26	STT3B	chromatin immunoprecipitation assay	27924024	Homo sapiens	GTRD	No	Mm:Q6P9Q3;Rn:D3ZG35	Dr:A2BF92	Ce:P46975;Dm:Q9XZ53;Dr:E7EZE2;Mm:A0A0R4J0D3;Rn:B2RYD7	-
Q9HCK0	Q96DZ1	57684	27248	ZBTB26	ERLEC1	chromatin immunoprecipitation assay	27924024	Homo sapiens	GTRD	No	Mm:Q6P9Q3;Rn:D3ZG35	Dr:A2BF92	Ce:Q9NF22;Dm:Q9VKC7;Mm:Q8VEH8;Rn:D3ZF97	Dr:A0A0R4IVD5
Q9HCK0	O43432	57684	8672	ZBTB26	EIF4G3	chromatin immunoprecipitation assay	27924024	Homo sapiens	GTRD	No	Mm:Q6P9Q3;Rn:D3ZG35	Dr:A2BF92	-	-
Q9HCK0	P15289	57684	410	ZBTB26	ARSA	chromatin immunoprecipitation assay	27924024	Homo sapiens	GTRD	No	Mm:Q6P9Q3;Rn:D3ZG35	Dr:A2BF92	-	-
Q9HCK0	Q8TEY7	57684	23032	ZBTB26	USP33	chromatin immunoprecipitation assay	27924024	Homo sapiens	GTRD	No	Mm:Q6P9Q3;Rn:D3ZG35	Dr:A2BF92	-	-
Q9HCK0	Q12931	57684	10131	ZBTB26	TRAP1	chromatin immunoprecipitation assay	27924024	Homo sapiens	GTRD	No	Mm:Q6P9Q3;Rn:D3ZG35	Dr:A2BF92	Dm:A1Z6L9;Mm:Q9CQN1;Rn:Q5XHZ0	Ce:Q2L6Y6
Q9HCK0	P37268	57684	2222	ZBTB26	FDFT1	chromatin immunoprecipitation assay	27924024	Homo sapiens	GTRD	No	Mm:Q6P9Q3;Rn:D3ZG35	Dr:A2BF92	Dr:A0A0R4IVV5;Mm:P53798;Rn:Q02769;Sc:P29704	-
Q9HCK0	Q9NZJ9	57684	11163	ZBTB26	NUDT4	chromatin immunoprecipitation assay	27924024	Homo sapiens	GTRD	No	Mm:Q6P9Q3;Rn:D3ZG35	Dr:A2BF92	-	-
Q9HCK0	Q5JU00	57684	202500	ZBTB26	TCTE1	chromatin immunoprecipitation assay	27924024	Homo sapiens	GTRD	No	Mm:Q6P9Q3;Rn:D3ZG35	Dr:A2BF92	Dm:Q9VEH4;Mm:A6H639	Dr:I3IS38;Rn:D3ZQW5
Q9HCK0	Q7Z3Z4	57684	143689	ZBTB26	PIWIL4	chromatin immunoprecipitation assay	27924024	Homo sapiens	GTRD	No	Mm:Q6P9Q3;Rn:D3ZG35	Dr:A2BF92	-	Mm:A0A6Q6QBZ6;Rn:A0A0G2K303
Q9HCK0	Q14112	57684	22795	ZBTB26	NID2	chromatin immunoprecipitation assay	27924024	Homo sapiens	GTRD	No	Mm:Q6P9Q3;Rn:D3ZG35	Dr:A2BF92	Mm:O88322;Rn:W4VSR4	Dr:X1WC52
Q9HCK0	P01588	57684	2056	ZBTB26	EPO	chromatin immunoprecipitation assay	27924024	Homo sapiens	GTRD	No	Mm:Q6P9Q3;Rn:D3ZG35	Dr:A2BF92	Mm:P07321	Dr:A0A0R4IUI4;Dr:F1QKY2;Rn:P29676
Q9HCK0	Q9H0R4	57684	84064	ZBTB26	HDHD2	chromatin immunoprecipitation assay	27924024	Homo sapiens	GTRD	No	Mm:Q6P9Q3;Rn:D3ZG35	Dr:A2BF92	Ce:O01581;Dm:Q9VLM9;Mm:Q3UGR5;Rn:Q6AYR6	Dr:F1QJW5
Q9HCK0	Q499Z4	57684	79894	ZBTB26	ZNF672	chromatin immunoprecipitation assay	27924024	Homo sapiens	GTRD	No	Mm:Q6P9Q3;Rn:D3ZG35	Dr:A2BF92	Mm:Q99LH4;Rn:Q642B2	-
Q9HCK0	P31946	57684	7529	ZBTB26	YWHAB	chromatin immunoprecipitation assay	27924024	Homo sapiens	GTRD	No	Mm:Q6P9Q3;Rn:D3ZG35	Dr:A2BF92	Mm:Q9CQV8;Rn:P35213	-
Q9HCK0	Q03188	57684	1060	ZBTB26	CENPC	chromatin immunoprecipitation assay	27924024	Homo sapiens	GTRD	No	Mm:Q6P9Q3;Rn:D3ZG35	Dr:A2BF92	Mm:P49452;Rn:E9PSW8	-
Q9HCK0	Q69YU3	57684	284615	ZBTB26	ANKRD34A	chromatin immunoprecipitation assay	27924024	Homo sapiens	GTRD	No	Mm:Q6P9Q3;Rn:D3ZG35	Dr:A2BF92	Mm:B2RW11;Rn:Q5BJT1	-
Q9HCK0	Q12830	57684	2186	ZBTB26	BPTF	chromatin immunoprecipitation assay	27924024	Homo sapiens	GTRD	No	Mm:Q6P9Q3;Rn:D3ZG35	Dr:A2BF92	Dm:Q9W0T1;Rn:A0A0G2K7N8	Mm:A2A654
Q9HCK0	Q9H7V2	57684	79953	ZBTB26	SYNDIG1	chromatin immunoprecipitation assay	27924024	Homo sapiens	GTRD	No	Mm:Q6P9Q3;Rn:D3ZG35	Dr:A2BF92	Mm:A2ANU3;Rn:Q58DZ9	-
Q9HCK0	Q9NYJ8	57684	23118	ZBTB26	TAB2	chromatin immunoprecipitation assay	27924024	Homo sapiens	GTRD	No	Mm:Q6P9Q3;Rn:D3ZG35	Dr:A2BF92	Dr:Q5RFW2;Mm:Q99K90	Rn:Q5U303
Q9HCK0	Q9HBL0	57684	7145	ZBTB26	TNS1	chromatin immunoprecipitation assay	27924024	Homo sapiens	GTRD	No	Mm:Q6P9Q3;Rn:D3ZG35	Dr:A2BF92	-	-
Q9HCK0	P50150	57684	2786	ZBTB26	GNG4	chromatin immunoprecipitation assay	27924024	Homo sapiens	GTRD	No	Mm:Q6P9Q3;Rn:D3ZG35	Dr:A2BF92	Mm:P50153;Rn:M0R809	-
Q9HCK0	A8MV65	57684	389136	ZBTB26	VGLL3	chromatin immunoprecipitation assay	27924024	Homo sapiens	GTRD	No	Mm:Q6P9Q3;Rn:D3ZG35	Dr:A2BF92	Mm:E9Q1Y1;Rn:D3ZZ09	-
Q9HCK0	Q14011	57684	1153	ZBTB26	CIRBP	chromatin immunoprecipitation assay	27924024	Homo sapiens	GTRD	No	Mm:Q6P9Q3;Rn:D3ZG35	Dr:A2BF92	-	-
Q9HCK0	P35270	57684	6697	ZBTB26	SPR	chromatin immunoprecipitation assay	27924024	Homo sapiens	GTRD	No	Mm:Q6P9Q3;Rn:D3ZG35	Dr:A2BF92	Dm:O76752;Dr:F1QWX4;Mm:Q91XH5;Rn:P18297;Sc:P40579	Dr:B3DJY2
Q9HCK0	Q8N6N2	57684	148014	ZBTB26	TTC9B	chromatin immunoprecipitation assay	27924024	Homo sapiens	GTRD	No	Mm:Q6P9Q3;Rn:D3ZG35	Dr:A2BF92	Mm:Q9D6E4;Rn:D3ZTK0	Dr:Q1LXX9
Q9HCK0	Q7LG56	57684	50484	ZBTB26	RRM2B	chromatin immunoprecipitation assay	27924024	Homo sapiens	GTRD	No	Mm:Q6P9Q3;Rn:D3ZG35	Dr:A2BF92	Dr:Q7ZYW0;Mm:Q6PEE3;Rn:D4ADQ1	-
Q9HCK0	Q9BUL8	57684	11235	ZBTB26	PDCD10	chromatin immunoprecipitation assay	27924024	Homo sapiens	GTRD	No	Mm:Q6P9Q3;Rn:D3ZG35	Dr:A2BF92	Ce:Q17958;Dm:Q9VF70;Dr:Q6PHH3;Dr:B8JJS6;Mm:Q8VE70;Rn:Q6NX65	-
Q9HCK0	P02750	57684	116844	ZBTB26	LRG1	chromatin immunoprecipitation assay	27924024	Homo sapiens	GTRD	No	Mm:Q6P9Q3;Rn:D3ZG35	Dr:A2BF92	Mm:Q91XL1;Rn:Q5I0E1	Dr:Q5RHE5
Q9HCK0	O94919	57684	23052	ZBTB26	ENDOD1	chromatin immunoprecipitation assay	27924024	Homo sapiens	GTRD	No	Mm:Q6P9Q3;Rn:D3ZG35	Dr:A2BF92	Mm:Q8C522	Rn:D3ZIP8
Q9HCK0	Q8IZP7	57684	266722	ZBTB26	HS6ST3	chromatin immunoprecipitation assay	27924024	Homo sapiens	GTRD	No	Mm:Q6P9Q3;Rn:D3ZG35	Dr:A2BF92	Dr:B0S4Y4;Mm:Q9QYK4	-
Q9HCK0	P11047	57684	3915	ZBTB26	LAMC1	chromatin immunoprecipitation assay	27924024	Homo sapiens	GTRD	No	Mm:Q6P9Q3;Rn:D3ZG35	Dr:A2BF92	Dr:Q1LVF0;Mm:F8VQJ3;Rn:F1MAA7	-
Q9HCK0	Q7Z5L2	57684	27291	ZBTB26	R3HCC1L	chromatin immunoprecipitation assay	27924024	Homo sapiens	GTRD	No	Mm:Q6P9Q3;Rn:D3ZG35	Dr:A2BF92	-	-
Q9HCK0	P42285	57684	23517	ZBTB26	MTREX	chromatin immunoprecipitation assay	27924024	Homo sapiens	GTRD	No	Mm:Q6P9Q3;Rn:D3ZG35	Dr:A2BF92	Ce:Q23223;Dm:Q9Y134;Mm:Q9CZU3;Rn:D4AE49;Sc:P47047	-
Q9HCK0	Q9ULE3	57684	27147	ZBTB26	DENND2A	chromatin immunoprecipitation assay	27924024	Homo sapiens	GTRD	No	Mm:Q6P9Q3;Rn:D3ZG35	Dr:A2BF92	Mm:Q8C4S8;Rn:D3ZLQ1	-
Q9HCK0	Q9NTX7	57684	81847	ZBTB26	RNF146	chromatin immunoprecipitation assay	27924024	Homo sapiens	GTRD	No	Mm:Q6P9Q3;Rn:D3ZG35	Dr:A2BF92	Dr:F1R5P0;Mm:Q9CZW6;Rn:A0A140TAB2	-
Q9HCK0	O14526	57684	23149	ZBTB26	FCHO1	chromatin immunoprecipitation assay	27924024	Homo sapiens	GTRD	No	Mm:Q6P9Q3;Rn:D3ZG35	Dr:A2BF92	Mm:Q8K285	Dr:A0A0R4IA99
Q9HCK0	C9JH25	57684	401399	ZBTB26	PRRT4	chromatin immunoprecipitation assay	27924024	Homo sapiens	GTRD	No	Mm:Q6P9Q3;Rn:D3ZG35	Dr:A2BF92	Mm:B2RU40;Rn:D4A9R4	Dr:E7F7P8
Q9HCK0	P62244	57684	6210	ZBTB26	RPS15A	chromatin immunoprecipitation assay	27924024	Homo sapiens	GTRD	No	Mm:Q6P9Q3;Rn:D3ZG35	Dr:A2BF92	Ce:O17218;Dm:Q7KR04;Dm:P48149;Dr:Q6Q420;Mm:P62245;Rn:P62246;Sc:P0C0W1;Sc:Q3E7Y3	Rn:D3ZZC7;Rn:D3ZLL8
Q9HCK0	Q6ZMY3	57684	90853	ZBTB26	SPOCD1	chromatin immunoprecipitation assay	27924024	Homo sapiens	GTRD	No	Mm:Q6P9Q3;Rn:D3ZG35	Dr:A2BF92	-	-
Q9HCK0	P18146	57684	1958	ZBTB26	EGR1	chromatin immunoprecipitation assay	27924024	Homo sapiens	GTRD	No	Mm:Q6P9Q3;Rn:D3ZG35	Dr:A2BF92	Dm:Q24266;Mm:P08046	Dr:P26632;Rn:A0A0H2UHR3
Q9HCK0	Q9NPF8	57684	55803	ZBTB26	ADAP2	chromatin immunoprecipitation assay	27924024	Homo sapiens	GTRD	No	Mm:Q6P9Q3;Rn:D3ZG35	Dr:A2BF92	Dr:E9QE78;Mm:Q8R2V5;Rn:D3ZQG5	-
Q9HCK0	Q9H0A8	57684	54939	ZBTB26	COMMD4	chromatin immunoprecipitation assay	27924024	Homo sapiens	GTRD	No	Mm:Q6P9Q3;Rn:D3ZG35	Dr:A2BF92	Ce:A0A0K3AQR5;Dm:A8E6W0;Dr:F1Q509;Mm:Q9CQ02;Rn:A0A0G2K6N9	-
Q9HCK0	Q96RQ1	57684	51290	ZBTB26	ERGIC2	chromatin immunoprecipitation assay	27924024	Homo sapiens	GTRD	No	Mm:Q6P9Q3;Rn:D3ZG35	Dr:A2BF92	Dm:M9PGB8;Dr:Q7T2D4;Mm:Q9CR89;Rn:A0A0G2JYN4;Sc:Q04651	-
Q9HCK0	O94818	57684	8715	ZBTB26	NOL4	chromatin immunoprecipitation assay	27924024	Homo sapiens	GTRD	No	Mm:Q6P9Q3;Rn:D3ZG35	Dr:A2BF92	Rn:D4A3P4	Mm:E9Q947
Q9HCK0	Q5RI15	57684	116228	ZBTB26	COX20	chromatin immunoprecipitation assay	27924024	Homo sapiens	GTRD	No	Mm:Q6P9Q3;Rn:D3ZG35	Dr:A2BF92	Dm:Q9VG00;Dr:Q6DH88;Mm:Q9D7J4;Rn:D3ZYU4	-
Q9HCK0	Q8WZA0	57684	84328	ZBTB26	LZIC	chromatin immunoprecipitation assay	27924024	Homo sapiens	GTRD	No	Mm:Q6P9Q3;Rn:D3ZG35	Dr:A2BF92	Ce:Q7JPD8;Dr:Q6DHH7;Mm:Q8K3C3;Rn:Q5PQN7	-
Q9HCK0	Q04864	57684	5966	ZBTB26	REL	chromatin immunoprecipitation assay	27924024	Homo sapiens	GTRD	No	Mm:Q6P9Q3;Rn:D3ZG35	Dr:A2BF92	Rn:F1M5R1	Mm:A4QPD3
Q9HCK0	Q9BPZ7	57684	79109	ZBTB26	MAPKAP1	chromatin immunoprecipitation assay	27924024	Homo sapiens	GTRD	No	Mm:Q6P9Q3;Rn:D3ZG35	Dr:A2BF92	Dm:Q9V719;Dr:E7EZP2;Mm:Q8BKH7;Rn:Q6AYF1	-
Q9HCK0	Q93062	57684	11030	ZBTB26	RBPMS	chromatin immunoprecipitation assay	27924024	Homo sapiens	GTRD	No	Mm:Q6P9Q3;Rn:D3ZG35	Dr:A2BF92	Mm:Q9WVB0	Rn:F2Z3S5
Q9HCK0	Q14CZ0	57684	29035	ZBTB26	C16orf72	chromatin immunoprecipitation assay	27924024	Homo sapiens	GTRD	No	Mm:Q6P9Q3;Rn:D3ZG35	Dr:A2BF92	Dr:A0A0R4I9A2;Dr:F1Q4T4;Mm:Q14AM7;Rn:D3ZK25	-
Q9HCK0	O94941	57684	22888	ZBTB26	UBOX5	chromatin immunoprecipitation assay	27924024	Homo sapiens	GTRD	No	Mm:Q6P9Q3;Rn:D3ZG35	Dr:A2BF92	Dm:Q9VA79;Dr:F1R6T8;Mm:Q925F4;Rn:Q3T1H9	-
Q9HCK0	Q9NS87	57684	56992	ZBTB26	KIF15	chromatin immunoprecipitation assay	27924024	Homo sapiens	GTRD	No	Mm:Q6P9Q3;Rn:D3ZG35	Dr:A2BF92	Mm:Q6P9L6;Rn:A0A0G2K0M1	-
Q9HCK0	Q96JM2	57684	58499	ZBTB26	ZNF462	chromatin immunoprecipitation assay	27924024	Homo sapiens	GTRD	No	Mm:Q6P9Q3;Rn:D3ZG35	Dr:A2BF92	Mm:B1AWL2;Rn:D3ZFG7	-
Q9HCK0	Q86UU0	57684	283149	ZBTB26	BCL9L	chromatin immunoprecipitation assay	27924024	Homo sapiens	GTRD	No	Mm:Q6P9Q3;Rn:D3ZG35	Dr:A2BF92	Mm:Q67FY2;Rn:D4A0D9	Dr:F1Q7J8
Q9HCK0	Q8TEK3	57684	84444	ZBTB26	DOT1L	chromatin immunoprecipitation assay	27924024	Homo sapiens	GTRD	No	Mm:Q6P9Q3;Rn:D3ZG35	Dr:A2BF92	Mm:Q6XZL8;Rn:D3ZCP0	-
Q9HCK0	Q96Q11	57684	51095	ZBTB26	TRNT1	chromatin immunoprecipitation assay	27924024	Homo sapiens	GTRD	No	Mm:Q6P9Q3;Rn:D3ZG35	Dr:A2BF92	Ce:Q93795;Dm:Q9VNH2;Dr:F6NXI9;Mm:Q8K1J6;Rn:Q4VBH2	-
Q9HCK0	Q6SJ93	57684	374393	ZBTB26	FAM111B	chromatin immunoprecipitation assay	27924024	Homo sapiens	GTRD	No	Mm:Q6P9Q3;Rn:D3ZG35	Dr:A2BF92	-	-
Q9HCK0	Q9P0L0	57684	9218	ZBTB26	VAPA	chromatin immunoprecipitation assay	27924024	Homo sapiens	GTRD	No	Mm:Q6P9Q3;Rn:D3ZG35	Dr:A2BF92	Mm:Q9WV55;Rn:Q9Z270	Dr:A8WGM1
Q9HCK0	Q9NPI0	57684	51524	ZBTB26	TMEM138	chromatin immunoprecipitation assay	27924024	Homo sapiens	GTRD	No	Mm:Q6P9Q3;Rn:D3ZG35	Dr:A2BF92	Dm:Q9VMK8;Dr:E7FDE0;Mm:Q9D6G5;Rn:B1WBM3	Ce:Q7YX41
Q9HCK0	Q9H6E5	57684	64852	ZBTB26	TUT1	chromatin immunoprecipitation assay	27924024	Homo sapiens	GTRD	No	Mm:Q6P9Q3;Rn:D3ZG35	Dr:A2BF92	-	-
Q9HCK0	Q9NRX5	57684	57515	ZBTB26	SERINC1	chromatin immunoprecipitation assay	27924024	Homo sapiens	GTRD	No	Mm:Q6P9Q3;Rn:D3ZG35	Dr:A2BF92	Dr:Q7SZW7;Mm:Q9QZI8;Rn:Q7TNK0	-
Q9HCK0	P30279	57684	894	ZBTB26	CCND2	chromatin immunoprecipitation assay	27924024	Homo sapiens	GTRD	No	Mm:Q6P9Q3;Rn:D3ZG35	Dr:A2BF92	Dr:F1R9R4;Mm:P30280;Rn:G3V8M9	-
Q9HCK0	Q14938	57684	4784	ZBTB26	NFIX	chromatin immunoprecipitation assay	27924024	Homo sapiens	GTRD	No	Mm:Q6P9Q3;Rn:D3ZG35	Dr:A2BF92	Rn:A0A0G2K1B6	Mm:E9PUH7
Q9HCK0	O14939	57684	5338	ZBTB26	PLD2	chromatin immunoprecipitation assay	27924024	Homo sapiens	GTRD	No	Mm:Q6P9Q3;Rn:D3ZG35	Dr:A2BF92	Rn:F1LPQ4	Mm:Q6NV49
Q9HCK0	O76062	57684	7108	ZBTB26	TM7SF2	chromatin immunoprecipitation assay	27924024	Homo sapiens	GTRD	No	Mm:Q6P9Q3;Rn:D3ZG35	Dr:A2BF92	Dr:F1Q8Y4;Mm:Q71KT5;Rn:Q5BK21	-
Q9HCK0	Q9ULT6	57684	84133	ZBTB26	ZNRF3	chromatin immunoprecipitation assay	27924024	Homo sapiens	GTRD	No	Mm:Q6P9Q3;Rn:D3ZG35	Dr:A2BF92	Dr:A0A2R8QMJ7;Mm:Q5SSZ7	-
Q9HCK0	P54278	57684	5395	ZBTB26	PMS2	chromatin immunoprecipitation assay	27924024	Homo sapiens	GTRD	No	Mm:Q6P9Q3;Rn:D3ZG35	Dr:A2BF92	Ce:G5EFG5;Dm:A1ZA03;Dr:E7F558;Mm:B9EJ22;Rn:B1H246;Sc:P14242	-
Q9HCK0	Q13183	57684	9058	ZBTB26	SLC13A2	chromatin immunoprecipitation assay	27924024	Homo sapiens	GTRD	No	Mm:Q6P9Q3;Rn:D3ZG35	Dr:A2BF92	Mm:Q9ES88;Rn:O35055	-
Q9HCK0	Q68CP9	57684	196528	ZBTB26	ARID2	chromatin immunoprecipitation assay	27924024	Homo sapiens	GTRD	No	Mm:Q6P9Q3;Rn:D3ZG35	Dr:A2BF92	Dm:A1Z6M0;Mm:E9Q7E2;Rn:D3ZJU0	-
Q9HCK0	O43542	57684	7517	ZBTB26	XRCC3	chromatin immunoprecipitation assay	27924024	Homo sapiens	GTRD	No	Mm:Q6P9Q3;Rn:D3ZG35	Dr:A2BF92	Dm:O77135;Dr:Q5TZD9;Mm:Q9CXE6;Rn:D4A5N4	-
Q9HCK0	Q9UHB7	57684	27125	ZBTB26	AFF4	chromatin immunoprecipitation assay	27924024	Homo sapiens	GTRD	No	Mm:Q6P9Q3;Rn:D3ZG35	Dr:A2BF92	Dm:Q9XZ21;Dr:I3ISK1;Mm:Q9ESC8;Rn:D3ZSX2	-
Q9HCK0	F5GXW4	57684	-	ZBTB26	-	chromatin immunoprecipitation assay	27924024	Homo sapiens	GTRD	No	Mm:Q6P9Q3;Rn:D3ZG35	Dr:A2BF92	-	-
Q9HCK0	Q5W041	57684	219681	ZBTB26	ARMC3	chromatin immunoprecipitation assay	27924024	Homo sapiens	GTRD	No	Mm:Q6P9Q3;Rn:D3ZG35	Dr:A2BF92	Dr:E7F083;Mm:A2AU72;Rn:M0R914	-
Q9HCK0	O00623	57684	5193	ZBTB26	PEX12	chromatin immunoprecipitation assay	27924024	Homo sapiens	GTRD	No	Mm:Q6P9Q3;Rn:D3ZG35	Dr:A2BF92	Ce:Q19189;Dm:Q9VPT5;Mm:Q8VC48;Sc:Q04370	Dr:B0R157;Rn:O88177
Q9HCK0	Q8WZ04	57684	220074	ZBTB26	LRTOMT	chromatin immunoprecipitation assay	27924024	Homo sapiens	GTRD	No	Mm:Q6P9Q3;Rn:D3ZG35	Dr:A2BF92	-	-
Q9HCK0	A8MX76	57684	440854	ZBTB26	CAPN14	chromatin immunoprecipitation assay	27924024	Homo sapiens	GTRD	No	Mm:Q6P9Q3;Rn:D3ZG35	Dr:A2BF92	Dr:F1Q9Z1;Dr:X1WHQ9	Dr:F1QW40;Dr:E7F0H3
Q9HCK0	O60341	57684	23028	ZBTB26	KDM1A	chromatin immunoprecipitation assay	27924024	Homo sapiens	GTRD	No	Mm:Q6P9Q3;Rn:D3ZG35	Dr:A2BF92	Dm:Q9VW97;Dr:F6NIA2;Mm:Q6ZQ88;Rn:F1MA31	-
Q9HCK0	O43318	57684	6885	ZBTB26	MAP3K7	chromatin immunoprecipitation assay	27924024	Homo sapiens	GTRD	No	Mm:Q6P9Q3;Rn:D3ZG35	Dr:A2BF92	Mm:Q62073	Dr:Q5RIS5;Rn:P0C8E4
Q9HCK0	Q6NXR4	57684	80185	ZBTB26	TTI2	chromatin immunoprecipitation assay	27924024	Homo sapiens	GTRD	No	Mm:Q6P9Q3;Rn:D3ZG35	Dr:A2BF92	Dr:E7F592;Mm:Q8BGV4;Rn:Q66H56	-
Q9HCK0	Q9NQX4	57684	55930	ZBTB26	MYO5C	chromatin immunoprecipitation assay	27924024	Homo sapiens	GTRD	No	Mm:Q6P9Q3;Rn:D3ZG35	Dr:A2BF92	Mm:E9Q1F5;Rn:F1M111;Sc:P19524	Dr:E7FCI5
Q9HCK0	P55317	57684	3169	ZBTB26	FOXA1	chromatin immunoprecipitation assay	27924024	Homo sapiens	GTRD	No	Mm:Q6P9Q3;Rn:D3ZG35	Dr:A2BF92	Dr:Q6P0C9;Mm:P35582;Rn:F1LR25	-
Q9HCK0	P45880	57684	7417	ZBTB26	VDAC2	chromatin immunoprecipitation assay	27924024	Homo sapiens	GTRD	No	Mm:Q6P9Q3;Rn:D3ZG35	Dr:A2BF92	Dr:Q8AWD0;Mm:Q60930;Rn:P81155	-
Q9HCK0	Q9H7T9	57684	79000	ZBTB26	AUNIP	chromatin immunoprecipitation assay	27924024	Homo sapiens	GTRD	No	Mm:Q6P9Q3;Rn:D3ZG35	Dr:A2BF92	Mm:E9Q6Z5;Rn:D3ZUC4	-
Q9HCK0	Q9UKT5	57684	26272	ZBTB26	FBXO4	chromatin immunoprecipitation assay	27924024	Homo sapiens	GTRD	No	Mm:Q6P9Q3;Rn:D3ZG35	Dr:A2BF92	Dr:A8Y5U0;Mm:Q8CHQ0;Rn:D3ZIH4	-
Q9HCK0	Q86UD4	57684	79673	ZBTB26	ZNF329	chromatin immunoprecipitation assay	27924024	Homo sapiens	GTRD	No	Mm:Q6P9Q3;Rn:D3ZG35	Dr:A2BF92	Mm:Q6GQR8;Rn:D4AA65	-
Q9HCK0	P23677	57684	3706	ZBTB26	ITPKA	chromatin immunoprecipitation assay	27924024	Homo sapiens	GTRD	No	Mm:Q6P9Q3;Rn:D3ZG35	Dr:A2BF92	Dr:F1QC01;Mm:Q8R071;Rn:P17105	Dm:Q9VYE7
Q9HCK0	P48201	57684	518	ZBTB26	ATP5MC3	chromatin immunoprecipitation assay	27924024	Homo sapiens	GTRD	No	Mm:Q6P9Q3;Rn:D3ZG35	Dr:A2BF92	Dr:Q7ZYW7;Mm:Q9CR84;Mm:P56384;Rn:Q499S2	-
Q9HCK0	Q9GZN2	57684	60436	ZBTB26	TGIF2	chromatin immunoprecipitation assay	27924024	Homo sapiens	GTRD	No	Mm:Q6P9Q3;Rn:D3ZG35	Dr:A2BF92	Mm:Q8C0Y1;Rn:B5DEL6	Rn:M0RCY5
Q9HCK0	P53420	57684	1286	ZBTB26	COL4A4	chromatin immunoprecipitation assay	27924024	Homo sapiens	GTRD	No	Mm:Q6P9Q3;Rn:D3ZG35	Dr:A2BF92	Mm:Q9QZR9	Rn:A0A0G2K742
Q9HCK0	P0C5K7	57684	196993	ZBTB26	CT62	chromatin immunoprecipitation assay	27924024	Homo sapiens	GTRD	No	Mm:Q6P9Q3;Rn:D3ZG35	Dr:A2BF92	-	-
Q9HCK0	O95395	57684	9245	ZBTB26	GCNT3	chromatin immunoprecipitation assay	27924024	Homo sapiens	GTRD	No	Mm:Q6P9Q3;Rn:D3ZG35	Dr:A2BF92	Mm:Q5JCT0	Dr:F1RAK7;Rn:Q8CH87
Q9HCK0	Q8NET6	57684	166012	ZBTB26	CHST13	chromatin immunoprecipitation assay	27924024	Homo sapiens	GTRD	No	Mm:Q6P9Q3;Rn:D3ZG35	Dr:A2BF92	Dr:E7EXM4;Mm:D3Z6E3;Rn:D3ZPV0	-
Q9HCK0	Q9NTJ3	57684	10051	ZBTB26	SMC4	chromatin immunoprecipitation assay	27924024	Homo sapiens	GTRD	No	Mm:Q6P9Q3;Rn:D3ZG35	Dr:A2BF92	Ce:P48996;Ce:Q20060;Dm:Q9V3A7;Mm:Q8CG47;Rn:F1MAD9;Sc:Q12267	Dr:E7FGC2
Q9HCK0	O00522	57684	889	ZBTB26	KRIT1	chromatin immunoprecipitation assay	27924024	Homo sapiens	GTRD	No	Mm:Q6P9Q3;Rn:D3ZG35	Dr:A2BF92	-	-
Q9HCK0	Q9BXP2	57684	56996	ZBTB26	SLC12A9	chromatin immunoprecipitation assay	27924024	Homo sapiens	GTRD	No	Mm:Q6P9Q3;Rn:D3ZG35	Dr:A2BF92	Ce:O44846;Dm:Q9VJ75;Mm:Q99MR3;Rn:M0RAK3;Sc:P38329	Dr:A2BFP5
Q9HCK0	Q9NP84	57684	51330	ZBTB26	TNFRSF12A	chromatin immunoprecipitation assay	27924024	Homo sapiens	GTRD	No	Mm:Q6P9Q3;Rn:D3ZG35	Dr:A2BF92	Mm:Q9CR75;Rn:G3V6F9	-
Q9HCK0	O14737	57684	9141	ZBTB26	PDCD5	chromatin immunoprecipitation assay	27924024	Homo sapiens	GTRD	No	Mm:Q6P9Q3;Rn:D3ZG35	Dr:A2BF92	Ce:Q93408;Dm:Q9VUZ8;Dr:Q7ZUZ4;Mm:P56812	Rn:D4ADF5;Sc:Q04773
Q9HCK0	Q8N2Z9	57684	100526739;378708	ZBTB26	CENPS	chromatin immunoprecipitation assay	27924024	Homo sapiens	GTRD	No	Mm:Q6P9Q3;Rn:D3ZG35	Dr:A2BF92	-	-
Q9HCK0	Q9H649	57684	63899	ZBTB26	NSUN3	chromatin immunoprecipitation assay	27924024	Homo sapiens	GTRD	No	Mm:Q6P9Q3;Rn:D3ZG35	Dr:A2BF92	Mm:Q8CCT7	Dr:A0A5H1ZRI2;Rn:A0A0G2K340
Q9HCK0	Q9UPU9	57684	23034	ZBTB26	SAMD4A	chromatin immunoprecipitation assay	27924024	Homo sapiens	GTRD	No	Mm:Q6P9Q3;Rn:D3ZG35	Dr:A2BF92	Dr:X1WG96;Mm:Q8CBY1;Rn:A0A0G2JUK8	-
Q9HCK0	Q9P2J9	57684	57546	ZBTB26	PDP2	chromatin immunoprecipitation assay	27924024	Homo sapiens	GTRD	No	Mm:Q6P9Q3;Rn:D3ZG35	Dr:A2BF92	Mm:Q504M2;Rn:A0A0G2JSL7	Dr:Q1LX30
Q9HCK0	Q9NRG9	57684	8086	ZBTB26	AAAS	chromatin immunoprecipitation assay	27924024	Homo sapiens	GTRD	No	Mm:Q6P9Q3;Rn:D3ZG35	Dr:A2BF92	Dm:Q9W351;Mm:P58742;Rn:D3ZNS8	-
Q9HCK0	Q96T23	57684	51773	ZBTB26	RSF1	chromatin immunoprecipitation assay	27924024	Homo sapiens	GTRD	No	Mm:Q6P9Q3;Rn:D3ZG35	Dr:A2BF92	Dr:F1Q6Y6;Mm:E9PWW9;Rn:D3ZGQ8	-
Q9HCK0	P17600	57684	6853	ZBTB26	SYN1	chromatin immunoprecipitation assay	27924024	Homo sapiens	GTRD	No	Mm:Q6P9Q3;Rn:D3ZG35	Dr:A2BF92	Mm:O88935;Rn:P09951	Dr:B0UXI4
Q9HCK0	Q86VS8	57684	84376	ZBTB26	HOOK3	chromatin immunoprecipitation assay	27924024	Homo sapiens	GTRD	No	Mm:Q6P9Q3;Rn:D3ZG35	Dr:A2BF92	Mm:Q8BUK6	Rn:Q7TQ77
Q9HCK0	P81274	57684	29899	ZBTB26	GPSM2	chromatin immunoprecipitation assay	27924024	Homo sapiens	GTRD	No	Mm:Q6P9Q3;Rn:D3ZG35	Dr:A2BF92	Dm:Q9VB22;Mm:Q8VDU0;Rn:D3ZCE5	Dr:E9QE02
Q9HCK0	Q9H772	57684	64388	ZBTB26	GREM2	chromatin immunoprecipitation assay	27924024	Homo sapiens	GTRD	No	Mm:Q6P9Q3;Rn:D3ZG35	Dr:A2BF92	Mm:O88273;Rn:D3ZXD0	Dr:A0A0R4ICD7
Q9HCK0	Q7Z6M2	57684	254170	ZBTB26	FBXO33	chromatin immunoprecipitation assay	27924024	Homo sapiens	GTRD	No	Mm:Q6P9Q3;Rn:D3ZG35	Dr:A2BF92	Mm:Q8VE08;Rn:D3ZVL5	Dm:M9PEL5;Dr:F1Q7W3
Q9HCK0	Q9UBP5	57684	23493	ZBTB26	HEY2	chromatin immunoprecipitation assay	27924024	Homo sapiens	GTRD	No	Mm:Q6P9Q3;Rn:D3ZG35	Dr:A2BF92	Dr:Q9I9L0;Mm:Q9QUS4;Rn:G3V7S6	-
Q9HCK0	Q8N5L8	57684	138716	ZBTB26	RPP25L	chromatin immunoprecipitation assay	27924024	Homo sapiens	GTRD	No	Mm:Q6P9Q3;Rn:D3ZG35	Dr:A2BF92	Dm:Q0E9N4;Dr:Q1LYL9;Mm:Q99JH1;Rn:B0BMX6	-
Q9HCK0	Q9H3E2	57684	83891	ZBTB26	SNX25	chromatin immunoprecipitation assay	27924024	Homo sapiens	GTRD	No	Mm:Q6P9Q3;Rn:D3ZG35	Dr:A2BF92	-	-
Q9HCK0	Q13495	57684	10046	ZBTB26	MAMLD1	chromatin immunoprecipitation assay	27924024	Homo sapiens	GTRD	No	Mm:Q6P9Q3;Rn:D3ZG35	Dr:A2BF92	Mm:P0C6A2	-
Q9HCK0	Q8IXB1	57684	54431	ZBTB26	DNAJC10	chromatin immunoprecipitation assay	27924024	Homo sapiens	GTRD	No	Mm:Q6P9Q3;Rn:D3ZG35	Dr:A2BF92	Ce:Q9XWE1;Mm:Q9DC23;Rn:Q498R3	Dr:A4IG47
Q9HCK0	O43854	57684	10085	ZBTB26	EDIL3	chromatin immunoprecipitation assay	27924024	Homo sapiens	GTRD	No	Mm:Q6P9Q3;Rn:D3ZG35	Dr:A2BF92	Mm:O35474	Dr:F1QBK2;Rn:F1M6P8
Q9HCK0	Q8WVM7	57684	10274	ZBTB26	STAG1	chromatin immunoprecipitation assay	27924024	Homo sapiens	GTRD	No	Mm:Q6P9Q3;Rn:D3ZG35	Dr:A2BF92	Ce:Q19555;Dm:Q9VM62;Dr:E7FC33;Dr:F1QNA7;Mm:Q9D3E6;Rn:A0A0G2K9G6	-
Q9HCK0	Q9UKC9	57684	25827	ZBTB26	FBXL2	chromatin immunoprecipitation assay	27924024	Homo sapiens	GTRD	No	Mm:Q6P9Q3;Rn:D3ZG35	Dr:A2BF92	Dr:Q6PBJ7;Mm:Q8BH16	Rn:F1M768
Q9HCK0	Q6P4R8	57684	4798	ZBTB26	NFRKB	chromatin immunoprecipitation assay	27924024	Homo sapiens	GTRD	No	Mm:Q6P9Q3;Rn:D3ZG35	Dr:A2BF92	Dm:Q9Y0Z1;Mm:Q6PIJ4;Rn:A0A0G2K0N5	-
Q9HCK0	Q14CX7	57684	80018	ZBTB26	NAA25	chromatin immunoprecipitation assay	27924024	Homo sapiens	GTRD	No	Mm:Q6P9Q3;Rn:D3ZG35	Dr:A2BF92	Ce:Q21986;Dm:Q9VDQ7;Dr:E7FD56;Mm:Q8BWZ3	Rn:A0A0G2K9Q3
Q9HCK0	Q96JK9	57684	55534	ZBTB26	MAML3	chromatin immunoprecipitation assay	27924024	Homo sapiens	GTRD	No	Mm:Q6P9Q3;Rn:D3ZG35	Dr:A2BF92	Mm:D4QGC2	-
Q9HCK0	Q86U38	57684	161424	ZBTB26	NOP9	chromatin immunoprecipitation assay	27924024	Homo sapiens	GTRD	No	Mm:Q6P9Q3;Rn:D3ZG35	Dr:A2BF92	Dm:Q7JX95;Dr:E7EZJ0;Mm:Q8BMC4;Rn:D3ZKI9;Sc:P47077	-
Q9HCK0	Q9P2M1	57684	55805	ZBTB26	LRP2BP	chromatin immunoprecipitation assay	27924024	Homo sapiens	GTRD	No	Mm:Q6P9Q3;Rn:D3ZG35	Dr:A2BF92	-	Dr:A0A0R4IGT9;Rn:G3V9B8
Q9HCK0	Q9NXK6	57684	54852	ZBTB26	PAQR5	chromatin immunoprecipitation assay	27924024	Homo sapiens	GTRD	No	Mm:Q6P9Q3;Rn:D3ZG35	Dr:A2BF92	Mm:Q9DCU0	Dr:F1QL89;Rn:Q5PQT5
Q9HCK0	Q8WW01	57684	116461	ZBTB26	TSEN15	chromatin immunoprecipitation assay	27924024	Homo sapiens	GTRD	No	Mm:Q6P9Q3;Rn:D3ZG35	Dr:A2BF92	Dr:A5WV68;Mm:G3X8S8;Rn:A0A0G2K1V3	-
Q9HCK0	P10914	57684	3659	ZBTB26	IRF1	chromatin immunoprecipitation assay	27924024	Homo sapiens	GTRD	No	Mm:Q6P9Q3;Rn:D3ZG35	Dr:A2BF92	Mm:P15314;Rn:Q6DGG4	-
Q9HCK0	Q9NNX1	57684	7286	ZBTB26	TUFT1	chromatin immunoprecipitation assay	27924024	Homo sapiens	GTRD	No	Mm:Q6P9Q3;Rn:D3ZG35	Dr:A2BF92	Mm:O08970;Rn:A0A0G2JZ65	Dr:A0JML6
Q9HCK0	Q14534	57684	6713	ZBTB26	SQLE	chromatin immunoprecipitation assay	27924024	Homo sapiens	GTRD	No	Mm:Q6P9Q3;Rn:D3ZG35	Dr:A2BF92	Dr:F1QDN5;Mm:P52019;Rn:P52020;Sc:P32476	-
Q9HCK0	P34913	57684	2053	ZBTB26	EPHX2	chromatin immunoprecipitation assay	27924024	Homo sapiens	GTRD	No	Mm:Q6P9Q3;Rn:D3ZG35	Dr:A2BF92	Mm:P34914;Rn:Q5RKK3	-
Q9HCK0	P53609	57684	5229	ZBTB26	PGGT1B	chromatin immunoprecipitation assay	27924024	Homo sapiens	GTRD	No	Mm:Q6P9Q3;Rn:D3ZG35	Dr:A2BF92	Ce:O18197;Mm:Q8BUY9;Rn:P53610;Sc:P18898	Dm:M9PEL6;Dr:A0A0R4IR82
Q9HCK0	P62253	57684	7326	ZBTB26	UBE2G1	chromatin immunoprecipitation assay	27924024	Homo sapiens	GTRD	No	Mm:Q6P9Q3;Rn:D3ZG35	Dr:A2BF92	Ce:P34477;Dm:Q8SYG3;Dr:Q7ZVK2;Mm:P62254;Rn:P62255	-
Q9HCK0	Q9P0J7	57684	56888	ZBTB26	KCMF1	chromatin immunoprecipitation assay	27924024	Homo sapiens	GTRD	No	Mm:Q6P9Q3;Rn:D3ZG35	Dr:A2BF92	Mm:Q80UY2	Rn:A0A0G2JX46
Q9HCK0	H3BQZ7	57684	-	ZBTB26	HNRNPUL2-BSCL2	chromatin immunoprecipitation assay	27924024	Homo sapiens	GTRD	No	Mm:Q6P9Q3;Rn:D3ZG35	Dr:A2BF92	-	-
Q9HCK0	Q5R3F8	57684	114794	ZBTB26	ELFN2	chromatin immunoprecipitation assay	27924024	Homo sapiens	GTRD	No	Mm:Q6P9Q3;Rn:D3ZG35	Dr:A2BF92	Mm:Q68FM6;Rn:D3ZH36	-
Q9HCK0	P57772	57684	60678	ZBTB26	EEFSEC	chromatin immunoprecipitation assay	27924024	Homo sapiens	GTRD	No	Mm:Q6P9Q3;Rn:D3ZG35	Dr:A2BF92	Ce:O62108;Dm:Q9W2H0;Dr:F1R2J6;Mm:Q9JHW4;Rn:B5DEJ5	-
Q9HCK0	P0CG47	57684	7314	ZBTB26	UBB	chromatin immunoprecipitation assay	27924024	Homo sapiens	GTRD	No	Mm:Q6P9Q3;Rn:D3ZG35	Dr:A2BF92	Dm:R9PY16;Mm:P0CG49	-
Q9HCK0	O94827	57684	57449	ZBTB26	PLEKHG5	chromatin immunoprecipitation assay	27924024	Homo sapiens	GTRD	No	Mm:Q6P9Q3;Rn:D3ZG35	Dr:A2BF92	-	-
Q9HCK0	Q8TBZ3	57684	91833	ZBTB26	WDR20	chromatin immunoprecipitation assay	27924024	Homo sapiens	GTRD	No	Mm:Q6P9Q3;Rn:D3ZG35	Dr:A2BF92	-	-
Q9HCK0	P0DP25	57684	801;805;808	ZBTB26	CALM3	chromatin immunoprecipitation assay	27924024	Homo sapiens	GTRD	No	Mm:Q6P9Q3;Rn:D3ZG35	Dr:A2BF92	-	-
Q9HCK0	Q8NBT3	57684	284339	ZBTB26	TMEM145	chromatin immunoprecipitation assay	27924024	Homo sapiens	GTRD	No	Mm:Q6P9Q3;Rn:D3ZG35	Dr:A2BF92	Ce:Q18000;Mm:E9PUE6;Rn:D3Z9I0	-
Q9HCK0	Q96EY8	57684	326625	ZBTB26	MMAB	chromatin immunoprecipitation assay	27924024	Homo sapiens	GTRD	No	Mm:Q6P9Q3;Rn:D3ZG35	Dr:A2BF92	Ce:Q18218;Dr:A2BGN0;Mm:Q9D273;Rn:M0R959	-
Q9HCK0	Q765I0	57684	257313	ZBTB26	UTS2B	chromatin immunoprecipitation assay	27924024	Homo sapiens	GTRD	No	Mm:Q6P9Q3;Rn:D3ZG35	Dr:A2BF92	Mm:Q765I1;Rn:Q765I2	-
Q9HCK0	O43529	57684	9486	ZBTB26	CHST10	chromatin immunoprecipitation assay	27924024	Homo sapiens	GTRD	No	Mm:Q6P9Q3;Rn:D3ZG35	Dr:A2BF92	Dr:Q6AXM1;Mm:A2RSS2	Rn:A0A0G2K5A9
Q9HCK0	Q6NZ36	57684	199990	ZBTB26	FAAP20	chromatin immunoprecipitation assay	27924024	Homo sapiens	GTRD	No	Mm:Q6P9Q3;Rn:D3ZG35	Dr:A2BF92	Mm:Q3UN58;Rn:D4AAA5	-
Q9HCK0	O96008	57684	10452	ZBTB26	TOMM40	chromatin immunoprecipitation assay	27924024	Homo sapiens	GTRD	No	Mm:Q6P9Q3;Rn:D3ZG35	Dr:A2BF92	Dr:Q7T314;Dr:Q6NWH3;Mm:Q9QYA2;Rn:G3V8F5	-
Q9HCK0	P00414	57684	4514	ZBTB26	MT-CO3	chromatin immunoprecipitation assay	27924024	Homo sapiens	GTRD	No	Mm:Q6P9Q3;Rn:D3ZG35	Dr:A2BF92	Dm:P00417;Dr:Q9MIY4;Rn:P05505;Sc:P00420	Ce:G5EFH2;Mm:P00416
Q9HCK0	O75907	57684	8694	ZBTB26	DGAT1	chromatin immunoprecipitation assay	27924024	Homo sapiens	GTRD	No	Mm:Q6P9Q3;Rn:D3ZG35	Dr:A2BF92	Ce:Q9NCE1;Dm:Q960U8;Dr:Q6P3J0;Mm:Q9Z2A7;Rn:Q8BHI5	-
Q9HCK0	P18669	57684	5223	ZBTB26	PGAM1	chromatin immunoprecipitation assay	27924024	Homo sapiens	GTRD	No	Mm:Q6P9Q3;Rn:D3ZG35	Dr:A2BF92	Mm:Q9DBJ1;Rn:P25113	-
Q9HCK0	G3V3Q6	57684	-	ZBTB26	-	chromatin immunoprecipitation assay	27924024	Homo sapiens	GTRD	No	Mm:Q6P9Q3;Rn:D3ZG35	Dr:A2BF92	-	-
Q9HCK0	Q6ICL3	57684	128989	ZBTB26	TANGO2	chromatin immunoprecipitation assay	27924024	Homo sapiens	GTRD	No	Mm:Q6P9Q3;Rn:D3ZG35	Dr:A2BF92	Ce:Q22009;Ce:Q9U1Q8;Dm:Q9VYA8;Mm:Q8BTN3	Dr:Q6AXK1;Rn:A0A0G2JXP4
Q9HCK0	A0A087WZY1	57684	-	ZBTB26	-	chromatin immunoprecipitation assay	27924024	Homo sapiens	GTRD	No	Mm:Q6P9Q3;Rn:D3ZG35	Dr:A2BF92	-	-
Q9HCK0	P13489	57684	6050	ZBTB26	RNH1	chromatin immunoprecipitation assay	27924024	Homo sapiens	GTRD	No	Mm:Q6P9Q3;Rn:D3ZG35	Dr:A2BF92	Mm:Q91VI7;Rn:A0A0G2K9E0	-
Q9HCK0	Q8IXQ4	57684	55425	ZBTB26	GPALPP1	chromatin immunoprecipitation assay	27924024	Homo sapiens	GTRD	No	Mm:Q6P9Q3;Rn:D3ZG35	Dr:A2BF92	Ce:Q93591;Dm:Q9VFF2;Dr:Q6DBU2;Mm:Q69ZC8;Rn:Q4V893	-
Q9HCK0	Q8IX15	57684	57594	ZBTB26	HOMEZ	chromatin immunoprecipitation assay	27924024	Homo sapiens	GTRD	No	Mm:Q6P9Q3;Rn:D3ZG35	Dr:A2BF92	Dr:B0R0H7;Mm:A0A0R4J108	Rn:F8WFQ4
Q9HCK0	Q14209	57684	1870	ZBTB26	E2F2	chromatin immunoprecipitation assay	27924024	Homo sapiens	GTRD	No	Mm:Q6P9Q3;Rn:D3ZG35	Dr:A2BF92	Dr:E7FFJ8;Mm:P56931;Rn:M0RDX6	-
Q9HCK0	P41212	57684	2120	ZBTB26	ETV6	chromatin immunoprecipitation assay	27924024	Homo sapiens	GTRD	No	Mm:Q6P9Q3;Rn:D3ZG35	Dr:A2BF92	Mm:P97360;Rn:Q3KRD1	-
Q9HCK0	Q96DY7	57684	27085	ZBTB26	MTBP	chromatin immunoprecipitation assay	27924024	Homo sapiens	GTRD	No	Mm:Q6P9Q3;Rn:D3ZG35	Dr:A2BF92	Dr:E7F5B9;Mm:Q8BJS8;Rn:D4AB60	-
Q9HCK0	Q96D98	57684	126272	ZBTB26	EID2B	chromatin immunoprecipitation assay	27924024	Homo sapiens	GTRD	No	Mm:Q6P9Q3;Rn:D3ZG35	Dr:A2BF92	Mm:E9Q2Y0;Rn:M0RDN8	-
Q9HCK0	Q16352	57684	9118	ZBTB26	INA	chromatin immunoprecipitation assay	27924024	Homo sapiens	GTRD	No	Mm:Q6P9Q3;Rn:D3ZG35	Dr:A2BF92	Dr:F1Q8F1;Mm:P46660	Dr:A2ATX5;Rn:G3V8Q2
Q9HCK0	Q14332	57684	2535	ZBTB26	FZD2	chromatin immunoprecipitation assay	27924024	Homo sapiens	GTRD	No	Mm:Q6P9Q3;Rn:D3ZG35	Dr:A2BF92	Dr:F1QBI2;Mm:Q9JIP6	Rn:G3V954
Q9HCK0	O76071	57684	9391	ZBTB26	CIAO1	chromatin immunoprecipitation assay	27924024	Homo sapiens	GTRD	No	Mm:Q6P9Q3;Rn:D3ZG35	Dr:A2BF92	Ce:Q9XW12;Dm:Q7K1Y4;Dr:Q6P0D9;Mm:Q99KN2;Rn:Q5M7T1;Sc:Q05583	-
Q9HCK0	Q9UHC6	57684	26047	ZBTB26	CNTNAP2	chromatin immunoprecipitation assay	27924024	Homo sapiens	GTRD	No	Mm:Q6P9Q3;Rn:D3ZG35	Dr:A2BF92	-	Dr:A0A286Y870;Mm:E9QNF7
Q9HCK0	P36507	57684	5605	ZBTB26	MAP2K2	chromatin immunoprecipitation assay	27924024	Homo sapiens	GTRD	No	Mm:Q6P9Q3;Rn:D3ZG35	Dr:A2BF92	Mm:Q63932;Rn:P36506	-
Q9HCK0	Q86XT9	57684	124446	ZBTB26	TMEM219	chromatin immunoprecipitation assay	27924024	Homo sapiens	GTRD	No	Mm:Q6P9Q3;Rn:D3ZG35	Dr:A2BF92	Dr:F1QNC7	Mm:G3X9Z3
Q9HCK0	Q8IWQ3	57684	9024	ZBTB26	BRSK2	chromatin immunoprecipitation assay	27924024	Homo sapiens	GTRD	No	Mm:Q6P9Q3;Rn:D3ZG35	Dr:A2BF92	Dr:A0A1L1QZV4;Mm:Q69Z98	Dr:A0A286YAW7;Rn:M9MMM8
Q9HCK0	Q92604	57684	9926	ZBTB26	LPGAT1	chromatin immunoprecipitation assay	27924024	Homo sapiens	GTRD	No	Mm:Q6P9Q3;Rn:D3ZG35	Dr:A2BF92	Dr:Q4KMD5;Rn:F1LTX8	Mm:D3YVK0;Rn:Q6TXI6
Q9HCK0	Q96AJ1	57684	23059	ZBTB26	CLUAP1	chromatin immunoprecipitation assay	27924024	Homo sapiens	GTRD	No	Mm:Q6P9Q3;Rn:D3ZG35	Dr:A2BF92	Ce:Q6I6D4;Dm:Q9VR64;Dr:F1RA40;Mm:Q8R3P7	Rn:A0A0G2K129
Q9HCK0	Q14108	57684	950	ZBTB26	SCARB2	chromatin immunoprecipitation assay	27924024	Homo sapiens	GTRD	No	Mm:Q6P9Q3;Rn:D3ZG35	Dr:A2BF92	Ce:Q19140;Mm:O35114;Rn:P27615	-
Q9HCK0	Q04671	57684	4948	ZBTB26	OCA2	chromatin immunoprecipitation assay	27924024	Homo sapiens	GTRD	No	Mm:Q6P9Q3;Rn:D3ZG35	Dr:A2BF92	Mm:Q62052	Dm:Q9VU30;Rn:Q4LEV3
Q9HCK0	P35367	57684	3269	ZBTB26	HRH1	chromatin immunoprecipitation assay	27924024	Homo sapiens	GTRD	No	Mm:Q6P9Q3;Rn:D3ZG35	Dr:A2BF92	Mm:P70174;Rn:G3V6X5	-
Q9HCK0	P14651	57684	3213	ZBTB26	HOXB3	chromatin immunoprecipitation assay	27924024	Homo sapiens	GTRD	No	Mm:Q6P9Q3;Rn:D3ZG35	Dr:A2BF92	Dr:O42368;Mm:P09026	Rn:F7FL39
Q9HCK0	P31327	57684	1373	ZBTB26	CPS1	chromatin immunoprecipitation assay	27924024	Homo sapiens	GTRD	No	Mm:Q6P9Q3;Rn:D3ZG35	Dr:A2BF92	Mm:Q8C196;Rn:P07756;Sc:P03965	Dr:F6PBT6
Q9HCK0	Q9NWZ8	57684	54960	ZBTB26	GEMIN8	chromatin immunoprecipitation assay	27924024	Homo sapiens	GTRD	No	Mm:Q6P9Q3;Rn:D3ZG35	Dr:A2BF92	Ce:P34399;Mm:Q8BHE1;Rn:Q6AY77	Dr:F1QAZ5
Q9HCK0	Q9Y603	57684	51513	ZBTB26	ETV7	chromatin immunoprecipitation assay	27924024	Homo sapiens	GTRD	No	Mm:Q6P9Q3;Rn:D3ZG35	Dr:A2BF92	Dr:F1QN70	-
Q9HCK0	Q3SYG4	57684	27241	ZBTB26	BBS9	chromatin immunoprecipitation assay	27924024	Homo sapiens	GTRD	No	Mm:Q6P9Q3;Rn:D3ZG35	Dr:A2BF92	Ce:O01514;Dm:B7YZM8;Mm:Q811G0;Rn:F1M285	Dr:F8W5N6
Q9HCK0	Q86UE3	57684	339327	ZBTB26	ZNF546	chromatin immunoprecipitation assay	27924024	Homo sapiens	GTRD	No	Mm:Q6P9Q3;Rn:D3ZG35	Dr:A2BF92	-	-
Q9HCK0	O00408	57684	5138	ZBTB26	PDE2A	chromatin immunoprecipitation assay	27924024	Homo sapiens	GTRD	No	Mm:Q6P9Q3;Rn:D3ZG35	Dr:A2BF92	Rn:F8WFW5	Mm:F7D3W5;Mm:Q5PR72
Q9HCK0	P36406	57684	373	ZBTB26	TRIM23	chromatin immunoprecipitation assay	27924024	Homo sapiens	GTRD	No	Mm:Q6P9Q3;Rn:D3ZG35	Dr:A2BF92	Ce:Q09654;Mm:Q8BGX0;Rn:H9KVE7	Dr:F1Q4Q5
Q9HCK0	Q8IV13	57684	79616	ZBTB26	CCNJL	chromatin immunoprecipitation assay	27924024	Homo sapiens	GTRD	No	Mm:Q6P9Q3;Rn:D3ZG35	Dr:A2BF92	-	-
Q9HCK0	Q92503	57684	6397	ZBTB26	SEC14L1	chromatin immunoprecipitation assay	27924024	Homo sapiens	GTRD	No	Mm:Q6P9Q3;Rn:D3ZG35	Dr:A2BF92	Ce:Q03606;Dm:Q9VMD6;Mm:A8Y5H7;Rn:D3ZKG3	-
Q9HCK0	P07311	57684	97	ZBTB26	ACYP1	chromatin immunoprecipitation assay	27924024	Homo sapiens	GTRD	No	Mm:Q6P9Q3;Rn:D3ZG35	Dr:A2BF92	Rn:D4A6X4	-
Q9HCK0	P14550	57684	10327	ZBTB26	AKR1A1	chromatin immunoprecipitation assay	27924024	Homo sapiens	GTRD	No	Mm:Q6P9Q3;Rn:D3ZG35	Dr:A2BF92	Dr:F1R3J0;Mm:Q9JII6;Rn:P51635	-
Q9HCK0	Q5TBB1	57684	79621	ZBTB26	RNASEH2B	chromatin immunoprecipitation assay	27924024	Homo sapiens	GTRD	No	Mm:Q6P9Q3;Rn:D3ZG35	Dr:A2BF92	Ce:Q19684;Dm:Q9VYA4;Dr:F1QN47;Mm:Q80ZV0;Rn:Q5XI96	-
Q9HCK0	Q2M1P5	57684	374654	ZBTB26	KIF7	chromatin immunoprecipitation assay	27924024	Homo sapiens	GTRD	No	Mm:Q6P9Q3;Rn:D3ZG35	Dr:A2BF92	Dr:F1QH25;Rn:D4A9P0	Mm:E9QMU1
Q9HCK0	P0C1Z6	57684	29844	ZBTB26	TFPT	chromatin immunoprecipitation assay	27924024	Homo sapiens	GTRD	No	Mm:Q6P9Q3;Rn:D3ZG35	Dr:A2BF92	Mm:Q3U1J1;Rn:A0A0G2K9T8	-
Q9HCK0	Q96B96	57684	57146	ZBTB26	TMEM159	chromatin immunoprecipitation assay	27924024	Homo sapiens	GTRD	No	Mm:Q6P9Q3;Rn:D3ZG35	Dr:A2BF92	Mm:Q922Z1;Rn:A0A0G2JSZ8	-
Q9HCK0	Q5VUJ9	57684	84288	ZBTB26	EFCAB2	chromatin immunoprecipitation assay	27924024	Homo sapiens	GTRD	No	Mm:Q6P9Q3;Rn:D3ZG35	Dr:A2BF92	Dm:Q9W2L0;Mm:Q9CQ46;Rn:A0A0G2K9F5	Dm:A1ZBR3;Dr:X1WBK3
Q9HCK0	Q9P2K8	57684	440275	ZBTB26	EIF2AK4	chromatin immunoprecipitation assay	27924024	Homo sapiens	GTRD	No	Mm:Q6P9Q3;Rn:D3ZG35	Dr:A2BF92	Ce:D0Z5N4;Rn:D4A7V9;Sc:P15442	Dm:Q9V9X8;Mm:A2AUM0
Q9HCK0	Q9UJU3	57684	7771	ZBTB26	ZNF112	chromatin immunoprecipitation assay	27924024	Homo sapiens	GTRD	No	Mm:Q6P9Q3;Rn:D3ZG35	Dr:A2BF92	Mm:Q0VAW7;Rn:A0A0G2K9F8	-
Q9HCK0	Q8N7P1	57684	200150	ZBTB26	PLD5	chromatin immunoprecipitation assay	27924024	Homo sapiens	GTRD	No	Mm:Q6P9Q3;Rn:D3ZG35	Dr:A2BF92	Dr:E7FDD6;Mm:Q3UNN8	Ce:Q19056;Rn:F1MA92
Q9HCK0	Q9ULD9	57684	57507	ZBTB26	ZNF608	chromatin immunoprecipitation assay	27924024	Homo sapiens	GTRD	No	Mm:Q6P9Q3;Rn:D3ZG35	Dr:A2BF92	Mm:Q56A10;Rn:D3ZNA1	-
Q9HCK0	P11166	57684	6513	ZBTB26	SLC2A1	chromatin immunoprecipitation assay	27924024	Homo sapiens	GTRD	No	Mm:Q6P9Q3;Rn:D3ZG35	Dr:A2BF92	Dr:F1R0Q1;Mm:P17809;Rn:P11167	-
Q9HCK0	Q86V48	57684	7798	ZBTB26	LUZP1	chromatin immunoprecipitation assay	27924024	Homo sapiens	GTRD	No	Mm:Q6P9Q3;Rn:D3ZG35	Dr:A2BF92	Mm:Q8R4U7	Dr:X1WFU1;Rn:G3V7L9
Q9HCK0	Q96EK4	57684	57215	ZBTB26	THAP11	chromatin immunoprecipitation assay	27924024	Homo sapiens	GTRD	No	Mm:Q6P9Q3;Rn:D3ZG35	Dr:A2BF92	Dr:Q6TGZ4;Mm:Q9JJD0;Rn:D3ZHX2	-
Q9HCK0	Q9H7X0	57684	79903	ZBTB26	NAA60	chromatin immunoprecipitation assay	27924024	Homo sapiens	GTRD	No	Mm:Q6P9Q3;Rn:D3ZG35	Dr:A2BF92	Ce:Q7YX26;Dm:Q95SX8;Dr:A3KPA3;Mm:Q9DBU2;Rn:Q3MHC1	-
Q9HCK0	Q9C0E8	57684	80856	ZBTB26	LNPK	chromatin immunoprecipitation assay	27924024	Homo sapiens	GTRD	No	Mm:Q6P9Q3;Rn:D3ZG35	Dr:A2BF92	Ce:Q17667;Dm:Q7K2N0;Mm:Q7TQ95;Rn:A0JN29	Dr:F1QDW0
Q9HCK0	Q9BW11	57684	83463	ZBTB26	MXD3	chromatin immunoprecipitation assay	27924024	Homo sapiens	GTRD	No	Mm:Q6P9Q3;Rn:D3ZG35	Dr:A2BF92	Dr:A0A0R4IMG7;Mm:Q80US8	-
Q9HCK0	Q96AY4	57684	23331	ZBTB26	TTC28	chromatin immunoprecipitation assay	27924024	Homo sapiens	GTRD	No	Mm:Q6P9Q3;Rn:D3ZG35	Dr:A2BF92	Dm:Q9VSK6;Rn:D3ZXP1	Mm:A0A0A0MQN9
Q9HCK0	O75503	57684	1203	ZBTB26	CLN5	chromatin immunoprecipitation assay	27924024	Homo sapiens	GTRD	No	Mm:Q6P9Q3;Rn:D3ZG35	Dr:A2BF92	Mm:Q3UMW8	Dr:E7F6N2;Rn:A0A0G2K6S0
Q9HCK0	Q06265	57684	5393	ZBTB26	EXOSC9	chromatin immunoprecipitation assay	27924024	Homo sapiens	GTRD	No	Mm:Q6P9Q3;Rn:D3ZG35	Dr:A2BF92	Ce:Q20128;Dm:Q8T4A9;Dr:Q5XJQ5;Mm:Q9JHI7;Rn:Q4QR75;Sc:Q05636	-
Q9HCK0	Q9H5U6	57684	29063	ZBTB26	ZCCHC4	chromatin immunoprecipitation assay	27924024	Homo sapiens	GTRD	No	Mm:Q6P9Q3;Rn:D3ZG35	Dr:A2BF92	Ce:O62214;Dm:A1Z9S8;Dr:A0A0R4IVN4;Mm:Q8BKW4	-
Q9HCK0	Q5T4I8	57684	347744	ZBTB26	C6orf52	chromatin immunoprecipitation assay	27924024	Homo sapiens	GTRD	No	Mm:Q6P9Q3;Rn:D3ZG35	Dr:A2BF92	Rn:D4AAN9	-
Q9HCK0	Q99501	57684	10634	ZBTB26	GAS2L1	chromatin immunoprecipitation assay	27924024	Homo sapiens	GTRD	No	Mm:Q6P9Q3;Rn:D3ZG35	Dr:A2BF92	Dr:Q1L8E6;Mm:Q8JZP9	-
Q9HCK0	Q9NQH7	57684	63929	ZBTB26	XPNPEP3	chromatin immunoprecipitation assay	27924024	Homo sapiens	GTRD	No	Mm:Q6P9Q3;Rn:D3ZG35	Dr:A2BF92	Ce:O61710;Dm:Q9W5W7;Dr:A8KBZ9;Mm:B7ZMP1;Rn:G3V9W4;Sc:P40051	-
Q9HCK0	Q01085	57684	7073	ZBTB26	TIAL1	chromatin immunoprecipitation assay	27924024	Homo sapiens	GTRD	No	Mm:Q6P9Q3;Rn:D3ZG35	Dr:A2BF92	Mm:P70318;Rn:Q5BJN3	Dr:Q7SXQ1
Q9HCK0	Q9H1C7	57684	84418	ZBTB26	CYSTM1	chromatin immunoprecipitation assay	27924024	Homo sapiens	GTRD	No	Mm:Q6P9Q3;Rn:D3ZG35	Dr:A2BF92	-	-
Q9HCK0	Q8IZR5	57684	146223	ZBTB26	CMTM4	chromatin immunoprecipitation assay	27924024	Homo sapiens	GTRD	No	Mm:Q6P9Q3;Rn:D3ZG35	Dr:A2BF92	Mm:Q8CJ61;Rn:D4A110	Dr:A7YYE5
Q9HCK0	Q8IZ26	57684	80778	ZBTB26	ZNF34	chromatin immunoprecipitation assay	27924024	Homo sapiens	GTRD	No	Mm:Q6P9Q3;Rn:D3ZG35	Dr:A2BF92	-	-
Q9HCK0	Q86UT6	57684	79671	ZBTB26	NLRX1	chromatin immunoprecipitation assay	27924024	Homo sapiens	GTRD	No	Mm:Q6P9Q3;Rn:D3ZG35	Dr:A2BF92	Dr:E7FDW7;Mm:Q3TL44	Rn:A0A0G2K1Q1
Q9HCK0	Q9ULG1	57684	54617	ZBTB26	INO80	chromatin immunoprecipitation assay	27924024	Homo sapiens	GTRD	No	Mm:Q6P9Q3;Rn:D3ZG35	Dr:A2BF92	Dm:Q9VDY1;Dr:Q5SPB7;Mm:Q6ZPV2	Rn:D4A6Q6
Q9HCK0	O43639	57684	8440	ZBTB26	NCK2	chromatin immunoprecipitation assay	27924024	Homo sapiens	GTRD	No	Mm:Q6P9Q3;Rn:D3ZG35	Dr:A2BF92	Ce:Q95PW9;Dr:Q4V9A1;Dr:F1R1C3;Mm:O55033;Rn:D4A3M8	-
Q9HCK0	Q16563	57684	6856	ZBTB26	SYPL1	chromatin immunoprecipitation assay	27924024	Homo sapiens	GTRD	No	Mm:Q6P9Q3;Rn:D3ZG35	Dr:A2BF92	Dr:Q6TLG1;Mm:O09117	Dr:F1Q7F9;Rn:A0A0G2KA82
Q9HCK0	Q96Q07	57684	114781	ZBTB26	BTBD9	chromatin immunoprecipitation assay	27924024	Homo sapiens	GTRD	No	Mm:Q6P9Q3;Rn:D3ZG35	Dr:A2BF92	Ce:O16313;Dm:Q9W2S3;Mm:Q8C726;Rn:Q5PQR3	-
Q9HCK0	P49279	57684	6556	ZBTB26	SLC11A1	chromatin immunoprecipitation assay	27924024	Homo sapiens	GTRD	No	Mm:Q6P9Q3;Rn:D3ZG35	Dr:A2BF92	Mm:P41251	Rn:A0A0G2JZT3
Q9HCK0	Q8TAX9	57684	55876	ZBTB26	GSDMB	chromatin immunoprecipitation assay	27924024	Homo sapiens	GTRD	No	Mm:Q6P9Q3;Rn:D3ZG35	Dr:A2BF92	-	-
Q9HCK0	O14544	57684	9306	ZBTB26	SOCS6	chromatin immunoprecipitation assay	27924024	Homo sapiens	GTRD	No	Mm:Q6P9Q3;Rn:D3ZG35	Dr:A2BF92	Mm:Q9JLY0;Rn:D3ZS84	Dr:E7F166
Q9HCK0	P53618	57684	1315	ZBTB26	COPB1	chromatin immunoprecipitation assay	27924024	Homo sapiens	GTRD	No	Mm:Q6P9Q3;Rn:D3ZG35	Dr:A2BF92	Dm:P45437;Dr:Q66HV4;Mm:Q9JIF7;Rn:P23514;Sc:P41810	Ce:Q9TYL9
Q9HCK0	P62877	57684	9978	ZBTB26	RBX1	chromatin immunoprecipitation assay	27924024	Homo sapiens	GTRD	No	Mm:Q6P9Q3;Rn:D3ZG35	Dr:A2BF92	Ce:Q23457;Dm:Q9W5E1;Dr:A4FUL3;Mm:P62878;Rn:Q498D8;Sc:Q08273	-
Q9HCK0	Q04759	57684	5588	ZBTB26	PRKCQ	chromatin immunoprecipitation assay	27924024	Homo sapiens	GTRD	No	Mm:Q6P9Q3;Rn:D3ZG35	Dr:A2BF92	Ce:P34722;Mm:Q02111;Rn:F1LM10	Dr:F1QTL5
Q9HCK0	Q7Z3K6	57684	166968	ZBTB26	MIER3	chromatin immunoprecipitation assay	27924024	Homo sapiens	GTRD	No	Mm:Q6P9Q3;Rn:D3ZG35	Dr:A2BF92	Dr:F1Q9V8;Mm:Q3UHF3;Rn:A0A0G2JUL8	-
Q9HCK0	P50458	57684	9355	ZBTB26	LHX2	chromatin immunoprecipitation assay	27924024	Homo sapiens	GTRD	No	Mm:Q6P9Q3;Rn:D3ZG35	Dr:A2BF92	Mm:Q9Z0S2;Rn:F1M7M2	-
Q9HCK0	Q6P3S6	57684	54455	ZBTB26	FBXO42	chromatin immunoprecipitation assay	27924024	Homo sapiens	GTRD	No	Mm:Q6P9Q3;Rn:D3ZG35	Dr:A2BF92	Mm:Q6PDJ6;Rn:A0A0G2JTS9	-
Q9HCK0	B1APH4	57684	-	ZBTB26	ZNF487	chromatin immunoprecipitation assay	27924024	Homo sapiens	GTRD	No	Mm:Q6P9Q3;Rn:D3ZG35	Dr:A2BF92	-	-
Q9HCK0	Q5TEC3	57684	90874	ZBTB26	ZNF697	chromatin immunoprecipitation assay	27924024	Homo sapiens	GTRD	No	Mm:Q6P9Q3;Rn:D3ZG35	Dr:A2BF92	Mm:G5E8C0	Rn:D4AA20
Q9HCK0	O96017	57684	11200	ZBTB26	CHEK2	chromatin immunoprecipitation assay	27924024	Homo sapiens	GTRD	No	Mm:Q6P9Q3;Rn:D3ZG35	Dr:A2BF92	Ce:Q9U1Y5;Ce:A4F324;Dm:O61267;Dr:B0V1J5;Mm:Q9Z265;Rn:Q9R019	-
Q9HCK0	O75916	57684	8787	ZBTB26	RGS9	chromatin immunoprecipitation assay	27924024	Homo sapiens	GTRD	No	Mm:Q6P9Q3;Rn:D3ZG35	Dr:A2BF92	Mm:O54828;Rn:P49805	Dr:A8DZ63
Q9HCK0	Q14442	57684	5283	ZBTB26	PIGH	chromatin immunoprecipitation assay	27924024	Homo sapiens	GTRD	No	Mm:Q6P9Q3;Rn:D3ZG35	Dr:A2BF92	Mm:Q5M9N4;Rn:D4A0Z0	Dr:Q6DGV4
Q9HCK0	Q4J6C6	57684	9581	ZBTB26	PREPL	chromatin immunoprecipitation assay	27924024	Homo sapiens	GTRD	No	Mm:Q6P9Q3;Rn:D3ZG35	Dr:A2BF92	-	-
Q9HCK0	Q9H9V9	57684	65094	ZBTB26	JMJD4	chromatin immunoprecipitation assay	27924024	Homo sapiens	GTRD	No	Mm:Q6P9Q3;Rn:D3ZG35	Dr:A2BF92	Ce:Q14V35;Mm:Q8BFT6;Rn:D4A029	-
Q9HCK0	Q8TEM1	57684	23225	ZBTB26	NUP210	chromatin immunoprecipitation assay	27924024	Homo sapiens	GTRD	No	Mm:Q6P9Q3;Rn:D3ZG35	Dr:A2BF92	Dr:F1QC46;Mm:Q9QY81;Rn:P11654	-
Q9HCK0	P78396	57684	8900	ZBTB26	CCNA1	chromatin immunoprecipitation assay	27924024	Homo sapiens	GTRD	No	Mm:Q6P9Q3;Rn:D3ZG35	Dr:A2BF92	Mm:Q61456;Rn:Q6AY13	-
Q9HCK0	Q9UID6	57684	51193	ZBTB26	ZNF639	chromatin immunoprecipitation assay	27924024	Homo sapiens	GTRD	No	Mm:Q6P9Q3;Rn:D3ZG35	Dr:A2BF92	Mm:Q99KZ6	Rn:Q5PPG4
Q9HCK0	O60337	57684	10299	ZBTB26	MARCHF6	chromatin immunoprecipitation assay	27924024	Homo sapiens	GTRD	No	Mm:Q6P9Q3;Rn:D3ZG35	Dr:A2BF92	Ce:Q400N4;Dm:Q9W023;Dr:E9QDQ9;Mm:Q6ZQ89;Rn:F1M1F1	-
Q9HCK0	P13498	57684	1535	ZBTB26	CYBA	chromatin immunoprecipitation assay	27924024	Homo sapiens	GTRD	No	Mm:Q6P9Q3;Rn:D3ZG35	Dr:A2BF92	Dr:Q6PH62;Mm:Q61462;Rn:Q62737	-
Q9HCK0	A6NFN3	57684	146713	ZBTB26	RBFOX3	chromatin immunoprecipitation assay	27924024	Homo sapiens	GTRD	No	Mm:Q6P9Q3;Rn:D3ZG35	Dr:A2BF92	-	-
Q9HCK0	Q8NAU1	57684	252995	ZBTB26	FNDC5	chromatin immunoprecipitation assay	27924024	Homo sapiens	GTRD	No	Mm:Q6P9Q3;Rn:D3ZG35	Dr:A2BF92	Dr:Q1L867;Mm:Q8K4Z2;Rn:Q8K3V5	Dr:F1QLI5
Q9HCK0	Q96SB4	57684	6732	ZBTB26	SRPK1	chromatin immunoprecipitation assay	27924024	Homo sapiens	GTRD	No	Mm:Q6P9Q3;Rn:D3ZG35	Dr:A2BF92	Dr:F1REN8;Mm:O70551	Rn:A0A0U1RRU0
Q9HCK0	P41221	57684	7474	ZBTB26	WNT5A	chromatin immunoprecipitation assay	27924024	Homo sapiens	GTRD	No	Mm:Q6P9Q3;Rn:D3ZG35	Dr:A2BF92	Mm:P22725;Rn:F2Z3U1	-
Q9HCK0	Q9BZ23	57684	80025	ZBTB26	PANK2	chromatin immunoprecipitation assay	27924024	Homo sapiens	GTRD	No	Mm:Q6P9Q3;Rn:D3ZG35	Dr:A2BF92	Ce:H2KYP7;Dr:B8A4W8;Mm:Q3U4S0;Rn:F1LT70	-
Q9HCK0	Q8N2M4	57684	144110	ZBTB26	TMEM86A	chromatin immunoprecipitation assay	27924024	Homo sapiens	GTRD	No	Mm:Q6P9Q3;Rn:D3ZG35	Dr:A2BF92	Dr:Q5BLD1;Mm:Q9D8N3;Rn:D3ZI62	-
Q9HCK0	P10721	57684	3815	ZBTB26	KIT	chromatin immunoprecipitation assay	27924024	Homo sapiens	GTRD	No	Mm:Q6P9Q3;Rn:D3ZG35	Dr:A2BF92	Dr:B8A5K6;Dr:Q8JFR5;Mm:P05532;Rn:Q63116	-
Q9HCK0	Q9GZM8	57684	81565	ZBTB26	NDEL1	chromatin immunoprecipitation assay	27924024	Homo sapiens	GTRD	No	Mm:Q6P9Q3;Rn:D3ZG35	Dr:A2BF92	Dr:Q803Q2;Mm:Q9ERR1;Rn:Q78PB6	-
Q9HCK0	O75815	57684	8412	ZBTB26	BCAR3	chromatin immunoprecipitation assay	27924024	Homo sapiens	GTRD	No	Mm:Q6P9Q3;Rn:D3ZG35	Dr:A2BF92	Mm:Q9QZK2;Rn:D3ZAZ5	Dr:B0UXN8
Q9HCK0	O14957	57684	10975	ZBTB26	UQCR11	chromatin immunoprecipitation assay	27924024	Homo sapiens	GTRD	No	Mm:Q6P9Q3;Rn:D3ZG35	Dr:A2BF92	-	-
Q9HCK0	Q9H869	57684	55249	ZBTB26	YY1AP1	chromatin immunoprecipitation assay	27924024	Homo sapiens	GTRD	No	Mm:Q6P9Q3;Rn:D3ZG35	Dr:A2BF92	-	-
Q9HCK0	Q9H254	57684	57731	ZBTB26	SPTBN4	chromatin immunoprecipitation assay	27924024	Homo sapiens	GTRD	No	Mm:Q6P9Q3;Rn:D3ZG35	Dr:A2BF92	Mm:E9PX29;Rn:A0A0G2K677	-
Q9HCK0	O76080	57684	7763	ZBTB26	ZFAND5	chromatin immunoprecipitation assay	27924024	Homo sapiens	GTRD	No	Mm:Q6P9Q3;Rn:D3ZG35	Dr:A2BF92	Dr:Q7ZU97;Mm:O88878;Rn:B5DF11	-
Q9HCK0	Q9ULV4	57684	23603	ZBTB26	CORO1C	chromatin immunoprecipitation assay	27924024	Homo sapiens	GTRD	No	Mm:Q6P9Q3;Rn:D3ZG35	Dr:A2BF92	-	-
Q9HCK0	P18577	57684	6006	ZBTB26	RHCE	chromatin immunoprecipitation assay	27924024	Homo sapiens	GTRD	No	Mm:Q6P9Q3;Rn:D3ZG35	Dr:A2BF92	-	-
Q9HCK0	Q8TDM0	57684	55653	ZBTB26	BCAS4	chromatin immunoprecipitation assay	27924024	Homo sapiens	GTRD	No	Mm:Q6P9Q3;Rn:D3ZG35	Dr:A2BF92	-	-
Q9HCK0	Q8N9Q2	57684	285672	ZBTB26	SREK1IP1	chromatin immunoprecipitation assay	27924024	Homo sapiens	GTRD	No	Mm:Q6P9Q3;Rn:D3ZG35	Dr:A2BF92	Dr:Q3B7G7;Mm:Q4V9W2	Rn:M0R3Z4
Q9HCK0	E7EU14	57684	-	ZBTB26	PPP5D1	chromatin immunoprecipitation assay	27924024	Homo sapiens	GTRD	No	Mm:Q6P9Q3;Rn:D3ZG35	Dr:A2BF92	-	-
Q9HCK0	Q7Z7L9	57684	54993	ZBTB26	ZSCAN2	chromatin immunoprecipitation assay	27924024	Homo sapiens	GTRD	No	Mm:Q6P9Q3;Rn:D3ZG35	Dr:A2BF92	Mm:Q07230;Rn:F1M9Z0	-
Q9HCK0	Q9P0Z9	57684	51268	ZBTB26	PIPOX	chromatin immunoprecipitation assay	27924024	Homo sapiens	GTRD	No	Mm:Q6P9Q3;Rn:D3ZG35	Dr:A2BF92	Ce:Q8WSW2;Ce:Q18006;Mm:Q9D826;Rn:Q5I0K1	Dr:F6P928
Q9HCK0	Q9UBC0	57684	3175	ZBTB26	ONECUT1	chromatin immunoprecipitation assay	27924024	Homo sapiens	GTRD	No	Mm:Q6P9Q3;Rn:D3ZG35	Dr:A2BF92	Dr:Q6PHC9;Mm:O08755;Rn:G3V975	-
Q9HCK0	Q9H992	57684	64844	ZBTB26	MARCHF7	chromatin immunoprecipitation assay	27924024	Homo sapiens	GTRD	No	Mm:Q6P9Q3;Rn:D3ZG35	Dr:A2BF92	Mm:Q9WV66;Rn:Q5XI50	Dr:I3IT38
Q9HCK0	Q68D51	57684	163259	ZBTB26	DENND2C	chromatin immunoprecipitation assay	27924024	Homo sapiens	GTRD	No	Mm:Q6P9Q3;Rn:D3ZG35	Dr:A2BF92	Mm:E9Q4E4;Rn:D3ZX30	Dr:F1R7P0
Q9HCK0	Q86TC9	57684	84665	ZBTB26	MYPN	chromatin immunoprecipitation assay	27924024	Homo sapiens	GTRD	No	Mm:Q6P9Q3;Rn:D3ZG35	Dr:A2BF92	Mm:Q5DTJ9	Rn:A0A0G2K046
Q9HCK0	P10620	57684	4257	ZBTB26	MGST1	chromatin immunoprecipitation assay	27924024	Homo sapiens	GTRD	No	Mm:Q6P9Q3;Rn:D3ZG35	Dr:A2BF92	Dm:Q86B54;Dm:Q8SY97;Dm:Q8SY19;Dr:Q5XJJ0;Mm:Q91VS7;Rn:P08011	Dr:B0R1E9
Q9HCK0	P29400	57684	1287	ZBTB26	COL4A5	chromatin immunoprecipitation assay	27924024	Homo sapiens	GTRD	No	Mm:Q6P9Q3;Rn:D3ZG35	Dr:A2BF92	Dm:P08120;Mm:Q63ZW6;Rn:F1LUN5	-
Q9HCK0	Q16875	57684	5209	ZBTB26	PFKFB3	chromatin immunoprecipitation assay	27924024	Homo sapiens	GTRD	No	Mm:Q6P9Q3;Rn:D3ZG35	Dr:A2BF92	Rn:O35552	Mm:A2AUP1
Q9HCK0	Q9NQZ2	57684	57050	ZBTB26	UTP3	chromatin immunoprecipitation assay	27924024	Homo sapiens	GTRD	No	Mm:Q6P9Q3;Rn:D3ZG35	Dr:A2BF92	Ce:Q22046;Dm:Q9I7W5;Mm:Q9JI13;Rn:Q6AXX4	Dr:Q66I02
Q9HCK0	Q86Y82	57684	23673	ZBTB26	STX12	chromatin immunoprecipitation assay	27924024	Homo sapiens	GTRD	No	Mm:Q6P9Q3;Rn:D3ZG35	Dr:A2BF92	Dr:A5PMJ7;Mm:Q9ER00	Rn:A0A0G2JVB6
Q9HCK0	Q14240	57684	1974	ZBTB26	EIF4A2	chromatin immunoprecipitation assay	27924024	Homo sapiens	GTRD	No	Mm:Q6P9Q3;Rn:D3ZG35	Dr:A2BF92	Dr:F1R166;Mm:P10630;Rn:Q5RKI1	-
Q9HCK0	C9JE40	57684	197135	ZBTB26	PATL2	chromatin immunoprecipitation assay	27924024	Homo sapiens	GTRD	No	Mm:Q6P9Q3;Rn:D3ZG35	Dr:A2BF92	Mm:A2ARM1	Rn:D3Z954
Q9HCK0	Q9UKV3	57684	22985	ZBTB26	ACIN1	chromatin immunoprecipitation assay	27924024	Homo sapiens	GTRD	No	Mm:Q6P9Q3;Rn:D3ZG35	Dr:A2BF92	Dr:F1Q511;Mm:Q9JIX8;Rn:E9PST5	-
Q9HCK0	A0A1B0GU22	57684	-	ZBTB26	-	chromatin immunoprecipitation assay	27924024	Homo sapiens	GTRD	No	Mm:Q6P9Q3;Rn:D3ZG35	Dr:A2BF92	-	-
Q9HCK0	Q8N8Q1	57684	284613	ZBTB26	CYB561D1	chromatin immunoprecipitation assay	27924024	Homo sapiens	GTRD	No	Mm:Q6P9Q3;Rn:D3ZG35	Dr:A2BF92	Dr:F1R6P8;Mm:A2AE42;Rn:A0A0G2K452	-
Q9HCK0	Q8N812	57684	400073	ZBTB26	C12orf76	chromatin immunoprecipitation assay	27924024	Homo sapiens	GTRD	No	Mm:Q6P9Q3;Rn:D3ZG35	Dr:A2BF92	-	-
Q9HCK0	A0A1B0GTR0	57684	-	ZBTB26	EDDM13	chromatin immunoprecipitation assay	27924024	Homo sapiens	GTRD	No	Mm:Q6P9Q3;Rn:D3ZG35	Dr:A2BF92	Mm:E9Q7F5	-
Q9HCK0	P21675	57684	6872	ZBTB26	TAF1	chromatin immunoprecipitation assay	27924024	Homo sapiens	GTRD	No	Mm:Q6P9Q3;Rn:D3ZG35	Dr:A2BF92	-	-
Q9HCK0	Q6DCA0	57684	83607	ZBTB26	AMMECR1L	chromatin immunoprecipitation assay	27924024	Homo sapiens	GTRD	No	Mm:Q6P9Q3;Rn:D3ZG35	Dr:A2BF92	Mm:Q8JZZ6;Rn:G3V9S2	-
Q9HCK0	Q9GZP0	57684	80310	ZBTB26	PDGFD	chromatin immunoprecipitation assay	27924024	Homo sapiens	GTRD	No	Mm:Q6P9Q3;Rn:D3ZG35	Dr:A2BF92	Mm:Q925I7;Rn:Q9EQT1	-
Q9HCK0	P38435	57684	2677	ZBTB26	GGCX	chromatin immunoprecipitation assay	27924024	Homo sapiens	GTRD	No	Mm:Q6P9Q3;Rn:D3ZG35	Dr:A2BF92	Dm:Q9W0C4;Mm:Q9QYC7;Rn:B5DEF3	-
Q9HCK0	P98153	57684	9993	ZBTB26	DGCR2	chromatin immunoprecipitation assay	27924024	Homo sapiens	GTRD	No	Mm:Q6P9Q3;Rn:D3ZG35	Dr:A2BF92	Dr:Q6DG59;Mm:E9Q548;Mm:Q6P5A9;Rn:Q66HD9;Rn:A0A0G2QC32	-
Q9HCK0	Q9NZM6	57684	27039	ZBTB26	PKD2L2	chromatin immunoprecipitation assay	27924024	Homo sapiens	GTRD	No	Mm:Q6P9Q3;Rn:D3ZG35	Dr:A2BF92	Mm:Q9JLG4;Rn:D4A828	-
Q9HCK0	Q8NEV4	57684	53904	ZBTB26	MYO3A	chromatin immunoprecipitation assay	27924024	Homo sapiens	GTRD	No	Mm:Q6P9Q3;Rn:D3ZG35	Dr:A2BF92	-	Dr:X1WHF0;Dr:F8W392;Dr:A0A1D5NSJ2
Q9HCK0	Q9UIS9	57684	4152	ZBTB26	MBD1	chromatin immunoprecipitation assay	27924024	Homo sapiens	GTRD	No	Mm:Q6P9Q3;Rn:D3ZG35	Dr:A2BF92	Rn:Q66HB8	Mm:A0A286YDI1
Q9HCK0	Q9BXR0	57684	81890	ZBTB26	QTRT1	chromatin immunoprecipitation assay	27924024	Homo sapiens	GTRD	No	Mm:Q6P9Q3;Rn:D3ZG35	Dr:A2BF92	Ce:Q23623;Dm:Q9VPY8;Mm:Q9JMA2	Dr:F1RDP5;Rn:A0A0H2UHF3
Q9HCK0	Q8N6N7	57684	414149	ZBTB26	ACBD7	chromatin immunoprecipitation assay	27924024	Homo sapiens	GTRD	No	Mm:Q6P9Q3;Rn:D3ZG35	Dr:A2BF92	Dr:Q4V8S5;Mm:Q9D258	Rn:D3ZB36
Q9HCK0	Q8WY21	57684	114815	ZBTB26	SORCS1	chromatin immunoprecipitation assay	27924024	Homo sapiens	GTRD	No	Mm:Q6P9Q3;Rn:D3ZG35	Dr:A2BF92	Rn:F1LUZ4	Mm:A0A1B0GRN1
Q9HCK0	Q16774	57684	2987	ZBTB26	GUK1	chromatin immunoprecipitation assay	27924024	Homo sapiens	GTRD	No	Mm:Q6P9Q3;Rn:D3ZG35	Dr:A2BF92	Ce:P91425;Dm:Q9VTB3;Rn:E9PTV0;Sc:P15454	Dr:B8JJJ5;Mm:Q64520
Q9HCK0	Q96SQ7	57684	84913	ZBTB26	ATOH8	chromatin immunoprecipitation assay	27924024	Homo sapiens	GTRD	No	Mm:Q6P9Q3;Rn:D3ZG35	Dr:A2BF92	Mm:Q99NA2;Rn:D4AA26	-
Q9HCK0	P51809	57684	6845	ZBTB26	VAMP7	chromatin immunoprecipitation assay	27924024	Homo sapiens	GTRD	No	Mm:Q6P9Q3;Rn:D3ZG35	Dr:A2BF92	Dm:Q7JYX5;Dr:E9QC42;Rn:Q9JHW5	Mm:P70280
Q9HCK0	Q6P9F7	57684	23507	ZBTB26	LRRC8B	chromatin immunoprecipitation assay	27924024	Homo sapiens	GTRD	No	Mm:Q6P9Q3;Rn:D3ZG35	Dr:A2BF92	Mm:Q5DU41;Rn:D4A758	-
Q9HCK0	Q9Y5Q0	57684	3995	ZBTB26	FADS3	chromatin immunoprecipitation assay	27924024	Homo sapiens	GTRD	No	Mm:Q6P9Q3;Rn:D3ZG35	Dr:A2BF92	Mm:Q9JJE7;Rn:Q8K1P9	-
Q9HCK0	P33993	57684	4176	ZBTB26	MCM7	chromatin immunoprecipitation assay	27924024	Homo sapiens	GTRD	No	Mm:Q6P9Q3;Rn:D3ZG35	Dr:A2BF92	Ce:O16297;Dm:Q9XYU0;Mm:Q61881;Rn:Q6AYN8;Sc:P38132	Dr:A0A0E3D6N5
Q9HCK0	Q9NNW7	57684	10587	ZBTB26	TXNRD2	chromatin immunoprecipitation assay	27924024	Homo sapiens	GTRD	No	Mm:Q6P9Q3;Rn:D3ZG35	Dr:A2BF92	Dr:F1Q6Z6;Rn:F1M6X5	Ce:P30635;Dm:Q9VNT5
Q9HCK0	Q9H790	57684	64789	ZBTB26	EXO5	chromatin immunoprecipitation assay	27924024	Homo sapiens	GTRD	No	Mm:Q6P9Q3;Rn:D3ZG35	Dr:A2BF92	Dr:F1Q514;Mm:Q9CXP9;Rn:D3ZLE0	-
Q9HCK0	P62249	57684	6217	ZBTB26	RPS16	chromatin immunoprecipitation assay	27924024	Homo sapiens	GTRD	No	Mm:Q6P9Q3;Rn:D3ZG35	Dr:A2BF92	Ce:Q22054;Dm:Q9W237;Dr:Q1LWH1;Mm:P14131;Rn:P62250;Sc:P0CX51	-
Q9HCK0	Q96PB1	57684	64921	ZBTB26	CASD1	chromatin immunoprecipitation assay	27924024	Homo sapiens	GTRD	No	Mm:Q6P9Q3;Rn:D3ZG35	Dr:A2BF92	Dm:Q9W4P0;Mm:Q7TN73;Rn:M0R6Q0	-
Q9HCK0	P31749	57684	207	ZBTB26	AKT1	chromatin immunoprecipitation assay	27924024	Homo sapiens	GTRD	No	Mm:Q6P9Q3;Rn:D3ZG35	Dr:A2BF92	Mm:P31750	Rn:P47196
Q9HCK0	P48509	57684	977	ZBTB26	CD151	chromatin immunoprecipitation assay	27924024	Homo sapiens	GTRD	No	Mm:Q6P9Q3;Rn:D3ZG35	Dr:A2BF92	Dr:Q6P031;Mm:O35566	Rn:Q9QZA6
Q9HCK0	P57768	57684	64089	ZBTB26	SNX16	chromatin immunoprecipitation assay	27924024	Homo sapiens	GTRD	No	Mm:Q6P9Q3;Rn:D3ZG35	Dr:A2BF92	Mm:Q8C080	Rn:A0A0G2JT47
Q9HCK0	P02654	57684	341	ZBTB26	APOC1	chromatin immunoprecipitation assay	27924024	Homo sapiens	GTRD	No	Mm:Q6P9Q3;Rn:D3ZG35	Dr:A2BF92	Mm:P34928;Rn:P19939	Dr:E9QFX0;Rn:M0R547
Q9HCK0	Q8TBY9	57684	144406	ZBTB26	CFAP251	chromatin immunoprecipitation assay	27924024	Homo sapiens	GTRD	No	Mm:Q6P9Q3;Rn:D3ZG35	Dr:A2BF92	Mm:E9Q743	Dr:A3QK38;Rn:F1LWI8
Q9HCK0	Q14653	57684	3661	ZBTB26	IRF3	chromatin immunoprecipitation assay	27924024	Homo sapiens	GTRD	No	Mm:Q6P9Q3;Rn:D3ZG35	Dr:A2BF92	Mm:P70671;Rn:Q5XIB0	-
Q9HCK0	P62987	57684	7311	ZBTB26	UBA52	chromatin immunoprecipitation assay	27924024	Homo sapiens	GTRD	No	Mm:Q6P9Q3;Rn:D3ZG35	Dr:A2BF92	Ce:P49632;Dm:P18101;Dr:Q3B7P7;Rn:P62986;Sc:P0CH08	Mm:E9Q9J0
Q9HCK0	Q9UIV1	57684	29883	ZBTB26	CNOT7	chromatin immunoprecipitation assay	27924024	Homo sapiens	GTRD	No	Mm:Q6P9Q3;Rn:D3ZG35	Dr:A2BF92	Dr:Q08BM8;Mm:Q60809;Rn:B3DMA5	-
Q9HCK0	Q8NBS9	57684	81567	ZBTB26	TXNDC5	chromatin immunoprecipitation assay	27924024	Homo sapiens	GTRD	No	Mm:Q6P9Q3;Rn:D3ZG35	Dr:A2BF92	Dm:Q9VYV3;Dr:F1R184;Mm:Q91W90;Rn:D3ZZC1	-
Q9HCK0	Q01094	57684	1869	ZBTB26	E2F1	chromatin immunoprecipitation assay	27924024	Homo sapiens	GTRD	No	Mm:Q6P9Q3;Rn:D3ZG35	Dr:A2BF92	Mm:Q61501;Rn:O09139	-
Q9HCK0	P10809	57684	3329	ZBTB26	HSPD1	chromatin immunoprecipitation assay	27924024	Homo sapiens	GTRD	No	Mm:Q6P9Q3;Rn:D3ZG35	Dr:A2BF92	Ce:P50140;Dm:Q9VMN5;Dm:O02649;Dr:Q803B0;Mm:P63038;Rn:P63039;Sc:P19882	-
Q9HCK0	Q3SY77	57684	167127	ZBTB26	UGT3A2	chromatin immunoprecipitation assay	27924024	Homo sapiens	GTRD	No	Mm:Q6P9Q3;Rn:D3ZG35	Dr:A2BF92	-	-
Q9HCK0	Q92925	57684	6603	ZBTB26	SMARCD2	chromatin immunoprecipitation assay	27924024	Homo sapiens	GTRD	No	Mm:Q6P9Q3;Rn:D3ZG35	Dr:A2BF92	Dr:E7EYW7;Mm:Q99JR8;Rn:O54772	-
Q9HCK0	Q96JM7	57684	84456	ZBTB26	L3MBTL3	chromatin immunoprecipitation assay	27924024	Homo sapiens	GTRD	No	Mm:Q6P9Q3;Rn:D3ZG35	Dr:A2BF92	Dr:X1WB99;Mm:Q8BLB7	Rn:D3ZJT9
Q9HCK0	O60671	57684	5810	ZBTB26	RAD1	chromatin immunoprecipitation assay	27924024	Homo sapiens	GTRD	No	Mm:Q6P9Q3;Rn:D3ZG35	Dr:A2BF92	Ce:G5EC44;Dm:Q9VQD4;Dr:Q6P2T4;Mm:Q9QWZ1;Rn:D3ZC52	-
Q9HCK0	P00533	57684	1956	ZBTB26	EGFR	chromatin immunoprecipitation assay	27924024	Homo sapiens	GTRD	No	Mm:Q6P9Q3;Rn:D3ZG35	Dr:A2BF92	Dr:A0A0R4IFV9;Mm:Q01279;Rn:G3V6K6	-
Q9HCK0	P34931	57684	3305	ZBTB26	HSPA1L	chromatin immunoprecipitation assay	27924024	Homo sapiens	GTRD	No	Mm:Q6P9Q3;Rn:D3ZG35	Dr:A2BF92	Mm:P16627;Rn:P55063	-
Q9HCK0	P09529	57684	3625	ZBTB26	INHBB	chromatin immunoprecipitation assay	27924024	Homo sapiens	GTRD	No	Mm:Q6P9Q3;Rn:D3ZG35	Dr:A2BF92	Mm:Q04999;Rn:A0A0G2K0C6	Dr:A0A0G2KD75
Q9HCK0	P60866	57684	6224	ZBTB26	RPS20	chromatin immunoprecipitation assay	27924024	Homo sapiens	GTRD	No	Mm:Q6P9Q3;Rn:D3ZG35	Dr:A2BF92	Ce:Q8WQA8;Dm:P55828;Mm:P60867;Rn:M0RB28;Rn:A0A0G2K8W1;Rn:M0R566;Rn:P60868;Sc:P38701	Rn:D3ZZK1
Q9HCK0	P41208	57684	1069	ZBTB26	CETN2	chromatin immunoprecipitation assay	27924024	Homo sapiens	GTRD	No	Mm:Q6P9Q3;Rn:D3ZG35	Dr:A2BF92	Dr:A0A0R4IVN1;Mm:Q9R1K9;Rn:G3V9W0	-
Q9HCK0	Q0ZLH3	57684	494513	ZBTB26	PJVK	chromatin immunoprecipitation assay	27924024	Homo sapiens	GTRD	No	Mm:Q6P9Q3;Rn:D3ZG35	Dr:A2BF92	Mm:Q0ZLH2;Rn:D3ZSE6	Dr:F8W4T7
Q9HCK0	O60447	57684	7813	ZBTB26	EVI5	chromatin immunoprecipitation assay	27924024	Homo sapiens	GTRD	No	Mm:Q6P9Q3;Rn:D3ZG35	Dr:A2BF92	Dr:E7FA51;Mm:F8VPT6;Rn:D3ZJN9	-
Q9HCK0	Q92824	57684	5125	ZBTB26	PCSK5	chromatin immunoprecipitation assay	27924024	Homo sapiens	GTRD	No	Mm:Q6P9Q3;Rn:D3ZG35	Dr:A2BF92	-	-
Q9HCK0	P43351	57684	5893	ZBTB26	RAD52	chromatin immunoprecipitation assay	27924024	Homo sapiens	GTRD	No	Mm:Q6P9Q3;Rn:D3ZG35	Dr:A2BF92	-	Mm:G5E879;Rn:D3ZZL1
Q9HCK0	Q9NWM3	57684	404093	ZBTB26	CUEDC1	chromatin immunoprecipitation assay	27924024	Homo sapiens	GTRD	No	Mm:Q6P9Q3;Rn:D3ZG35	Dr:A2BF92	Dm:Q8SZU6;Dr:F1QA38;Mm:Q8R3V6	Rn:Q5PQP8
Q9HCK0	Q13188	57684	6788	ZBTB26	STK3	chromatin immunoprecipitation assay	27924024	Homo sapiens	GTRD	No	Mm:Q6P9Q3;Rn:D3ZG35	Dr:A2BF92	Dr:Q7ZUQ3;Mm:Q9JI10;Rn:B1WBQ5	-
Q9HCK0	P48307	57684	7980	ZBTB26	TFPI2	chromatin immunoprecipitation assay	27924024	Homo sapiens	GTRD	No	Mm:Q6P9Q3;Rn:D3ZG35	Dr:A2BF92	-	-
Q9HCK0	Q2NL82	57684	55720	ZBTB26	TSR1	chromatin immunoprecipitation assay	27924024	Homo sapiens	GTRD	No	Mm:Q6P9Q3;Rn:D3ZG35	Dr:A2BF92	Ce:Q19329;Dm:Q9VP47;Dr:E7FCX4;Mm:Q5SWD9;Rn:D3ZEM8;Sc:Q07381	-
Q9HCK0	P02452	57684	1277	ZBTB26	COL1A1	chromatin immunoprecipitation assay	27924024	Homo sapiens	GTRD	No	Mm:Q6P9Q3;Rn:D3ZG35	Dr:A2BF92	-	-
Q9HCK0	Q71H61	57684	387597	ZBTB26	ILDR2	chromatin immunoprecipitation assay	27924024	Homo sapiens	GTRD	No	Mm:Q6P9Q3;Rn:D3ZG35	Dr:A2BF92	Mm:B5TVM2;Rn:D3ZGJ1	-
Q9HCK0	O75925	57684	8554	ZBTB26	PIAS1	chromatin immunoprecipitation assay	27924024	Homo sapiens	GTRD	No	Mm:Q6P9Q3;Rn:D3ZG35	Dr:A2BF92	Dr:X1WDM3;Dr:A0A1D5NSS2;Mm:O88907;Rn:G3V9T0	-
Q9HCK0	Q8IWP9	57684	25901	ZBTB26	CCDC28A	chromatin immunoprecipitation assay	27924024	Homo sapiens	GTRD	No	Mm:Q6P9Q3;Rn:D3ZG35	Dr:A2BF92	-	-
Q9HCK0	Q8WXA3	57684	55680	ZBTB26	RUFY2	chromatin immunoprecipitation assay	27924024	Homo sapiens	GTRD	No	Mm:Q6P9Q3;Rn:D3ZG35	Dr:A2BF92	Ce:Q19088;Mm:Q8R4C2	Dr:B8A5E3;Rn:D3ZSW9
Q9HCK0	O60346	57684	23239	ZBTB26	PHLPP1	chromatin immunoprecipitation assay	27924024	Homo sapiens	GTRD	No	Mm:Q6P9Q3;Rn:D3ZG35	Dr:A2BF92	Mm:Q8CHE4;Rn:F1LNC3	Dr:X1WGE6
Q9HCK0	P38646	57684	3313	ZBTB26	HSPA9	chromatin immunoprecipitation assay	27924024	Homo sapiens	GTRD	No	Mm:Q6P9Q3;Rn:D3ZG35	Dr:A2BF92	Ce:P11141;Dm:P29845;Dr:F1QFC0;Mm:P38647;Rn:F1M953;Sc:P39987;Sc:P0CS90	-
Q9HCK0	P43250	57684	2870	ZBTB26	GRK6	chromatin immunoprecipitation assay	27924024	Homo sapiens	GTRD	No	Mm:Q6P9Q3;Rn:D3ZG35	Dr:A2BF92	Rn:A0A0G2K6E5	Dr:E7F3T7;Mm:Q9EP84
Q9HCK0	Q969E8	57684	90121	ZBTB26	TSR2	chromatin immunoprecipitation assay	27924024	Homo sapiens	GTRD	No	Mm:Q6P9Q3;Rn:D3ZG35	Dr:A2BF92	Ce:Q2HQJ8;Dm:Q9VBI0;Dr:F1QR86;Rn:G3V6B8;Sc:Q06672	Mm:Q8C8T8
Q9HCK0	Q2M3R5	57684	159371	ZBTB26	SLC35G1	chromatin immunoprecipitation assay	27924024	Homo sapiens	GTRD	No	Mm:Q6P9Q3;Rn:D3ZG35	Dr:A2BF92	Dm:Q9VGN6;Mm:Q8BY79;Rn:D3ZMU0;Sc:Q08980	-
Q9HCK0	Q9UPI3	57684	55640	ZBTB26	FLVCR2	chromatin immunoprecipitation assay	27924024	Homo sapiens	GTRD	No	Mm:Q6P9Q3;Rn:D3ZG35	Dr:A2BF92	Dr:E9QH04;Mm:A0A0R4J0E9;Rn:A0A0G2KBA9	Dr:A0A0R4ILB2
Q9HCK0	Q9GZN7	57684	79641	ZBTB26	ROGDI	chromatin immunoprecipitation assay	27924024	Homo sapiens	GTRD	No	Mm:Q6P9Q3;Rn:D3ZG35	Dr:A2BF92	Ce:O17213;Dm:Q9VVE2;Dr:A0A0R4IF42;Mm:Q3TDK6;Rn:Q4V7D2	-
Q9HCK0	O14966	57684	8934	ZBTB26	RAB29	chromatin immunoprecipitation assay	27924024	Homo sapiens	GTRD	No	Mm:Q6P9Q3;Rn:D3ZG35	Dr:A2BF92	Mm:E9QLQ7;Rn:Q63481	-
Q9HCK0	Q1ED39	57684	400506	ZBTB26	KNOP1	chromatin immunoprecipitation assay	27924024	Homo sapiens	GTRD	No	Mm:Q6P9Q3;Rn:D3ZG35	Dr:A2BF92	-	Mm:H7BX94;Rn:M0R963;Rn:D4AE78
Q9HCK0	P28370	57684	6594	ZBTB26	SMARCA1	chromatin immunoprecipitation assay	27924024	Homo sapiens	GTRD	No	Mm:Q6P9Q3;Rn:D3ZG35	Dr:A2BF92	-	-
Q9HCK0	P17706	57684	5771	ZBTB26	PTPN2	chromatin immunoprecipitation assay	27924024	Homo sapiens	GTRD	No	Mm:Q6P9Q3;Rn:D3ZG35	Dr:A2BF92	Mm:Q06180;Rn:P35233	-
Q9HCK0	P09327	57684	7429	ZBTB26	VIL1	chromatin immunoprecipitation assay	27924024	Homo sapiens	GTRD	No	Mm:Q6P9Q3;Rn:D3ZG35	Dr:A2BF92	Mm:Q62468;Rn:B5DFA0	Dr:F1QVU3
Q9HCK0	Q9ULW3	57684	29777	ZBTB26	ABT1	chromatin immunoprecipitation assay	27924024	Homo sapiens	GTRD	No	Mm:Q6P9Q3;Rn:D3ZG35	Dr:A2BF92	Dm:Q9W394;Dr:Q503Z6;Mm:Q9QYL7;Rn:Q4KLM5	Ce:O44734
Q9HCK0	P43026	57684	8200	ZBTB26	GDF5	chromatin immunoprecipitation assay	27924024	Homo sapiens	GTRD	No	Mm:Q6P9Q3;Rn:D3ZG35	Dr:A2BF92	-	-
Q9HCK0	O60245	57684	5099	ZBTB26	PCDH7	chromatin immunoprecipitation assay	27924024	Homo sapiens	GTRD	No	Mm:Q6P9Q3;Rn:D3ZG35	Dr:A2BF92	Dr:X1WEN8;Rn:Q68HB8	Dm:A0A0B4K6P8;Mm:A2RS43
Q9HCK0	Q6NW29	57684	201965	ZBTB26	RWDD4	chromatin immunoprecipitation assay	27924024	Homo sapiens	GTRD	No	Mm:Q6P9Q3;Rn:D3ZG35	Dr:A2BF92	Dm:Q9VJ60;Mm:Q9CPR1	Rn:A0A0G2K617
Q9HCK0	Q96MN9	57684	118738	ZBTB26	ZNF488	chromatin immunoprecipitation assay	27924024	Homo sapiens	GTRD	No	Mm:Q6P9Q3;Rn:D3ZG35	Dr:A2BF92	Mm:Q5HZG9	Rn:D4AAF0
Q9HCK0	Q92622	57684	9711	ZBTB26	RUBCN	chromatin immunoprecipitation assay	27924024	Homo sapiens	GTRD	No	Mm:Q6P9Q3;Rn:D3ZG35	Dr:A2BF92	Mm:Q80U62;Rn:A0A0G2K687	Dr:F1Q4W5
Q9HCK0	Q9UJT9	57684	23194	ZBTB26	FBXL7	chromatin immunoprecipitation assay	27924024	Homo sapiens	GTRD	No	Mm:Q6P9Q3;Rn:D3ZG35	Dr:A2BF92	Dr:A1A5X2;Mm:Q5BJ29	Rn:F1M6W6
Q9HCK0	Q8IYB7	57684	129563	ZBTB26	DIS3L2	chromatin immunoprecipitation assay	27924024	Homo sapiens	GTRD	No	Mm:Q6P9Q3;Rn:D3ZG35	Dr:A2BF92	Ce:Q09568;Dr:E7F350;Mm:Q8CI75	Rn:D3ZIL9
Q9HCK0	Q5JXC2	57684	60672	ZBTB26	MIIP	chromatin immunoprecipitation assay	27924024	Homo sapiens	GTRD	No	Mm:Q6P9Q3;Rn:D3ZG35	Dr:A2BF92	Mm:A2A7Y5	Rn:Q6AYH0
Q9HCK0	Q86Y91	57684	146909	ZBTB26	KIF18B	chromatin immunoprecipitation assay	27924024	Homo sapiens	GTRD	No	Mm:Q6P9Q3;Rn:D3ZG35	Dr:A2BF92	Mm:Q6PFD6;Rn:Q4KLL9	-
Q9HCK0	A6NCL7	57684	651746	ZBTB26	ANKRD33B	chromatin immunoprecipitation assay	27924024	Homo sapiens	GTRD	No	Mm:Q6P9Q3;Rn:D3ZG35	Dr:A2BF92	Mm:Q3U0L2;Rn:D3ZTU7	Dr:Q7T168;Dr:F1QX39
Q9HCK0	Q9H777	57684	55520	ZBTB26	ELAC1	chromatin immunoprecipitation assay	27924024	Homo sapiens	GTRD	No	Mm:Q6P9Q3;Rn:D3ZG35	Dr:A2BF92	Dr:A5WWD2;Mm:Q8VEB6;Rn:D3ZB91	-
Q9HCK0	Q9UQ88	57684	728642	ZBTB26	CDK11A	chromatin immunoprecipitation assay	27924024	Homo sapiens	GTRD	No	Mm:Q6P9Q3;Rn:D3ZG35	Dr:A2BF92	-	-
Q9HCK0	O95299	57684	4705	ZBTB26	NDUFA10	chromatin immunoprecipitation assay	27924024	Homo sapiens	GTRD	No	Mm:Q6P9Q3;Rn:D3ZG35	Dr:A2BF92	Dm:P91929;Dr:F1RDV2;Mm:Q99LC3;Rn:Q561S0	-
Q9HCK0	Q969H0	57684	55294	ZBTB26	FBXW7	chromatin immunoprecipitation assay	27924024	Homo sapiens	GTRD	No	Mm:Q6P9Q3;Rn:D3ZG35	Dr:A2BF92	Ce:Q93794;Dr:B7ZDC8;Mm:Q8VBV4	Rn:D3ZQU4
Q9HCK0	Q6P4F2	57684	112812	ZBTB26	FDX2	chromatin immunoprecipitation assay	27924024	Homo sapiens	GTRD	No	Mm:Q6P9Q3;Rn:D3ZG35	Dr:A2BF92	Ce:Q9NA32;Dm:P37193;Dr:E7F7J1	-
Q9HCK0	Q9Y6R0	57684	9253	ZBTB26	NUMBL	chromatin immunoprecipitation assay	27924024	Homo sapiens	GTRD	No	Mm:Q6P9Q3;Rn:D3ZG35	Dr:A2BF92	Mm:O08919	Dr:A0A0R4IDU4;Rn:A0A0G2K9C5
Q9HCK0	P52799	57684	1948	ZBTB26	EFNB2	chromatin immunoprecipitation assay	27924024	Homo sapiens	GTRD	No	Mm:Q6P9Q3;Rn:D3ZG35	Dr:A2BF92	Dr:O73874;Mm:P52800;Rn:B2B9A9	-
Q9HCK0	Q6IV72	57684	155054	ZBTB26	ZNF425	chromatin immunoprecipitation assay	27924024	Homo sapiens	GTRD	No	Mm:Q6P9Q3;Rn:D3ZG35	Dr:A2BF92	-	-
Q9HCK0	Q17RM4	57684	84865	ZBTB26	CCDC142	chromatin immunoprecipitation assay	27924024	Homo sapiens	GTRD	No	Mm:Q6P9Q3;Rn:D3ZG35	Dr:A2BF92	Mm:A0A0R3P9D1	Mm:Q8CAI1;Rn:A0A0G2KB94
Q9HCK0	Q86WV6	57684	340061	ZBTB26	STING1	chromatin immunoprecipitation assay	27924024	Homo sapiens	GTRD	No	Mm:Q6P9Q3;Rn:D3ZG35	Dr:A2BF92	Mm:Q3TBT3;Rn:F1M391	-
Q9HCK0	Q92521	57684	9488	ZBTB26	PIGB	chromatin immunoprecipitation assay	27924024	Homo sapiens	GTRD	No	Mm:Q6P9Q3;Rn:D3ZG35	Dr:A2BF92	-	-
Q9HCK0	Q9NZN5	57684	23365	ZBTB26	ARHGEF12	chromatin immunoprecipitation assay	27924024	Homo sapiens	GTRD	No	Mm:Q6P9Q3;Rn:D3ZG35	Dr:A2BF92	Rn:A0A0G2K860	Dr:E7FDV8;Mm:F8VQN6
Q9HCK0	Q6P2C8	57684	9442	ZBTB26	MED27	chromatin immunoprecipitation assay	27924024	Homo sapiens	GTRD	No	Mm:Q6P9Q3;Rn:D3ZG35	Dr:A2BF92	Dm:Q9VNG0;Dr:Q6PFL0;Mm:Q9DB40;Rn:B2RZ56	-
Q9HCK0	Q96SR6	57684	84911	ZBTB26	ZNF382	chromatin immunoprecipitation assay	27924024	Homo sapiens	GTRD	No	Mm:Q6P9Q3;Rn:D3ZG35	Dr:A2BF92	Mm:B2RXC5	Rn:A0A0G2JSS4
Q9HCK0	Q9H061	57684	84233	ZBTB26	TMEM126A	chromatin immunoprecipitation assay	27924024	Homo sapiens	GTRD	No	Mm:Q6P9Q3;Rn:D3ZG35	Dr:A2BF92	Mm:Q9D8Y1;Rn:Q5HZA9	Dr:A0A2R8QM83
Q9HCK0	O95198	57684	11275	ZBTB26	KLHL2	chromatin immunoprecipitation assay	27924024	Homo sapiens	GTRD	No	Mm:Q6P9Q3;Rn:D3ZG35	Dr:A2BF92	Dr:E9QC48;Mm:Q8JZP3;Rn:A0A0A0MY35	-
Q9HCK0	Q9UPX6	57684	23251	ZBTB26	MINAR1	chromatin immunoprecipitation assay	27924024	Homo sapiens	GTRD	No	Mm:Q6P9Q3;Rn:D3ZG35	Dr:A2BF92	Mm:Q8K3V7	Dr:A0A140LFM6;Rn:A0A3B4PZG4
Q9HCK0	M0R2T5	57684	-	ZBTB26	-	chromatin immunoprecipitation assay	27924024	Homo sapiens	GTRD	No	Mm:Q6P9Q3;Rn:D3ZG35	Dr:A2BF92	-	-
Q9HCK0	Q8N720	57684	79027	ZBTB26	ZNF655	chromatin immunoprecipitation assay	27924024	Homo sapiens	GTRD	No	Mm:Q6P9Q3;Rn:D3ZG35	Dr:A2BF92	Mm:Q9CZP3;Rn:Q5RKG8	-
Q9HCK0	P48742	57684	3975	ZBTB26	LHX1	chromatin immunoprecipitation assay	27924024	Homo sapiens	GTRD	No	Mm:Q6P9Q3;Rn:D3ZG35	Dr:A2BF92	Ce:P20154;Mm:P63006;Rn:P63007	Dr:Q90476
Q9HCK0	Q6QHF9	57684	196743	ZBTB26	PAOX	chromatin immunoprecipitation assay	27924024	Homo sapiens	GTRD	No	Mm:Q6P9Q3;Rn:D3ZG35	Dr:A2BF92	Dm:Q9VHN8;Sc:P50264	-
Q9HCK0	Q9H2E6	57684	57556	ZBTB26	SEMA6A	chromatin immunoprecipitation assay	27924024	Homo sapiens	GTRD	No	Mm:Q6P9Q3;Rn:D3ZG35	Dr:A2BF92	-	-
Q9HCK0	O60658	57684	5151	ZBTB26	PDE8A	chromatin immunoprecipitation assay	27924024	Homo sapiens	GTRD	No	Mm:Q6P9Q3;Rn:D3ZG35	Dr:A2BF92	Mm:O88502;Rn:Q76KC6	-
Q9HCK0	Q96KN7	57684	57096	ZBTB26	RPGRIP1	chromatin immunoprecipitation assay	27924024	Homo sapiens	GTRD	No	Mm:Q6P9Q3;Rn:D3ZG35	Dr:A2BF92	Mm:Q9EPQ2	-
Q9HCK0	P62258	57684	7531	ZBTB26	YWHAE	chromatin immunoprecipitation assay	27924024	Homo sapiens	GTRD	No	Mm:Q6P9Q3;Rn:D3ZG35	Dr:A2BF92	Dm:P92177;Dr:Q7ZW20;Mm:P62259;Rn:P62260;Sc:P34730;Sc:P29311	-
Q9HCK0	O43143	57684	1665	ZBTB26	DHX15	chromatin immunoprecipitation assay	27924024	Homo sapiens	GTRD	No	Mm:Q6P9Q3;Rn:D3ZG35	Dr:A2BF92	Ce:Q20875;Dm:Q7K3M5;Mm:O35286;Rn:D3ZD97;Sc:P53131	Dr:E7F3I8
Q9HCK0	P21359	57684	4763	ZBTB26	NF1	chromatin immunoprecipitation assay	27924024	Homo sapiens	GTRD	No	Mm:Q6P9Q3;Rn:D3ZG35	Dr:A2BF92	Dr:E7FFY1;Mm:Q04690	Dm:Q8IMS2;Rn:F1LM28
Q9HCK0	Q8TBZ8	57684	163050	ZBTB26	ZNF564	chromatin immunoprecipitation assay	27924024	Homo sapiens	GTRD	No	Mm:Q6P9Q3;Rn:D3ZG35	Dr:A2BF92	-	-
Q9HCK0	O75521	57684	10455	ZBTB26	ECI2	chromatin immunoprecipitation assay	27924024	Homo sapiens	GTRD	No	Mm:Q6P9Q3;Rn:D3ZG35	Dr:A2BF92	Ce:Q09603;Dm:Q9W0M0;Dr:A0A0R4IAH3;Mm:Q78JN3;Mm:Q9WUR2	Rn:A0A0G2K277
Q9HCK0	Q9BYB4	57684	54584	ZBTB26	GNB1L	chromatin immunoprecipitation assay	27924024	Homo sapiens	GTRD	No	Mm:Q6P9Q3;Rn:D3ZG35	Dr:A2BF92	Dm:Q1WWB7;Dr:B8JIR3;Mm:Q9EQ15;Rn:D4A2F0	-
Q9HCK0	Q9UIW0	57684	25806	ZBTB26	VAX2	chromatin immunoprecipitation assay	27924024	Homo sapiens	GTRD	No	Mm:Q6P9Q3;Rn:D3ZG35	Dr:A2BF92	Dr:Q801E1;Mm:Q9WTP9;Rn:G3V7R0	-
Q9HCK0	Q8NB49	57684	286410	ZBTB26	ATP11C	chromatin immunoprecipitation assay	27924024	Homo sapiens	GTRD	No	Mm:Q6P9Q3;Rn:D3ZG35	Dr:A2BF92	Mm:Q9QZW0	Rn:D3ZFC5
Q9HCK0	P52597	57684	3185	ZBTB26	HNRNPF	chromatin immunoprecipitation assay	27924024	Homo sapiens	GTRD	No	Mm:Q6P9Q3;Rn:D3ZG35	Dr:A2BF92	Mm:Q9Z2X1;Rn:Q794E4	-
Q9HCK0	Q969W3	57684	84923	ZBTB26	FAM104A	chromatin immunoprecipitation assay	27924024	Homo sapiens	GTRD	No	Mm:Q6P9Q3;Rn:D3ZG35	Dr:A2BF92	Mm:A2A6P4;Rn:A0A0G2KAE7	-
Q9HCK0	Q9UKF6	57684	51692	ZBTB26	CPSF3	chromatin immunoprecipitation assay	27924024	Homo sapiens	GTRD	No	Mm:Q6P9Q3;Rn:D3ZG35	Dr:A2BF92	Ce:Q95PY8;Dm:Q9VE51;Dr:Q5U3T4;Mm:Q9QXK7;Rn:G3V6W7	-
Q9HCK0	Q9Y6A4	57684	29105	ZBTB26	CFAP20	chromatin immunoprecipitation assay	27924024	Homo sapiens	GTRD	No	Mm:Q6P9Q3;Rn:D3ZG35	Dr:A2BF92	Ce:Q86D25;Dm:Q9VKV8;Dr:Q6PBJ2;Mm:Q8BTU1;Rn:A0A0H2UI05	-
Q9HCK0	O94955	57684	22836	ZBTB26	RHOBTB3	chromatin immunoprecipitation assay	27924024	Homo sapiens	GTRD	No	Mm:Q6P9Q3;Rn:D3ZG35	Dr:A2BF92	Mm:Q9CTN4;Rn:D3ZW90	Dr:E7EYA0
Q9HCK0	Q92934	57684	572	ZBTB26	BAD	chromatin immunoprecipitation assay	27924024	Homo sapiens	GTRD	No	Mm:Q6P9Q3;Rn:D3ZG35	Dr:A2BF92	Mm:Q61337;Rn:O35147	-
Q9HCK0	Q96DM1	57684	161779	ZBTB26	PGBD4	chromatin immunoprecipitation assay	27924024	Homo sapiens	GTRD	No	Mm:Q6P9Q3;Rn:D3ZG35	Dr:A2BF92	Dm:Q9VHL1	-
Q9HCK0	Q5BJE1	57684	374864	ZBTB26	CCDC178	chromatin immunoprecipitation assay	27924024	Homo sapiens	GTRD	No	Mm:Q6P9Q3;Rn:D3ZG35	Dr:A2BF92	-	-
Q9HCK0	Q8IXQ9	57684	254013	ZBTB26	ETFBKMT	chromatin immunoprecipitation assay	27924024	Homo sapiens	GTRD	No	Mm:Q6P9Q3;Rn:D3ZG35	Dr:A2BF92	Ce:O01503;Mm:Q80ZM3;Rn:Q6P7Q0	Dr:F1Q6H5
Q9HCK0	Q9NPJ4	57684	55629	ZBTB26	PNRC2	chromatin immunoprecipitation assay	27924024	Homo sapiens	GTRD	No	Mm:Q6P9Q3;Rn:D3ZG35	Dr:A2BF92	Dr:B7TWP7;Mm:Q9CR73	Rn:A0A0G2JYG0
Q9HCK0	Q9BT04	57684	80199	ZBTB26	FUZ	chromatin immunoprecipitation assay	27924024	Homo sapiens	GTRD	No	Mm:Q6P9Q3;Rn:D3ZG35	Dr:A2BF92	Dm:O16868;Rn:Q3B756	Dr:E7F707;Mm:E9QL29
Q9HCK0	Q8IYT2	57684	55783	ZBTB26	CMTR2	chromatin immunoprecipitation assay	27924024	Homo sapiens	GTRD	No	Mm:Q6P9Q3;Rn:D3ZG35	Dr:A2BF92	Dr:F1QUR9;Mm:Q8BWQ4;Rn:D3Z980	-
Q9HCK0	Q92833	57684	3720	ZBTB26	JARID2	chromatin immunoprecipitation assay	27924024	Homo sapiens	GTRD	No	Mm:Q6P9Q3;Rn:D3ZG35	Dr:A2BF92	Mm:Q62315;Rn:M0RBV7	-
Q9HCK0	Q4G176	57684	197322	ZBTB26	ACSF3	chromatin immunoprecipitation assay	27924024	Homo sapiens	GTRD	No	Mm:Q6P9Q3;Rn:D3ZG35	Dr:A2BF92	Dr:E7F2S8;Mm:Q3URE1;Rn:D3ZUX7	Dm:Q7KVU5
Q9HCK0	P09661	57684	6627	ZBTB26	SNRPA1	chromatin immunoprecipitation assay	27924024	Homo sapiens	GTRD	No	Mm:Q6P9Q3;Rn:D3ZG35	Dr:A2BF92	Dm:Q9V4Q8;Dr:F1R300;Mm:P57784;Rn:D3ZZR5	Ce:Q9BLB6
Q9HCK0	Q02880	57684	7155	ZBTB26	TOP2B	chromatin immunoprecipitation assay	27924024	Homo sapiens	GTRD	No	Mm:Q6P9Q3;Rn:D3ZG35	Dr:A2BF92	Dr:Q1LUT2;Mm:Q64511	-
Q9HCK0	Q86VE9	57684	256987	ZBTB26	SERINC5	chromatin immunoprecipitation assay	27924024	Homo sapiens	GTRD	No	Mm:Q6P9Q3;Rn:D3ZG35	Dr:A2BF92	Dr:Q803X0;Mm:Q8BHJ6	Rn:A0A140TAJ2
Q9HCK0	Q5XG87	57684	11044	ZBTB26	TENT4A	chromatin immunoprecipitation assay	27924024	Homo sapiens	GTRD	No	Mm:Q6P9Q3;Rn:D3ZG35	Dr:A2BF92	-	-
Q9HCK0	Q6NZ63	57684	256227	ZBTB26	STEAP1B	chromatin immunoprecipitation assay	27924024	Homo sapiens	GTRD	No	Mm:Q6P9Q3;Rn:D3ZG35	Dr:A2BF92	-	-
Q9HCK0	Q9UBB6	57684	23154	ZBTB26	NCDN	chromatin immunoprecipitation assay	27924024	Homo sapiens	GTRD	No	Mm:Q6P9Q3;Rn:D3ZG35	Dr:A2BF92	Dm:Q9VI25;Mm:Q9Z0E0;Rn:O35095	Dr:A0A0R4ILN3
Q9HCK0	P00441	57684	6647	ZBTB26	SOD1	chromatin immunoprecipitation assay	27924024	Homo sapiens	GTRD	No	Mm:Q6P9Q3;Rn:D3ZG35	Dr:A2BF92	Ce:Q27538;Ce:P34697;Dm:P61851;Dr:O73872;Mm:P08228;Rn:P07632;Sc:P00445	-
Q9HCK0	Q92609	57684	9779	ZBTB26	TBC1D5	chromatin immunoprecipitation assay	27924024	Homo sapiens	GTRD	No	Mm:Q6P9Q3;Rn:D3ZG35	Dr:A2BF92	Mm:Q80XQ2;Rn:A0A0G2K712	-
Q9HCK0	Q2VYF4	57684	137994	ZBTB26	LETM2	chromatin immunoprecipitation assay	27924024	Homo sapiens	GTRD	No	Mm:Q6P9Q3;Rn:D3ZG35	Dr:A2BF92	Mm:Q7TNU7;Rn:F1LP77	-
Q9HCK0	Q86WH2	57684	283349	ZBTB26	RASSF3	chromatin immunoprecipitation assay	27924024	Homo sapiens	GTRD	No	Mm:Q6P9Q3;Rn:D3ZG35	Dr:A2BF92	-	-
Q9HCK0	Q6R2W3	57684	114821	ZBTB26	ZBED9	chromatin immunoprecipitation assay	27924024	Homo sapiens	GTRD	No	Mm:Q6P9Q3;Rn:D3ZG35	Dr:A2BF92	-	-
Q9HCK0	Q8IXT1	57684	220042	ZBTB26	DDIAS	chromatin immunoprecipitation assay	27924024	Homo sapiens	GTRD	No	Mm:Q6P9Q3;Rn:D3ZG35	Dr:A2BF92	Mm:E9QLR9;Rn:B2GV00	-
Q9HCK0	Q86Y78	57684	130574	ZBTB26	LYPD6	chromatin immunoprecipitation assay	27924024	Homo sapiens	GTRD	No	Mm:Q6P9Q3;Rn:D3ZG35	Dr:A2BF92	Dr:Q66IA6;Mm:Q8BPP5;Rn:D3ZTT2	-
Q9HCK0	Q9Y608	57684	9209	ZBTB26	LRRFIP2	chromatin immunoprecipitation assay	27924024	Homo sapiens	GTRD	No	Mm:Q6P9Q3;Rn:D3ZG35	Dr:A2BF92	-	Mm:A0A668KLE1
Q9HCK0	Q99708	57684	5932	ZBTB26	RBBP8	chromatin immunoprecipitation assay	27924024	Homo sapiens	GTRD	No	Mm:Q6P9Q3;Rn:D3ZG35	Dr:A2BF92	Dr:F1R983;Mm:Q80YR6;Rn:B1WC58	-
Q9HCK0	Q86UE8	57684	11011	ZBTB26	TLK2	chromatin immunoprecipitation assay	27924024	Homo sapiens	GTRD	No	Mm:Q6P9Q3;Rn:D3ZG35	Dr:A2BF92	Mm:O55047;Rn:F1LPP2	-
Q9HCK0	Q496J9	57684	22987	ZBTB26	SV2C	chromatin immunoprecipitation assay	27924024	Homo sapiens	GTRD	No	Mm:Q6P9Q3;Rn:D3ZG35	Dr:A2BF92	Mm:Q69ZS6;Rn:Q9Z2I6	Dr:A0A286Y8C7
Q9HCK0	Q14974	57684	3837	ZBTB26	KPNB1	chromatin immunoprecipitation assay	27924024	Homo sapiens	GTRD	No	Mm:Q6P9Q3;Rn:D3ZG35	Dr:A2BF92	Ce:Q9BIB8;Dm:O18388;Mm:P70168;Rn:F2Z3Q8;Sc:Q06142	Dr:A0A0R4IMZ8
Q9HCK0	O14975	57684	11001	ZBTB26	SLC27A2	chromatin immunoprecipitation assay	27924024	Homo sapiens	GTRD	No	Mm:Q6P9Q3;Rn:D3ZG35	Dr:A2BF92	Mm:O35488;Rn:D3ZSL9	Dr:F6NGD6
Q9HCK0	P52294	57684	3836	ZBTB26	KPNA1	chromatin immunoprecipitation assay	27924024	Homo sapiens	GTRD	No	Mm:Q6P9Q3;Rn:D3ZG35	Dr:A2BF92	Dr:F1QB53;Mm:Q60960	Rn:Q56R20
Q9HCK0	Q00535	57684	1020	ZBTB26	CDK5	chromatin immunoprecipitation assay	27924024	Homo sapiens	GTRD	No	Mm:Q6P9Q3;Rn:D3ZG35	Dr:A2BF92	Ce:G5ECH7;Dm:P48609;Mm:P49615;Rn:Q03114;Sc:P17157	Dr:Q9DE44
Q9HCK0	Q9BRP1	57684	84306	ZBTB26	PDCD2L	chromatin immunoprecipitation assay	27924024	Homo sapiens	GTRD	No	Mm:Q6P9Q3;Rn:D3ZG35	Dr:A2BF92	Dm:Q9VG62;Mm:Q8C5N5;Rn:D3ZSC2	Dr:Q5RGB3
Q9HCK0	P10515	57684	1737	ZBTB26	DLAT	chromatin immunoprecipitation assay	27924024	Homo sapiens	GTRD	No	Mm:Q6P9Q3;Rn:D3ZG35	Dr:A2BF92	Ce:Q19749;Dr:B3DIV6;Mm:Q8BMF4;Rn:P08461;Sc:P12695	Dm:Q7KTK9
Q9HCK0	O60869	57684	8721	ZBTB26	EDF1	chromatin immunoprecipitation assay	27924024	Homo sapiens	GTRD	No	Mm:Q6P9Q3;Rn:D3ZG35	Dr:A2BF92	Ce:Q9XTV4;Dr:Q6PBY3;Mm:Q9JMG1;Rn:P69736;Sc:O14467	Dm:Q9XZ03
Q9HCK0	P04156	57684	5621	ZBTB26	PRNP	chromatin immunoprecipitation assay	27924024	Homo sapiens	GTRD	No	Mm:Q6P9Q3;Rn:D3ZG35	Dr:A2BF92	Mm:P04925;Rn:P13852	-
Q9HCK0	Q8IW41	57684	8550	ZBTB26	MAPKAPK5	chromatin immunoprecipitation assay	27924024	Homo sapiens	GTRD	No	Mm:Q6P9Q3;Rn:D3ZG35	Dr:A2BF92	Mm:O54992;Mm:A0A0G2JDU2;Rn:F1LN87	Dr:Q6DHN7
Q9HCK0	Q8IWT0	57684	339487	ZBTB26	ZBTB8OS	chromatin immunoprecipitation assay	27924024	Homo sapiens	GTRD	No	Mm:Q6P9Q3;Rn:D3ZG35	Dr:A2BF92	-	-
Q9HCK0	Q14135	57684	9686	ZBTB26	VGLL4	chromatin immunoprecipitation assay	27924024	Homo sapiens	GTRD	No	Mm:Q6P9Q3;Rn:D3ZG35	Dr:A2BF92	-	-
Q9HCK0	Q9H0T7	57684	64284	ZBTB26	RAB17	chromatin immunoprecipitation assay	27924024	Homo sapiens	GTRD	No	Mm:Q6P9Q3;Rn:D3ZG35	Dr:A2BF92	Mm:P35292;Rn:A0A0G2JTD9	-
Q9HCK0	P48729	57684	1452	ZBTB26	CSNK1A1	chromatin immunoprecipitation assay	27924024	Homo sapiens	GTRD	No	Mm:Q6P9Q3;Rn:D3ZG35	Dr:A2BF92	Ce:P42168;Rn:D3ZRE3	Dr:Q8JHD9;Mm:E9Q3W1
Q9HCK0	Q96T37	57684	64783	ZBTB26	RBM15	chromatin immunoprecipitation assay	27924024	Homo sapiens	GTRD	No	Mm:Q6P9Q3;Rn:D3ZG35	Dr:A2BF92	Dr:F1RCY7;Mm:Q0VBL3;Rn:M0R3Z8	-
Q9HCK0	P19634	57684	6548	ZBTB26	SLC9A1	chromatin immunoprecipitation assay	27924024	Homo sapiens	GTRD	No	Mm:Q6P9Q3;Rn:D3ZG35	Dr:A2BF92	Ce:O16452;Ce:G5EDH8	-
Q9HCK0	O14874	57684	10295	ZBTB26	BCKDK	chromatin immunoprecipitation assay	27924024	Homo sapiens	GTRD	No	Mm:Q6P9Q3;Rn:D3ZG35	Dr:A2BF92	Dr:B0R159;Mm:O55028;Rn:Q00972	-
Q9HCK0	Q96EK9	57684	112970	ZBTB26	KTI12	chromatin immunoprecipitation assay	27924024	Homo sapiens	GTRD	No	Mm:Q6P9Q3;Rn:D3ZG35	Dr:A2BF92	Ce:Q7YTI4;Dm:O46079;Dr:Q0P457;Mm:Q9D1R2;Sc:P34253	-
Q9HCK0	A7XYQ1	57684	55084	ZBTB26	SOBP	chromatin immunoprecipitation assay	27924024	Homo sapiens	GTRD	No	Mm:Q6P9Q3;Rn:D3ZG35	Dr:A2BF92	Mm:Q0P5V2;Rn:A7XYI6	-
Q9HCK0	Q7RTV0	57684	84844	ZBTB26	PHF5A	chromatin immunoprecipitation assay	27924024	Homo sapiens	GTRD	No	Mm:Q6P9Q3;Rn:D3ZG35	Dr:A2BF92	Dm:Q9VMC8;Dr:Q6YMR2;Mm:P83870;Rn:P83871;Sc:Q06835	Ce:G5EBY6
Q9HCK0	Q17RN3	57684	147965	ZBTB26	FAM98C	chromatin immunoprecipitation assay	27924024	Homo sapiens	GTRD	No	Mm:Q6P9Q3;Rn:D3ZG35	Dr:A2BF92	Mm:E9PYD1;Rn:F1LQ27	-
Q9HCK0	Q8N4A0	57684	100528030;8693	ZBTB26	GALNT4	chromatin immunoprecipitation assay	27924024	Homo sapiens	GTRD	No	Mm:Q6P9Q3;Rn:D3ZG35	Dr:A2BF92	-	-
Q9HCK0	Q92530	57684	9491	ZBTB26	PSMF1	chromatin immunoprecipitation assay	27924024	Homo sapiens	GTRD	No	Mm:Q6P9Q3;Rn:D3ZG35	Dr:A2BF92	Dm:Q9V637;Dr:A0A0R4II16;Mm:Q8BHL8;Rn:F1M7S2	-
Q9HCK0	P98171	57684	393	ZBTB26	ARHGAP4	chromatin immunoprecipitation assay	27924024	Homo sapiens	GTRD	No	Mm:Q6P9Q3;Rn:D3ZG35	Dr:A2BF92	Mm:Q80Z68;Rn:A0A0G2JVF0	-
Q9HCK0	Q05513	57684	5590	ZBTB26	PRKCZ	chromatin immunoprecipitation assay	27924024	Homo sapiens	GTRD	No	Mm:Q6P9Q3;Rn:D3ZG35	Dr:A2BF92	Mm:Q02956;Rn:P09217	-
Q9HCK0	P62491	57684	8766	ZBTB26	RAB11A	chromatin immunoprecipitation assay	27924024	Homo sapiens	GTRD	No	Mm:Q6P9Q3;Rn:D3ZG35	Dr:A2BF92	Mm:P62492;Rn:P62494	-
Q9HCK0	Q9H6X4	57684	80194	ZBTB26	TMEM134	chromatin immunoprecipitation assay	27924024	Homo sapiens	GTRD	No	Mm:Q6P9Q3;Rn:D3ZG35	Dr:A2BF92	-	Dr:Q7T382;Mm:Q8R0J4;Rn:D3ZF56
Q9HCK0	Q6UWS5	57684	100303755	ZBTB26	PET117	chromatin immunoprecipitation assay	27924024	Homo sapiens	GTRD	No	Mm:Q6P9Q3;Rn:D3ZG35	Dr:A2BF92	Mm:P0DJF2	-
Q9HCK0	Q9UPY5	57684	23657	ZBTB26	SLC7A11	chromatin immunoprecipitation assay	27924024	Homo sapiens	GTRD	No	Mm:Q6P9Q3;Rn:D3ZG35	Dr:A2BF92	Dr:A0A140LGS0;Mm:Q9WTR6;Rn:D4ADU2	-
Q9HCK0	Q9UJX0	57684	29948	ZBTB26	OSGIN1	chromatin immunoprecipitation assay	27924024	Homo sapiens	GTRD	No	Mm:Q6P9Q3;Rn:D3ZG35	Dr:A2BF92	Mm:Q8VC10;Rn:Q8R430	-
Q9HCK0	P24752	57684	38	ZBTB26	ACAT1	chromatin immunoprecipitation assay	27924024	Homo sapiens	GTRD	No	Mm:Q6P9Q3;Rn:D3ZG35	Dr:A2BF92	Ce:Q22100;Dm:Q9W3N9;Mm:Q8QZT1;Rn:P17764;Sc:P41338	-
Q9HCK0	Q8NCU8	57684	-	ZBTB26	MTLN	chromatin immunoprecipitation assay	27924024	Homo sapiens	GTRD	No	Mm:Q6P9Q3;Rn:D3ZG35	Dr:A2BF92	-	-
Q9HCK0	P48751	57684	6508	ZBTB26	SLC4A3	chromatin immunoprecipitation assay	27924024	Homo sapiens	GTRD	No	Mm:Q6P9Q3;Rn:D3ZG35	Dr:A2BF92	Mm:P16283	Rn:G3V8P8
Q9HCK0	Q9H2F5	57684	80314	ZBTB26	EPC1	chromatin immunoprecipitation assay	27924024	Homo sapiens	GTRD	No	Mm:Q6P9Q3;Rn:D3ZG35	Dr:A2BF92	Mm:Q8C9X6;Rn:D4A6E4	-
Q9HCK0	Q9ULG6	57684	9236	ZBTB26	CCPG1	chromatin immunoprecipitation assay	27924024	Homo sapiens	GTRD	No	Mm:Q6P9Q3;Rn:D3ZG35	Dr:A2BF92	Mm:Q640L3	Rn:A0A0G2K4M3
Q9HCK0	Q09MP3	57684	729475	ZBTB26	RAD51AP2	chromatin immunoprecipitation assay	27924024	Homo sapiens	GTRD	No	Mm:Q6P9Q3;Rn:D3ZG35	Dr:A2BF92	Mm:G3UW63;Rn:M0R7M4	-
Q9HCK0	O60667	57684	9214	ZBTB26	FCMR	chromatin immunoprecipitation assay	27924024	Homo sapiens	GTRD	No	Mm:Q6P9Q3;Rn:D3ZG35	Dr:A2BF92	Mm:A0A0G2LB91	Rn:A0A0H2UHV3
Q9HCK0	Q70EL2	57684	85015	ZBTB26	USP45	chromatin immunoprecipitation assay	27924024	Homo sapiens	GTRD	No	Mm:Q6P9Q3;Rn:D3ZG35	Dr:A2BF92	Dm:Q9W4C3;Mm:Q8K387;Rn:A0A0G2K4S7	Dr:E9QG68
Q9HCK0	Q4KMZ1	57684	55721	ZBTB26	IQCC	chromatin immunoprecipitation assay	27924024	Homo sapiens	GTRD	No	Mm:Q6P9Q3;Rn:D3ZG35	Dr:A2BF92	Mm:A2ADZ8;Rn:M0RCW8	-
Q9HCK0	Q8N9B4	57684	338699	ZBTB26	ANKRD42	chromatin immunoprecipitation assay	27924024	Homo sapiens	GTRD	No	Mm:Q6P9Q3;Rn:D3ZG35	Dr:A2BF92	-	-
Q9HCK0	Q8ND82	57684	55609	ZBTB26	ZNF280C	chromatin immunoprecipitation assay	27924024	Homo sapiens	GTRD	No	Mm:Q6P9Q3;Rn:D3ZG35	Dr:A2BF92	Mm:Q6P3Y5	Rn:D3ZZ25
Q9HCK0	Q8NDX1	57684	23550	ZBTB26	PSD4	chromatin immunoprecipitation assay	27924024	Homo sapiens	GTRD	No	Mm:Q6P9Q3;Rn:D3ZG35	Dr:A2BF92	Mm:Q8BLR5;Rn:D3ZPP3	-
Q9HCK0	Q9Y3P4	57684	25807	ZBTB26	RHBDD3	chromatin immunoprecipitation assay	27924024	Homo sapiens	GTRD	No	Mm:Q6P9Q3;Rn:D3ZG35	Dr:A2BF92	Mm:Q8BP97;Rn:Q642B3	Dr:A5PMS4
Q9HCK0	P31152	57684	5596	ZBTB26	MAPK4	chromatin immunoprecipitation assay	27924024	Homo sapiens	GTRD	No	Mm:Q6P9Q3;Rn:D3ZG35	Dr:A2BF92	Mm:Q6P5G0;Rn:G3V9J9	-
Q9HCK0	Q15811	57684	6453	ZBTB26	ITSN1	chromatin immunoprecipitation assay	27924024	Homo sapiens	GTRD	No	Mm:Q6P9Q3;Rn:D3ZG35	Dr:A2BF92	Mm:Q9Z0R4	Rn:Q9WVE9
Q9HCK0	Q14671	57684	9698	ZBTB26	PUM1	chromatin immunoprecipitation assay	27924024	Homo sapiens	GTRD	No	Mm:Q6P9Q3;Rn:D3ZG35	Dr:A2BF92	-	-
Q9HCK0	O14672	57684	102	ZBTB26	ADAM10	chromatin immunoprecipitation assay	27924024	Homo sapiens	GTRD	No	Mm:Q6P9Q3;Rn:D3ZG35	Dr:A2BF92	Ce:G5EFD9;Mm:O35598;Rn:Q10743	Dm:Q59DZ3;Dr:F1RA88
Q9HCK0	O75530	57684	8726	ZBTB26	EED	chromatin immunoprecipitation assay	27924024	Homo sapiens	GTRD	No	Mm:Q6P9Q3;Rn:D3ZG35	Dr:A2BF92	Ce:Q9GYS1;Dm:Q9VKD5;Dr:Q566T0;Mm:Q921E6;Rn:B5DF02	-
Q9HCK0	O00233	57684	5715	ZBTB26	PSMD9	chromatin immunoprecipitation assay	27924024	Homo sapiens	GTRD	No	Mm:Q6P9Q3;Rn:D3ZG35	Dr:A2BF92	Dm:Q9VFS8;Dr:F1R7L1;Mm:Q9CR00;Rn:G3V9P0;Sc:P40555	Ce:Q10920
Q9HCK0	Q4G0I0	57684	283951	ZBTB26	CCSMST1	chromatin immunoprecipitation assay	27924024	Homo sapiens	GTRD	No	Mm:Q6P9Q3;Rn:D3ZG35	Dr:A2BF92	Mm:Q6RUT7;Rn:D4ACY1	-
Q9HCK0	Q969X2	57684	30815	ZBTB26	ST6GALNAC6	chromatin immunoprecipitation assay	27924024	Homo sapiens	GTRD	No	Mm:Q6P9Q3;Rn:D3ZG35	Dr:A2BF92	-	-
Q9HCK0	O60566	57684	701	ZBTB26	BUB1B	chromatin immunoprecipitation assay	27924024	Homo sapiens	GTRD	No	Mm:Q6P9Q3;Rn:D3ZG35	Dr:A2BF92	Mm:Q9Z1S0;Rn:F1LMI1;Sc:P41695	-
Q9HCK0	O94964	57684	140710	ZBTB26	SOGA1	chromatin immunoprecipitation assay	27924024	Homo sapiens	GTRD	No	Mm:Q6P9Q3;Rn:D3ZG35	Dr:A2BF92	Mm:A2ACV6;Rn:A0A0G2KA88	Dr:F1R5C9
Q9HCK0	Q8IZU2	57684	116966	ZBTB26	WDR17	chromatin immunoprecipitation assay	27924024	Homo sapiens	GTRD	No	Mm:Q6P9Q3;Rn:D3ZG35	Dr:A2BF92	-	Mm:E9Q271;Rn:M0R6L2
Q9HCK0	A6NHQ2	57684	-	ZBTB26	FBLL1	chromatin immunoprecipitation assay	27924024	Homo sapiens	GTRD	No	Mm:Q6P9Q3;Rn:D3ZG35	Dr:A2BF92	Mm:Q80WS3;Rn:D3ZVA5	-
Q9HCK0	O75306	57684	4720	ZBTB26	NDUFS2	chromatin immunoprecipitation assay	27924024	Homo sapiens	GTRD	No	Mm:Q6P9Q3;Rn:D3ZG35	Dr:A2BF92	Ce:Q22800;Ce:Q93873;Dm:Q9V4E0;Dr:F1Q4N4;Mm:Q91WD5;Rn:Q641Y2	-
Q9HCK0	P26447	57684	6275	ZBTB26	S100A4	chromatin immunoprecipitation assay	27924024	Homo sapiens	GTRD	No	Mm:Q6P9Q3;Rn:D3ZG35	Dr:A2BF92	Mm:P07091;Rn:P05942	-
Q9HCK0	Q8NCX0	57684	284992	ZBTB26	CCDC150	chromatin immunoprecipitation assay	27924024	Homo sapiens	GTRD	No	Mm:Q6P9Q3;Rn:D3ZG35	Dr:A2BF92	Mm:Q8CDI7;Rn:F1M7H6	-
Q9HCK0	Q9UGU5	57684	10042	ZBTB26	HMGXB4	chromatin immunoprecipitation assay	27924024	Homo sapiens	GTRD	No	Mm:Q6P9Q3;Rn:D3ZG35	Dr:A2BF92	Dr:B0UXS3;Mm:Q80Y32;Rn:D4A2N0	-
Q9HCK0	Q9UG56	57684	23761	ZBTB26	PISD	chromatin immunoprecipitation assay	27924024	Homo sapiens	GTRD	No	Mm:Q6P9Q3;Rn:D3ZG35	Dr:A2BF92	Ce:Q10949;Dm:Q9VCE0;Dr:A1A5T2;Rn:D3ZAW2	Mm:E9PX91
Q9HCK0	Q8N4P3	57684	374659	ZBTB26	HDDC3	chromatin immunoprecipitation assay	27924024	Homo sapiens	GTRD	No	Mm:Q6P9Q3;Rn:D3ZG35	Dr:A2BF92	Ce:O18307;Dm:Q9VAM9;Dr:F1QM43;Mm:Q9D114;Rn:D4A500	-
Q9HCK0	Q49AR2	57684	55322	ZBTB26	C5orf22	chromatin immunoprecipitation assay	27924024	Homo sapiens	GTRD	No	Mm:Q6P9Q3;Rn:D3ZG35	Dr:A2BF92	Dm:M9PI97;Dr:B0V1P0;Mm:Q8BGC1;Rn:D3ZV99	-
Q9HCK0	P48426	57684	5305	ZBTB26	PIP4K2A	chromatin immunoprecipitation assay	27924024	Homo sapiens	GTRD	No	Mm:Q6P9Q3;Rn:D3ZG35	Dr:A2BF92	Dr:B3DJ34;Mm:O70172	-
Q9HCK0	Q96QS3	57684	170302	ZBTB26	ARX	chromatin immunoprecipitation assay	27924024	Homo sapiens	GTRD	No	Mm:Q6P9Q3;Rn:D3ZG35	Dr:A2BF92	Dr:O42115;Mm:O35085;Rn:A0A0G2KA42	-
Q9HCK0	P43246	57684	4436	ZBTB26	MSH2	chromatin immunoprecipitation assay	27924024	Homo sapiens	GTRD	No	Mm:Q6P9Q3;Rn:D3ZG35	Dr:A2BF92	Ce:Q9TXR4;Dm:P43248;Dr:F1QEP5;Mm:P43247;Rn:B1WBQ7;Sc:P25847	-
Q9HCK0	Q460N5	57684	54625	ZBTB26	PARP14	chromatin immunoprecipitation assay	27924024	Homo sapiens	GTRD	No	Mm:Q6P9Q3;Rn:D3ZG35	Dr:A2BF92	Mm:Q2EMV9;Rn:F1LZ05	-
Q9HCK0	Q86XI2	57684	54892	ZBTB26	NCAPG2	chromatin immunoprecipitation assay	27924024	Homo sapiens	GTRD	No	Mm:Q6P9Q3;Rn:D3ZG35	Dr:A2BF92	Dr:E7FH61;Mm:Q6DFV1;Rn:D4AAL2	-
Q9HCK0	P39905	57684	2668	ZBTB26	GDNF	chromatin immunoprecipitation assay	27924024	Homo sapiens	GTRD	No	Mm:Q6P9Q3;Rn:D3ZG35	Dr:A2BF92	-	-
Q9HCK0	Q86TW2	57684	57143	ZBTB26	ADCK1	chromatin immunoprecipitation assay	27924024	Homo sapiens	GTRD	No	Mm:Q6P9Q3;Rn:D3ZG35	Dr:A2BF92	Ce:O17735;Dm:Q9W133;Dr:B1H1M5;Mm:Q9D0L4;Rn:D3ZRJ0;Sc:Q06567	-
Q9HCK0	P56704	57684	89780	ZBTB26	WNT3A	chromatin immunoprecipitation assay	27924024	Homo sapiens	GTRD	No	Mm:Q6P9Q3;Rn:D3ZG35	Dr:A2BF92	Dr:F1QK98;Mm:P27467	Rn:F1M077
Q9HCK0	Q9H7J1	57684	90673	ZBTB26	PPP1R3E	chromatin immunoprecipitation assay	27924024	Homo sapiens	GTRD	No	Mm:Q6P9Q3;Rn:D3ZG35	Dr:A2BF92	Ce:H2KZH6;Mm:H3BJB2;Rn:F1LRU5	-
Q9HCK0	P61923	57684	22818	ZBTB26	COPZ1	chromatin immunoprecipitation assay	27924024	Homo sapiens	GTRD	No	Mm:Q6P9Q3;Rn:D3ZG35	Dr:A2BF92	Dm:Q9VV89;Dr:F1QFP1;Mm:P61924	Rn:D4A8T3
Q9HCK0	Q9UBC5	57684	4640	ZBTB26	MYO1A	chromatin immunoprecipitation assay	27924024	Homo sapiens	GTRD	No	Mm:Q6P9Q3;Rn:D3ZG35	Dr:A2BF92	Mm:O88329;Rn:F1LV10	-
Q9HCK0	O75943	57684	5884	ZBTB26	RAD17	chromatin immunoprecipitation assay	27924024	Homo sapiens	GTRD	No	Mm:Q6P9Q3;Rn:D3ZG35	Dr:A2BF92	Dr:A2BGQ6;Mm:Q6NXW6;Rn:E9PTL1	-
Q9HCK0	Q92618	57684	9658	ZBTB26	ZNF516	chromatin immunoprecipitation assay	27924024	Homo sapiens	GTRD	No	Mm:Q6P9Q3;Rn:D3ZG35	Dr:A2BF92	Mm:Q7TSH3;Rn:A0A0G2K242	Dr:Q1L941
Q9HCK0	Q9H9Y6	57684	84172	ZBTB26	POLR1B	chromatin immunoprecipitation assay	27924024	Homo sapiens	GTRD	No	Mm:Q6P9Q3;Rn:D3ZG35	Dr:A2BF92	Ce:Q27493;Dm:P20028;Dr:B8JKD7;Mm:P70700;Rn:F1LM57;Sc:P22138	-
Q9HCK0	P16070	57684	960	ZBTB26	CD44	chromatin immunoprecipitation assay	27924024	Homo sapiens	GTRD	No	Mm:Q6P9Q3;Rn:D3ZG35	Dr:A2BF92	Mm:A2APM2;Rn:F1LSA1	-
Q9HCK0	Q9BY27	57684	85359	ZBTB26	DGCR6L	chromatin immunoprecipitation assay	27924024	Homo sapiens	GTRD	No	Mm:Q6P9Q3;Rn:D3ZG35	Dr:A2BF92	-	-
Q9HCK0	P12645	57684	651	ZBTB26	BMP3	chromatin immunoprecipitation assay	27924024	Homo sapiens	GTRD	No	Mm:Q6P9Q3;Rn:D3ZG35	Dr:A2BF92	-	Dr:A2AVJ4;Mm:A0A0G2JEU2;Rn:G3V903
Q9HCK0	Q7L622	57684	55632	ZBTB26	G2E3	chromatin immunoprecipitation assay	27924024	Homo sapiens	GTRD	No	Mm:Q6P9Q3;Rn:D3ZG35	Dr:A2BF92	-	-
Q9HCK0	O94762	57684	9400	ZBTB26	RECQL5	chromatin immunoprecipitation assay	27924024	Homo sapiens	GTRD	No	Mm:Q6P9Q3;Rn:D3ZG35	Dr:A2BF92	Dr:X1WCM8;Mm:Q8VID5;Rn:D4ACP5	-
Q9HCK0	P63104	57684	7534	ZBTB26	YWHAZ	chromatin immunoprecipitation assay	27924024	Homo sapiens	GTRD	No	Mm:Q6P9Q3;Rn:D3ZG35	Dr:A2BF92	Mm:P63101	Rn:A0A0G2JV65
Q9HCK0	Q9NQZ7	57684	57089	ZBTB26	ENTPD7	chromatin immunoprecipitation assay	27924024	Homo sapiens	GTRD	No	Mm:Q6P9Q3;Rn:D3ZG35	Dr:A2BF92	Mm:Q3TCT4	-
Q9HCK0	Q969G6	57684	55312	ZBTB26	RFK	chromatin immunoprecipitation assay	27924024	Homo sapiens	GTRD	No	Mm:Q6P9Q3;Rn:D3ZG35	Dr:A2BF92	Dm:O76206;Dr:E7FE37;Mm:Q8CFV9;Rn:Q6AYA7	Ce:Q21918
Q9HCK0	Q9H158	57684	56135	ZBTB26	PCDHAC1	chromatin immunoprecipitation assay	27924024	Homo sapiens	GTRD	No	Mm:Q6P9Q3;Rn:D3ZG35	Dr:A2BF92	Mm:Q91Y10	-
Q9HCK0	Q9UKV8	57684	27161	ZBTB26	AGO2	chromatin immunoprecipitation assay	27924024	Homo sapiens	GTRD	No	Mm:Q6P9Q3;Rn:D3ZG35	Dr:A2BF92	Mm:Q8CJG0;Rn:F1LRP7	Dr:E7EXY4
Q9HCK0	Q99717	57684	4090	ZBTB26	SMAD5	chromatin immunoprecipitation assay	27924024	Homo sapiens	GTRD	No	Mm:Q6P9Q3;Rn:D3ZG35	Dr:A2BF92	Dr:Q9W7E7;Mm:P97454	Rn:Q9R1V3
Q9HCK0	Q9Y617	57684	29968	ZBTB26	PSAT1	chromatin immunoprecipitation assay	27924024	Homo sapiens	GTRD	No	Mm:Q6P9Q3;Rn:D3ZG35	Dr:A2BF92	Ce:P91856;Dm:Q9VAN0;Dr:Q803I7;Mm:Q99K85;Sc:P33330	-
Q9HCK0	Q8IZD6	57684	55356	ZBTB26	SLC22A15	chromatin immunoprecipitation assay	27924024	Homo sapiens	GTRD	No	Mm:Q6P9Q3;Rn:D3ZG35	Dr:A2BF92	Mm:Q504N2;Rn:D4A271	-
Q9HCK0	O43464	57684	27429	ZBTB26	HTRA2	chromatin immunoprecipitation assay	27924024	Homo sapiens	GTRD	No	Mm:Q6P9Q3;Rn:D3ZG35	Dr:A2BF92	Dm:Q9VFJ3;Dr:B8A617;Mm:Q9JIY5;Rn:B0BNB9	Dr:F1QX99
Q9HCK0	Q96FL9	57684	79623	ZBTB26	GALNT14	chromatin immunoprecipitation assay	27924024	Homo sapiens	GTRD	No	Mm:Q6P9Q3;Rn:D3ZG35	Dr:A2BF92	Rn:Q6AYA4	Dr:Q5RFV2;Mm:Q08EC9
Q9HCK0	Q9H8Y5	57684	55139	ZBTB26	ANKZF1	chromatin immunoprecipitation assay	27924024	Homo sapiens	GTRD	No	Mm:Q6P9Q3;Rn:D3ZG35	Dr:A2BF92	Ce:P34511;Mm:J3QM81;Rn:Q66H85	Dr:E7F4D7
Q9HCK0	Q9H2X0	57684	8646	ZBTB26	CHRD	chromatin immunoprecipitation assay	27924024	Homo sapiens	GTRD	No	Mm:Q6P9Q3;Rn:D3ZG35	Dr:A2BF92	Dm:Q24025;Rn:A0A140TA94	Mm:A6H5Z6
Q9HCK0	O95801	57684	7268	ZBTB26	TTC4	chromatin immunoprecipitation assay	27924024	Homo sapiens	GTRD	No	Mm:Q6P9Q3;Rn:D3ZG35	Dr:A2BF92	Ce:Q09974;Dm:A1Z6M6;Dr:F1QHZ3;Mm:Q8R3H9;Rn:A0A140UHY1;Sc:P33313	-
Q9HCK0	Q9BX26	57684	10388	ZBTB26	SYCP2	chromatin immunoprecipitation assay	27924024	Homo sapiens	GTRD	No	Mm:Q6P9Q3;Rn:D3ZG35	Dr:A2BF92	Mm:Q9CUU3	Rn:O70608
Q9HCK0	Q9BRQ0	57684	90780	ZBTB26	PYGO2	chromatin immunoprecipitation assay	27924024	Homo sapiens	GTRD	No	Mm:Q6P9Q3;Rn:D3ZG35	Dr:A2BF92	Dr:Q1L8T6;Mm:Q80V76;Rn:B5DFG8	-
Q9HCK0	Q9BR11	57684	90204	ZBTB26	ZSWIM1	chromatin immunoprecipitation assay	27924024	Homo sapiens	GTRD	No	Mm:Q6P9Q3;Rn:D3ZG35	Dr:A2BF92	Mm:Q9CWV7	Rn:D4ABM7
Q9HCK0	Q96BZ9	57684	128637	ZBTB26	TBC1D20	chromatin immunoprecipitation assay	27924024	Homo sapiens	GTRD	No	Mm:Q6P9Q3;Rn:D3ZG35	Dr:A2BF92	Ce:Q9XWI2;Dr:Q1LXG3;Mm:Q9D9I4;Rn:Q6AXR1	-
Q9HCK0	P0CK96	57684	728661	ZBTB26	SLC35E2B	chromatin immunoprecipitation assay	27924024	Homo sapiens	GTRD	No	Mm:Q6P9Q3;Rn:D3ZG35	Dr:A2BF92	Mm:Q8C811;Rn:D4A0R5	-
Q9HCK0	Q6ZMM2	57684	339366	ZBTB26	ADAMTSL5	chromatin immunoprecipitation assay	27924024	Homo sapiens	GTRD	No	Mm:Q6P9Q3;Rn:D3ZG35	Dr:A2BF92	-	-
Q9HCK0	Q9UNH7	57684	58533	ZBTB26	SNX6	chromatin immunoprecipitation assay	27924024	Homo sapiens	GTRD	No	Mm:Q6P9Q3;Rn:D3ZG35	Dr:A2BF92	-	-
Q9HCK0	Q9UHG2	57684	27344	ZBTB26	PCSK1N	chromatin immunoprecipitation assay	27924024	Homo sapiens	GTRD	No	Mm:Q6P9Q3;Rn:D3ZG35	Dr:A2BF92	Mm:Q9QXV0	Rn:G3V6X7
Q9HCK0	P36543	57684	529	ZBTB26	ATP6V1E1	chromatin immunoprecipitation assay	27924024	Homo sapiens	GTRD	No	Mm:Q6P9Q3;Rn:D3ZG35	Dr:A2BF92	Dm:P54611;Mm:P50518;Rn:G3V7L8	Dr:F1RDT4;Dr:Q6NWK4
Q9HCK0	Q8IW50	57684	203259	ZBTB26	FAM219A	chromatin immunoprecipitation assay	27924024	Homo sapiens	GTRD	No	Mm:Q6P9Q3;Rn:D3ZG35	Dr:A2BF92	Rn:D4AAI7	Dr:Q6DC60;Dr:A2BGS4;Mm:A2ANP1
Q9HCK0	O75618	57684	9191	ZBTB26	DEDD	chromatin immunoprecipitation assay	27924024	Homo sapiens	GTRD	No	Mm:Q6P9Q3;Rn:D3ZG35	Dr:A2BF92	Dr:Q6DHN2;Mm:Q9Z1L3	Rn:Q9Z2K0
Q9HCK0	Q9H0U6	57684	29074	ZBTB26	MRPL18	chromatin immunoprecipitation assay	27924024	Homo sapiens	GTRD	No	Mm:Q6P9Q3;Rn:D3ZG35	Dr:A2BF92	Ce:P34378;Dm:Q7JVK1;Dr:E9QDQ8;Mm:Q9CQL5;Rn:B2RZ57	-
Q9HCK0	P21579	57684	6857	ZBTB26	SYT1	chromatin immunoprecipitation assay	27924024	Homo sapiens	GTRD	No	Mm:Q6P9Q3;Rn:D3ZG35	Dr:A2BF92	Dr:Q5TZ27;Mm:P46096;Rn:P21707	Ce:Q95QH7
Q9HCK0	Q8IUR5	57684	83857	ZBTB26	TMTC1	chromatin immunoprecipitation assay	27924024	Homo sapiens	GTRD	No	Mm:Q6P9Q3;Rn:D3ZG35	Dr:A2BF92	Dr:F1QF84;Mm:Q3UV71;Rn:D4A2M3	-
Q9HCK0	Q6UX46	57684	285016	ZBTB26	ALKAL2	chromatin immunoprecipitation assay	27924024	Homo sapiens	GTRD	No	Mm:Q6P9Q3;Rn:D3ZG35	Dr:A2BF92	Mm:Q80UG6	Rn:B2RZ42
Q9HCK0	P05204	57684	3151	ZBTB26	HMGN2	chromatin immunoprecipitation assay	27924024	Homo sapiens	GTRD	No	Mm:Q6P9Q3;Rn:D3ZG35	Dr:A2BF92	Dr:E7FFT5;Dr:Q3B732;Mm:P09602;Rn:Q4KLJ0	-
Q9HCK0	Q96JA1	57684	26018	ZBTB26	LRIG1	chromatin immunoprecipitation assay	27924024	Homo sapiens	GTRD	No	Mm:Q6P9Q3;Rn:D3ZG35	Dr:A2BF92	Dr:E7EZ01;Mm:P70193	Rn:D3ZD84
Q9HCK0	O00444	57684	10733	ZBTB26	PLK4	chromatin immunoprecipitation assay	27924024	Homo sapiens	GTRD	No	Mm:Q6P9Q3;Rn:D3ZG35	Dr:A2BF92	Dm:O97143;Dr:F1RB74;Mm:Q64702;Rn:B2GUY1	-
Q9HCK0	Q16678	57684	1545	ZBTB26	CYP1B1	chromatin immunoprecipitation assay	27924024	Homo sapiens	GTRD	No	Mm:Q6P9Q3;Rn:D3ZG35	Dr:A2BF92	Dr:B8JKD5;Mm:Q64429;Rn:A0A0G2K173	-
Q9HCK0	Q96LP6	57684	374470	ZBTB26	C12orf42	chromatin immunoprecipitation assay	27924024	Homo sapiens	GTRD	No	Mm:Q6P9Q3;Rn:D3ZG35	Dr:A2BF92	Mm:E9Q9Q5;Rn:F1M0M5	-
Q9HCK0	P19419	57684	2002	ZBTB26	ELK1	chromatin immunoprecipitation assay	27924024	Homo sapiens	GTRD	No	Mm:Q6P9Q3;Rn:D3ZG35	Dr:A2BF92	Mm:P41969	Dr:A0A0R4IDT6;Rn:A4GTP4
Q9HCK0	H0Y8X5	57684	-	ZBTB26	-	chromatin immunoprecipitation assay	27924024	Homo sapiens	GTRD	No	Mm:Q6P9Q3;Rn:D3ZG35	Dr:A2BF92	-	-
Q9HCK0	P43681	57684	1137	ZBTB26	CHRNA4	chromatin immunoprecipitation assay	27924024	Homo sapiens	GTRD	No	Mm:Q6P9Q3;Rn:D3ZG35	Dr:A2BF92	Mm:O70174;Rn:A0A0G2K6W5	-
Q9HCK0	Q8NEY1	57684	89796	ZBTB26	NAV1	chromatin immunoprecipitation assay	27924024	Homo sapiens	GTRD	No	Mm:Q6P9Q3;Rn:D3ZG35	Dr:A2BF92	Rn:D4A5I4	Dr:F1QQI8;Mm:A0A589P973
Q9HCK0	Q8TAM2	57684	123016	ZBTB26	TTC8	chromatin immunoprecipitation assay	27924024	Homo sapiens	GTRD	No	Mm:Q6P9Q3;Rn:D3ZG35	Dr:A2BF92	-	-
Q9HCK0	P33897	57684	215	ZBTB26	ABCD1	chromatin immunoprecipitation assay	27924024	Homo sapiens	GTRD	No	Mm:Q6P9Q3;Rn:D3ZG35	Dr:A2BF92	Mm:P48410;Rn:D3ZHR2	Dr:A9JRC4
Q9HCK0	P48637	57684	2937	ZBTB26	GSS	chromatin immunoprecipitation assay	27924024	Homo sapiens	GTRD	No	Mm:Q6P9Q3;Rn:D3ZG35	Dr:A2BF92	Ce:Q21549;Dr:F1RC64;Mm:P51855;Rn:P46413;Sc:Q08220	Dm:Q8IQZ1
Q9HCK0	Q13901	57684	10438	ZBTB26	C1D	chromatin immunoprecipitation assay	27924024	Homo sapiens	GTRD	No	Mm:Q6P9Q3;Rn:D3ZG35	Dr:A2BF92	Dr:F1QNQ8;Mm:O35473;Rn:B5DEI6	-
Q9HCK0	O14782	57684	3797	ZBTB26	KIF3C	chromatin immunoprecipitation assay	27924024	Homo sapiens	GTRD	No	Mm:Q6P9Q3;Rn:D3ZG35	Dr:A2BF92	-	-
Q9HCK0	Q14781	57684	84733	ZBTB26	CBX2	chromatin immunoprecipitation assay	27924024	Homo sapiens	GTRD	No	Mm:Q6P9Q3;Rn:D3ZG35	Dr:A2BF92	Dr:F1Q982;Mm:P30658;Rn:M0RE14	-
Q9HCK0	Q9H694	57684	80114	ZBTB26	BICC1	chromatin immunoprecipitation assay	27924024	Homo sapiens	GTRD	No	Mm:Q6P9Q3;Rn:D3ZG35	Dr:A2BF92	Mm:Q99MQ1;Rn:D3ZDJ9	Dr:R4GDN2
Q9HCK0	P15502	57684	2006	ZBTB26	ELN	chromatin immunoprecipitation assay	27924024	Homo sapiens	GTRD	No	Mm:Q6P9Q3;Rn:D3ZG35	Dr:A2BF92	Mm:P54320;Rn:D4A9U4	-
Q9HCK0	P07738	57684	669	ZBTB26	BPGM	chromatin immunoprecipitation assay	27924024	Homo sapiens	GTRD	No	Mm:Q6P9Q3;Rn:D3ZG35	Dr:A2BF92	Dr:Q6DHM0;Mm:P15327	Rn:Q7TP58
Q9HCK0	Q9H2G4	57684	64061	ZBTB26	TSPYL2	chromatin immunoprecipitation assay	27924024	Homo sapiens	GTRD	No	Mm:Q6P9Q3;Rn:D3ZG35	Dr:A2BF92	Mm:Q7TQI8;Rn:A0A096MJ32	-
Q9HCK0	Q6PUV4	57684	10814	ZBTB26	CPLX2	chromatin immunoprecipitation assay	27924024	Homo sapiens	GTRD	No	Mm:Q6P9Q3;Rn:D3ZG35	Dr:A2BF92	Dr:A0A0R4IS84;Mm:P84086;Rn:P84087	-
Q9HCK0	P57057	57684	54020	ZBTB26	SLC37A1	chromatin immunoprecipitation assay	27924024	Homo sapiens	GTRD	No	Mm:Q6P9Q3;Rn:D3ZG35	Dr:A2BF92	Mm:Q8R070;Rn:Q66H72	Dr:Q5U3T2
Q9HCK0	P36956	57684	6720	ZBTB26	SREBF1	chromatin immunoprecipitation assay	27924024	Homo sapiens	GTRD	No	Mm:Q6P9Q3;Rn:D3ZG35	Dr:A2BF92	Mm:Q9WTN3;Rn:P56720	-
Q9HCK0	O14558	57684	126393	ZBTB26	HSPB6	chromatin immunoprecipitation assay	27924024	Homo sapiens	GTRD	No	Mm:Q6P9Q3;Rn:D3ZG35	Dr:A2BF92	Mm:Q5EBG6;Rn:P97541	-
Q9HCK0	Q9UHV5	57684	51195	ZBTB26	RAPGEFL1	chromatin immunoprecipitation assay	27924024	Homo sapiens	GTRD	No	Mm:Q6P9Q3;Rn:D3ZG35	Dr:A2BF92	-	-
Q9HCK0	Q9Y314	57684	51070	ZBTB26	NOSIP	chromatin immunoprecipitation assay	27924024	Homo sapiens	GTRD	No	Mm:Q6P9Q3;Rn:D3ZG35	Dr:A2BF92	-	-
Q9HCK0	Q9Y3Q3	57684	23423	ZBTB26	TMED3	chromatin immunoprecipitation assay	27924024	Homo sapiens	GTRD	No	Mm:Q6P9Q3;Rn:D3ZG35	Dr:A2BF92	Dr:B3DKM3;Mm:Q78IS1;Rn:Q6AY25	-
Q9HCK0	O43776	57684	4677	ZBTB26	NARS1	chromatin immunoprecipitation assay	27924024	Homo sapiens	GTRD	No	Mm:Q6P9Q3;Rn:D3ZG35	Dr:A2BF92	Ce:Q19722;Dm:Q9V434;Dr:B8A5D3;Mm:Q8BP47;Rn:F1LPV0;Sc:P38707	-
Q9HCK0	A6NP61	57684	646799	ZBTB26	ZAR1L	chromatin immunoprecipitation assay	27924024	Homo sapiens	GTRD	No	Mm:Q6P9Q3;Rn:D3ZG35	Dr:A2BF92	Dr:E7F3N2;Mm:C3VD30	-
Q9HCK0	O14681	57684	9538	ZBTB26	EI24	chromatin immunoprecipitation assay	27924024	Homo sapiens	GTRD	No	Mm:Q6P9Q3;Rn:D3ZG35	Dr:A2BF92	Rn:Q4KM77	Dr:Q568A1;Mm:V9GXH2
Q9HCK0	Q14680	57684	9833	ZBTB26	MELK	chromatin immunoprecipitation assay	27924024	Homo sapiens	GTRD	No	Mm:Q6P9Q3;Rn:D3ZG35	Dr:A2BF92	Mm:Q61846	Dr:F1QGZ6
Q9HCK0	Q9NWM8	57684	55033	ZBTB26	FKBP14	chromatin immunoprecipitation assay	27924024	Homo sapiens	GTRD	No	Mm:Q6P9Q3;Rn:D3ZG35	Dr:A2BF92	Dr:F1QQ70;Mm:P59024;Rn:Q5XID8	Dm:Q9V3V2;Rn:M0RC90
Q9HCK0	B4DLN1	57684	-	ZBTB26	-	chromatin immunoprecipitation assay	27924024	Homo sapiens	GTRD	No	Mm:Q6P9Q3;Rn:D3ZG35	Dr:A2BF92	-	-
Q9HCK0	Q9BU23	57684	91289	ZBTB26	LMF2	chromatin immunoprecipitation assay	27924024	Homo sapiens	GTRD	No	Mm:Q6P9Q3;Rn:D3ZG35	Dr:A2BF92	Ce:Q2L6Y0;Dr:B3DK37;Mm:Q8C3X8;Rn:A1L1J9	-
Q9HCK0	O94973	57684	161	ZBTB26	AP2A2	chromatin immunoprecipitation assay	27924024	Homo sapiens	GTRD	No	Mm:Q6P9Q3;Rn:D3ZG35	Dr:A2BF92	Mm:P17427	Rn:Q66HM2
Q9HCK0	Q86UX2	57684	80760	ZBTB26	ITIH5	chromatin immunoprecipitation assay	27924024	Homo sapiens	GTRD	No	Mm:Q6P9Q3;Rn:D3ZG35	Dr:A2BF92	-	-
Q9HCK0	Q8N413	57684	283130	ZBTB26	SLC25A45	chromatin immunoprecipitation assay	27924024	Homo sapiens	GTRD	No	Mm:Q6P9Q3;Rn:D3ZG35	Dr:A2BF92	Dm:Q9VB24;Mm:Q8CFJ7;Rn:D3ZL04	-
Q9HCK0	Q07955	57684	6426	ZBTB26	SRSF1	chromatin immunoprecipitation assay	27924024	Homo sapiens	GTRD	No	Mm:Q6P9Q3;Rn:D3ZG35	Dr:A2BF92	-	-
Q9HCK0	Q9UNZ2	57684	55968	ZBTB26	NSFL1C	chromatin immunoprecipitation assay	27924024	Homo sapiens	GTRD	No	Mm:Q6P9Q3;Rn:D3ZG35	Dr:A2BF92	Dm:Q7K3Z3;Dr:F1Q8D2;Mm:Q9CZ44;Rn:O35987	-
Q9HCK0	P60893	57684	54329	ZBTB26	GPR85	chromatin immunoprecipitation assay	27924024	Homo sapiens	GTRD	No	Mm:Q6P9Q3;Rn:D3ZG35	Dr:A2BF92	Mm:P60894;Rn:P60895	Dr:A0A0R4I9E4
Q9HCK0	Q86XJ1	57684	283431	ZBTB26	GAS2L3	chromatin immunoprecipitation assay	27924024	Homo sapiens	GTRD	No	Mm:Q6P9Q3;Rn:D3ZG35	Dr:A2BF92	Mm:A0A0R4J1A6	Rn:D4AB19
Q9HCK0	O00141	57684	6446	ZBTB26	SGK1	chromatin immunoprecipitation assay	27924024	Homo sapiens	GTRD	No	Mm:Q6P9Q3;Rn:D3ZG35	Dr:A2BF92	Dr:Q7ZTW4;Mm:Q9WVC6;Rn:A0A0G2JVM7	-
Q9HCK0	Q9BT22	57684	56052	ZBTB26	ALG1	chromatin immunoprecipitation assay	27924024	Homo sapiens	GTRD	No	Mm:Q6P9Q3;Rn:D3ZG35	Dr:A2BF92	Dm:Q9VEE9;Dr:F1Q8U9;Mm:Q921Q3;Rn:D4A5S6;Sc:P16661	Ce:Q22797
Q9HCK0	P12755	57684	6497	ZBTB26	SKI	chromatin immunoprecipitation assay	27924024	Homo sapiens	GTRD	No	Mm:Q6P9Q3;Rn:D3ZG35	Dr:A2BF92	Dr:B0S7D7;Mm:B1AUF1;Rn:A0A0G2K628	-
Q9HCK0	P06396	57684	2934	ZBTB26	GSN	chromatin immunoprecipitation assay	27924024	Homo sapiens	GTRD	No	Mm:Q6P9Q3;Rn:D3ZG35	Dr:A2BF92	-	-
Q9HCK0	Q6P3W2	57684	120526	ZBTB26	DNAJC24	chromatin immunoprecipitation assay	27924024	Homo sapiens	GTRD	No	Mm:Q6P9Q3;Rn:D3ZG35	Dr:A2BF92	Dm:Q9VNE8;Dr:Q7SY41;Rn:F1M2S2	Mm:Q91ZF0
Q9HCK0	Q66PJ3	57684	51329	ZBTB26	ARL6IP4	chromatin immunoprecipitation assay	27924024	Homo sapiens	GTRD	No	Mm:Q6P9Q3;Rn:D3ZG35	Dr:A2BF92	-	-
Q9HCK0	Q86T82	57684	57695	ZBTB26	USP37	chromatin immunoprecipitation assay	27924024	Homo sapiens	GTRD	No	Mm:Q6P9Q3;Rn:D3ZG35	Dr:A2BF92	Rn:D4ABE5	Dr:A0A0H2UKG5;Mm:A0A0R4J2D0
Q9HCK0	Q9H2V7	57684	83985	ZBTB26	SPNS1	chromatin immunoprecipitation assay	27924024	Homo sapiens	GTRD	No	Mm:Q6P9Q3;Rn:D3ZG35	Dr:A2BF92	Dm:Q9GQQ0;Dr:G1K2F4;Mm:Q8R0G7;Rn:Q2YDU8	-
Q9HCK0	Q8TDN4	57684	91768	ZBTB26	CABLES1	chromatin immunoprecipitation assay	27924024	Homo sapiens	GTRD	No	Mm:Q6P9Q3;Rn:D3ZG35	Dr:A2BF92	Dr:A0A0R4IWM8;Rn:F1LUR9	Mm:Q3U148
Q9HCK0	Q6UXF1	57684	66000	ZBTB26	TMEM108	chromatin immunoprecipitation assay	27924024	Homo sapiens	GTRD	No	Mm:Q6P9Q3;Rn:D3ZG35	Dr:A2BF92	Mm:Q8BHE4	Rn:F1M8M1
Q9HCK0	O75952	57684	26256	ZBTB26	CABYR	chromatin immunoprecipitation assay	27924024	Homo sapiens	GTRD	No	Mm:Q6P9Q3;Rn:D3ZG35	Dr:A2BF92	Rn:M0R8P3	-
Q9HCK0	Q5TA50	57684	80772	ZBTB26	CPTP	chromatin immunoprecipitation assay	27924024	Homo sapiens	GTRD	No	Mm:Q6P9Q3;Rn:D3ZG35	Dr:A2BF92	Ce:Q21333;Dr:F1QGJ9;Mm:Q8BS40;Rn:Q5XIS2	-
Q9HCK0	P09455	57684	5947	ZBTB26	RBP1	chromatin immunoprecipitation assay	27924024	Homo sapiens	GTRD	No	Mm:Q6P9Q3;Rn:D3ZG35	Dr:A2BF92	-	-
Q9HCK0	Q8NFW9	57684	25924	ZBTB26	MYRIP	chromatin immunoprecipitation assay	27924024	Homo sapiens	GTRD	No	Mm:Q6P9Q3;Rn:D3ZG35	Dr:A2BF92	Mm:Q8K3I4;Rn:D3ZTL2	Dr:A8T6P4
Q9HCK0	P41134	57684	3397	ZBTB26	ID1	chromatin immunoprecipitation assay	27924024	Homo sapiens	GTRD	No	Mm:Q6P9Q3;Rn:D3ZG35	Dr:A2BF92	Mm:P20067;Rn:P41135	-
Q9HCK0	H3BRN7	57684	-	ZBTB26	-	chromatin immunoprecipitation assay	27924024	Homo sapiens	GTRD	No	Mm:Q6P9Q3;Rn:D3ZG35	Dr:A2BF92	-	-
Q9HCK0	Q9Y4C0	57684	9369	ZBTB26	NRXN3	chromatin immunoprecipitation assay	27924024	Homo sapiens	GTRD	No	Mm:Q6P9Q3;Rn:D3ZG35	Dr:A2BF92	-	-
Q9HCK0	Q92750	57684	6875	ZBTB26	TAF4B	chromatin immunoprecipitation assay	27924024	Homo sapiens	GTRD	No	Mm:Q6P9Q3;Rn:D3ZG35	Dr:A2BF92	Rn:F1LT11	Dr:E7FFQ2;Mm:A0A3B2W725
Q9HCK0	O75113	57684	9683	ZBTB26	N4BP1	chromatin immunoprecipitation assay	27924024	Homo sapiens	GTRD	No	Mm:Q6P9Q3;Rn:D3ZG35	Dr:A2BF92	Dr:Q1LVK9;Mm:Q6A037;Rn:D3ZT79	-
Q9HCK0	Q14254	57684	2319	ZBTB26	FLOT2	chromatin immunoprecipitation assay	27924024	Homo sapiens	GTRD	No	Mm:Q6P9Q3;Rn:D3ZG35	Dr:A2BF92	Dr:Q6PFT0;Rn:Q9Z2S9	Dm:M9PHT0;Mm:Q5SS83
Q9HCK0	Q12849	57684	2926	ZBTB26	GRSF1	chromatin immunoprecipitation assay	27924024	Homo sapiens	GTRD	No	Mm:Q6P9Q3;Rn:D3ZG35	Dr:A2BF92	Dr:F8W4V6;Mm:Q8C5Q4	Rn:F1LRK4
Q9HCK0	Q99726	57684	7781	ZBTB26	SLC30A3	chromatin immunoprecipitation assay	27924024	Homo sapiens	GTRD	No	Mm:Q6P9Q3;Rn:D3ZG35	Dr:A2BF92	Mm:P97441;Rn:Q6QIX3	-
Q9HCK0	P20809	57684	3589	ZBTB26	IL11	chromatin immunoprecipitation assay	27924024	Homo sapiens	GTRD	No	Mm:Q6P9Q3;Rn:D3ZG35	Dr:A2BF92	Mm:P47873	Rn:G3V890
Q9HCK0	Q7L4P6	57684	79656	ZBTB26	BEND5	chromatin immunoprecipitation assay	27924024	Homo sapiens	GTRD	No	Mm:Q6P9Q3;Rn:D3ZG35	Dr:A2BF92	Mm:Q8C6D4;Rn:D3ZQP2	Dr:B0UYU2
Q9HCK0	Q12972	57684	5511	ZBTB26	PPP1R8	chromatin immunoprecipitation assay	27924024	Homo sapiens	GTRD	No	Mm:Q6P9Q3;Rn:D3ZG35	Dr:A2BF92	Dr:A5PF58;Mm:Q8R3G1;Rn:B1WC70	-
Q9HCK0	Q8IV36	57684	283987	ZBTB26	HID1	chromatin immunoprecipitation assay	27924024	Homo sapiens	GTRD	No	Mm:Q6P9Q3;Rn:D3ZG35	Dr:A2BF92	Ce:G5EG65;Dm:Q0E9B5;Mm:Q8R1F6;Rn:D4A0C3	Dr:A0A0R4IXG4
Q9HCK0	Q92526	57684	10693	ZBTB26	CCT6B	chromatin immunoprecipitation assay	27924024	Homo sapiens	GTRD	No	Mm:Q6P9Q3;Rn:D3ZG35	Dr:A2BF92	Mm:Q61390;Rn:Q6AYJ7	-
Q9HCK0	P26992	57684	1271	ZBTB26	CNTFR	chromatin immunoprecipitation assay	27924024	Homo sapiens	GTRD	No	Mm:Q6P9Q3;Rn:D3ZG35	Dr:A2BF92	Dr:A4JYQ0;Mm:O88507;Rn:M0R9L2	-
Q9HCK0	P07949	57684	5979	ZBTB26	RET	chromatin immunoprecipitation assay	27924024	Homo sapiens	GTRD	No	Mm:Q6P9Q3;Rn:D3ZG35	Dr:A2BF92	Dr:A8E7C6;Mm:P35546	Rn:G3V9H8
Q9HCK0	Q8NE79	57684	11149	ZBTB26	BVES	chromatin immunoprecipitation assay	27924024	Homo sapiens	GTRD	No	Mm:Q6P9Q3;Rn:D3ZG35	Dr:A2BF92	Dr:Q5PQZ7;Mm:Q9ES83	-
Q9HCK0	Q9BXS4	57684	9528	ZBTB26	TMEM59	chromatin immunoprecipitation assay	27924024	Homo sapiens	GTRD	No	Mm:Q6P9Q3;Rn:D3ZG35	Dr:A2BF92	Mm:Q9QY73;Rn:D3ZTP3	Dr:B0S5J2
Q9HCK0	A0A1B0GVI7	57684	-	ZBTB26	-	chromatin immunoprecipitation assay	27924024	Homo sapiens	GTRD	No	Mm:Q6P9Q3;Rn:D3ZG35	Dr:A2BF92	-	-
Q9HCK0	Q86X95	57684	9541	ZBTB26	CIR1	chromatin immunoprecipitation assay	27924024	Homo sapiens	GTRD	No	Mm:Q6P9Q3;Rn:D3ZG35	Dr:A2BF92	Dm:Q9VVU4;Mm:Q9DA19;Rn:Q5U2T8	Ce:G5EBE3
Q9HCK0	Q14153	57684	9679	ZBTB26	FAM53B	chromatin immunoprecipitation assay	27924024	Homo sapiens	GTRD	No	Mm:Q6P9Q3;Rn:D3ZG35	Dr:A2BF92	Mm:Q8BGR5;Rn:D3Z8Z2	-
Q9HCK0	P17509	57684	3216	ZBTB26	HOXB6	chromatin immunoprecipitation assay	27924024	Homo sapiens	GTRD	No	Mm:Q6P9Q3;Rn:D3ZG35	Dr:A2BF92	Dr:B3DHP5;Mm:P09023;Rn:D3ZLU8	-
Q9HCK0	Q9Y5R4	57684	51409	ZBTB26	HEMK1	chromatin immunoprecipitation assay	27924024	Homo sapiens	GTRD	No	Mm:Q6P9Q3;Rn:D3ZG35	Dr:A2BF92	Dm:Q9VMD3;Dr:F1QJH5;Mm:Q921L7;Rn:B1WBZ2	-
Q9HCK0	H3BR10	57684	100507203	ZBTB26	SMLR1	chromatin immunoprecipitation assay	27924024	Homo sapiens	GTRD	No	Mm:Q6P9Q3;Rn:D3ZG35	Dr:A2BF92	Mm:J3QMJ4;Rn:M0R807	-
Q9HCK0	P0DPF3	57684	400818	ZBTB26	NBPF9	chromatin immunoprecipitation assay	27924024	Homo sapiens	GTRD	No	Mm:Q6P9Q3;Rn:D3ZG35	Dr:A2BF92	-	-
Q9HCK0	Q70EK8	57684	54532	ZBTB26	USP53	chromatin immunoprecipitation assay	27924024	Homo sapiens	GTRD	No	Mm:Q6P9Q3;Rn:D3ZG35	Dr:A2BF92	Mm:P15975;Rn:D3ZYY9	-
Q9HCK0	P51946	57684	902	ZBTB26	CCNH	chromatin immunoprecipitation assay	27924024	Homo sapiens	GTRD	No	Mm:Q6P9Q3;Rn:D3ZG35	Dr:A2BF92	-	-
Q9HCK0	Q9H7Z3	57684	55051	ZBTB26	NRDE2	chromatin immunoprecipitation assay	27924024	Homo sapiens	GTRD	No	Mm:Q6P9Q3;Rn:D3ZG35	Dr:A2BF92	Dm:Q9VXW9;Dr:E7F365;Mm:Q80XC6;Rn:D3ZDR9	-
Q9HCK0	Q6UXU4	57684	146395	ZBTB26	GSG1L	chromatin immunoprecipitation assay	27924024	Homo sapiens	GTRD	No	Mm:Q6P9Q3;Rn:D3ZG35	Dr:A2BF92	Mm:D3Z7H4	Dr:Q4V922
Q9HCK0	Q96PC5	57684	4253	ZBTB26	MIA2	chromatin immunoprecipitation assay	27924024	Homo sapiens	GTRD	No	Mm:Q6P9Q3;Rn:D3ZG35	Dr:A2BF92	-	Mm:A0A1W2P711
Q9HCK0	O43148	57684	8731	ZBTB26	RNMT	chromatin immunoprecipitation assay	27924024	Homo sapiens	GTRD	No	Mm:Q6P9Q3;Rn:D3ZG35	Dr:A2BF92	Ce:Q9XVS1;Dr:Q1MTD3;Mm:Q9D0L8;Rn:Q5U2U7	-
Q9HCK0	Q14667	57684	9703	ZBTB26	KIAA0100	chromatin immunoprecipitation assay	27924024	Homo sapiens	GTRD	No	Mm:Q6P9Q3;Rn:D3ZG35	Dr:A2BF92	Dm:Q9VZS7;Dr:X1WB96;Mm:Q5SYL3;Rn:F1LSX1	Ce:O62191
Q9HCK0	O14668	57684	5638	ZBTB26	PRRG1	chromatin immunoprecipitation assay	27924024	Homo sapiens	GTRD	No	Mm:Q6P9Q3;Rn:D3ZG35	Dr:A2BF92	Mm:A2BFE8;Rn:D3ZUF5	-
Q9HCK0	Q5TCS8	57684	221264	ZBTB26	AK9	chromatin immunoprecipitation assay	27924024	Homo sapiens	GTRD	No	Mm:Q6P9Q3;Rn:D3ZG35	Dr:A2BF92	Mm:G3UYQ4;Rn:F1M632	Dr:A0A2R9YJL3
Q9HCK0	Q9BSA4	57684	94015	ZBTB26	TTYH2	chromatin immunoprecipitation assay	27924024	Homo sapiens	GTRD	No	Mm:Q6P9Q3;Rn:D3ZG35	Dr:A2BF92	Mm:Q3TH73;Rn:D4A4P8	Dr:E9QEV5
Q9HCK0	P31271	57684	3209	ZBTB26	HOXA13	chromatin immunoprecipitation assay	27924024	Homo sapiens	GTRD	No	Mm:Q6P9Q3;Rn:D3ZG35	Dr:A2BF92	Dm:Q9VFQ3;Dr:P79724;Dr:Q6W990	Rn:A0A0G2K5C1
Q9HCK0	Q969W8	57684	84924	ZBTB26	ZNF566	chromatin immunoprecipitation assay	27924024	Homo sapiens	GTRD	No	Mm:Q6P9Q3;Rn:D3ZG35	Dr:A2BF92	Mm:Q8VCI1	Rn:B2RZ94
Q9HCK0	Q9Y6A9	57684	28972	ZBTB26	SPCS1	chromatin immunoprecipitation assay	27924024	Homo sapiens	GTRD	No	Mm:Q6P9Q3;Rn:D3ZG35	Dr:A2BF92	-	-
Q9HCK0	Q14790	57684	841	ZBTB26	CASP8	chromatin immunoprecipitation assay	27924024	Homo sapiens	GTRD	No	Mm:Q6P9Q3;Rn:D3ZG35	Dr:A2BF92	Mm:O89110;Rn:Q9JHX4	-
Q9HCK0	O14791	57684	8542	ZBTB26	APOL1	chromatin immunoprecipitation assay	27924024	Homo sapiens	GTRD	No	Mm:Q6P9Q3;Rn:D3ZG35	Dr:A2BF92	-	-
Q9HCK0	Q9BZE2	57684	83480	ZBTB26	PUS3	chromatin immunoprecipitation assay	27924024	Homo sapiens	GTRD	No	Mm:Q6P9Q3;Rn:D3ZG35	Dr:A2BF92	Ce:Q09524;Dm:Q9W282;Dr:F1QBS4;Mm:Q9JI38;Sc:P31115	Rn:B0BN58
Q9HCK0	Q8IZT8	57684	222537	ZBTB26	HS3ST5	chromatin immunoprecipitation assay	27924024	Homo sapiens	GTRD	No	Mm:Q6P9Q3;Rn:D3ZG35	Dr:A2BF92	Mm:Q8BSL4	Rn:D3ZDL1
Q9HCK0	Q12770	57684	22937	ZBTB26	SCAP	chromatin immunoprecipitation assay	27924024	Homo sapiens	GTRD	No	Mm:Q6P9Q3;Rn:D3ZG35	Dr:A2BF92	Dm:A1Z6J2;Dr:E9QEH6;Mm:Q6GQT6;Rn:A2RRU4	-
Q9HCK0	Q8NCW6	57684	63917	ZBTB26	GALNT11	chromatin immunoprecipitation assay	27924024	Homo sapiens	GTRD	No	Mm:Q6P9Q3;Rn:D3ZG35	Dr:A2BF92	Ce:Q7K755;Dm:Q8MVS5;Mm:Q921L8	Rn:Q6P6V1
Q9HCK0	M0R2W2	57684	-	ZBTB26	-	chromatin immunoprecipitation assay	27924024	Homo sapiens	GTRD	No	Mm:Q6P9Q3;Rn:D3ZG35	Dr:A2BF92	-	-
Q9HCK0	Q9ULI4	57684	26153	ZBTB26	KIF26A	chromatin immunoprecipitation assay	27924024	Homo sapiens	GTRD	No	Mm:Q6P9Q3;Rn:D3ZG35	Dr:A2BF92	Dr:E7FCT0;Dr:F1QCX2;Mm:Q52KG5;Rn:D3ZUT0	-
Q9HCK0	Q96KQ4	57684	23368	ZBTB26	PPP1R13B	chromatin immunoprecipitation assay	27924024	Homo sapiens	GTRD	No	Mm:Q6P9Q3;Rn:D3ZG35	Dr:A2BF92	Dr:A0A0R4IUG8;Mm:Q62415	Rn:A0A0G2KB61
Q9HCK0	Q14566	57684	4175	ZBTB26	MCM6	chromatin immunoprecipitation assay	27924024	Homo sapiens	GTRD	No	Mm:Q6P9Q3;Rn:D3ZG35	Dr:A2BF92	Ce:P34647;Dm:Q9V461;Dr:F1R5P3;Mm:P97311;Rn:A9CMB8;Sc:P53091	-
Q9HCK0	Q9H479	57684	64122	ZBTB26	FN3K	chromatin immunoprecipitation assay	27924024	Homo sapiens	GTRD	No	Mm:Q6P9Q3;Rn:D3ZG35	Dr:A2BF92	Mm:Q9ER35;Rn:D3ZZU8	-
Q9HCK0	Q9P0M9	57684	51264	ZBTB26	MRPL27	chromatin immunoprecipitation assay	27924024	Homo sapiens	GTRD	No	Mm:Q6P9Q3;Rn:D3ZG35	Dr:A2BF92	Dm:Q86BM8;Mm:Q99N92;Rn:D3ZTW8	Dr:F1RA21
Q9HCK0	Q8IWE2	57684	92689	ZBTB26	FAM114A1	chromatin immunoprecipitation assay	27924024	Homo sapiens	GTRD	No	Mm:Q6P9Q3;Rn:D3ZG35	Dr:A2BF92	Dr:B8JI33;Mm:Q9D281;Rn:D4A777	Rn:D4A5F0
Q9HCK0	Q9BT09	57684	10695	ZBTB26	CNPY3	chromatin immunoprecipitation assay	27924024	Homo sapiens	GTRD	No	Mm:Q6P9Q3;Rn:D3ZG35	Dr:A2BF92	Dr:F1RAB4;Mm:Q9DAU1;Rn:G3V828	-
Q9HCK0	Q09470	57684	3736	ZBTB26	KCNA1	chromatin immunoprecipitation assay	27924024	Homo sapiens	GTRD	No	Mm:Q6P9Q3;Rn:D3ZG35	Dr:A2BF92	Dr:E7FFE9;Dr:E7FEJ3;Mm:P16388;Rn:P10499	-
Q9HCK0	Q5VIY5	57684	90333	ZBTB26	ZNF468	chromatin immunoprecipitation assay	27924024	Homo sapiens	GTRD	No	Mm:Q6P9Q3;Rn:D3ZG35	Dr:A2BF92	Mm:A0A087WS64	-
Q9HCK0	Q9H0E9	57684	10902	ZBTB26	BRD8	chromatin immunoprecipitation assay	27924024	Homo sapiens	GTRD	No	Mm:Q6P9Q3;Rn:D3ZG35	Dr:A2BF92	Dm:Q9VAM5;Mm:Q8R3B7	Rn:E9PTN1
Q9HCK0	Q96RU2	57684	57646	ZBTB26	USP28	chromatin immunoprecipitation assay	27924024	Homo sapiens	GTRD	No	Mm:Q6P9Q3;Rn:D3ZG35	Dr:A2BF92	Mm:Q5I043;Rn:A0A140TAA0	Dr:E9QC12
Q9HCK0	Q9H5Z1	57684	60625	ZBTB26	DHX35	chromatin immunoprecipitation assay	27924024	Homo sapiens	GTRD	No	Mm:Q6P9Q3;Rn:D3ZG35	Dr:A2BF92	Ce:Q9BKQ8;Dm:Q9VR29;Dr:F8W4S6;Mm:A2ACQ1;Rn:A0A0G2JTM6	-
Q9HCK0	Q7Z403	57684	11322	ZBTB26	TMC6	chromatin immunoprecipitation assay	27924024	Homo sapiens	GTRD	No	Mm:Q6P9Q3;Rn:D3ZG35	Dr:A2BF92	Rn:A0A0G2JT44	Mm:B1ATB3
Q9HCK0	B1AL88	57684	728215	ZBTB26	FAM155A	chromatin immunoprecipitation assay	27924024	Homo sapiens	GTRD	No	Mm:Q6P9Q3;Rn:D3ZG35	Dr:A2BF92	Mm:Q8CCS2	Dr:E7FA63
Q9HCK0	Q63HK5	57684	57616	ZBTB26	TSHZ3	chromatin immunoprecipitation assay	27924024	Homo sapiens	GTRD	No	Mm:Q6P9Q3;Rn:D3ZG35	Dr:A2BF92	Dr:A0A0R4IDX7;Mm:A0A0R4J017	Rn:A0A0A0MP78
Q9HCK0	Q969Z0	57684	9238	ZBTB26	TBRG4	chromatin immunoprecipitation assay	27924024	Homo sapiens	GTRD	No	Mm:Q6P9Q3;Rn:D3ZG35	Dr:A2BF92	Dr:E7F3K7;Mm:Q91YM4;Rn:Q5M9G9	-
Q9HCK0	Q8N8D1	57684	10081	ZBTB26	PDCD7	chromatin immunoprecipitation assay	27924024	Homo sapiens	GTRD	No	Mm:Q6P9Q3;Rn:D3ZG35	Dr:A2BF92	Mm:Q3U2X6	-
Q9HCK0	O75324	57684	8303	ZBTB26	SNN	chromatin immunoprecipitation assay	27924024	Homo sapiens	GTRD	No	Mm:Q6P9Q3;Rn:D3ZG35	Dr:A2BF92	Mm:P61807;Rn:P61808	Dr:Q6P957
Q9HCK0	Q6WN34	57684	25884	ZBTB26	CHRDL2	chromatin immunoprecipitation assay	27924024	Homo sapiens	GTRD	No	Mm:Q6P9Q3;Rn:D3ZG35	Dr:A2BF92	Rn:F1LW58	Dr:B4XEZ3;Mm:A0A0B4J1E8
Q9HCK0	Q9Y222	57684	9988	ZBTB26	DMTF1	chromatin immunoprecipitation assay	27924024	Homo sapiens	GTRD	No	Mm:Q6P9Q3;Rn:D3ZG35	Dr:A2BF92	Dr:Q6DG03;Mm:Q8CE22;Rn:Q66HG1	-
Q9HCK0	Q5PRF9	57684	55095	ZBTB26	SAMD4B	chromatin immunoprecipitation assay	27924024	Homo sapiens	GTRD	No	Mm:Q6P9Q3;Rn:D3ZG35	Dr:A2BF92	Rn:D4A769	Mm:G5E8A7
Q9HCK0	O43684	57684	9184	ZBTB26	BUB3	chromatin immunoprecipitation assay	27924024	Homo sapiens	GTRD	No	Mm:Q6P9Q3;Rn:D3ZG35	Dr:A2BF92	Ce:Q9XWH0;Dm:Q9VAJ2;Dr:U3JAH9;Mm:Q9WVA3;Rn:Q4FZS2;Sc:P26449	-
Q9HCK0	Q9UIF9	57684	11176	ZBTB26	BAZ2A	chromatin immunoprecipitation assay	27924024	Homo sapiens	GTRD	No	Mm:Q6P9Q3;Rn:D3ZG35	Dr:A2BF92	-	-
Q9HCK0	Q96QU1	57684	65217	ZBTB26	PCDH15	chromatin immunoprecipitation assay	27924024	Homo sapiens	GTRD	No	Mm:Q6P9Q3;Rn:D3ZG35	Dr:A2BF92	-	-
Q9HCK0	Q7Z7B1	57684	284098	ZBTB26	PIGW	chromatin immunoprecipitation assay	27924024	Homo sapiens	GTRD	No	Mm:Q6P9Q3;Rn:D3ZG35	Dr:A2BF92	Ce:D6RYD7;Dm:Q9VQB8;Dm:Q9W096;Dr:F1QAR3;Mm:Q8C398;Rn:F1LNX4;Sc:P47026	-
Q9HCK0	Q03924	57684	109504726;51351	ZBTB26	ZNF117	chromatin immunoprecipitation assay	27924024	Homo sapiens	GTRD	No	Mm:Q6P9Q3;Rn:D3ZG35	Dr:A2BF92	-	-
Q9HCK0	Q92737	57684	10633	ZBTB26	RASL10A	chromatin immunoprecipitation assay	27924024	Homo sapiens	GTRD	No	Mm:Q6P9Q3;Rn:D3ZG35	Dr:A2BF92	Mm:Q8K5A4	Rn:A0A0G2KAY0
Q9HCK0	P15924	57684	1832	ZBTB26	DSP	chromatin immunoprecipitation assay	27924024	Homo sapiens	GTRD	No	Mm:Q6P9Q3;Rn:D3ZG35	Dr:A2BF92	Mm:E9Q557;Rn:F1LMV6	-
Q9HCK0	Q96MC2	57684	92749	ZBTB26	DRC1	chromatin immunoprecipitation assay	27924024	Homo sapiens	GTRD	No	Mm:Q6P9Q3;Rn:D3ZG35	Dr:A2BF92	Dm:Q9W3J8;Mm:Q3USS3	Dr:F1QRC1;Rn:Q5XI65
Q9HCK0	Q6Y1H2	57684	201562	ZBTB26	HACD2	chromatin immunoprecipitation assay	27924024	Homo sapiens	GTRD	No	Mm:Q6P9Q3;Rn:D3ZG35	Dr:A2BF92	Ce:O17040;Dr:B0V199;Mm:Q9D3B1;Rn:D3ZHG0	-
Q9HCK0	P58004	57684	83667	ZBTB26	SESN2	chromatin immunoprecipitation assay	27924024	Homo sapiens	GTRD	No	Mm:Q6P9Q3;Rn:D3ZG35	Dr:A2BF92	Mm:P58043;Rn:B2GUV6	Dr:A0F081
Q9HCK0	Q96I13	57684	79575	ZBTB26	ABHD8	chromatin immunoprecipitation assay	27924024	Homo sapiens	GTRD	No	Mm:Q6P9Q3;Rn:D3ZG35	Dr:A2BF92	Mm:Q8R0P8;Rn:B5DEN3	-
Q9HCK0	O75838	57684	10518	ZBTB26	CIB2	chromatin immunoprecipitation assay	27924024	Homo sapiens	GTRD	No	Mm:Q6P9Q3;Rn:D3ZG35	Dr:A2BF92	-	-
Q9HCK0	O75223	57684	79017	ZBTB26	GGCT	chromatin immunoprecipitation assay	27924024	Homo sapiens	GTRD	No	Mm:Q6P9Q3;Rn:D3ZG35	Dr:A2BF92	Dm:Q8IQT0;Mm:Q9D7X8;Rn:D3ZPV8	Ce:Q18596;Dm:Q9VVP9
Q9HCK0	Q12959	57684	1739	ZBTB26	DLG1	chromatin immunoprecipitation assay	27924024	Homo sapiens	GTRD	No	Mm:Q6P9Q3;Rn:D3ZG35	Dr:A2BF92	Dr:Q5PYH6;Mm:Q811D0;Rn:A0A0G2K1M2	Dr:A0A0R4IEK3
Q9HCK0	C9JLW8	57684	348262	ZBTB26	MCRIP1	chromatin immunoprecipitation assay	27924024	Homo sapiens	GTRD	No	Mm:Q6P9Q3;Rn:D3ZG35	Dr:A2BF92	Dr:Q0P4B9;Mm:Q3UGS4;Rn:B0BN72	-
Q9HCK0	Q9H2W6	57684	26589	ZBTB26	MRPL46	chromatin immunoprecipitation assay	27924024	Homo sapiens	GTRD	No	Mm:Q6P9Q3;Rn:D3ZG35	Dr:A2BF92	Ce:C0VXV6;Dm:Q9W086;Dr:F1Q8L0;Mm:Q9EQI8;Rn:Q5RK00	-
Q9HCK0	Q5JUR7	57684	93081	ZBTB26	TEX30	chromatin immunoprecipitation assay	27924024	Homo sapiens	GTRD	No	Mm:Q6P9Q3;Rn:D3ZG35	Dr:A2BF92	Mm:Q3TUU5;Rn:D3ZL12	Dr:F1Q8A9
Q9HCK0	O43583	57684	8562	ZBTB26	DENR	chromatin immunoprecipitation assay	27924024	Homo sapiens	GTRD	No	Mm:Q6P9Q3;Rn:D3ZG35	Dr:A2BF92	Ce:Q9NAH4;Dm:Q9VX98;Mm:Q9CQJ6;Rn:D3ZU54;Sc:P47089	Dr:Q6DH65
Q9HCK0	Q6P158	57684	90957	ZBTB26	DHX57	chromatin immunoprecipitation assay	27924024	Homo sapiens	GTRD	No	Mm:Q6P9Q3;Rn:D3ZG35	Dr:A2BF92	Dm:Q9VZ55;Dr:F1QCB1;Mm:Q6P5D3	Rn:A0A0G2JZH9
Q9HCK0	Q7Z6B0	57684	55297	ZBTB26	CCDC91	chromatin immunoprecipitation assay	27924024	Homo sapiens	GTRD	No	Mm:Q6P9Q3;Rn:D3ZG35	Dr:A2BF92	Mm:Q9D8L5;Rn:Q6AY97	-
Q9HCK0	Q9Y3A6	57684	50999	ZBTB26	TMED5	chromatin immunoprecipitation assay	27924024	Homo sapiens	GTRD	No	Mm:Q6P9Q3;Rn:D3ZG35	Dr:A2BF92	Dr:Q7T2E9;Mm:Q9CXE7;Rn:Q6QI88	-
Q9HCK0	Q92636	57684	8439	ZBTB26	NSMAF	chromatin immunoprecipitation assay	27924024	Homo sapiens	GTRD	No	Mm:Q6P9Q3;Rn:D3ZG35	Dr:A2BF92	Dr:F1QZ06;Mm:O35242;Rn:A0A0G2K4H2	-
Q9HCK0	Q9NUN5	57684	55788	ZBTB26	LMBRD1	chromatin immunoprecipitation assay	27924024	Homo sapiens	GTRD	No	Mm:Q6P9Q3;Rn:D3ZG35	Dr:A2BF92	-	-
Q9HCK0	Q96RD6	57684	56666	ZBTB26	PANX2	chromatin immunoprecipitation assay	27924024	Homo sapiens	GTRD	No	Mm:Q6P9Q3;Rn:D3ZG35	Dr:A2BF92	Mm:Q6IMP4	Dr:Q1LUA3;Rn:R9PXY9
Q9HCK0	P37802	57684	8407	ZBTB26	TAGLN2	chromatin immunoprecipitation assay	27924024	Homo sapiens	GTRD	No	Mm:Q6P9Q3;Rn:D3ZG35	Dr:A2BF92	Mm:Q9WVA4;Rn:Q5XFX0;Sc:Q08873	Dr:Q803W9
Q9HCK0	Q6ZT07	57684	23158	ZBTB26	TBC1D9	chromatin immunoprecipitation assay	27924024	Homo sapiens	GTRD	No	Mm:Q6P9Q3;Rn:D3ZG35	Dr:A2BF92	Mm:Q3UYK3;Rn:A0A0G2K9K0	-
Q9HCK0	Q9H5I5	57684	63895	ZBTB26	PIEZO2	chromatin immunoprecipitation assay	27924024	Homo sapiens	GTRD	No	Mm:Q6P9Q3;Rn:D3ZG35	Dr:A2BF92	-	-
Q9HCK0	P04899	57684	2771	ZBTB26	GNAI2	chromatin immunoprecipitation assay	27924024	Homo sapiens	GTRD	No	Mm:Q6P9Q3;Rn:D3ZG35	Dr:A2BF92	Mm:P08752;Rn:P04897	Ce:Q9BIG5;Dr:X1WDQ5
Q9HCK0	Q96H12	57684	91283	ZBTB26	MSANTD3	chromatin immunoprecipitation assay	27924024	Homo sapiens	GTRD	No	Mm:Q6P9Q3;Rn:D3ZG35	Dr:A2BF92	Mm:Q9CR78;Rn:D4A3I3	-
Q9HCK0	O75122	57684	23122	ZBTB26	CLASP2	chromatin immunoprecipitation assay	27924024	Homo sapiens	GTRD	No	Mm:Q6P9Q3;Rn:D3ZG35	Dr:A2BF92	-	-
Q9HCK0	Q9BUB5	57684	8569	ZBTB26	MKNK1	chromatin immunoprecipitation assay	27924024	Homo sapiens	GTRD	No	Mm:Q6P9Q3;Rn:D3ZG35	Dr:A2BF92	-	-
Q9HCK0	P52198	57684	8153	ZBTB26	RND2	chromatin immunoprecipitation assay	27924024	Homo sapiens	GTRD	No	Mm:Q6P9Q3;Rn:D3ZG35	Dr:A2BF92	Mm:Q9QYM5;Rn:Q5HZE6	Dr:F1RCR8
Q9HCK0	Q7RTV5	57684	195827	ZBTB26	PRXL2C	chromatin immunoprecipitation assay	27924024	Homo sapiens	GTRD	No	Mm:Q6P9Q3;Rn:D3ZG35	Dr:A2BF92	Mm:Q9D1A0	Dr:F1R5L5
Q9HCK0	O43482	57684	11339	ZBTB26	OIP5	chromatin immunoprecipitation assay	27924024	Homo sapiens	GTRD	No	Mm:Q6P9Q3;Rn:D3ZG35	Dr:A2BF92	Dr:B8A4N0;Mm:A2AQ14;Rn:A0A0G2K615	-
Q9HCK0	Q96QD5	57684	91614	ZBTB26	DEPDC7	chromatin immunoprecipitation assay	27924024	Homo sapiens	GTRD	No	Mm:Q6P9Q3;Rn:D3ZG35	Dr:A2BF92	Dr:F1Q7L8;Mm:Q91WS7;Rn:Q4QR86	-
Q9HCK0	P58417	57684	30010	ZBTB26	NXPH1	chromatin immunoprecipitation assay	27924024	Homo sapiens	GTRD	No	Mm:Q6P9Q3;Rn:D3ZG35	Dr:A2BF92	Mm:Q61200	Dr:F1QQ62;Rn:F1LRY8
Q9HCK0	P04798	57684	1543	ZBTB26	CYP1A1	chromatin immunoprecipitation assay	27924024	Homo sapiens	GTRD	No	Mm:Q6P9Q3;Rn:D3ZG35	Dr:A2BF92	Mm:P00184;Rn:P00185	-
Q9HCK0	P29322	57684	2046	ZBTB26	EPHA8	chromatin immunoprecipitation assay	27924024	Homo sapiens	GTRD	No	Mm:Q6P9Q3;Rn:D3ZG35	Dr:A2BF92	Mm:O09127	Rn:F1LMX3
Q9HCK0	P04183	57684	7083	ZBTB26	TK1	chromatin immunoprecipitation assay	27924024	Homo sapiens	GTRD	No	Mm:Q6P9Q3;Rn:D3ZG35	Dr:A2BF92	Ce:G5EEZ5;Mm:P04184;Rn:M0RCX2	Dr:A0A0R4IP36
Q9HCK0	O60281	57684	23036	ZBTB26	ZNF292	chromatin immunoprecipitation assay	27924024	Homo sapiens	GTRD	No	Mm:Q6P9Q3;Rn:D3ZG35	Dr:A2BF92	Dr:E7FBU0;Mm:Q9Z2U2;Rn:D3ZXZ1	-
Q9HCK0	Q0VAA5	57684	257068	ZBTB26	PLCXD2	chromatin immunoprecipitation assay	27924024	Homo sapiens	GTRD	No	Mm:Q6P9Q3;Rn:D3ZG35	Dr:A2BF92	-	-
Q9HCK0	Q9UJX5	57684	29945	ZBTB26	ANAPC4	chromatin immunoprecipitation assay	27924024	Homo sapiens	GTRD	No	Mm:Q6P9Q3;Rn:D3ZG35	Dr:A2BF92	Dm:Q9W395;Mm:Q91W96;Rn:D3ZUB7	Dr:F6NLM6
Q9HCK0	O00339	57684	4147	ZBTB26	MATN2	chromatin immunoprecipitation assay	27924024	Homo sapiens	GTRD	No	Mm:Q6P9Q3;Rn:D3ZG35	Dr:A2BF92	Mm:O08746	Rn:F1LXS3
Q9HCK0	P46736	57684	79184	ZBTB26	BRCC3	chromatin immunoprecipitation assay	27924024	Homo sapiens	GTRD	No	Mm:Q6P9Q3;Rn:D3ZG35	Dr:A2BF92	Mm:P46737;Rn:B2RYM5	-
Q9HCK0	Q5RKV6	57684	118460	ZBTB26	EXOSC6	chromatin immunoprecipitation assay	27924024	Homo sapiens	GTRD	No	Mm:Q6P9Q3;Rn:D3ZG35	Dr:A2BF92	Dr:Q6P0I8;Rn:D3ZW38	Mm:Q8BTW3
Q9HCK0	P51955	57684	4751	ZBTB26	NEK2	chromatin immunoprecipitation assay	27924024	Homo sapiens	GTRD	No	Mm:Q6P9Q3;Rn:D3ZG35	Dr:A2BF92	Mm:O35942;Rn:G3V6L2	-
Q9HCK0	Q5EBL8	57684	51248	ZBTB26	PDZD11	chromatin immunoprecipitation assay	27924024	Homo sapiens	GTRD	No	Mm:Q6P9Q3;Rn:D3ZG35	Dr:A2BF92	Dr:Q6NXB2;Mm:Q9CZG9;Rn:D3Z8K0	-
Q9HCK0	Q8NDX6	57684	283337	ZBTB26	ZNF740	chromatin immunoprecipitation assay	27924024	Homo sapiens	GTRD	No	Mm:Q6P9Q3;Rn:D3ZG35	Dr:A2BF92	Mm:Q6NZQ6;Rn:D4A538	Dr:X1WGZ2
Q9HCK0	Q9UBT6	57684	51426	ZBTB26	POLK	chromatin immunoprecipitation assay	27924024	Homo sapiens	GTRD	No	Mm:Q6P9Q3;Rn:D3ZG35	Dr:A2BF92	Mm:Q9QUG2;Rn:A0A0G2K4L7	-
Q9HCK0	O00462	57684	4126	ZBTB26	MANBA	chromatin immunoprecipitation assay	27924024	Homo sapiens	GTRD	No	Mm:Q6P9Q3;Rn:D3ZG35	Dr:A2BF92	Ce:Q93324;Dm:Q9VMY5;Mm:A0A0R4J092;Rn:Q4FZV0	Dr:F1QSS4
Q9HCK0	O43157	57684	5364	ZBTB26	PLXNB1	chromatin immunoprecipitation assay	27924024	Homo sapiens	GTRD	No	Mm:Q6P9Q3;Rn:D3ZG35	Dr:A2BF92	Dr:F1Q7U0;Mm:Q8CJH3	Dr:E9QFZ9;Rn:D3ZDX5
Q9HCK0	Q6NVV3	57684	152519	ZBTB26	NIPAL1	chromatin immunoprecipitation assay	27924024	Homo sapiens	GTRD	No	Mm:Q6P9Q3;Rn:D3ZG35	Dr:A2BF92	Mm:Q8BMW7;Rn:A0A0G2K4T6	-
Q9HCK0	Q96LR4	57684	151647	ZBTB26	TAFA4	chromatin immunoprecipitation assay	27924024	Homo sapiens	GTRD	No	Mm:Q6P9Q3;Rn:D3ZG35	Dr:A2BF92	Mm:Q7TPG5;Rn:B1H244	-
Q9HCK0	Q96F10	57684	112483	ZBTB26	SAT2	chromatin immunoprecipitation assay	27924024	Homo sapiens	GTRD	No	Mm:Q6P9Q3;Rn:D3ZG35	Dr:A2BF92	Ce:O17731;Dm:Q8MRT7;Dr:A0A0R4IHX8;Mm:Q6P8J2;Rn:D3Z9J8	-
Q9HCK0	Q14676	57684	9656	ZBTB26	MDC1	chromatin immunoprecipitation assay	27924024	Homo sapiens	GTRD	No	Mm:Q6P9Q3;Rn:D3ZG35	Dr:A2BF92	Mm:E9QK89;Rn:Q5U2M8	Dm:B7YZE0;Dr:A0A140LGY8
Q9HCK0	Q14061	57684	10063	ZBTB26	COX17	chromatin immunoprecipitation assay	27924024	Homo sapiens	GTRD	No	Mm:Q6P9Q3;Rn:D3ZG35	Dr:A2BF92	Ce:Q9TZ68;Dr:Q66I53;Mm:P56394;Rn:Q76MV3;Sc:Q12287	-
Q9HCK0	P51116	57684	9513	ZBTB26	FXR2	chromatin immunoprecipitation assay	27924024	Homo sapiens	GTRD	No	Mm:Q6P9Q3;Rn:D3ZG35	Dr:A2BF92	Mm:Q6P5B5;Rn:B1H2A6	Dr:E9QG02
Q9HCK0	P09038	57684	2247	ZBTB26	FGF2	chromatin immunoprecipitation assay	27924024	Homo sapiens	GTRD	No	Mm:Q6P9Q3;Rn:D3ZG35	Dr:A2BF92	-	-
Q9HCK0	Q9UIX4	57684	3755	ZBTB26	KCNG1	chromatin immunoprecipitation assay	27924024	Homo sapiens	GTRD	No	Mm:Q6P9Q3;Rn:D3ZG35	Dr:A2BF92	Mm:A2BDX4	Rn:D4AD53
Q9HCK0	Q86YI8	57684	148479	ZBTB26	PHF13	chromatin immunoprecipitation assay	27924024	Homo sapiens	GTRD	No	Mm:Q6P9Q3;Rn:D3ZG35	Dr:A2BF92	Dr:A0A0G2L648;Mm:Q8K2W6;Rn:D3ZG56	-
Q9HCK0	O00238	57684	658	ZBTB26	BMPR1B	chromatin immunoprecipitation assay	27924024	Homo sapiens	GTRD	No	Mm:Q6P9Q3;Rn:D3ZG35	Dr:A2BF92	Ce:Q09488;Mm:P36898	Dm:Q95SI0;Rn:M0R3J4
Q9HCK0	Q9BU19	57684	55657	ZBTB26	ZNF692	chromatin immunoprecipitation assay	27924024	Homo sapiens	GTRD	No	Mm:Q6P9Q3;Rn:D3ZG35	Dr:A2BF92	-	-
Q9HCK0	Q9BUQ8	57684	9416	ZBTB26	DDX23	chromatin immunoprecipitation assay	27924024	Homo sapiens	GTRD	No	Mm:Q6P9Q3;Rn:D3ZG35	Dr:A2BF92	Ce:Q95QN2;Dm:Q9VJ74;Dr:Q6P9Z2;Mm:D3Z0M9;Rn:G3V9M1	-
Q9HCK0	Q8WV19	57684	113402	ZBTB26	SFT2D1	chromatin immunoprecipitation assay	27924024	Homo sapiens	GTRD	No	Mm:Q6P9Q3;Rn:D3ZG35	Dr:A2BF92	Dr:F1QQJ6;Mm:Q5SSN7;Rn:Q5U3Y5	-
Q9HCK0	P46020	57684	5255	ZBTB26	PHKA1	chromatin immunoprecipitation assay	27924024	Homo sapiens	GTRD	No	Mm:Q6P9Q3;Rn:D3ZG35	Dr:A2BF92	Dr:A0A286YBM7;Mm:P18826;Rn:A0A096MJF7	Dr:E7F4R5
Q9HCK0	A4D1S0	57684	346689	ZBTB26	KLRG2	chromatin immunoprecipitation assay	27924024	Homo sapiens	GTRD	No	Mm:Q6P9Q3;Rn:D3ZG35	Dr:A2BF92	Mm:G5E8L6;Rn:D4A3B8	-
Q9HCK0	Q9BZF1	57684	114882	ZBTB26	OSBPL8	chromatin immunoprecipitation assay	27924024	Homo sapiens	GTRD	No	Mm:Q6P9Q3;Rn:D3ZG35	Dr:A2BF92	Rn:A0A0G2JXN8	Mm:A0A0R4J150
Q9HCK0	Q6UW63	57684	79070	ZBTB26	POGLUT2	chromatin immunoprecipitation assay	27924024	Homo sapiens	GTRD	No	Mm:Q6P9Q3;Rn:D3ZG35	Dr:A2BF92	Dr:F1Q7S4;Mm:Q9JHP7;Rn:B5DFA5	-
Q9HCK0	Q9P2Q2	57684	55691	ZBTB26	FRMD4A	chromatin immunoprecipitation assay	27924024	Homo sapiens	GTRD	No	Mm:Q6P9Q3;Rn:D3ZG35	Dr:A2BF92	Mm:Q8BIE6	Dr:A2CGB3;Rn:D3ZU85
Q9HCK0	Q9Y2P8	57684	10171	ZBTB26	RCL1	chromatin immunoprecipitation assay	27924024	Homo sapiens	GTRD	No	Mm:Q6P9Q3;Rn:D3ZG35	Dr:A2BF92	Ce:Q23400;Dm:P56175;Mm:Q9JJT0;Rn:G3V7Z1;Sc:Q08096	Dr:F1RAI8
Q9HCK0	Q9ULJ3	57684	49854	ZBTB26	ZBTB21	chromatin immunoprecipitation assay	27924024	Homo sapiens	GTRD	No	Mm:Q6P9Q3;Rn:D3ZG35	Dr:A2BF92	Mm:E9Q444;Rn:D3ZVF2	-
Q9HCK0	P59095	57684	147323	ZBTB26	STARD6	chromatin immunoprecipitation assay	27924024	Homo sapiens	GTRD	No	Mm:Q6P9Q3;Rn:D3ZG35	Dr:A2BF92	Mm:P59096;Rn:Q6AYN5	-
Q9HCK0	P29120	57684	5122	ZBTB26	PCSK1	chromatin immunoprecipitation assay	27924024	Homo sapiens	GTRD	No	Mm:Q6P9Q3;Rn:D3ZG35	Dr:A2BF92	Mm:P63239;Rn:P28840	Dr:E9QIE6
Q9HCK0	Q53EL6	57684	27250	ZBTB26	PDCD4	chromatin immunoprecipitation assay	27924024	Homo sapiens	GTRD	No	Mm:Q6P9Q3;Rn:D3ZG35	Dr:A2BF92	Dm:Q9VY91;Dr:Q1L8Y5;Mm:Q61823;Rn:Q9JID1	-
Q9HCK0	Q16595	57684	2395	ZBTB26	FXN	chromatin immunoprecipitation assay	27924024	Homo sapiens	GTRD	No	Mm:Q6P9Q3;Rn:D3ZG35	Dr:A2BF92	Mm:O35943;Rn:A0A0A0MXX7	-
Q9HCK0	P55055	57684	7376	ZBTB26	NR1H2	chromatin immunoprecipitation assay	27924024	Homo sapiens	GTRD	No	Mm:Q6P9Q3;Rn:D3ZG35	Dr:A2BF92	Mm:Q60644;Rn:Q62755	-
Q9HCK0	Q6PF06	57684	158234	ZBTB26	TRMT10B	chromatin immunoprecipitation assay	27924024	Homo sapiens	GTRD	No	Mm:Q6P9Q3;Rn:D3ZG35	Dr:A2BF92	Mm:Q9D075;Rn:Q5RJK3	Dr:F1REK3
Q9HCK0	O14576	57684	1780	ZBTB26	DYNC1I1	chromatin immunoprecipitation assay	27924024	Homo sapiens	GTRD	No	Mm:Q6P9Q3;Rn:D3ZG35	Dr:A2BF92	Mm:O88485;Rn:G3V792	-
Q9HCK0	Q9H488	57684	23509	ZBTB26	POFUT1	chromatin immunoprecipitation assay	27924024	Homo sapiens	GTRD	No	Mm:Q6P9Q3;Rn:D3ZG35	Dr:A2BF92	Ce:Q18014;Dm:Q9V6X7;Dr:F1R676;Mm:Q91ZW2;Rn:Q6EV70	-
Q9HCK0	Q8TF05	57684	9989	ZBTB26	PPP4R1	chromatin immunoprecipitation assay	27924024	Homo sapiens	GTRD	No	Mm:Q6P9Q3;Rn:D3ZG35	Dr:A2BF92	Mm:E9QPR5;Rn:F1LRK9	-
Q9HCK0	Q9Y3S1	57684	65268	ZBTB26	WNK2	chromatin immunoprecipitation assay	27924024	Homo sapiens	GTRD	No	Mm:Q6P9Q3;Rn:D3ZG35	Dr:A2BF92	Mm:E9QM73;Rn:D3ZMJ7	-
Q9HCK0	Q02156	57684	5581	ZBTB26	PRKCE	chromatin immunoprecipitation assay	27924024	Homo sapiens	GTRD	No	Mm:Q6P9Q3;Rn:D3ZG35	Dr:A2BF92	Mm:P16054	Ce:H9G2Y7;Dm:A0A0B4LI13;Dr:B8A467;Rn:F1LMV8
Q9HCK0	Q8WUQ7	57684	58509	ZBTB26	CACTIN	chromatin immunoprecipitation assay	27924024	Homo sapiens	GTRD	No	Mm:Q6P9Q3;Rn:D3ZG35	Dr:A2BF92	Ce:G5EG14;Dm:Q9VR99;Mm:Q9CS00;Rn:B2GUU0	Dr:F1Q8W0
Q9HCK0	O94868	57684	9873	ZBTB26	FCHSD2	chromatin immunoprecipitation assay	27924024	Homo sapiens	GTRD	No	Mm:Q6P9Q3;Rn:D3ZG35	Dr:A2BF92	-	-
Q9HCK0	Q3SXY8	57684	200894	ZBTB26	ARL13B	chromatin immunoprecipitation assay	27924024	Homo sapiens	GTRD	No	Mm:Q6P9Q3;Rn:D3ZG35	Dr:A2BF92	Mm:Q640N2;Rn:M0RDU9	-
Q9HCK0	Q8IY57	57684	10138	ZBTB26	YAF2	chromatin immunoprecipitation assay	27924024	Homo sapiens	GTRD	No	Mm:Q6P9Q3;Rn:D3ZG35	Dr:A2BF92	Dm:Q9W215;Mm:Q99LW6;Rn:D3ZII7	Dr:Q5SP49
Q9HCK0	Q96CN4	57684	115704	ZBTB26	EVI5L	chromatin immunoprecipitation assay	27924024	Homo sapiens	GTRD	No	Mm:Q6P9Q3;Rn:D3ZG35	Dr:A2BF92	Sc:Q04322	Dr:A2AW99;Mm:H3BKQ3
Q9HCK0	Q7Z412	57684	55670	ZBTB26	PEX26	chromatin immunoprecipitation assay	27924024	Homo sapiens	GTRD	No	Mm:Q6P9Q3;Rn:D3ZG35	Dr:A2BF92	Dr:F1RBL0;Mm:Q8BGI5;Rn:B2GUZ4	-
Q9HCK0	Q69YI7	57684	203245	ZBTB26	NAIF1	chromatin immunoprecipitation assay	27924024	Homo sapiens	GTRD	No	Mm:Q6P9Q3;Rn:D3ZG35	Dr:A2BF92	Dr:B0S5D0;Mm:Q6PFD7;Rn:M0R6C4	-
Q9HCK0	Q8WV41	57684	257364	ZBTB26	SNX33	chromatin immunoprecipitation assay	27924024	Homo sapiens	GTRD	No	Mm:Q6P9Q3;Rn:D3ZG35	Dr:A2BF92	Dr:B5RHZ3;Mm:Q4VAA7;Rn:D4A3X7	-
Q9HCK0	Q9Y6E0	57684	8428	ZBTB26	STK24	chromatin immunoprecipitation assay	27924024	Homo sapiens	GTRD	No	Mm:Q6P9Q3;Rn:D3ZG35	Dr:A2BF92	Mm:Q99KH8	Dr:A0A0R4IAF8;Rn:H9KVF3
Q9HCK0	O94991	57684	26050	ZBTB26	SLITRK5	chromatin immunoprecipitation assay	27924024	Homo sapiens	GTRD	No	Mm:Q6P9Q3;Rn:D3ZG35	Dr:A2BF92	Mm:Q810B7	Rn:M0R9U3
Q9HCK0	P36873	57684	5501	ZBTB26	PPP1CC	chromatin immunoprecipitation assay	27924024	Homo sapiens	GTRD	No	Mm:Q6P9Q3;Rn:D3ZG35	Dr:A2BF92	Ce:P48727;Dr:A0A0R4IZT6;Mm:P63087;Rn:P63088	-
Q9HCK0	P61313	57684	6138	ZBTB26	RPL15	chromatin immunoprecipitation assay	27924024	Homo sapiens	GTRD	No	Mm:Q6P9Q3;Rn:D3ZG35	Dr:A2BF92	Ce:P91374;Dm:O17445;Mm:Q9CZM2;Rn:P61314;Sc:P05748;Sc:P54780	-
Q9HCK0	P19235	57684	2057	ZBTB26	EPOR	chromatin immunoprecipitation assay	27924024	Homo sapiens	GTRD	No	Mm:Q6P9Q3;Rn:D3ZG35	Dr:A2BF92	Mm:P14753;Rn:Q5FVS4	-
Q9HCK0	Q8WXC6	57684	150678	ZBTB26	COPS9	chromatin immunoprecipitation assay	27924024	Homo sapiens	GTRD	No	Mm:Q6P9Q3;Rn:D3ZG35	Dr:A2BF92	Dr:Q6P6E6;Mm:Q3U898;Rn:B5DFN0	-
Q9HCK0	Q9NX20	57684	54948	ZBTB26	MRPL16	chromatin immunoprecipitation assay	27924024	Homo sapiens	GTRD	No	Mm:Q6P9Q3;Rn:D3ZG35	Dr:A2BF92	Ce:Q22140;Dm:Q9W547;Mm:Q99N93;Rn:Q5M818	Dr:F1R2K1
Q9HCK0	Q99946	57684	80863	ZBTB26	PRRT1	chromatin immunoprecipitation assay	27924024	Homo sapiens	GTRD	No	Mm:Q6P9Q3;Rn:D3ZG35	Dr:A2BF92	Mm:O35449;Rn:Q6MG82	Dr:F1R6N6
Q9HCK0	Q8TE04	57684	53354	ZBTB26	PANK1	chromatin immunoprecipitation assay	27924024	Homo sapiens	GTRD	No	Mm:Q6P9Q3;Rn:D3ZG35	Dr:A2BF92	Mm:Q8K4K6;Rn:D3ZWD3;Sc:Q04430	Dr:F1QEN2;Dr:F1QB40
Q9HCK0	Q8N4S0	57684	79780	ZBTB26	CCDC82	chromatin immunoprecipitation assay	27924024	Homo sapiens	GTRD	No	Mm:Q6P9Q3;Rn:D3ZG35	Dr:A2BF92	Mm:Q6PG04;Rn:Q66H73	-
Q9HCK0	Q96LA8	57684	55170	ZBTB26	PRMT6	chromatin immunoprecipitation assay	27924024	Homo sapiens	GTRD	No	Mm:Q6P9Q3;Rn:D3ZG35	Dr:A2BF92	Dr:F1QC81;Mm:Q6NZB1	Rn:D4A307
Q9HCK0	Q5BKU9	57684	339229	ZBTB26	OXLD1	chromatin immunoprecipitation assay	27924024	Homo sapiens	GTRD	No	Mm:Q6P9Q3;Rn:D3ZG35	Dr:A2BF92	-	-
Q9HCK0	Q07973	57684	1591	ZBTB26	CYP24A1	chromatin immunoprecipitation assay	27924024	Homo sapiens	GTRD	No	Mm:Q6P9Q3;Rn:D3ZG35	Dr:A2BF92	Dr:A0A0R4IBW0;Mm:Q64441;Rn:Q09128	-
Q9HCK0	Q9UIG8	57684	28232	ZBTB26	SLCO3A1	chromatin immunoprecipitation assay	27924024	Homo sapiens	GTRD	No	Mm:Q6P9Q3;Rn:D3ZG35	Dr:A2BF92	Ce:Q20538;Dr:Q1LV73;Mm:Q8R3L5	Rn:D3ZTH7
Q9HCK0	Q9Y4B6	57684	9730	ZBTB26	DCAF1	chromatin immunoprecipitation assay	27924024	Homo sapiens	GTRD	No	Mm:Q6P9Q3;Rn:D3ZG35	Dr:A2BF92	Ce:Q21106;Dm:Q9W2F2;Mm:Q80TR8;Rn:A0A0G2KAM8	-
Q9HCK0	Q6BEB4	57684	389058	ZBTB26	SP5	chromatin immunoprecipitation assay	27924024	Homo sapiens	GTRD	No	Mm:Q6P9Q3;Rn:D3ZG35	Dr:A2BF92	Dr:B0S6I8;Mm:Q9JHX2;Rn:A0A0G2JUC1	-
Q9HCK0	Q03933	57684	3298	ZBTB26	HSF2	chromatin immunoprecipitation assay	27924024	Homo sapiens	GTRD	No	Mm:Q6P9Q3;Rn:D3ZG35	Dr:A2BF92	Dr:Q7SZW8;Mm:P38533;Rn:Q9R120	-
Q9HCK0	Q9BT40	57684	51763	ZBTB26	INPP5K	chromatin immunoprecipitation assay	27924024	Homo sapiens	GTRD	No	Mm:Q6P9Q3;Rn:D3ZG35	Dr:A2BF92	Ce:P34370;Dr:A0A0R4IWP4;Mm:Q8C5L6;Rn:A0A0G2K5K7	Dm:Q7K161
Q9HCK0	Q66K79	57684	8532	ZBTB26	CPZ	chromatin immunoprecipitation assay	27924024	Homo sapiens	GTRD	No	Mm:Q6P9Q3;Rn:D3ZG35	Dr:A2BF92	Mm:Q8R4V4;Rn:A0A0G2JSJ7	Dr:F6P711
Q9HCK0	O15514	57684	5433	ZBTB26	POLR2D	chromatin immunoprecipitation assay	27924024	Homo sapiens	GTRD	No	Mm:Q6P9Q3;Rn:D3ZG35	Dr:A2BF92	Ce:O02092;Dm:Q9VEA5;Dr:Q6DRG4;Mm:Q9D7M8;Rn:D4A259	-
Q9HCK0	M0R2G5	57684	-	ZBTB26	-	chromatin immunoprecipitation assay	27924024	Homo sapiens	GTRD	No	Mm:Q6P9Q3;Rn:D3ZG35	Dr:A2BF92	-	-
Q9HCK0	Q9BVC5	57684	79074	ZBTB26	C2orf49	chromatin immunoprecipitation assay	27924024	Homo sapiens	GTRD	No	Mm:Q6P9Q3;Rn:D3ZG35	Dr:A2BF92	Dr:Q32LR5;Mm:Q922M7;Rn:Q5RJT0	-
Q9HCK0	Q12968	57684	4775	ZBTB26	NFATC3	chromatin immunoprecipitation assay	27924024	Homo sapiens	GTRD	No	Mm:Q6P9Q3;Rn:D3ZG35	Dr:A2BF92	Dr:E7FE12;Mm:Q3UZ64;Rn:A0A0G2JTY4	-
Q9HCK0	P26373	57684	6137	ZBTB26	RPL13	chromatin immunoprecipitation assay	27924024	Homo sapiens	GTRD	No	Mm:Q6P9Q3;Rn:D3ZG35	Dr:A2BF92	Ce:P91128;Dm:P41126;Dr:Q90Z10;Mm:P47963;Rn:P41123;Rn:A0A0G2JYG9;Sc:Q12690;Sc:P40212	Rn:F1M2E9;Rn:D3ZRM9
Q9HCK0	Q8N945	57684	153768	ZBTB26	PRELID2	chromatin immunoprecipitation assay	27924024	Homo sapiens	GTRD	No	Mm:Q6P9Q3;Rn:D3ZG35	Dr:A2BF92	Mm:Q0VBB0;Rn:A0A0G2JYW1	-
Q9HCK0	Q9BRQ5	57684	93129	ZBTB26	ORAI3	chromatin immunoprecipitation assay	27924024	Homo sapiens	GTRD	No	Mm:Q6P9Q3;Rn:D3ZG35	Dr:A2BF92	Mm:Q6P8G8;Rn:A0A0H2UHQ7	-
Q9HCK0	O43592	57684	11260	ZBTB26	XPOT	chromatin immunoprecipitation assay	27924024	Homo sapiens	GTRD	No	Mm:Q6P9Q3;Rn:D3ZG35	Dr:A2BF92	Ce:W6RQY2;Dr:G1K2X8;Rn:D3ZZ62;Sc:P33418	Mm:A0A1W2P7Q6
Q9HCK0	Q9NYA4	57684	9110	ZBTB26	MTMR4	chromatin immunoprecipitation assay	27924024	Homo sapiens	GTRD	No	Mm:Q6P9Q3;Rn:D3ZG35	Dr:A2BF92	Mm:Q91XS1	Rn:D3ZW40
Q9HCK0	O60268	57684	9764	ZBTB26	KIAA0513	chromatin immunoprecipitation assay	27924024	Homo sapiens	GTRD	No	Mm:Q6P9Q3;Rn:D3ZG35	Dr:A2BF92	Mm:Q8R0A7;Rn:D4A3C2	Dr:Q6GML0
Q9HCK0	O75970	57684	8777	ZBTB26	MPDZ	chromatin immunoprecipitation assay	27924024	Homo sapiens	GTRD	No	Mm:Q6P9Q3;Rn:D3ZG35	Dr:A2BF92	-	Mm:B2RQR2;Rn:A0A0G2K2Y8
Q9HCK0	Q14149	57684	23515	ZBTB26	MORC3	chromatin immunoprecipitation assay	27924024	Homo sapiens	GTRD	No	Mm:Q6P9Q3;Rn:D3ZG35	Dr:A2BF92	Mm:F7BJB9	Rn:A0A096MIX0
Q9HCK0	Q8TBM8	57684	79982	ZBTB26	DNAJB14	chromatin immunoprecipitation assay	27924024	Homo sapiens	GTRD	No	Mm:Q6P9Q3;Rn:D3ZG35	Dr:A2BF92	Dr:A0JMH5;Mm:Q149L6;Rn:A0A0G2JTM9	-
Q9HCK0	Q9H5J4	57684	79071	ZBTB26	ELOVL6	chromatin immunoprecipitation assay	27924024	Homo sapiens	GTRD	No	Mm:Q6P9Q3;Rn:D3ZG35	Dr:A2BF92	Ce:P49191;Dm:Q9VV87;Dr:Q6PC64;Mm:Q920L5	Rn:Q920L6
Q9HCK0	Q6ZN01	57684	284358	ZBTB26	MAMSTR	chromatin immunoprecipitation assay	27924024	Homo sapiens	GTRD	No	Mm:Q6P9Q3;Rn:D3ZG35	Dr:A2BF92	Mm:Q0ZCJ7;Rn:D3ZHU3	-
Q9HCK0	O60391	57684	116444	ZBTB26	GRIN3B	chromatin immunoprecipitation assay	27924024	Homo sapiens	GTRD	No	Mm:Q6P9Q3;Rn:D3ZG35	Dr:A2BF92	Mm:Q91ZU9	Dr:E7F2N4;Rn:F1LPZ6
Q9HCK0	A2RU49	57684	123688	ZBTB26	HYKK	chromatin immunoprecipitation assay	27924024	Homo sapiens	GTRD	No	Mm:Q6P9Q3;Rn:D3ZG35	Dr:A2BF92	Dm:Q9VJ68;Mm:Q5U5V2;Rn:D3ZUX1	Dr:F1RBF4;Dr:F1R712
Q9HCK0	P46108	57684	1398	ZBTB26	CRK	chromatin immunoprecipitation assay	27924024	Homo sapiens	GTRD	No	Mm:Q6P9Q3;Rn:D3ZG35	Dr:A2BF92	Dr:Q6DEM2;Rn:Q63768	Mm:Q5ND50
Q9HCK0	O75746	57684	8604	ZBTB26	SLC25A12	chromatin immunoprecipitation assay	27924024	Homo sapiens	GTRD	No	Mm:Q6P9Q3;Rn:D3ZG35	Dr:A2BF92	Mm:Q8BH59;Rn:F1LX07	Dr:A0A0R4II73
Q9HCK0	O75131	57684	8895	ZBTB26	CPNE3	chromatin immunoprecipitation assay	27924024	Homo sapiens	GTRD	No	Mm:Q6P9Q3;Rn:D3ZG35	Dr:A2BF92	Mm:Q8BT60;Rn:D3ZLA3	Dr:A0A0R4IUW1
Q9HCK0	Q969J3	57684	118426	ZBTB26	BORCS5	chromatin immunoprecipitation assay	27924024	Homo sapiens	GTRD	No	Mm:Q6P9Q3;Rn:D3ZG35	Dr:A2BF92	Ce:O01902;Mm:Q9D920;Rn:B1H257	Dr:A0A2R8PVF5
Q9HCK0	Q9UK96	57684	26267	ZBTB26	FBXO10	chromatin immunoprecipitation assay	27924024	Homo sapiens	GTRD	No	Mm:Q6P9Q3;Rn:D3ZG35	Dr:A2BF92	Dr:E7F5M1;Mm:Q7TQF2	Rn:D3ZVN3
Q9HCK0	Q9Y644	57684	5986	ZBTB26	RFNG	chromatin immunoprecipitation assay	27924024	Homo sapiens	GTRD	No	Mm:Q6P9Q3;Rn:D3ZG35	Dr:A2BF92	Dr:F1QXC7;Mm:O09009;Rn:Q6P6T7	-
Q9HCK0	P20827	57684	1942	ZBTB26	EFNA1	chromatin immunoprecipitation assay	27924024	Homo sapiens	GTRD	No	Mm:Q6P9Q3;Rn:D3ZG35	Dr:A2BF92	Dr:O93431;Dr:Q6PGZ9;Mm:P52793;Rn:P97553	-
Q9HCK0	Q9BQ15	57684	79035	ZBTB26	NABP2	chromatin immunoprecipitation assay	27924024	Homo sapiens	GTRD	No	Mm:Q6P9Q3;Rn:D3ZG35	Dr:A2BF92	Mm:Q8R2Y9	Rn:A0A0G2K954
Q9HCK0	O43491	57684	2037	ZBTB26	EPB41L2	chromatin immunoprecipitation assay	27924024	Homo sapiens	GTRD	No	Mm:Q6P9Q3;Rn:D3ZG35	Dr:A2BF92	Mm:O70318	Rn:D3ZM69
Q9HCK0	Q9Y2B4	57684	27296	ZBTB26	TP53TG5	chromatin immunoprecipitation assay	27924024	Homo sapiens	GTRD	No	Mm:Q6P9Q3;Rn:D3ZG35	Dr:A2BF92	Mm:Q9D976	Rn:D3ZIG2
Q9HCK0	Q8IVU3	57684	55008	ZBTB26	HERC6	chromatin immunoprecipitation assay	27924024	Homo sapiens	GTRD	No	Mm:Q6P9Q3;Rn:D3ZG35	Dr:A2BF92	Mm:F2Z461	Rn:F1LPM8
Q9HCK0	Q92544	57684	9777	ZBTB26	TM9SF4	chromatin immunoprecipitation assay	27924024	Homo sapiens	GTRD	No	Mm:Q6P9Q3;Rn:D3ZG35	Dr:A2BF92	Ce:B3WFW5;Dm:Q9V3N6;Dr:F1Q4U1;Mm:Q8BH24;Rn:Q4KLL4	-
Q9HCK0	P43686	57684	5704	ZBTB26	PSMC4	chromatin immunoprecipitation assay	27924024	Homo sapiens	GTRD	No	Mm:Q6P9Q3;Rn:D3ZG35	Dr:A2BF92	Ce:P46502;Dm:Q9V405;Dr:B0R1D0;Mm:P54775;Rn:Q63570;Sc:P33298	-
Q9HCK0	Q96QE4	57684	114659	ZBTB26	LRRC37B	chromatin immunoprecipitation assay	27924024	Homo sapiens	GTRD	No	Mm:Q6P9Q3;Rn:D3ZG35	Dr:A2BF92	-	-
Q9HCK0	Q9HC21	57684	60386	ZBTB26	SLC25A19	chromatin immunoprecipitation assay	27924024	Homo sapiens	GTRD	No	Mm:Q6P9Q3;Rn:D3ZG35	Dr:A2BF92	Ce:A3QMB9;Dm:Q7K0L7;Dr:A0A0R4IA42;Mm:Q9DAM5;Rn:Q6AYL0;Sc:P53257	Rn:D4A1F3
Q9HCK0	P31267	57684	3203	ZBTB26	HOXA6	chromatin immunoprecipitation assay	27924024	Homo sapiens	GTRD	No	Mm:Q6P9Q3;Rn:D3ZG35	Dr:A2BF92	Mm:P09092	Rn:G3V6T4
Q9HCK0	Q15311	57684	10928	ZBTB26	RALBP1	chromatin immunoprecipitation assay	27924024	Homo sapiens	GTRD	No	Mm:Q6P9Q3;Rn:D3ZG35	Dr:A2BF92	Mm:Q62172	Dm:A0A0B4KHU1;Rn:A0A0G2K694
Q9HCK0	P02787	57684	7018	ZBTB26	TF	chromatin immunoprecipitation assay	27924024	Homo sapiens	GTRD	No	Mm:Q6P9Q3;Rn:D3ZG35	Dr:A2BF92	Mm:Q921I1	Rn:A0A0G2QC06
Q9HCK0	O14787	57684	30000	ZBTB26	TNPO2	chromatin immunoprecipitation assay	27924024	Homo sapiens	GTRD	No	Mm:Q6P9Q3;Rn:D3ZG35	Dr:A2BF92	Dr:Q68EK8;Rn:D3ZER6	Mm:E9PV58
Q9HCK0	O75030	57684	4286	ZBTB26	MITF	chromatin immunoprecipitation assay	27924024	Homo sapiens	GTRD	No	Mm:Q6P9Q3;Rn:D3ZG35	Dr:A2BF92	Dr:F1Q885;Mm:Q08874;Rn:O88368	-
Q9HCK0	Q12766	57684	22993	ZBTB26	HMGXB3	chromatin immunoprecipitation assay	27924024	Homo sapiens	GTRD	No	Mm:Q6P9Q3;Rn:D3ZG35	Dr:A2BF92	-	-
Q9HCK0	Q9UPZ9	57684	22858	ZBTB26	CILK1	chromatin immunoprecipitation assay	27924024	Homo sapiens	GTRD	No	Mm:Q6P9Q3;Rn:D3ZG35	Dr:A2BF92	-	-
Q9HCK0	Q9UJY4	57684	23062	ZBTB26	GGA2	chromatin immunoprecipitation assay	27924024	Homo sapiens	GTRD	No	Mm:Q6P9Q3;Rn:D3ZG35	Dr:A2BF92	Mm:Q6P5E6;Rn:G3V8F7	Rn:A0A0G2JYM3
Q9HCK0	Q9Y543	57684	54626	ZBTB26	HES2	chromatin immunoprecipitation assay	27924024	Homo sapiens	GTRD	No	Mm:Q6P9Q3;Rn:D3ZG35	Dr:A2BF92	Dm:Q01071;Dm:Q01069;Dm:P13096;Dm:P13098;Mm:O54792	Rn:P35429
Q9HCK0	Q99643	57684	6391	ZBTB26	SDHC	chromatin immunoprecipitation assay	27924024	Homo sapiens	GTRD	No	Mm:Q6P9Q3;Rn:D3ZG35	Dr:A2BF92	Ce:P41956;Dm:Q9VGS3;Mm:Q9CZB0;Rn:Q641Z9	-
Q9HCK0	Q8TBP0	57684	125058	ZBTB26	TBC1D16	chromatin immunoprecipitation assay	27924024	Homo sapiens	GTRD	No	Mm:Q6P9Q3;Rn:D3ZG35	Dr:A2BF92	Ce:Q20600;Mm:A2ABG4;Rn:M0R716	Dr:E7FE32
Q9HCK0	Q8WWR8	57684	129807	ZBTB26	NEU4	chromatin immunoprecipitation assay	27924024	Homo sapiens	GTRD	No	Mm:Q6P9Q3;Rn:D3ZG35	Dr:A2BF92	Dr:Q503Z4	Rn:D3ZWB7
Q9HCK0	O43390	57684	10236	ZBTB26	HNRNPR	chromatin immunoprecipitation assay	27924024	Homo sapiens	GTRD	No	Mm:Q6P9Q3;Rn:D3ZG35	Dr:A2BF92	Mm:Q8VHM5;Rn:Q566E4	-
Q9HCK0	Q9UFG5	57684	148223	ZBTB26	C19orf25	chromatin immunoprecipitation assay	27924024	Homo sapiens	GTRD	No	Mm:Q6P9Q3;Rn:D3ZG35	Dr:A2BF92	-	-
Q9HCK0	A6NI28	57684	143872	ZBTB26	ARHGAP42	chromatin immunoprecipitation assay	27924024	Homo sapiens	GTRD	No	Mm:Q6P9Q3;Rn:D3ZG35	Dr:A2BF92	Dr:I3ITG1;Mm:B2RQE8	Rn:F1M2Q1
Q9HCK0	Q9NYP7	57684	60481	ZBTB26	ELOVL5	chromatin immunoprecipitation assay	27924024	Homo sapiens	GTRD	No	Mm:Q6P9Q3;Rn:D3ZG35	Dr:A2BF92	Dr:Q8AX86;Mm:Q8BHI7	Rn:Q920L7
Q9HCK0	Q9C0I9	57684	80313	ZBTB26	LRRC27	chromatin immunoprecipitation assay	27924024	Homo sapiens	GTRD	No	Mm:Q6P9Q3;Rn:D3ZG35	Dr:A2BF92	Mm:Q80YS5;Rn:B0BN00	-
Q9HCK0	Q96PE3	57684	3631	ZBTB26	INPP4A	chromatin immunoprecipitation assay	27924024	Homo sapiens	GTRD	No	Mm:Q6P9Q3;Rn:D3ZG35	Dr:A2BF92	Rn:D3ZBL5	Dr:F1QSV5;Mm:F6V2U0
Q9HCK0	P05231	57684	3569	ZBTB26	IL6	chromatin immunoprecipitation assay	27924024	Homo sapiens	GTRD	No	Mm:Q6P9Q3;Rn:D3ZG35	Dr:A2BF92	Mm:P08505;Rn:P20607	-
Q9HCK0	Q9HB20	57684	65977	ZBTB26	PLEKHA3	chromatin immunoprecipitation assay	27924024	Homo sapiens	GTRD	No	Mm:Q6P9Q3;Rn:D3ZG35	Dr:A2BF92	Dr:F1QV61;Mm:Q9ERS4;Rn:E9PSY1	-
Q9HCK0	O00471	57684	10640	ZBTB26	EXOC5	chromatin immunoprecipitation assay	27924024	Homo sapiens	GTRD	No	Mm:Q6P9Q3;Rn:D3ZG35	Dr:A2BF92	Dm:Q9XTM1;Mm:Q3TPX4;Rn:P97878;Sc:Q06245	Dr:B0BLY0
Q9HCK0	Q9BWU1	57684	23097	ZBTB26	CDK19	chromatin immunoprecipitation assay	27924024	Homo sapiens	GTRD	No	Mm:Q6P9Q3;Rn:D3ZG35	Dr:A2BF92	Dr:F1QKS1;Mm:Q8BWD8;Rn:D3ZDM6	-
Q9HCK0	O15211	57684	5863	ZBTB26	RGL2	chromatin immunoprecipitation assay	27924024	Homo sapiens	GTRD	No	Mm:Q6P9Q3;Rn:D3ZG35	Dr:A2BF92	Mm:Q61193;Rn:Q6MGC5	-
Q9HCK0	O43166	57684	26037	ZBTB26	SIPA1L1	chromatin immunoprecipitation assay	27924024	Homo sapiens	GTRD	No	Mm:Q6P9Q3;Rn:D3ZG35	Dr:A2BF92	Dr:Q5TYS4;Mm:Q8C0T5;Rn:A0A0G2KAW2	-
Q9HCK0	P02686	57684	4155	ZBTB26	MBP	chromatin immunoprecipitation assay	27924024	Homo sapiens	GTRD	No	Mm:Q6P9Q3;Rn:D3ZG35	Dr:A2BF92	Mm:P04370;Rn:P02688	-
Q9HCK0	Q96RT8	57684	114791	ZBTB26	TUBGCP5	chromatin immunoprecipitation assay	27924024	Homo sapiens	GTRD	No	Mm:Q6P9Q3;Rn:D3ZG35	Dr:A2BF92	Dm:Q9VXU8;Dr:F1QBQ4;Mm:Q8BKN5;Rn:D4A2A9	-
Q9HCK0	Q96L34	57684	57787	ZBTB26	MARK4	chromatin immunoprecipitation assay	27924024	Homo sapiens	GTRD	No	Mm:Q6P9Q3;Rn:D3ZG35	Dr:A2BF92	Dr:R4GEN1;Mm:Q8CIP4;Rn:D4A6T9	-
Q9HCK0	O14686	57684	8085	ZBTB26	KMT2D	chromatin immunoprecipitation assay	27924024	Homo sapiens	GTRD	No	Mm:Q6P9Q3;Rn:D3ZG35	Dr:A2BF92	-	Mm:A0A0A0MQ73;Rn:A0A0G2JVD6
Q9HCK0	Q6ICB0	57684	27351	ZBTB26	DESI1	chromatin immunoprecipitation assay	27924024	Homo sapiens	GTRD	No	Mm:Q6P9Q3;Rn:D3ZG35	Dr:A2BF92	Dr:Q6PC81;Mm:Q9CQT7;Rn:Q4KM30	-
Q9HCK0	Q9UIY3	57684	112611	ZBTB26	RWDD2A	chromatin immunoprecipitation assay	27924024	Homo sapiens	GTRD	No	Mm:Q6P9Q3;Rn:D3ZG35	Dr:A2BF92	Mm:Q14BN8;Rn:D3ZAT3	-
Q9HCK0	Q6P2H3	57684	64793	ZBTB26	CEP85	chromatin immunoprecipitation assay	27924024	Homo sapiens	GTRD	No	Mm:Q6P9Q3;Rn:D3ZG35	Dr:A2BF92	Mm:Q8BMK0;Rn:A0A0G2JUV7	-
Q9HCK0	Q93099	57684	3081	ZBTB26	HGD	chromatin immunoprecipitation assay	27924024	Homo sapiens	GTRD	No	Mm:Q6P9Q3;Rn:D3ZG35	Dr:A2BF92	Ce:Q9Y041;Dm:Q9VKJ0;Mm:O09173;Rn:G3V6C2	Dr:Q6P2V4
Q9HCK0	Q86YJ7	57684	124930	ZBTB26	ANKRD13B	chromatin immunoprecipitation assay	27924024	Homo sapiens	GTRD	No	Mm:Q6P9Q3;Rn:D3ZG35	Dr:A2BF92	Mm:Q5F259	Dr:E7F2R4;Rn:D4A6I3
Q9HCK0	Q96HA4	57684	54991	ZBTB26	C1orf159	chromatin immunoprecipitation assay	27924024	Homo sapiens	GTRD	No	Mm:Q6P9Q3;Rn:D3ZG35	Dr:A2BF92	Mm:A2ASP7;Rn:Q5XIR1	Dr:X1WBI6
Q9HCK0	O95503	57684	23466	ZBTB26	CBX6	chromatin immunoprecipitation assay	27924024	Homo sapiens	GTRD	No	Mm:Q6P9Q3;Rn:D3ZG35	Dr:A2BF92	Dr:X1WBY5;Mm:Q9DBY5;Rn:E9PT11	-
Q9HCK0	Q9NVA1	57684	55245	ZBTB26	UQCC1	chromatin immunoprecipitation assay	27924024	Homo sapiens	GTRD	No	Mm:Q6P9Q3;Rn:D3ZG35	Dr:A2BF92	Dm:Q9VRZ7;Dr:F1QK92;Mm:Q9CWU6;Rn:Q32Q54	-
Q9HCK0	Q5T5P2	57684	56243	ZBTB26	KIAA1217	chromatin immunoprecipitation assay	27924024	Homo sapiens	GTRD	No	Mm:Q6P9Q3;Rn:D3ZG35	Dr:A2BF92	-	Mm:E9QAU4;Rn:M0R5H1
Q9HCK0	Q9NX07	57684	54952	ZBTB26	TRNAU1AP	chromatin immunoprecipitation assay	27924024	Homo sapiens	GTRD	No	Mm:Q6P9Q3;Rn:D3ZG35	Dr:A2BF92	Dm:Q8SXG7;Mm:Q80VC6;Rn:A0A0G2JZ46	Dr:Q503H1
Q9HCK0	Q5MNZ9	57684	55062	ZBTB26	WIPI1	chromatin immunoprecipitation assay	27924024	Homo sapiens	GTRD	No	Mm:Q6P9Q3;Rn:D3ZG35	Dr:A2BF92	Dm:Q9VIE1;Dr:B0S7L1;Mm:Q8R3E3;Rn:B2RYM2	-
Q9HCK0	Q9ULK2	57684	222255	ZBTB26	ATXN7L1	chromatin immunoprecipitation assay	27924024	Homo sapiens	GTRD	No	Mm:Q6P9Q3;Rn:D3ZG35	Dr:A2BF92	-	Mm:F7C0E4;Rn:F1M9V0
Q9HCK0	Q8N9F0	57684	339983	ZBTB26	NAT8L	chromatin immunoprecipitation assay	27924024	Homo sapiens	GTRD	No	Mm:Q6P9Q3;Rn:D3ZG35	Dr:A2BF92	Dr:A4IGD2;Mm:A0A0R4J0R4;Rn:D3ZVU9	-
Q9HCK0	Q6PF15	57684	283212	ZBTB26	KLHL35	chromatin immunoprecipitation assay	27924024	Homo sapiens	GTRD	No	Mm:Q6P9Q3;Rn:D3ZG35	Dr:A2BF92	Mm:Q9CZ49;Rn:D4A6V5	Dr:E9QDY6
Q9HCK0	Q14584	57684	10781	ZBTB26	ZNF266	chromatin immunoprecipitation assay	27924024	Homo sapiens	GTRD	No	Mm:Q6P9Q3;Rn:D3ZG35	Dr:A2BF92	-	-
Q9HCK0	Q9H497	57684	64222	ZBTB26	TOR3A	chromatin immunoprecipitation assay	27924024	Homo sapiens	GTRD	No	Mm:Q6P9Q3;Rn:D3ZG35	Dr:A2BF92	Dr:A9C3S4;Mm:Q9ER38;Rn:Q5M936	-
Q9HCK0	P49703	57684	379	ZBTB26	ARL4D	chromatin immunoprecipitation assay	27924024	Homo sapiens	GTRD	No	Mm:Q6P9Q3;Rn:D3ZG35	Dr:A2BF92	Dr:Q6P5L0;Mm:Q99PE9;Rn:B2RZ70	-
Q9HCK0	O95402	57684	9441	ZBTB26	MED26	chromatin immunoprecipitation assay	27924024	Homo sapiens	GTRD	No	Mm:Q6P9Q3;Rn:D3ZG35	Dr:A2BF92	-	-
Q9HCK0	Q9UJH8	57684	79006	ZBTB26	METRN	chromatin immunoprecipitation assay	27924024	Homo sapiens	GTRD	No	Mm:Q6P9Q3;Rn:D3ZG35	Dr:A2BF92	Mm:Q8C1Q4;Rn:Q5Q0T9	Dr:F1QJ72
Q9HCK0	Q6P3W7	57684	55681	ZBTB26	SCYL2	chromatin immunoprecipitation assay	27924024	Homo sapiens	GTRD	No	Mm:Q6P9Q3;Rn:D3ZG35	Dr:A2BF92	-	-
Q9HCK0	Q3SXZ7	57684	164395	ZBTB26	TTLL9	chromatin immunoprecipitation assay	27924024	Homo sapiens	GTRD	No	Mm:Q6P9Q3;Rn:D3ZG35	Dr:A2BF92	Ce:Q564U4;Mm:A2APC3;Rn:Q641W7	Dr:E9QH25
Q9HCK0	Q9P121	57684	50863	ZBTB26	NTM	chromatin immunoprecipitation assay	27924024	Homo sapiens	GTRD	No	Mm:Q6P9Q3;Rn:D3ZG35	Dr:A2BF92	Mm:Q99PJ0	Rn:G3V964
Q9HCK0	H3BRB1	57684	-	ZBTB26	-	chromatin immunoprecipitation assay	27924024	Homo sapiens	GTRD	No	Mm:Q6P9Q3;Rn:D3ZG35	Dr:A2BF92	-	-
Q9HCK0	Q8NHZ8	57684	246184	ZBTB26	CDC26	chromatin immunoprecipitation assay	27924024	Homo sapiens	GTRD	No	Mm:Q6P9Q3;Rn:D3ZG35	Dr:A2BF92	Dr:Q68EK9;Mm:Q99JP4;Rn:Q6YDN7	-
Q9HCK0	P62079	57684	10098	ZBTB26	TSPAN5	chromatin immunoprecipitation assay	27924024	Homo sapiens	GTRD	No	Mm:Q6P9Q3;Rn:D3ZG35	Dr:A2BF92	Mm:P62080;Rn:Q68VK5	-
Q9HCK0	Q9UQL6	57684	10014	ZBTB26	HDAC5	chromatin immunoprecipitation assay	27924024	Homo sapiens	GTRD	No	Mm:Q6P9Q3;Rn:D3ZG35	Dr:A2BF92	Mm:B7ZDF5	Dr:X1WED5;Rn:F1LM64
Q9HCK0	Q96P47	57684	116988	ZBTB26	AGAP3	chromatin immunoprecipitation assay	27924024	Homo sapiens	GTRD	No	Mm:Q6P9Q3;Rn:D3ZG35	Dr:A2BF92	Dr:E7FD04;Mm:F8VQE9	Rn:A0A0G2K2D4
Q9HCK0	O75342	57684	242	ZBTB26	ALOX12B	chromatin immunoprecipitation assay	27924024	Homo sapiens	GTRD	No	Mm:Q6P9Q3;Rn:D3ZG35	Dr:A2BF92	Mm:O70582	Rn:A0A140TAE7
Q9HCK0	Q9UGY1	57684	79159	ZBTB26	NOL12	chromatin immunoprecipitation assay	27924024	Homo sapiens	GTRD	No	Mm:Q6P9Q3;Rn:D3ZG35	Dr:A2BF92	-	-
Q9HCK0	P83916	57684	10951	ZBTB26	CBX1	chromatin immunoprecipitation assay	27924024	Homo sapiens	GTRD	No	Mm:Q6P9Q3;Rn:D3ZG35	Dr:A2BF92	Ce:G5EET5;Dm:Q9W396;Dr:Q6IQ71;Mm:P83917;Rn:D4A3T3	Ce:G5EDE2
Q9HCK0	Q9BS26	57684	23071	ZBTB26	ERP44	chromatin immunoprecipitation assay	27924024	Homo sapiens	GTRD	No	Mm:Q6P9Q3;Rn:D3ZG35	Dr:A2BF92	Ce:Q304D5;Dm:Q95TL8;Dr:Q6P3G9;Mm:Q9D1Q6;Rn:Q5VLR5	-
Q9HCK0	O94776	57684	9219	ZBTB26	MTA2	chromatin immunoprecipitation assay	27924024	Homo sapiens	GTRD	No	Mm:Q6P9Q3;Rn:D3ZG35	Dr:A2BF92	Mm:Q9R190;Rn:B2GV01	Dr:F1R6T0
Q9HCK0	P43897	57684	10102	ZBTB26	TSFM	chromatin immunoprecipitation assay	27924024	Homo sapiens	GTRD	No	Mm:Q6P9Q3;Rn:D3ZG35	Dr:A2BF92	Ce:Q20819;Dm:Q9VJC7;Mm:Q9CZR8;Rn:M0R4P2	Dr:F1Q963
Q9HCK0	E7ENQ6	57684	-	ZBTB26	-	chromatin immunoprecipitation assay	27924024	Homo sapiens	GTRD	No	Mm:Q6P9Q3;Rn:D3ZG35	Dr:A2BF92	-	-
Q9HCK0	Q9H6K4	57684	80207	ZBTB26	OPA3	chromatin immunoprecipitation assay	27924024	Homo sapiens	GTRD	No	Mm:Q6P9Q3;Rn:D3ZG35	Dr:A2BF92	Dm:Q0KI22;Dr:Q1L9A2;Mm:Q505D7	-
Q9HCK0	Q9UJK0	57684	115939	ZBTB26	TSR3	chromatin immunoprecipitation assay	27924024	Homo sapiens	GTRD	No	Mm:Q6P9Q3;Rn:D3ZG35	Dr:A2BF92	Mm:Q5HZH2;Rn:D4A6X9	-
Q9HCK0	P63241	57684	1984	ZBTB26	EIF5A	chromatin immunoprecipitation assay	27924024	Homo sapiens	GTRD	No	Mm:Q6P9Q3;Rn:D3ZG35	Dr:A2BF92	Mm:P63242;Rn:Q3T1J1	-
Q9HCK0	P61221	57684	6059	ZBTB26	ABCE1	chromatin immunoprecipitation assay	27924024	Homo sapiens	GTRD	No	Mm:Q6P9Q3;Rn:D3ZG35	Dr:A2BF92	Ce:Q9U2K8;Dm:Q9VSS1;Dr:Q6TNW3;Mm:P61222;Rn:D3ZD23;Sc:Q03195	-
Q9HCK0	Q14997	57684	23198	ZBTB26	PSME4	chromatin immunoprecipitation assay	27924024	Homo sapiens	GTRD	No	Mm:Q6P9Q3;Rn:D3ZG35	Dr:A2BF92	Ce:Q17971;Mm:Q5SSW2;Sc:P43583	Dr:F1QE31
Q9HCK0	P07339	57684	1509	ZBTB26	CTSD	chromatin immunoprecipitation assay	27924024	Homo sapiens	GTRD	No	Mm:Q6P9Q3;Rn:D3ZG35	Dr:A2BF92	Ce:Q21966;Dm:Q7K485;Dr:Q8AWD9	-
Q9HCK0	Q8N954	57684	253635	ZBTB26	GPATCH11	chromatin immunoprecipitation assay	27924024	Homo sapiens	GTRD	No	Mm:Q6P9Q3;Rn:D3ZG35	Dr:A2BF92	-	-
Q9HCK0	O00559	57684	9166	ZBTB26	EBAG9	chromatin immunoprecipitation assay	27924024	Homo sapiens	GTRD	No	Mm:Q6P9Q3;Rn:D3ZG35	Dr:A2BF92	Dr:F1QVH3;Mm:Q9D0V7;Rn:Q5PQP2	-
Q9HCK0	Q3ZCQ3	57684	400451	ZBTB26	FAM174B	chromatin immunoprecipitation assay	27924024	Homo sapiens	GTRD	No	Mm:Q6P9Q3;Rn:D3ZG35	Dr:A2BF92	Mm:Q8K064	Rn:D4A4W1
Q9HCK0	Q9BXS9	57684	65010	ZBTB26	SLC26A6	chromatin immunoprecipitation assay	27924024	Homo sapiens	GTRD	No	Mm:Q6P9Q3;Rn:D3ZG35	Dr:A2BF92	Dr:A9C3T3;Mm:A0A0A0MQB3	Dr:F8W5J9;Rn:D3Z9I5
Q9HCK0	P82675	57684	64969	ZBTB26	MRPS5	chromatin immunoprecipitation assay	27924024	Homo sapiens	GTRD	No	Mm:Q6P9Q3;Rn:D3ZG35	Dr:A2BF92	Dm:Q8SYP9;Mm:Q99N87;Rn:D3ZYT2	Ce:Q93425;Dr:F1R6P0
Q9HCK0	P04179	57684	6648	ZBTB26	SOD2	chromatin immunoprecipitation assay	27924024	Homo sapiens	GTRD	No	Mm:Q6P9Q3;Rn:D3ZG35	Dr:A2BF92	Ce:P31161;Ce:P41977;Dr:Q6P980;Mm:P09671;Rn:P07895;Sc:P00447	Dm:A0A0B4LGQ1
Q9HCK0	Q9Y3C4	57684	51002	ZBTB26	TPRKB	chromatin immunoprecipitation assay	27924024	Homo sapiens	GTRD	No	Mm:Q6P9Q3;Rn:D3ZG35	Dr:A2BF92	Ce:O44566;Dr:F1QZ15;Mm:Q8QZZ7;Sc:Q03705	Rn:G3V805
Q9HCK0	Q5TGY1	57684	255104	ZBTB26	TMCO4	chromatin immunoprecipitation assay	27924024	Homo sapiens	GTRD	No	Mm:Q6P9Q3;Rn:D3ZG35	Dr:A2BF92	Ce:Q20035;Dr:E7F6A2;Mm:Q91WU4;Rn:F1LRM3	-
Q9HCK0	P17861	57684	7494	ZBTB26	XBP1	chromatin immunoprecipitation assay	27924024	Homo sapiens	GTRD	No	Mm:Q6P9Q3;Rn:D3ZG35	Dr:A2BF92	Rn:A0A140TAA7	Dr:F1R5F9;Mm:A0A5F8MPD3
Q9HCK0	Q5T200	57684	23091	ZBTB26	ZC3H13	chromatin immunoprecipitation assay	27924024	Homo sapiens	GTRD	No	Mm:Q6P9Q3;Rn:D3ZG35	Dr:A2BF92	-	-
Q9HCK0	P41161	57684	2119	ZBTB26	ETV5	chromatin immunoprecipitation assay	27924024	Homo sapiens	GTRD	No	Mm:Q6P9Q3;Rn:D3ZG35	Dr:A2BF92	Dr:B0S6S7;Mm:Q9CXC9;Rn:D4AC56	-
Q9HCK0	Q9H5K3	57684	84197	ZBTB26	POMK	chromatin immunoprecipitation assay	27924024	Homo sapiens	GTRD	No	Mm:Q6P9Q3;Rn:D3ZG35	Dr:A2BF92	Dr:Q5U3W1;Mm:Q3TUA9;Rn:Q4V8A9	-
Q9HCK0	M0R1H3	57684	-	ZBTB26	-	chromatin immunoprecipitation assay	27924024	Homo sapiens	GTRD	No	Mm:Q6P9Q3;Rn:D3ZG35	Dr:A2BF92	-	-
Q9HCK0	O75140	57684	9681	ZBTB26	DEPDC5	chromatin immunoprecipitation assay	27924024	Homo sapiens	GTRD	No	Mm:Q6P9Q3;Rn:D3ZG35	Dr:A2BF92	Mm:P61460;Rn:A0A0G2K6M8;Sc:P47170	Dm:M9PE64;Dr:E9QH20
Q9HCK0	P17022	57684	7566	ZBTB26	ZNF18	chromatin immunoprecipitation assay	27924024	Homo sapiens	GTRD	No	Mm:Q6P9Q3;Rn:D3ZG35	Dr:A2BF92	Mm:Q810A1	Rn:Q642B9
Q9HCK0	Q8WVD3	57684	51444	ZBTB26	RNF138	chromatin immunoprecipitation assay	27924024	Homo sapiens	GTRD	No	Mm:Q6P9Q3;Rn:D3ZG35	Dr:A2BF92	Mm:Q9CQE0	Rn:D4ABZ6
Q9HCK0	Q9H1Y3	57684	23596	ZBTB26	OPN3	chromatin immunoprecipitation assay	27924024	Homo sapiens	GTRD	No	Mm:Q6P9Q3;Rn:D3ZG35	Dr:A2BF92	Dr:A9NJI7;Mm:Q9WUK7;Rn:D3ZFS1	-
Q9HCK0	Q8N8U2	57684	124359	ZBTB26	CDYL2	chromatin immunoprecipitation assay	27924024	Homo sapiens	GTRD	No	Mm:Q6P9Q3;Rn:D3ZG35	Dr:A2BF92	Mm:Q9D5D8	Rn:F1LT42
Q9HCK0	Q8IZH2	57684	54464	ZBTB26	XRN1	chromatin immunoprecipitation assay	27924024	Homo sapiens	GTRD	No	Mm:Q6P9Q3;Rn:D3ZG35	Dr:A2BF92	Ce:Q9BHK7;Dm:E1JJR3;Dr:F1Q4U5;Mm:F8VQ87;Rn:D4ABN8;Sc:P22147	-
Q9HCK0	Q96JB5	57684	80279	ZBTB26	CDK5RAP3	chromatin immunoprecipitation assay	27924024	Homo sapiens	GTRD	No	Mm:Q6P9Q3;Rn:D3ZG35	Dr:A2BF92	Ce:Q9U2Y2;Dm:Q95SK3;Dr:F1Q5I0;Mm:Q99LM2;Rn:Q642E3	-
Q9HCK0	Q9HB07	57684	60314	ZBTB26	MYG1	chromatin immunoprecipitation assay	27924024	Homo sapiens	GTRD	No	Mm:Q6P9Q3;Rn:D3ZG35	Dr:A2BF92	-	-
Q9HCK0	O00458	57684	3475	ZBTB26	IFRD1	chromatin immunoprecipitation assay	27924024	Homo sapiens	GTRD	No	Mm:Q6P9Q3;Rn:D3ZG35	Dr:A2BF92	-	-
Q9HCK0	Q9BQ24	57684	79038	ZBTB26	ZFYVE21	chromatin immunoprecipitation assay	27924024	Homo sapiens	GTRD	No	Mm:Q6P9Q3;Rn:D3ZG35	Dr:A2BF92	Mm:Q8VCM3;Rn:A0A0G2K9E1	Dr:B8A6I1
Q9HCK0	Q9BQR3	57684	83886	ZBTB26	PRSS27	chromatin immunoprecipitation assay	27924024	Homo sapiens	GTRD	No	Mm:Q6P9Q3;Rn:D3ZG35	Dr:A2BF92	Mm:Q8BJR6	Rn:Q6BEA2
Q9HCK0	Q9Y2C3	57684	10317	ZBTB26	B3GALT5	chromatin immunoprecipitation assay	27924024	Homo sapiens	GTRD	No	Mm:Q6P9Q3;Rn:D3ZG35	Dr:A2BF92	Mm:Q9JI67	Rn:D4AB20
Q9HCK0	Q8IV63	57684	51231	ZBTB26	VRK3	chromatin immunoprecipitation assay	27924024	Homo sapiens	GTRD	No	Mm:Q6P9Q3;Rn:D3ZG35	Dr:A2BF92	Mm:Q8K3G5;Rn:Q66HC2	-
Q9HCK0	Q9BSA9	57684	84286	ZBTB26	TMEM175	chromatin immunoprecipitation assay	27924024	Homo sapiens	GTRD	No	Mm:Q6P9Q3;Rn:D3ZG35	Dr:A2BF92	Dr:A5PN43;Mm:Q9CXY1;Rn:Q6AY05	-
Q9HCK0	P98194	57684	27032	ZBTB26	ATP2C1	chromatin immunoprecipitation assay	27924024	Homo sapiens	GTRD	No	Mm:Q6P9Q3;Rn:D3ZG35	Dr:A2BF92	Mm:Q80XR2;Sc:P13586	Ce:G5EDU1;Dr:F1REJ1;Rn:F1M281
Q9HCK0	Q9NZQ7	57684	29126	ZBTB26	CD274	chromatin immunoprecipitation assay	27924024	Homo sapiens	GTRD	No	Mm:Q6P9Q3;Rn:D3ZG35	Dr:A2BF92	Dr:E7F5Q2;Mm:Q9EP73;Rn:D4AE25	-
Q9HCK0	Q8NEZ5	57684	26263	ZBTB26	FBXO22	chromatin immunoprecipitation assay	27924024	Homo sapiens	GTRD	No	Mm:Q6P9Q3;Rn:D3ZG35	Dr:A2BF92	Dr:Q5SPK4;Mm:Q78JE5;Rn:Q32Q88	-
Q9HCK0	Q9Y4R8	57684	9894	ZBTB26	TELO2	chromatin immunoprecipitation assay	27924024	Homo sapiens	GTRD	No	Mm:Q6P9Q3;Rn:D3ZG35	Dr:A2BF92	Mm:Q9DC40;Rn:D3ZQ30	Ce:Q95YE9;Dr:T1ECU6
Q9HCK0	Q15935	57684	58492	ZBTB26	ZNF77	chromatin immunoprecipitation assay	27924024	Homo sapiens	GTRD	No	Mm:Q6P9Q3;Rn:D3ZG35	Dr:A2BF92	-	-
Q9HCK0	O15321	57684	10548	ZBTB26	TM9SF1	chromatin immunoprecipitation assay	27924024	Homo sapiens	GTRD	No	Mm:Q6P9Q3;Rn:D3ZG35	Dr:A2BF92	-	-
Q9HCK0	Q96S59	57684	10048	ZBTB26	RANBP9	chromatin immunoprecipitation assay	27924024	Homo sapiens	GTRD	No	Mm:Q6P9Q3;Rn:D3ZG35	Dr:A2BF92	Dr:F1R4P9;Rn:F1LVV3	Mm:E9Q5D6
Q9HCK0	Q96MT3	57684	144165	ZBTB26	PRICKLE1	chromatin immunoprecipitation assay	27924024	Homo sapiens	GTRD	No	Mm:Q6P9Q3;Rn:D3ZG35	Dr:A2BF92	Dr:F1Q6J9;Mm:Q3U5C7;Rn:G3V8Z4	-
Q9HCK0	Q9BZE7	57684	84645	ZBTB26	C22orf23	chromatin immunoprecipitation assay	27924024	Homo sapiens	GTRD	No	Mm:Q6P9Q3;Rn:D3ZG35	Dr:A2BF92	Dm:Q9VSS7;Mm:Q9D9S1;Rn:Q6AYH8	Dr:E7F0P7
Q9HCK0	P49914	57684	10588	ZBTB26	MTHFS	chromatin immunoprecipitation assay	27924024	Homo sapiens	GTRD	No	Mm:Q6P9Q3;Rn:D3ZG35	Dr:A2BF92	-	-
Q9HCK0	Q86TJ2	57684	93624	ZBTB26	TADA2B	chromatin immunoprecipitation assay	27924024	Homo sapiens	GTRD	No	Mm:Q6P9Q3;Rn:D3ZG35	Dr:A2BF92	Dm:Q8I8V0;Dr:F1QBD8;Mm:D3Z4Z0;Rn:B5DFL8	-
Q9HCK0	O95613	57684	5116	ZBTB26	PCNT	chromatin immunoprecipitation assay	27924024	Homo sapiens	GTRD	No	Mm:Q6P9Q3;Rn:D3ZG35	Dr:A2BF92	Dr:I3ISP1;Mm:F8VPV0;Rn:D3ZMY8	-
Q9HCK0	Q9BV38	57684	57418	ZBTB26	WDR18	chromatin immunoprecipitation assay	27924024	Homo sapiens	GTRD	No	Mm:Q6P9Q3;Rn:D3ZG35	Dr:A2BF92	Dm:Q9W550;Dr:Q68EI0;Mm:Q4VBE8;Rn:F1LR39	-
Q9HCK0	Q8WW38	57684	23414	ZBTB26	ZFPM2	chromatin immunoprecipitation assay	27924024	Homo sapiens	GTRD	No	Mm:Q6P9Q3;Rn:D3ZG35	Dr:A2BF92	Mm:Q8CCH7	Dr:F1RD49;Rn:D4A0R1
Q9HCK0	Q9H2H8	57684	53938	ZBTB26	PPIL3	chromatin immunoprecipitation assay	27924024	Homo sapiens	GTRD	No	Mm:Q6P9Q3;Rn:D3ZG35	Dr:A2BF92	Ce:P52017;Dm:Q8MKJ6;Dr:Q6IQL3;Mm:Q9D6L8;Rn:Q812D3	-
Q9HCK0	Q9NYQ6	57684	9620	ZBTB26	CELSR1	chromatin immunoprecipitation assay	27924024	Homo sapiens	GTRD	No	Mm:Q6P9Q3;Rn:D3ZG35	Dr:A2BF92	-	-
Q9HCK0	Q8NDZ4	57684	205428	ZBTB26	DIPK2A	chromatin immunoprecipitation assay	27924024	Homo sapiens	GTRD	No	Mm:Q6P9Q3;Rn:D3ZG35	Dr:A2BF92	Dr:F1QBM7;Dr:A2CEC6;Mm:Q3USZ8;Rn:A0A0G2K1M5	-
Q9HCK0	Q9C0J8	57684	55339	ZBTB26	WDR33	chromatin immunoprecipitation assay	27924024	Homo sapiens	GTRD	No	Mm:Q6P9Q3;Rn:D3ZG35	Dr:A2BF92	Mm:Q8K4P0;Rn:F1LT09	Dr:F1QJZ5
Q9HCK0	Q9UHW9	57684	9990	ZBTB26	SLC12A6	chromatin immunoprecipitation assay	27924024	Homo sapiens	GTRD	No	Mm:Q6P9Q3;Rn:D3ZG35	Dr:A2BF92	Mm:Q924N4;Mm:Q6P6P5;Rn:G3V6N7	-
Q9HCK0	Q9Y328	57684	51617	ZBTB26	NSG2	chromatin immunoprecipitation assay	27924024	Homo sapiens	GTRD	No	Mm:Q6P9Q3;Rn:D3ZG35	Dr:A2BF92	Dr:Q6P4P6;Mm:P47759;Rn:Q3KR51	-
Q9HCK0	O43175	57684	26227	ZBTB26	PHGDH	chromatin immunoprecipitation assay	27924024	Homo sapiens	GTRD	No	Mm:Q6P9Q3;Rn:D3ZG35	Dr:A2BF92	Dr:F1QEY8;Mm:Q61753;Rn:O08651	-
Q9HCK0	Q96RU7	57684	57761	ZBTB26	TRIB3	chromatin immunoprecipitation assay	27924024	Homo sapiens	GTRD	No	Mm:Q6P9Q3;Rn:D3ZG35	Dr:A2BF92	-	-
Q9HCK0	P55789	57684	2671	ZBTB26	GFER	chromatin immunoprecipitation assay	27924024	Homo sapiens	GTRD	No	Mm:Q6P9Q3;Rn:D3ZG35	Dr:A2BF92	Ce:O44975;Dr:A4QNU9;Mm:P56213	Rn:Q63042;Rn:A0A0G2KAE4
Q9HCK0	O75553	57684	1600	ZBTB26	DAB1	chromatin immunoprecipitation assay	27924024	Homo sapiens	GTRD	No	Mm:Q6P9Q3;Rn:D3ZG35	Dr:A2BF92	Mm:P97318;Rn:Q8CJH2	Dr:A2BEF7
Q9HCK0	Q14694	57684	9100	ZBTB26	USP10	chromatin immunoprecipitation assay	27924024	Homo sapiens	GTRD	No	Mm:Q6P9Q3;Rn:D3ZG35	Dr:A2BF92	Dr:A0A0R4IVE2;Mm:P52479;Rn:Q3KR59	-
Q9HCK0	Q68DH5	57684	92255	ZBTB26	LMBRD2	chromatin immunoprecipitation assay	27924024	Homo sapiens	GTRD	No	Mm:Q6P9Q3;Rn:D3ZG35	Dr:A2BF92	Ce:Q18695;Dm:Q8MRQ4;Dr:A0A0R4IWA8;Mm:Q8C561;Rn:D3ZUP8	Dr:F1QUZ2
Q9HCK0	Q99551	57684	7978	ZBTB26	MTERF1	chromatin immunoprecipitation assay	27924024	Homo sapiens	GTRD	No	Mm:Q6P9Q3;Rn:D3ZG35	Dr:A2BF92	Mm:Q8CHZ9;Mm:A0A096P6K7;Rn:G3V6Z9	-
Q9HCK0	Q7Z408	57684	114784	ZBTB26	CSMD2	chromatin immunoprecipitation assay	27924024	Homo sapiens	GTRD	No	Mm:Q6P9Q3;Rn:D3ZG35	Dr:A2BF92	Mm:V9GX34	Rn:A0A0G2K6F2
Q9HCK0	Q8WV37	57684	147657	ZBTB26	ZNF480	chromatin immunoprecipitation assay	27924024	Homo sapiens	GTRD	No	Mm:Q6P9Q3;Rn:D3ZG35	Dr:A2BF92	-	-
Q9HCK0	P82987	57684	57188	ZBTB26	ADAMTSL3	chromatin immunoprecipitation assay	27924024	Homo sapiens	GTRD	No	Mm:Q6P9Q3;Rn:D3ZG35	Dr:A2BF92	Mm:G3UXC7;Rn:D4ADD4	Dm:X2JAM1;Dr:E7FBX1
Q9HCK0	Q9UKI8	57684	9874	ZBTB26	TLK1	chromatin immunoprecipitation assay	27924024	Homo sapiens	GTRD	No	Mm:Q6P9Q3;Rn:D3ZG35	Dr:A2BF92	Mm:Q8C0V0;Rn:A0A0G2K920	Dr:B8A5H2;Rn:A0A096MK96
Q9HCK0	Q9Y6D6	57684	10565	ZBTB26	ARFGEF1	chromatin immunoprecipitation assay	27924024	Homo sapiens	GTRD	No	Mm:Q6P9Q3;Rn:D3ZG35	Dr:A2BF92	Mm:G3X9K3;Rn:D4A631	Dr:E7FGL2
Q9HCK0	Q92966	57684	6619	ZBTB26	SNAPC3	chromatin immunoprecipitation assay	27924024	Homo sapiens	GTRD	No	Mm:Q6P9Q3;Rn:D3ZG35	Dr:A2BF92	Dr:F1QWM0;Mm:Q9D2C9;Rn:Q5BK68	-
Q9HCK0	Q86UY6	57684	79829	ZBTB26	NAA40	chromatin immunoprecipitation assay	27924024	Homo sapiens	GTRD	No	Mm:Q6P9Q3;Rn:D3ZG35	Dr:A2BF92	Dm:Q9VAI4;Mm:Q8VE10;Rn:D3ZZQ5	Dr:Q568K5
Q9HCK0	Q9NRP0	57684	58505	ZBTB26	OSTC	chromatin immunoprecipitation assay	27924024	Homo sapiens	GTRD	No	Mm:Q6P9Q3;Rn:D3ZG35	Dr:A2BF92	Dm:Q9VQP9;Dr:A0A0R4I9P9;Mm:Q78XF5;Rn:B0K025	-
Q9HCK0	A0A1B0GVM2	57684	-	ZBTB26	TCAF2C	chromatin immunoprecipitation assay	27924024	Homo sapiens	GTRD	No	Mm:Q6P9Q3;Rn:D3ZG35	Dr:A2BF92	-	-
Q9HCK0	Q9Y227	57684	9583	ZBTB26	ENTPD4	chromatin immunoprecipitation assay	27924024	Homo sapiens	GTRD	No	Mm:Q6P9Q3;Rn:D3ZG35	Dr:A2BF92	Dr:Q6DH30;Rn:A0A0G2JX61	Mm:Q9DBT4
Q9HCK0	Q6J9G0	57684	55359	ZBTB26	STYK1	chromatin immunoprecipitation assay	27924024	Homo sapiens	GTRD	No	Mm:Q6P9Q3;Rn:D3ZG35	Dr:A2BF92	Mm:Q6J9G1	Dr:F1Q7E2;Rn:D3ZHY0
Q9HCK0	P31689	57684	3301	ZBTB26	DNAJA1	chromatin immunoprecipitation assay	27924024	Homo sapiens	GTRD	No	Mm:Q6P9Q3;Rn:D3ZG35	Dr:A2BF92	Mm:P63037;Rn:P63036	-
Q9HCK0	Q9H2K0	57684	219402	ZBTB26	MTIF3	chromatin immunoprecipitation assay	27924024	Homo sapiens	GTRD	No	Mm:Q6P9Q3;Rn:D3ZG35	Dr:A2BF92	Mm:Q9CZD5;Rn:B0BNE9	Dr:A2BEV1
Q9HCK0	Q9ULL1	57684	57480	ZBTB26	PLEKHG1	chromatin immunoprecipitation assay	27924024	Homo sapiens	GTRD	No	Mm:Q6P9Q3;Rn:D3ZG35	Dr:A2BF92	-	Rn:D4AE81
Q9HCK0	P48449	57684	4047	ZBTB26	LSS	chromatin immunoprecipitation assay	27924024	Homo sapiens	GTRD	No	Mm:Q6P9Q3;Rn:D3ZG35	Dr:A2BF92	Dr:B0S5M5;Mm:Q8BLN5;Rn:A0A0G2JVC8;Sc:P38604	-
Q9HCK0	Q96QU6	57684	84680	ZBTB26	ACCS	chromatin immunoprecipitation assay	27924024	Homo sapiens	GTRD	No	Mm:Q6P9Q3;Rn:D3ZG35	Dr:A2BF92	Mm:A2AIG8;Rn:F1LXH1	Dr:F1QN24
Q9HCK0	Q9BRD0	57684	84811	ZBTB26	BUD13	chromatin immunoprecipitation assay	27924024	Homo sapiens	GTRD	No	Mm:Q6P9Q3;Rn:D3ZG35	Dr:A2BF92	Ce:P30640;Dm:Q9VC60;Dr:F1QH05;Mm:Q8R149;Rn:G3V8F3	-
Q9HCK0	Q96BM9	57684	127829	ZBTB26	ARL8A	chromatin immunoprecipitation assay	27924024	Homo sapiens	GTRD	No	Mm:Q6P9Q3;Rn:D3ZG35	Dr:A2BF92	Dr:F8W2P1;Mm:Q8VEH3;Rn:D3ZPP2	-
Q9HCK0	P51648	57684	224	ZBTB26	ALDH3A2	chromatin immunoprecipitation assay	27924024	Homo sapiens	GTRD	No	Mm:Q6P9Q3;Rn:D3ZG35	Dr:A2BF92	Dr:E9QH31;Mm:P47740;Rn:A0A0G2JY43	Dr:X1WBM4
Q9HCK0	P14174	57684	4282	ZBTB26	MIF	chromatin immunoprecipitation assay	27924024	Homo sapiens	GTRD	No	Mm:Q6P9Q3;Rn:D3ZG35	Dr:A2BF92	Ce:Q9U228;Mm:P34884;Rn:D3ZE63	Dr:Q0ZBR7;Rn:D4A3P7;Rn:P30904
Q9HCK0	O60488	57684	2182	ZBTB26	ACSL4	chromatin immunoprecipitation assay	27924024	Homo sapiens	GTRD	No	Mm:Q6P9Q3;Rn:D3ZG35	Dr:A2BF92	-	-
Q9HCK0	Q6P387	57684	123775	ZBTB26	C16orf46	chromatin immunoprecipitation assay	27924024	Homo sapiens	GTRD	No	Mm:Q6P9Q3;Rn:D3ZG35	Dr:A2BF92	Mm:Q8BHB7;Rn:A0A0G2KAK0	-
Q9HCK0	O94886	57684	9725	ZBTB26	TMEM63A	chromatin immunoprecipitation assay	27924024	Homo sapiens	GTRD	No	Mm:Q6P9Q3;Rn:D3ZG35	Dr:A2BF92	Dm:Q6NP91;Mm:Q91YT8;Rn:A0A0G2JVY4;Sc:Q06538;Sc:Q03516	Dr:F1R745
Q9HCK0	Q96CP2	57684	114984	ZBTB26	FLYWCH2	chromatin immunoprecipitation assay	27924024	Homo sapiens	GTRD	No	Mm:Q6P9Q3;Rn:D3ZG35	Dr:A2BF92	Mm:Q9CQE9	Rn:D4AB36
Q9HCK0	Q96C03	57684	125170	ZBTB26	MIEF2	chromatin immunoprecipitation assay	27924024	Homo sapiens	GTRD	No	Mm:Q6P9Q3;Rn:D3ZG35	Dr:A2BF92	Mm:Q5NCS9;Rn:D3ZS35	-
Q9HCK0	Q2TAL5	57684	342527	ZBTB26	SMTNL2	chromatin immunoprecipitation assay	27924024	Homo sapiens	GTRD	No	Mm:Q6P9Q3;Rn:D3ZG35	Dr:A2BF92	Dr:F1R105;Mm:Q8CI12;Rn:D3ZUC1	-
Q9HCK0	Q9NW15	57684	55129	ZBTB26	ANO10	chromatin immunoprecipitation assay	27924024	Homo sapiens	GTRD	No	Mm:Q6P9Q3;Rn:D3ZG35	Dr:A2BF92	Dm:O97132;Mm:Q8BH79;Rn:D3ZF54	Dr:F1RCH1
Q9HCK0	Q7L3B6	57684	55664	ZBTB26	CDC37L1	chromatin immunoprecipitation assay	27924024	Homo sapiens	GTRD	No	Mm:Q6P9Q3;Rn:D3ZG35	Dr:A2BF92	Dr:F1QVZ5;Mm:Q9CZP7;Rn:Q5XIC3	-
Q9HCK0	P20309	57684	1131	ZBTB26	CHRM3	chromatin immunoprecipitation assay	27924024	Homo sapiens	GTRD	No	Mm:Q6P9Q3;Rn:D3ZG35	Dr:A2BF92	Mm:Q9ERZ3	Rn:P08483
Q9HCK0	P54707	57684	479	ZBTB26	ATP12A	chromatin immunoprecipitation assay	27924024	Homo sapiens	GTRD	No	Mm:Q6P9Q3;Rn:D3ZG35	Dr:A2BF92	Mm:Q9Z1W8	Rn:G3V8S4
Q9HCK0	Q9UKL0	57684	23186	ZBTB26	RCOR1	chromatin immunoprecipitation assay	27924024	Homo sapiens	GTRD	No	Mm:Q6P9Q3;Rn:D3ZG35	Dr:A2BF92	Dr:Q1MTF5	Rn:F1LXS5
Q9HCK0	Q6NZY4	57684	55596	ZBTB26	ZCCHC8	chromatin immunoprecipitation assay	27924024	Homo sapiens	GTRD	No	Mm:Q6P9Q3;Rn:D3ZG35	Dr:A2BF92	Dr:A2BIQ8;Mm:Q9CYA6;Rn:D3ZUL8	-
Q9HCK0	Q96PU5	57684	23327	ZBTB26	NEDD4L	chromatin immunoprecipitation assay	27924024	Homo sapiens	GTRD	No	Mm:Q6P9Q3;Rn:D3ZG35	Dr:A2BF92	-	Dr:F1QP93;Mm:A0A494BAG2;Rn:F1LRN8
Q9HCK0	Q9UBE8	57684	51701	ZBTB26	NLK	chromatin immunoprecipitation assay	27924024	Homo sapiens	GTRD	No	Mm:Q6P9Q3;Rn:D3ZG35	Dr:A2BF92	Ce:Q9U9Y8;Mm:O54949;Rn:D3ZSZ3	Dm:Q8T030;Dr:B3IWJ8
Q9HCK0	O75351	57684	9525	ZBTB26	VPS4B	chromatin immunoprecipitation assay	27924024	Homo sapiens	GTRD	No	Mm:Q6P9Q3;Rn:D3ZG35	Dr:A2BF92	Mm:P46467;Rn:Q4KLL7	Dr:A5WWM0
Q9HCK0	P53567	57684	1054	ZBTB26	CEBPG	chromatin immunoprecipitation assay	27924024	Homo sapiens	GTRD	No	Mm:Q6P9Q3;Rn:D3ZG35	Dr:A2BF92	Dr:Q8UVY8;Mm:P53568;Rn:P26801	-
Q9HCK0	A1E959	57684	54959	ZBTB26	ODAM	chromatin immunoprecipitation assay	27924024	Homo sapiens	GTRD	No	Mm:Q6P9Q3;Rn:D3ZG35	Dr:A2BF92	Mm:A1E960	Rn:F1LR01
Q9HCK0	Q9H3Z4	57684	80331	ZBTB26	DNAJC5	chromatin immunoprecipitation assay	27924024	Homo sapiens	GTRD	No	Mm:Q6P9Q3;Rn:D3ZG35	Dr:A2BF92	Dr:Q6DGJ0;Mm:P60904;Rn:P60905	-
Q9HCK0	Q9BYT9	57684	63982	ZBTB26	ANO3	chromatin immunoprecipitation assay	27924024	Homo sapiens	GTRD	No	Mm:Q6P9Q3;Rn:D3ZG35	Dr:A2BF92	Dr:X1WC49;Mm:A2AHL1;Rn:F1M0A0	-
Q9HCK0	Q9NZC3	57684	51573	ZBTB26	GDE1	chromatin immunoprecipitation assay	27924024	Homo sapiens	GTRD	No	Mm:Q6P9Q3;Rn:D3ZG35	Dr:A2BF92	Ce:Q23244;Dm:Q9VEU9;Dr:Q6P0H8;Mm:Q9JL56;Rn:M0R5Q9	Ce:Q9UAW8
Q9HCK0	O15409	57684	93986	ZBTB26	FOXP2	chromatin immunoprecipitation assay	27924024	Homo sapiens	GTRD	No	Mm:Q6P9Q3;Rn:D3ZG35	Dr:A2BF92	Mm:P58463;Rn:P0CF24	Dr:H0WFE7
Q9HCK0	Q16288	57684	4916	ZBTB26	NTRK3	chromatin immunoprecipitation assay	27924024	Homo sapiens	GTRD	No	Mm:Q6P9Q3;Rn:D3ZG35	Dr:A2BF92	Mm:Q6VNS1;Rn:Q03351	Dr:F1QKJ0
Q9HCK0	Q96B02	57684	55284	ZBTB26	UBE2W	chromatin immunoprecipitation assay	27924024	Homo sapiens	GTRD	No	Mm:Q6P9Q3;Rn:D3ZG35	Dr:A2BF92	-	-
Q9HCK0	O75127	57684	26024	ZBTB26	PTCD1	chromatin immunoprecipitation assay	27924024	Homo sapiens	GTRD	No	Mm:Q6P9Q3;Rn:D3ZG35	Dr:A2BF92	-	-
Q9HCK0	P28288	57684	5825	ZBTB26	ABCD3	chromatin immunoprecipitation assay	27924024	Homo sapiens	GTRD	No	Mm:Q6P9Q3;Rn:D3ZG35	Dr:A2BF92	Ce:Q18597;Ce:Q18598;Dr:A0A0R4IRL4;Mm:P55096;Rn:P16970	Dm:M9PF96
Q9HCK0	P41271	57684	100532736;4681	ZBTB26	NBL1	chromatin immunoprecipitation assay	27924024	Homo sapiens	GTRD	No	Mm:Q6P9Q3;Rn:D3ZG35	Dr:A2BF92	Mm:Q61477;Rn:A0A0G2JSZ3	-
Q9HCK0	Q9Y6S9	57684	83694	ZBTB26	RPS6KL1	chromatin immunoprecipitation assay	27924024	Homo sapiens	GTRD	No	Mm:Q6P9Q3;Rn:D3ZG35	Dr:A2BF92	Dm:Q9VEA9;Mm:Q8R2S1	Dr:E7FF70;Rn:D4AAT5
Q9HCK0	Q6ZU35	57684	57482	ZBTB26	CRACD	chromatin immunoprecipitation assay	27924024	Homo sapiens	GTRD	No	Mm:Q6P9Q3;Rn:D3ZG35	Dr:A2BF92	Dr:Q5RG44	Mm:A0A5F8MPP1;Rn:D4A5F4
Q9HCK0	H3BSR4	57684	-	ZBTB26	UBE2F-SCLY	chromatin immunoprecipitation assay	27924024	Homo sapiens	GTRD	No	Mm:Q6P9Q3;Rn:D3ZG35	Dr:A2BF92	-	-
Q9HCK0	Q03112	57684	2122	ZBTB26	MECOM	chromatin immunoprecipitation assay	27924024	Homo sapiens	GTRD	No	Mm:Q6P9Q3;Rn:D3ZG35	Dr:A2BF92	-	Mm:G3UZT5;Rn:D3ZM26
Q9HCK0	Q5XKP0	57684	125988	ZBTB26	MICOS13	chromatin immunoprecipitation assay	27924024	Homo sapiens	GTRD	No	Mm:Q6P9Q3;Rn:D3ZG35	Dr:A2BF92	Dr:Q1LUK1;Mm:Q8R404	-
Q9HCK0	Q14D04	57684	79674	ZBTB26	VEPH1	chromatin immunoprecipitation assay	27924024	Homo sapiens	GTRD	No	Mm:Q6P9Q3;Rn:D3ZG35	Dr:A2BF92	Ce:O17237;Mm:A1A535	Dm:M9PEK0;Dr:A0A0R4I9B9;Rn:A0A0G2K6S2
Q9HCK0	Q8TDR0	57684	26146	ZBTB26	TRAF3IP1	chromatin immunoprecipitation assay	27924024	Homo sapiens	GTRD	No	Mm:Q6P9Q3;Rn:D3ZG35	Dr:A2BF92	Ce:Q17595;Dm:Q9VFL0;Dr:A0A0R4IR02	Mm:A0A087WQD8;Rn:A0A0G2JWM5
Q9HCK0	A2RRD8	57684	162967	ZBTB26	ZNF320	chromatin immunoprecipitation assay	27924024	Homo sapiens	GTRD	No	Mm:Q6P9Q3;Rn:D3ZG35	Dr:A2BF92	-	-
Q9HCK0	Q52LJ0	57684	283742	ZBTB26	FAM98B	chromatin immunoprecipitation assay	27924024	Homo sapiens	GTRD	No	Mm:Q6P9Q3;Rn:D3ZG35	Dr:A2BF92	Dr:F1REQ1;Mm:Q80VD1;Rn:D4AE02	-
Q9HCK0	Q3MIP1	57684	162073	ZBTB26	ITPRIPL2	chromatin immunoprecipitation assay	27924024	Homo sapiens	GTRD	No	Mm:Q6P9Q3;Rn:D3ZG35	Dr:A2BF92	Mm:Q3UV16	-
Q9HCK0	Q07890	57684	6655	ZBTB26	SOS2	chromatin immunoprecipitation assay	27924024	Homo sapiens	GTRD	No	Mm:Q6P9Q3;Rn:D3ZG35	Dr:A2BF92	Dr:F1R019;Rn:F1MAI3	Mm:A0A0A0MQ87
Q9HCK0	Q9H4I9	57684	91689	ZBTB26	SMDT1	chromatin immunoprecipitation assay	27924024	Homo sapiens	GTRD	No	Mm:Q6P9Q3;Rn:D3ZG35	Dr:A2BF92	Mm:Q9DB10;Rn:D4A7Y9	-
Q9HCK0	Q9Y3D3	57684	51021	ZBTB26	MRPS16	chromatin immunoprecipitation assay	27924024	Homo sapiens	GTRD	No	Mm:Q6P9Q3;Rn:D3ZG35	Dr:A2BF92	Ce:Q10129;Dm:Q9V6Y3;Mm:Q9CPX7;Rn:D4A7X1	Dr:A0A0R4IRT6
Q9HCK0	Q5TGZ0	57684	440574	ZBTB26	MICOS10	chromatin immunoprecipitation assay	27924024	Homo sapiens	GTRD	No	Mm:Q6P9Q3;Rn:D3ZG35	Dr:A2BF92	Ce:Q9N4K0	Dm:Q9VY65
Q9HCK0	Q96GQ5	57684	64755	ZBTB26	RUSF1	chromatin immunoprecipitation assay	27924024	Homo sapiens	GTRD	No	Mm:Q6P9Q3;Rn:D3ZG35	Dr:A2BF92	Mm:A0A0R4J0B5;Rn:G3V8P5	Dr:F1QSZ9
Q9HCK0	P61006	57684	4218	ZBTB26	RAB8A	chromatin immunoprecipitation assay	27924024	Homo sapiens	GTRD	No	Mm:Q6P9Q3;Rn:D3ZG35	Dr:A2BF92	Dr:A4FVK4;Mm:P55258;Rn:P35280	-
Q9HCK0	Q96AP0	57684	65057	ZBTB26	ACD	chromatin immunoprecipitation assay	27924024	Homo sapiens	GTRD	No	Mm:Q6P9Q3;Rn:D3ZG35	Dr:A2BF92	Mm:Q5EE38;Rn:Q4FZR5	Dr:A0A1D5NS58
Q9HCK0	Q9NUQ2	57684	55326	ZBTB26	AGPAT5	chromatin immunoprecipitation assay	27924024	Homo sapiens	GTRD	No	Mm:Q6P9Q3;Rn:D3ZG35	Dr:A2BF92	Ce:Q95R12;Dr:F1QDN6;Mm:Q9D1E8;Rn:G3V965;Sc:P38226	-
Q9HCK0	Q9HD40	57684	51091	ZBTB26	SEPSECS	chromatin immunoprecipitation assay	27924024	Homo sapiens	GTRD	No	Mm:Q6P9Q3;Rn:D3ZG35	Dr:A2BF92	Ce:Q18953;Mm:Q6P6M7;Rn:B2GV97	Dm:A0A0C4DHG1;Dr:F1Q668
Q9HCK0	Q9BYW1	57684	66035	ZBTB26	SLC2A11	chromatin immunoprecipitation assay	27924024	Homo sapiens	GTRD	No	Mm:Q6P9Q3;Rn:D3ZG35	Dr:A2BF92	-	Dr:E7FEA2
Q9HCK0	Q5VZB9	57684	63951	ZBTB26	DMRTA1	chromatin immunoprecipitation assay	27924024	Homo sapiens	GTRD	No	Mm:Q6P9Q3;Rn:D3ZG35	Dr:A2BF92	Mm:Q8CFG4;Rn:D3ZIZ0	-
Q9HCK0	J3QRW8	57684	-	ZBTB26	-	chromatin immunoprecipitation assay	27924024	Homo sapiens	GTRD	No	Mm:Q6P9Q3;Rn:D3ZG35	Dr:A2BF92	-	-
Q9HCK0	O15431	57684	1317	ZBTB26	SLC31A1	chromatin immunoprecipitation assay	27924024	Homo sapiens	GTRD	No	Mm:Q6P9Q3;Rn:D3ZG35	Dr:A2BF92	Ce:D6RYD3;Dm:M9NE97;Dr:F1QKH1;Mm:Q8K211;Rn:Q9JK41	-
Q9HCK0	Q07666	57684	10657	ZBTB26	KHDRBS1	chromatin immunoprecipitation assay	27924024	Homo sapiens	GTRD	No	Mm:Q6P9Q3;Rn:D3ZG35	Dr:A2BF92	Dr:Q6NW62;Mm:Q60749;Rn:Q91V33	-
Q9HCK0	Q8NBI6	57684	152002	ZBTB26	XXYLT1	chromatin immunoprecipitation assay	27924024	Homo sapiens	GTRD	No	Mm:Q6P9Q3;Rn:D3ZG35	Dr:A2BF92	Mm:Q3U4G3;Rn:D4ADL7	Dr:E7F9V4
Q9HCK0	A2RU67	57684	57613	ZBTB26	FAM234B	chromatin immunoprecipitation assay	27924024	Homo sapiens	GTRD	No	Mm:Q6P9Q3;Rn:D3ZG35	Dr:A2BF92	Dr:Q6NZ00;Mm:Q8BYI8;Rn:D3ZWJ9	-
Q9HCK0	P78504	57684	182	ZBTB26	JAG1	chromatin immunoprecipitation assay	27924024	Homo sapiens	GTRD	No	Mm:Q6P9Q3;Rn:D3ZG35	Dr:A2BF92	Dr:F1R986;Mm:Q9QXX0;Rn:G3V710	-
Q9HCK0	P53365	57684	23647	ZBTB26	ARFIP2	chromatin immunoprecipitation assay	27924024	Homo sapiens	GTRD	No	Mm:Q6P9Q3;Rn:D3ZG35	Dr:A2BF92	Dm:Q9VGQ8;Dr:Q567G5;Mm:Q8K221;Rn:Q6AY65	Dr:F1QJ24
Q9HCK0	P17031	57684	7574	ZBTB26	ZNF26	chromatin immunoprecipitation assay	27924024	Homo sapiens	GTRD	No	Mm:Q6P9Q3;Rn:D3ZG35	Dr:A2BF92	-	-
Q9HCK0	Q9Y662	57684	9953	ZBTB26	HS3ST3B1	chromatin immunoprecipitation assay	27924024	Homo sapiens	GTRD	No	Mm:Q6P9Q3;Rn:D3ZG35	Dr:A2BF92	-	-
Q9HCK0	Q8TC20	57684	285782	ZBTB26	CAGE1	chromatin immunoprecipitation assay	27924024	Homo sapiens	GTRD	No	Mm:Q6P9Q3;Rn:D3ZG35	Dr:A2BF92	Mm:Q5IR70;Rn:Q66HB6	-
Q9HCK0	Q9NSN8	57684	54212	ZBTB26	SNTG1	chromatin immunoprecipitation assay	27924024	Homo sapiens	GTRD	No	Mm:Q6P9Q3;Rn:D3ZG35	Dr:A2BF92	Mm:Q8BNW6	Rn:F1M2M1
Q9HCK0	Q9BWT7	57684	29775	ZBTB26	CARD10	chromatin immunoprecipitation assay	27924024	Homo sapiens	GTRD	No	Mm:Q6P9Q3;Rn:D3ZG35	Dr:A2BF92	Mm:P58660;Rn:D4A425	-
Q9HCK0	Q9GZU0	57684	81688	ZBTB26	C6orf62	chromatin immunoprecipitation assay	27924024	Homo sapiens	GTRD	No	Mm:Q6P9Q3;Rn:D3ZG35	Dr:A2BF92	Dr:Q1LU97;Mm:Q99LU8	Rn:Q7TP28
Q9HCK0	Q9Y2D2	57684	23443	ZBTB26	SLC35A3	chromatin immunoprecipitation assay	27924024	Homo sapiens	GTRD	No	Mm:Q6P9Q3;Rn:D3ZG35	Dr:A2BF92	-	-
Q9HCK0	Q96LR9	57684	81575	ZBTB26	APOLD1	chromatin immunoprecipitation assay	27924024	Homo sapiens	GTRD	No	Mm:Q6P9Q3;Rn:D3ZG35	Dr:A2BF92	Mm:E9Q0X2;Rn:Q6B959	-
Q9HCK0	Q8IVW1	57684	100506084;100996709;51326	ZBTB26	ARL17A;ARL17B	chromatin immunoprecipitation assay	27924024	Homo sapiens	GTRD	No	Mm:Q6P9Q3;Rn:D3ZG35	Dr:A2BF92	-	-
Q9HCK0	Q92562	57684	9896	ZBTB26	FIG4	chromatin immunoprecipitation assay	27924024	Homo sapiens	GTRD	No	Mm:Q6P9Q3;Rn:D3ZG35	Dr:A2BF92	-	-
Q9HCK0	O00590	57684	1238	ZBTB26	ACKR2	chromatin immunoprecipitation assay	27924024	Homo sapiens	GTRD	No	Mm:Q6P9Q3;Rn:D3ZG35	Dr:A2BF92	Mm:O08707;Rn:Q5U1W0	-
Q9HCK0	Q99538	57684	5641	ZBTB26	LGMN	chromatin immunoprecipitation assay	27924024	Homo sapiens	GTRD	No	Mm:Q6P9Q3;Rn:D3ZG35	Dr:A2BF92	Ce:G5EBF4;Dr:B8JHW0;Mm:O89017;Rn:Q5PPG2	-
Q9HCK0	K7ERS5	57684	-	ZBTB26	-	chromatin immunoprecipitation assay	27924024	Homo sapiens	GTRD	No	Mm:Q6P9Q3;Rn:D3ZG35	Dr:A2BF92	-	-
Q9HCK0	P55899	57684	2217	ZBTB26	FCGRT	chromatin immunoprecipitation assay	27924024	Homo sapiens	GTRD	No	Mm:Q6P9Q3;Rn:D3ZG35	Dr:A2BF92	Rn:P13599	Mm:Q6PKB0
Q9HCK0	A0PJE2	57684	79758	ZBTB26	DHRS12	chromatin immunoprecipitation assay	27924024	Homo sapiens	GTRD	No	Mm:Q6P9Q3;Rn:D3ZG35	Dr:A2BF92	Dr:B0UYL5	-
Q9HCK0	Q9BTE1	57684	84516	ZBTB26	DCTN5	chromatin immunoprecipitation assay	27924024	Homo sapiens	GTRD	No	Mm:Q6P9Q3;Rn:D3ZG35	Dr:A2BF92	Dm:Q9VJQ6;Dr:F1QSK5;Mm:Q9QZB9;Rn:G3V8C0	Ce:Q9N4I1
Q9HCK0	Q8N2A8	57684	201164	ZBTB26	PLD6	chromatin immunoprecipitation assay	27924024	Homo sapiens	GTRD	No	Mm:Q6P9Q3;Rn:D3ZG35	Dr:A2BF92	Mm:Q5SWZ9;Rn:D4ADQ2	Dr:A3KNW0
Q9HCK0	Q6UW68	57684	374882	ZBTB26	TMEM205	chromatin immunoprecipitation assay	27924024	Homo sapiens	GTRD	No	Mm:Q6P9Q3;Rn:D3ZG35	Dr:A2BF92	Dr:A1L2F6;Mm:Q91XE8;Rn:D3ZJZ0	Dm:M9PHP2
Q9HCK0	Q9Y5V0	57684	51123	ZBTB26	ZNF706	chromatin immunoprecipitation assay	27924024	Homo sapiens	GTRD	No	Mm:Q6P9Q3;Rn:D3ZG35	Dr:A2BF92	Ce:G5EDA6;Ce:G4S035;Dm:Q9VUU7;Dm:Q9VUU8;Dr:Q6TGY0;Dr:Q1LWW6;Mm:Q9D115;Rn:A0A0G2K1A1	-
Q9HCK0	Q99661	57684	11004	ZBTB26	KIF2C	chromatin immunoprecipitation assay	27924024	Homo sapiens	GTRD	No	Mm:Q6P9Q3;Rn:D3ZG35	Dr:A2BF92	Dr:A9JRA8;Mm:Q922S8;Rn:D3ZQG8	-
Q9HCK0	Q9Y561	57684	29967	ZBTB26	LRP12	chromatin immunoprecipitation assay	27924024	Homo sapiens	GTRD	No	Mm:Q6P9Q3;Rn:D3ZG35	Dr:A2BF92	Mm:Q8BUJ9;Rn:D3ZCF7	-
Q9HCK0	Q9NRN7	57684	60496	ZBTB26	AASDHPPT	chromatin immunoprecipitation assay	27924024	Homo sapiens	GTRD	No	Mm:Q6P9Q3;Rn:D3ZG35	Dr:A2BF92	Ce:Q22171;Dm:Q8SXB3;Dr:F1RCJ0;Mm:Q9CQF6;Rn:B2RYJ4	Ce:Q22856
Q9HCK0	Q8IYI0	57684	149840	ZBTB26	SHLD1	chromatin immunoprecipitation assay	27924024	Homo sapiens	GTRD	No	Mm:Q6P9Q3;Rn:D3ZG35	Dr:A2BF92	Mm:Q9D112;Rn:D3ZVK4	-
Q9HCK0	Q9BV47	57684	78986	ZBTB26	DUSP26	chromatin immunoprecipitation assay	27924024	Homo sapiens	GTRD	No	Mm:Q6P9Q3;Rn:D3ZG35	Dr:A2BF92	Mm:Q9D700;Rn:Q5FVI9	-
Q9HCK0	Q9ULJ8	57684	55607	ZBTB26	PPP1R9A	chromatin immunoprecipitation assay	27924024	Homo sapiens	GTRD	No	Mm:Q6P9Q3;Rn:D3ZG35	Dr:A2BF92	Dr:F6NTM9;Mm:H3BJD6;Rn:O35867	-
Q9HCK0	Q96T91	57684	170589	ZBTB26	GPHA2	chromatin immunoprecipitation assay	27924024	Homo sapiens	GTRD	No	Mm:Q6P9Q3;Rn:D3ZG35	Dr:A2BF92	Mm:Q925Q5	Dr:C6SUQ4;Rn:Q925Q4
Q9HCK0	P27105	57684	2040	ZBTB26	STOM	chromatin immunoprecipitation assay	27924024	Homo sapiens	GTRD	No	Mm:Q6P9Q3;Rn:D3ZG35	Dr:A2BF92	Mm:P54116;Rn:Q5XI04	Ce:H2KZ92;Dm:M9PEM4;Dm:X2JFR0;Dr:O93423
Q9HCK0	O75439	57684	9512	ZBTB26	PMPCB	chromatin immunoprecipitation assay	27924024	Homo sapiens	GTRD	No	Mm:Q6P9Q3;Rn:D3ZG35	Dr:A2BF92	Ce:Q23295;Dm:Q9VFF0;Dr:Q1L8E2;Mm:Q9CXT8;Rn:Q03346	-
Q9HCK0	A0A1W2PQU2	57684	-	ZBTB26	KANTR	chromatin immunoprecipitation assay	27924024	Homo sapiens	GTRD	No	Mm:Q6P9Q3;Rn:D3ZG35	Dr:A2BF92	Mm:A0A1W2P7I0	-
Q9HCK0	Q9NY26	57684	27173	ZBTB26	SLC39A1	chromatin immunoprecipitation assay	27924024	Homo sapiens	GTRD	No	Mm:Q6P9Q3;Rn:D3ZG35	Dr:A2BF92	Ce:O62192;Mm:Q9QZ03;Rn:B5DEF5	-
Q9HCK0	Q9C0K7	57684	55437	ZBTB26	STRADB	chromatin immunoprecipitation assay	27924024	Homo sapiens	GTRD	No	Mm:Q6P9Q3;Rn:D3ZG35	Dr:A2BF92	Dm:P83098;Dr:F1QQD8;Mm:Q8K4T3;Rn:D3ZVH0	-
Q9HCK0	P30304	57684	993	ZBTB26	CDC25A	chromatin immunoprecipitation assay	27924024	Homo sapiens	GTRD	No	Mm:Q6P9Q3;Rn:D3ZG35	Dr:A2BF92	Mm:P48964;Rn:G3V8T0	-
Q9HCK0	Q99437	57684	533	ZBTB26	ATP6V0B	chromatin immunoprecipitation assay	27924024	Homo sapiens	GTRD	No	Mm:Q6P9Q3;Rn:D3ZG35	Dr:A2BF92	Ce:G5EDB8;Dm:Q9VFE3;Dr:F1QYM3;Mm:Q91V37;Rn:B0K022;Sc:P23968	-
Q9HCK0	Q5TGI4	57684	389432	ZBTB26	SAMD5	chromatin immunoprecipitation assay	27924024	Homo sapiens	GTRD	No	Mm:Q6P9Q3;Rn:D3ZG35	Dr:A2BF92	Mm:A0A0R4J186	Rn:D3ZLM9
Q9HCK0	Q8IWF6	57684	201627	ZBTB26	DENND6A	chromatin immunoprecipitation assay	27924024	Homo sapiens	GTRD	No	Mm:Q6P9Q3;Rn:D3ZG35	Dr:A2BF92	Mm:Q8BH65;Rn:D4A544	-
Q9HCK0	Q13823	57684	29889	ZBTB26	GNL2	chromatin immunoprecipitation assay	27924024	Homo sapiens	GTRD	No	Mm:Q6P9Q3;Rn:D3ZG35	Dr:A2BF92	Ce:Q9XXN4;Dm:Q7JXU4;Dr:A0A0R4IXF1;Mm:Q99LH1;Rn:Q4KLJ3	-
Q9HCK0	O43184	57684	8038	ZBTB26	ADAM12	chromatin immunoprecipitation assay	27924024	Homo sapiens	GTRD	No	Mm:Q6P9Q3;Rn:D3ZG35	Dr:A2BF92	Mm:Q61824;Rn:F1M9Z9	Dr:E7FEZ4
Q9HCK0	P53778	57684	6300	ZBTB26	MAPK12	chromatin immunoprecipitation assay	27924024	Homo sapiens	GTRD	No	Mm:Q6P9Q3;Rn:D3ZG35	Dr:A2BF92	Dr:Q5RHW0;Mm:O08911	Rn:Q63538
Q9HCK0	Q8N660	57684	284565	ZBTB26	NBPF15	chromatin immunoprecipitation assay	27924024	Homo sapiens	GTRD	No	Mm:Q6P9Q3;Rn:D3ZG35	Dr:A2BF92	-	-
Q9HCK0	Q86YL5	57684	157695	ZBTB26	TDRP	chromatin immunoprecipitation assay	27924024	Homo sapiens	GTRD	No	Mm:Q6P9Q3;Rn:D3ZG35	Dr:A2BF92	Dr:A0A0R4IDJ7;Mm:Q8C5P7;Rn:Q498E2	-
Q9HCK0	Q7Z417	57684	57532	ZBTB26	NUFIP2	chromatin immunoprecipitation assay	27924024	Homo sapiens	GTRD	No	Mm:Q6P9Q3;Rn:D3ZG35	Dr:A2BF92	Mm:Q5F2E7;Rn:D3ZC82	Dr:E7FCK6;Rn:M0R4K6
Q9HCK0	Q15004	57684	9768	ZBTB26	PCLAF	chromatin immunoprecipitation assay	27924024	Homo sapiens	GTRD	No	Mm:Q6P9Q3;Rn:D3ZG35	Dr:A2BF92	-	-
Q9HCK0	P10244	57684	4605	ZBTB26	MYBL2	chromatin immunoprecipitation assay	27924024	Homo sapiens	GTRD	No	Mm:Q6P9Q3;Rn:D3ZG35	Dr:A2BF92	Dr:F1QGY5;Mm:P48972;Rn:D3ZLC6	-
Q9HCK0	Q96S90	57684	388695	ZBTB26	LYSMD1	chromatin immunoprecipitation assay	27924024	Homo sapiens	GTRD	No	Mm:Q6P9Q3;Rn:D3ZG35	Dr:A2BF92	Dr:F1R068;Mm:Q9D0E3;Rn:Q5HZA4	-
Q9HCK0	Q9BQB6	57684	79001	ZBTB26	VKORC1	chromatin immunoprecipitation assay	27924024	Homo sapiens	GTRD	No	Mm:Q6P9Q3;Rn:D3ZG35	Dr:A2BF92	Dr:E7F6X2	-
Q9HCK0	Q8TEP8	57684	55125	ZBTB26	CEP192	chromatin immunoprecipitation assay	27924024	Homo sapiens	GTRD	No	Mm:Q6P9Q3;Rn:D3ZG35	Dr:A2BF92	Dr:A0A0R4IEX1;Mm:E9Q4Y4	Rn:F1M5W3
Q9HCK0	Q9Y236	57684	734	ZBTB26	OSGIN2	chromatin immunoprecipitation assay	27924024	Homo sapiens	GTRD	No	Mm:Q6P9Q3;Rn:D3ZG35	Dr:A2BF92	Mm:Q3TEE9;Rn:D3ZB49	Dr:E9QEN3
Q9HCK0	Q6PJE2	57684	22932	ZBTB26	POMZP3	chromatin immunoprecipitation assay	27924024	Homo sapiens	GTRD	No	Mm:Q6P9Q3;Rn:D3ZG35	Dr:A2BF92	-	-
Q9HCK0	Q8IVF5	57684	26230	ZBTB26	TIAM2	chromatin immunoprecipitation assay	27924024	Homo sapiens	GTRD	No	Mm:Q6P9Q3;Rn:D3ZG35	Dr:A2BF92	Mm:Q6ZPF3;Rn:D3ZMS5	-
Q9HCK0	Q15742	57684	4665	ZBTB26	NAB2	chromatin immunoprecipitation assay	27924024	Homo sapiens	GTRD	No	Mm:Q6P9Q3;Rn:D3ZG35	Dr:A2BF92	Dr:A9JRC0;Mm:Q61127;Rn:D4A4F4	-
Q9HCK0	Q9ULM0	57684	57475	ZBTB26	PLEKHH1	chromatin immunoprecipitation assay	27924024	Homo sapiens	GTRD	No	Mm:Q6P9Q3;Rn:D3ZG35	Dr:A2BF92	Dm:Q9W5D0;Mm:Q80TI1;Rn:D4AA54	Dr:F1QZ17
Q9HCK0	P55082	57684	4238	ZBTB26	MFAP3	chromatin immunoprecipitation assay	27924024	Homo sapiens	GTRD	No	Mm:Q6P9Q3;Rn:D3ZG35	Dr:A2BF92	Mm:A0A0R4J1C7;Rn:Q6AYF7	-
Q9HCK0	O75461	57684	1876	ZBTB26	E2F6	chromatin immunoprecipitation assay	27924024	Homo sapiens	GTRD	No	Mm:Q6P9Q3;Rn:D3ZG35	Dr:A2BF92	Mm:O54917;Rn:D4ACR8	-
Q9HCK0	P53677	57684	10947	ZBTB26	AP3M2	chromatin immunoprecipitation assay	27924024	Homo sapiens	GTRD	No	Mm:Q6P9Q3;Rn:D3ZG35	Dr:A2BF92	Dm:O76928;Dr:A2CG10;Mm:Q8R2R9	Rn:V9GZ82
Q9HCK0	Q96BN8	57684	90268	ZBTB26	OTULIN	chromatin immunoprecipitation assay	27924024	Homo sapiens	GTRD	No	Mm:Q6P9Q3;Rn:D3ZG35	Dr:A2BF92	Mm:Q3UCV8;Rn:B0BMY6	-
Q9HCK0	Q9P016	57684	29087	ZBTB26	THYN1	chromatin immunoprecipitation assay	27924024	Homo sapiens	GTRD	No	Mm:Q6P9Q3;Rn:D3ZG35	Dr:A2BF92	Mm:Q91YJ3;Rn:Q6P3E0	Dr:F1QDP5
Q9HCK0	Q8TF32	57684	170959	ZBTB26	ZNF431	chromatin immunoprecipitation assay	27924024	Homo sapiens	GTRD	No	Mm:Q6P9Q3;Rn:D3ZG35	Dr:A2BF92	-	-
Q9HCK0	Q9BTT4	57684	84246	ZBTB26	MED10	chromatin immunoprecipitation assay	27924024	Homo sapiens	GTRD	No	Mm:Q6P9Q3;Rn:D3ZG35	Dr:A2BF92	Dm:Q9GYU7;Dr:Q0VIA1;Mm:Q9CXU0;Rn:D4A7K6;Sc:Q06213	Ce:P45966
Q9HCK0	O15519	57684	8837	ZBTB26	CFLAR	chromatin immunoprecipitation assay	27924024	Homo sapiens	GTRD	No	Mm:Q6P9Q3;Rn:D3ZG35	Dr:A2BF92	Dr:F1R706;Mm:O35732;Rn:C0H5Y5	-
Q9HCK0	Q8IYX3	57684	164592	ZBTB26	CCDC116	chromatin immunoprecipitation assay	27924024	Homo sapiens	GTRD	No	Mm:Q6P9Q3;Rn:D3ZG35	Dr:A2BF92	Mm:Q80X53	Rn:Q4V8B5
Q9HCK0	Q8IY84	57684	167359	ZBTB26	NIM1K	chromatin immunoprecipitation assay	27924024	Homo sapiens	GTRD	No	Mm:Q6P9Q3;Rn:D3ZG35	Dr:A2BF92	Ce:O17879;Dr:E7F7X7;Mm:Q8BHI9;Rn:D4A9H8	-
Q9HCK0	M0QY33	57684	-	ZBTB26	-	chromatin immunoprecipitation assay	27924024	Homo sapiens	GTRD	No	Mm:Q6P9Q3;Rn:D3ZG35	Dr:A2BF92	-	-
Q9HCK0	Q96CQ1	57684	55186	ZBTB26	SLC25A36	chromatin immunoprecipitation assay	27924024	Homo sapiens	GTRD	No	Mm:Q6P9Q3;Rn:D3ZG35	Dr:A2BF92	Dr:X1WCX5;Dr:Q6DG32;Mm:Q922G0;Rn:D4ACN9	Dm:M9NDD0
Q9HCK0	Q96C12	57684	79798	ZBTB26	ARMC5	chromatin immunoprecipitation assay	27924024	Homo sapiens	GTRD	No	Mm:Q6P9Q3;Rn:D3ZG35	Dr:A2BF92	-	-
Q9HCK0	A1Z1Q3	57684	140733	ZBTB26	MACROD2	chromatin immunoprecipitation assay	27924024	Homo sapiens	GTRD	No	Mm:Q6P9Q3;Rn:D3ZG35	Dr:A2BF92	-	-
Q9HCK0	Q6DHV7	57684	161823	ZBTB26	ADAL	chromatin immunoprecipitation assay	27924024	Homo sapiens	GTRD	No	Mm:Q6P9Q3;Rn:D3ZG35	Dr:A2BF92	Ce:Q8IG39;Dm:Q9VHH7;Mm:Q80SY6	Dr:F1R0X5
Q9HCK0	Q8N335	57684	23171	ZBTB26	GPD1L	chromatin immunoprecipitation assay	27924024	Homo sapiens	GTRD	No	Mm:Q6P9Q3;Rn:D3ZG35	Dr:A2BF92	Dr:Q5XIZ6;Mm:Q3ULJ0;Rn:D3ZAP9	-
Q9HCK0	P48357	57684	3953	ZBTB26	LEPR	chromatin immunoprecipitation assay	27924024	Homo sapiens	GTRD	No	Mm:Q6P9Q3;Rn:D3ZG35	Dr:A2BF92	Dr:F1QUB9;Mm:P48356	-
Q9HCK0	O43597	57684	10253	ZBTB26	SPRY2	chromatin immunoprecipitation assay	27924024	Homo sapiens	GTRD	No	Mm:Q6P9Q3;Rn:D3ZG35	Dr:A2BF92	Dr:F1QU39;Mm:Q9QXV8;Rn:Q5HZA2	-
Q9HCK0	Q13621	57684	6557	ZBTB26	SLC12A1	chromatin immunoprecipitation assay	27924024	Homo sapiens	GTRD	No	Mm:Q6P9Q3;Rn:D3ZG35	Dr:A2BF92	Mm:A2AQ51	Dr:A0A0R4IYN4;Rn:A0A0G2K4K4
Q9HCK0	Q96P65	57684	84109	ZBTB26	QRFPR	chromatin immunoprecipitation assay	27924024	Homo sapiens	GTRD	No	Mm:Q6P9Q3;Rn:D3ZG35	Dr:A2BF92	Mm:P83861;Mm:G3UWA8;Rn:P83858	Rn:D3Z8C2
Q9HCK0	Q9BWF3	57684	5936	ZBTB26	RBM4	chromatin immunoprecipitation assay	27924024	Homo sapiens	GTRD	No	Mm:Q6P9Q3;Rn:D3ZG35	Dr:A2BF92	-	-
Q9HCK0	Q8IWU9	57684	121278	ZBTB26	TPH2	chromatin immunoprecipitation assay	27924024	Homo sapiens	GTRD	No	Mm:Q6P9Q3;Rn:D3ZG35	Dr:A2BF92	Dr:Q1LUE3;Mm:Q8CGV2;Rn:Q8CGU9	-
Q9HCK0	Q99973	57684	7011	ZBTB26	TEP1	chromatin immunoprecipitation assay	27924024	Homo sapiens	GTRD	No	Mm:Q6P9Q3;Rn:D3ZG35	Dr:A2BF92	Mm:P97499;Rn:A0A0G2JT33	-
Q9HCK0	Q5BKX6	57684	57210	ZBTB26	SLC45A4	chromatin immunoprecipitation assay	27924024	Homo sapiens	GTRD	No	Mm:Q6P9Q3;Rn:D3ZG35	Dr:A2BF92	-	-
Q9HCK0	Q9NZD2	57684	51228	ZBTB26	GLTP	chromatin immunoprecipitation assay	27924024	Homo sapiens	GTRD	No	Mm:Q6P9Q3;Rn:D3ZG35	Dr:A2BF92	Ce:Q9BKS2;Dm:Q9VXV1;Dr:A2BG43;Mm:Q9JL62;Rn:B0BNM9	-
Q9HCK0	Q8NEM0	57684	79648	ZBTB26	MCPH1	chromatin immunoprecipitation assay	27924024	Homo sapiens	GTRD	No	Mm:Q6P9Q3;Rn:D3ZG35	Dr:A2BF92	Dm:E1JH39;Mm:Q7TT79;Rn:D3ZJM7	-
Q9HCK0	Q15417	57684	1266	ZBTB26	CNN3	chromatin immunoprecipitation assay	27924024	Homo sapiens	GTRD	No	Mm:Q6P9Q3;Rn:D3ZG35	Dr:A2BF92	Dr:Q7T303;Dr:Q32PU2;Mm:Q9DAW9;Rn:P37397	-
Q9HCK0	Q6ZN06	57684	126017	ZBTB26	ZNF813	chromatin immunoprecipitation assay	27924024	Homo sapiens	GTRD	No	Mm:Q6P9Q3;Rn:D3ZG35	Dr:A2BF92	Mm:A0A087WQI7	-
Q9HCK0	Q9UIJ5	57684	51201	ZBTB26	ZDHHC2	chromatin immunoprecipitation assay	27924024	Homo sapiens	GTRD	No	Mm:Q6P9Q3;Rn:D3ZG35	Dr:A2BF92	Dr:Q5BLG4;Mm:P59267;Rn:Q9JKR5	-
Q9HCK0	Q8TAA1	57684	122651	ZBTB26	RNASE11	chromatin immunoprecipitation assay	27924024	Homo sapiens	GTRD	No	Mm:Q6P9Q3;Rn:D3ZG35	Dr:A2BF92	Mm:Q5GAM9	Rn:Q5GAL9
Q9HCK0	P17980	57684	5702	ZBTB26	PSMC3	chromatin immunoprecipitation assay	27924024	Homo sapiens	GTRD	No	Mm:Q6P9Q3;Rn:D3ZG35	Dr:A2BF92	Ce:O76371;Dm:Q9V3V6;Mm:O88685;Rn:Q6P6U2;Sc:P33297	Dr:F1QUQ7
Q9HCK0	K7ERE1	57684	-	ZBTB26	TMEM256-PLSCR3	chromatin immunoprecipitation assay	27924024	Homo sapiens	GTRD	No	Mm:Q6P9Q3;Rn:D3ZG35	Dr:A2BF92	-	-
Q9HCK0	Q9NVR2	57684	55174	ZBTB26	INTS10	chromatin immunoprecipitation assay	27924024	Homo sapiens	GTRD	No	Mm:Q6P9Q3;Rn:D3ZG35	Dr:A2BF92	Dm:Q9VZM7;Rn:A0A0G2K8E5	Dr:F1QX18;Mm:A0A0R4J0V1
Q9HCK0	Q8TC07	57684	64786	ZBTB26	TBC1D15	chromatin immunoprecipitation assay	27924024	Homo sapiens	GTRD	No	Mm:Q6P9Q3;Rn:D3ZG35	Dr:A2BF92	Dr:F1QGW7;Mm:Q9CXF4;Rn:F7EZ89	-
Q9HCK0	A0AVT1	57684	55236	ZBTB26	UBA6	chromatin immunoprecipitation assay	27924024	Homo sapiens	GTRD	No	Mm:Q6P9Q3;Rn:D3ZG35	Dr:A2BF92	Dr:E9QF30;Mm:Q8C7R4;Rn:D4A8H3	-
Q9HCK0	O15541	57684	7737	ZBTB26	RNF113A	chromatin immunoprecipitation assay	27924024	Homo sapiens	GTRD	No	Mm:Q6P9Q3;Rn:D3ZG35	Dr:A2BF92	Dr:Q6DRF0;Mm:Q14B01;Mm:Q8R3P8	Ce:O17917;Rn:Q5PPN1
Q9HCK0	Q9UPN3	57684	23499	ZBTB26	MACF1	chromatin immunoprecipitation assay	27924024	Homo sapiens	GTRD	No	Mm:Q6P9Q3;Rn:D3ZG35	Dr:A2BF92	-	-
Q9HCK0	Q9NXA8	57684	23408	ZBTB26	SIRT5	chromatin immunoprecipitation assay	27924024	Homo sapiens	GTRD	No	Mm:Q6P9Q3;Rn:D3ZG35	Dr:A2BF92	Mm:Q8K2C6;Rn:Q68FX9	Dr:Q6DHI5
Q9HCK0	O75874	57684	3417	ZBTB26	IDH1	chromatin immunoprecipitation assay	27924024	Homo sapiens	GTRD	No	Mm:Q6P9Q3;Rn:D3ZG35	Dr:A2BF92	Ce:H9G2T4;Dr:B0UXL2;Mm:O88844;Rn:P41562	-
Q9HCK0	Q01101	57684	3642	ZBTB26	INSM1	chromatin immunoprecipitation assay	27924024	Homo sapiens	GTRD	No	Mm:Q6P9Q3;Rn:D3ZG35	Dr:A2BF92	Dr:Q7T3H2;Mm:Q63ZV0	Dr:F8W3Z6
Q9HCK0	P15121	57684	231	ZBTB26	AKR1B1	chromatin immunoprecipitation assay	27924024	Homo sapiens	GTRD	No	Mm:Q6P9Q3;Rn:D3ZG35	Dr:A2BF92	Dr:Q5RH67;Mm:P45376;Rn:P07943	Dr:Q5TYY5
Q9HCK0	P13716	57684	210	ZBTB26	ALAD	chromatin immunoprecipitation assay	27924024	Homo sapiens	GTRD	No	Mm:Q6P9Q3;Rn:D3ZG35	Dr:A2BF92	Dm:Q9VTV9;Dr:A0A0R4IPV1;Mm:P10518;Rn:P06214;Sc:P05373	-
Q9HCK0	Q8TD30	57684	84706	ZBTB26	GPT2	chromatin immunoprecipitation assay	27924024	Homo sapiens	GTRD	No	Mm:Q6P9Q3;Rn:D3ZG35	Dr:A2BF92	Dr:F1R6D2;Mm:Q8BGT5;Sc:P52892;Sc:P52893	Dm:Q7KV27;Rn:A0A0G2JV84
Q9HCK0	Q8N972	57684	163051	ZBTB26	ZNF709	chromatin immunoprecipitation assay	27924024	Homo sapiens	GTRD	No	Mm:Q6P9Q3;Rn:D3ZG35	Dr:A2BF92	-	-
Q9HCK0	P20340	57684	5870	ZBTB26	RAB6A	chromatin immunoprecipitation assay	27924024	Homo sapiens	GTRD	No	Mm:Q6P9Q3;Rn:D3ZG35	Dr:A2BF92	Dm:O18334;Mm:P35279;Rn:Q9WVB1	Dr:A9ULS4
Q9HCK0	Q9BRT2	57684	84300	ZBTB26	UQCC2	chromatin immunoprecipitation assay	27924024	Homo sapiens	GTRD	No	Mm:Q6P9Q3;Rn:D3ZG35	Dr:A2BF92	Dr:Q6PBU7;Mm:Q9CQY6;Rn:B5DFN3	Rn:D3Z949
Q9HCK0	Q6IBS0	57684	11344	ZBTB26	TWF2	chromatin immunoprecipitation assay	27924024	Homo sapiens	GTRD	No	Mm:Q6P9Q3;Rn:D3ZG35	Dr:A2BF92	Mm:Q9Z0P5;Rn:B0BMY7	-
Q9HCK0	Q9UNK9	57684	23357	ZBTB26	ANGEL1	chromatin immunoprecipitation assay	27924024	Homo sapiens	GTRD	No	Mm:Q6P9Q3;Rn:D3ZG35	Dr:A2BF92	Dr:E7F7F7;Mm:Q8VCU0	Rn:A0A0G2K3W9
Q9HCK0	Q9Y3E2	57684	51027	ZBTB26	BOLA1	chromatin immunoprecipitation assay	27924024	Homo sapiens	GTRD	No	Mm:Q6P9Q3;Rn:D3ZG35	Dr:A2BF92	Ce:P91375;Dm:Q9VC53;Mm:Q9D8S9;Rn:Q06C60	Dr:F1R2T4
Q9HCK0	Q2QGD7	57684	79364	ZBTB26	ZXDC	chromatin immunoprecipitation assay	27924024	Homo sapiens	GTRD	No	Mm:Q6P9Q3;Rn:D3ZG35	Dr:A2BF92	Mm:Q8C8V1;Rn:D3ZYP0	-
Q9HCK0	G3V4G9	57684	-	ZBTB26	-	chromatin immunoprecipitation assay	27924024	Homo sapiens	GTRD	No	Mm:Q6P9Q3;Rn:D3ZG35	Dr:A2BF92	-	-
Q9HCK0	Q96GR4	57684	84885	ZBTB26	ZDHHC12	chromatin immunoprecipitation assay	27924024	Homo sapiens	GTRD	No	Mm:Q6P9Q3;Rn:D3ZG35	Dr:A2BF92	Mm:Q8VC90;Rn:Q6DGF5	Dr:E7F021
Q9HCK0	Q9BTC8	57684	57504	ZBTB26	MTA3	chromatin immunoprecipitation assay	27924024	Homo sapiens	GTRD	No	Mm:Q6P9Q3;Rn:D3ZG35	Dr:A2BF92	Mm:Q924K8;Rn:A0A0G2JTK6	-
Q9HCK0	Q9H089	57684	55341	ZBTB26	LSG1	chromatin immunoprecipitation assay	27924024	Homo sapiens	GTRD	No	Mm:Q6P9Q3;Rn:D3ZG35	Dr:A2BF92	Dm:Q9W590;Dr:A0A0R4IIR9;Mm:Q3UM18;Rn:Q5BJT6;Sc:P53145	-
Q9HCK0	Q9Y548	57684	54432	ZBTB26	YIPF1	chromatin immunoprecipitation assay	27924024	Homo sapiens	GTRD	No	Mm:Q6P9Q3;Rn:D3ZG35	Dr:A2BF92	Dm:Q9VYI1;Dr:Q68EH1;Mm:Q91VU1;Rn:Q6P6G5	-
Q9HCK0	Q8TBP5	57684	345757	ZBTB26	FAM174A	chromatin immunoprecipitation assay	27924024	Homo sapiens	GTRD	No	Mm:Q6P9Q3;Rn:D3ZG35	Dr:A2BF92	Mm:Q9D3L0	Rn:A0A0G2K5Z9
Q9HCK0	O15440	57684	10057	ZBTB26	ABCC5	chromatin immunoprecipitation assay	27924024	Homo sapiens	GTRD	No	Mm:Q6P9Q3;Rn:D3ZG35	Dr:A2BF92	Dr:E7EYG0;Mm:Q9R1X5;Rn:A0A0G2K6R4	-
Q9HCK0	O43395	57684	9129	ZBTB26	PRPF3	chromatin immunoprecipitation assay	27924024	Homo sapiens	GTRD	No	Mm:Q6P9Q3;Rn:D3ZG35	Dr:A2BF92	Dr:Q6DRF8;Mm:Q922U1;Rn:A0A0G2JTI7	-
Q9HCK0	Q8NBJ5	57684	79709	ZBTB26	COLGALT1	chromatin immunoprecipitation assay	27924024	Homo sapiens	GTRD	No	Mm:Q6P9Q3;Rn:D3ZG35	Dr:A2BF92	Dr:A5PMF6;Mm:Q8K297;Rn:B1H282	Dr:X1WCE6
Q9HCK0	Q05655	57684	5580	ZBTB26	PRKCD	chromatin immunoprecipitation assay	27924024	Homo sapiens	GTRD	No	Mm:Q6P9Q3;Rn:D3ZG35	Dr:A2BF92	Dr:E7F4L5;Mm:P28867;Rn:A0A140UHX0	Dr:Q7ZUC5
Q9HCK0	P17655	57684	824	ZBTB26	CAPN2	chromatin immunoprecipitation assay	27924024	Homo sapiens	GTRD	No	Mm:Q6P9Q3;Rn:D3ZG35	Dr:A2BF92	Mm:O08529;Rn:Q07009	Dr:Q561U0
Q9HCK0	Q12894	57684	7866	ZBTB26	IFRD2	chromatin immunoprecipitation assay	27924024	Homo sapiens	GTRD	No	Mm:Q6P9Q3;Rn:D3ZG35	Dr:A2BF92	-	-
Q9HCK0	Q8WVF1	57684	127700	ZBTB26	OSCP1	chromatin immunoprecipitation assay	27924024	Homo sapiens	GTRD	No	Mm:Q6P9Q3;Rn:D3ZG35	Dr:A2BF92	Dr:A0A0G2L033;Mm:Q8BHW2;Rn:Q4QQS3	-
Q9HCK0	Q7Z628	57684	10276	ZBTB26	NET1	chromatin immunoprecipitation assay	27924024	Homo sapiens	GTRD	No	Mm:Q6P9Q3;Rn:D3ZG35	Dr:A2BF92	Mm:Q9Z206;Rn:Q498M6	Dr:Q5RHT8
Q9HCK0	Q96F24	57684	29982	ZBTB26	NRBF2	chromatin immunoprecipitation assay	27924024	Homo sapiens	GTRD	No	Mm:Q6P9Q3;Rn:D3ZG35	Dr:A2BF92	Mm:Q8VCQ3;Rn:G3V622	Dr:Q6DHJ4
Q9HCK0	A0A1B0GVN3	57684	-	ZBTB26	C2orf92	chromatin immunoprecipitation assay	27924024	Homo sapiens	GTRD	No	Mm:Q6P9Q3;Rn:D3ZG35	Dr:A2BF92	Mm:A0A140LIP3	-
Q9HCK0	P30414	57684	4820	ZBTB26	NKTR	chromatin immunoprecipitation assay	27924024	Homo sapiens	GTRD	No	Mm:Q6P9Q3;Rn:D3ZG35	Dr:A2BF92	Dr:E7F5I0;Mm:P30415;Rn:M0R991	-
Q9HCK0	Q99547	57684	10200	ZBTB26	MPHOSPH6	chromatin immunoprecipitation assay	27924024	Homo sapiens	GTRD	No	Mm:Q6P9Q3;Rn:D3ZG35	Dr:A2BF92	Dm:Q95PE4;Mm:Q9D1Q1;Rn:B2RYS3	Dr:Q6DBY4
Q9HCK0	Q8TAP4	57684	55885	ZBTB26	LMO3	chromatin immunoprecipitation assay	27924024	Homo sapiens	GTRD	No	Mm:Q6P9Q3;Rn:D3ZG35	Dr:A2BF92	Rn:M0R4L0	Dr:B0R1F3;Mm:E9PWI9
Q9HCK0	P29973	57684	1259	ZBTB26	CNGA1	chromatin immunoprecipitation assay	27924024	Homo sapiens	GTRD	No	Mm:Q6P9Q3;Rn:D3ZG35	Dr:A2BF92	-	-
Q9HCK0	O43294	57684	7041	ZBTB26	TGFB1I1	chromatin immunoprecipitation assay	27924024	Homo sapiens	GTRD	No	Mm:Q6P9Q3;Rn:D3ZG35	Dr:A2BF92	Mm:Q62219	Rn:Q99PD6
Q9HCK0	Q96MV1	57684	148534	ZBTB26	TLCD4	chromatin immunoprecipitation assay	27924024	Homo sapiens	GTRD	No	Mm:Q6P9Q3;Rn:D3ZG35	Dr:A2BF92	Dr:A0A0R4IJ79;Dr:F1Q640;Mm:Q8CGF5;Rn:D4AAE5	-
Q9HCK0	Q9BTF0	57684	80745	ZBTB26	THUMPD2	chromatin immunoprecipitation assay	27924024	Homo sapiens	GTRD	No	Mm:Q6P9Q3;Rn:D3ZG35	Dr:A2BF92	Mm:Q9CZB3;Rn:D4A475	Dr:X1WET5
Q9HCK0	P78412	57684	79190	ZBTB26	IRX6	chromatin immunoprecipitation assay	27924024	Homo sapiens	GTRD	No	Mm:Q6P9Q3;Rn:D3ZG35	Dr:A2BF92	-	Mm:Q8BFT1;Rn:D4A7R4
Q9HCK0	Q56P03	57684	55837	ZBTB26	EAPP	chromatin immunoprecipitation assay	27924024	Homo sapiens	GTRD	No	Mm:Q6P9Q3;Rn:D3ZG35	Dr:A2BF92	Dr:F1QEZ7;Mm:Q5BU09;Rn:B5DF09	-
Q9HCK0	Q9P2R6	57684	473	ZBTB26	RERE	chromatin immunoprecipitation assay	27924024	Homo sapiens	GTRD	No	Mm:Q6P9Q3;Rn:D3ZG35	Dr:A2BF92	Mm:Q80TZ9;Rn:Q62901	Dr:F1QQN6
Q9HCK0	Q9P227	57684	57636	ZBTB26	ARHGAP23	chromatin immunoprecipitation assay	27924024	Homo sapiens	GTRD	No	Mm:Q6P9Q3;Rn:D3ZG35	Dr:A2BF92	-	Mm:B1AQY2;Rn:F1M2D4
Q9HCK0	Q9Y570	57684	51400	ZBTB26	PPME1	chromatin immunoprecipitation assay	27924024	Homo sapiens	GTRD	No	Mm:Q6P9Q3;Rn:D3ZG35	Dr:A2BF92	Ce:Q9BIB3;Dm:Q95R98;Dr:Q7ZV37;Mm:Q8BVQ5;Rn:Q4FZT2;Sc:P38796	-
Q9HCK0	Q86TL0	57684	84971	ZBTB26	ATG4D	chromatin immunoprecipitation assay	27924024	Homo sapiens	GTRD	No	Mm:Q6P9Q3;Rn:D3ZG35	Dr:A2BF92	Dr:R4GER2;Mm:Q8BGV9;Rn:M0R5T6	Ce:Q9U1N6
Q9HCK0	O95631	57684	9423	ZBTB26	NTN1	chromatin immunoprecipitation assay	27924024	Homo sapiens	GTRD	No	Mm:Q6P9Q3;Rn:D3ZG35	Dr:A2BF92	Ce:P34710;Dr:O42140;Mm:O09118;Rn:F1LPC8	Dm:M9NF48
Q9HCK0	Q5VV41	57684	27237	ZBTB26	ARHGEF16	chromatin immunoprecipitation assay	27924024	Homo sapiens	GTRD	No	Mm:Q6P9Q3;Rn:D3ZG35	Dr:A2BF92	Mm:Q3U5C8;Rn:B2GUW2	-
Q9HCK0	P51991	57684	220988	ZBTB26	HNRNPA3	chromatin immunoprecipitation assay	27924024	Homo sapiens	GTRD	No	Mm:Q6P9Q3;Rn:D3ZG35	Dr:A2BF92	Mm:Q8BG05;Rn:Q6URK4	Dr:B0V1I7
Q9HCK0	O75448	57684	9862	ZBTB26	MED24	chromatin immunoprecipitation assay	27924024	Homo sapiens	GTRD	No	Mm:Q6P9Q3;Rn:D3ZG35	Dr:A2BF92	Dm:Q9VSF2;Dr:Q2PW47;Mm:Q99K74;Rn:Q4V8B3	-
Q9HCK0	Q9NY35	57684	56650	ZBTB26	CLDND1	chromatin immunoprecipitation assay	27924024	Homo sapiens	GTRD	No	Mm:Q6P9Q3;Rn:D3ZG35	Dr:A2BF92	-	-
Q9HCK0	Q7L5D6	57684	51608	ZBTB26	GET4	chromatin immunoprecipitation assay	27924024	Homo sapiens	GTRD	No	Mm:Q6P9Q3;Rn:D3ZG35	Dr:A2BF92	Ce:Q19824;Dm:Q9VN19;Dr:F1R3Y3;Mm:Q9D1H7;Rn:F1LXF5;Sc:Q12125	-
Q9HCK0	Q9UHY7	57684	58478	ZBTB26	ENOPH1	chromatin immunoprecipitation assay	27924024	Homo sapiens	GTRD	No	Mm:Q6P9Q3;Rn:D3ZG35	Dr:A2BF92	Ce:Q21012;Dm:Q9VN95;Dr:Q6GMI7;Mm:Q8BGB7;Rn:Q5PPH0;Sc:P32626	-
Q9HCK0	P52907	57684	829	ZBTB26	CAPZA1	chromatin immunoprecipitation assay	27924024	Homo sapiens	GTRD	No	Mm:Q6P9Q3;Rn:D3ZG35	Dr:A2BF92	Dr:Q6NWK1;Mm:Q5RKN9;Rn:B2GUZ5	-
Q9HCK0	Q96HD1	57684	78987	ZBTB26	CRELD1	chromatin immunoprecipitation assay	27924024	Homo sapiens	GTRD	No	Mm:Q6P9Q3;Rn:D3ZG35	Dr:A2BF92	Mm:Q91XD7;Rn:Q4V7F2	-
Q9HCK0	Q15628	57684	8717	ZBTB26	TRADD	chromatin immunoprecipitation assay	27924024	Homo sapiens	GTRD	No	Mm:Q6P9Q3;Rn:D3ZG35	Dr:A2BF92	Mm:Q3U0V2	Dr:Q9I9N5;Rn:D3ZZC5
Q9HCK0	O15014	57684	23060	ZBTB26	ZNF609	chromatin immunoprecipitation assay	27924024	Homo sapiens	GTRD	No	Mm:Q6P9Q3;Rn:D3ZG35	Dr:A2BF92	Dr:F1QRV8;Mm:Q8BZ47	Dr:A0A0G2KSU4;Rn:D4ACN4
Q9HCK0	Q15013	57684	9587	ZBTB26	MAD2L1BP	chromatin immunoprecipitation assay	27924024	Homo sapiens	GTRD	No	Mm:Q6P9Q3;Rn:D3ZG35	Dr:A2BF92	Mm:Q9DCX1	Rn:Q5I0J2
Q9HCK0	P10253	57684	2548	ZBTB26	GAA	chromatin immunoprecipitation assay	27924024	Homo sapiens	GTRD	No	Mm:Q6P9Q3;Rn:D3ZG35	Dr:A2BF92	Mm:P70699;Rn:M0R544	-
Q9HCK0	Q9UKK6	57684	29107	ZBTB26	NXT1	chromatin immunoprecipitation assay	27924024	Homo sapiens	GTRD	No	Mm:Q6P9Q3;Rn:D3ZG35	Dr:A2BF92	Mm:Q9QZV9;Rn:B2RZ65	-
Q9HCK0	P29033	57684	2706	ZBTB26	GJB2	chromatin immunoprecipitation assay	27924024	Homo sapiens	GTRD	No	Mm:Q6P9Q3;Rn:D3ZG35	Dr:A2BF92	Dr:Q503F4;Mm:Q00977;Rn:P21994	-
Q9HCK0	Q13608	57684	5190	ZBTB26	PEX6	chromatin immunoprecipitation assay	27924024	Homo sapiens	GTRD	No	Mm:Q6P9Q3;Rn:D3ZG35	Dr:A2BF92	Dr:F1QMB0;Mm:Q99LC9;Rn:P54777	-
Q9HCK0	O75347	57684	6902	ZBTB26	TBCA	chromatin immunoprecipitation assay	27924024	Homo sapiens	GTRD	No	Mm:Q6P9Q3;Rn:D3ZG35	Dr:A2BF92	Ce:Q95XR1;Dm:Q9V9U7;Mm:P48428;Rn:Q6PEC1;Rn:F1M825;Sc:P48606	Dr:Q7ZV25
Q9HCK0	P24468	57684	7026	ZBTB26	NR2F2	chromatin immunoprecipitation assay	27924024	Homo sapiens	GTRD	No	Mm:Q6P9Q3;Rn:D3ZG35	Dr:A2BF92	Mm:P43135;Rn:O09018	-
Q9HCK0	Q9Y2T4	57684	5522	ZBTB26	PPP2R2C	chromatin immunoprecipitation assay	27924024	Homo sapiens	GTRD	No	Mm:Q6P9Q3;Rn:D3ZG35	Dr:A2BF92	Mm:Q8BG02;Rn:A0A0G2JWY9	-
Q9HCK0	Q8N4T4	57684	84904	ZBTB26	ARHGEF39	chromatin immunoprecipitation assay	27924024	Homo sapiens	GTRD	No	Mm:Q6P9Q3;Rn:D3ZG35	Dr:A2BF92	Dr:B0R089;Mm:Q66JY6;Rn:B0BN40	-
Q9HCK0	P01732	57684	925	ZBTB26	CD8A	chromatin immunoprecipitation assay	27924024	Homo sapiens	GTRD	No	Mm:Q6P9Q3;Rn:D3ZG35	Dr:A2BF92	Mm:P01731	Rn:P07725
Q9HCK0	Q15751	57684	8925	ZBTB26	HERC1	chromatin immunoprecipitation assay	27924024	Homo sapiens	GTRD	No	Mm:Q6P9Q3;Rn:D3ZG35	Dr:A2BF92	Mm:E9PZP8;Rn:A0A0G2JTT6	Dr:E7FBA7
Q9HCK0	P08708	57684	6218	ZBTB26	RPS17	chromatin immunoprecipitation assay	27924024	Homo sapiens	GTRD	No	Mm:Q6P9Q3;Rn:D3ZG35	Dr:A2BF92	Ce:O01692;Dm:P17704;Dr:Q5BJA1;Mm:P63276;Rn:D3ZHU9;Sc:P14127;Sc:P02407	Rn:D3ZFA8;Rn:P04644
Q9HCK0	Q10571	57684	4330	ZBTB26	MN1	chromatin immunoprecipitation assay	27924024	Homo sapiens	GTRD	No	Mm:Q6P9Q3;Rn:D3ZG35	Dr:A2BF92	Dm:Q9W3G1;Dr:B8JKI7;Mm:D3YWE6;Rn:D4AAP6	-
Q9HCK0	Q96GD0	57684	57026	ZBTB26	PDXP	chromatin immunoprecipitation assay	27924024	Homo sapiens	GTRD	No	Mm:Q6P9Q3;Rn:D3ZG35	Dr:A2BF92	Dm:Q9VZW4;Dr:B3DI21;Mm:P60487;Rn:M0R416	-
Q9HCK0	O15528	57684	1594	ZBTB26	CYP27B1	chromatin immunoprecipitation assay	27924024	Homo sapiens	GTRD	No	Mm:Q6P9Q3;Rn:D3ZG35	Dr:A2BF92	Dm:Q9V5L3;Dr:A0A140LGN8;Mm:O35084	Rn:M0R3V1;Rn:A0A0G2K339
Q9HCK0	Q15527	57684	6835	ZBTB26	SURF2	chromatin immunoprecipitation assay	27924024	Homo sapiens	GTRD	No	Mm:Q6P9Q3;Rn:D3ZG35	Dr:A2BF92	-	-
Q9HCK0	Q6TDU7	57684	55259	ZBTB26	CASC1	chromatin immunoprecipitation assay	27924024	Homo sapiens	GTRD	No	Mm:Q6P9Q3;Rn:D3ZG35	Dr:A2BF92	-	-
Q9HCK0	Q13507	57684	7222	ZBTB26	TRPC3	chromatin immunoprecipitation assay	27924024	Homo sapiens	GTRD	No	Mm:Q6P9Q3;Rn:D3ZG35	Dr:A2BF92	Mm:B1ATV3;Rn:A0A0G2KAL8	-
Q9HCK0	Q96I36	57684	84987	ZBTB26	COX14	chromatin immunoprecipitation assay	27924024	Homo sapiens	GTRD	No	Mm:Q6P9Q3;Rn:D3ZG35	Dr:A2BF92	Mm:Q8BH51;Rn:Q5XFV8	-
Q9HCK0	Q9H2Y9	57684	81796	ZBTB26	SLCO5A1	chromatin immunoprecipitation assay	27924024	Homo sapiens	GTRD	No	Mm:Q6P9Q3;Rn:D3ZG35	Dr:A2BF92	Dr:E7F2I7;Mm:E9PVD9;Rn:D3ZZM7	-
Q9HCK0	Q8TD17	57684	57541	ZBTB26	ZNF398	chromatin immunoprecipitation assay	27924024	Homo sapiens	GTRD	No	Mm:Q6P9Q3;Rn:D3ZG35	Dr:A2BF92	Mm:Q8BV16;Rn:D3ZGH2	-
Q9HCK0	Q8N344	57684	54531	ZBTB26	MIER2	chromatin immunoprecipitation assay	27924024	Homo sapiens	GTRD	No	Mm:Q6P9Q3;Rn:D3ZG35	Dr:A2BF92	Mm:Q3U3N0	Rn:D3ZR39
Q9HCK0	Q3ZCQ8	57684	92609	ZBTB26	TIMM50	chromatin immunoprecipitation assay	27924024	Homo sapiens	GTRD	No	Mm:Q6P9Q3;Rn:D3ZG35	Dr:A2BF92	-	-
Q9HCK0	Q15650	57684	9325	ZBTB26	TRIP4	chromatin immunoprecipitation assay	27924024	Homo sapiens	GTRD	No	Mm:Q6P9Q3;Rn:D3ZG35	Dr:A2BF92	Dm:Q9VRA1;Mm:Q9QXN3	Dr:A0A0R4IR18;Rn:A0A0G2K0P5
Q9HCK0	P54725	57684	5886	ZBTB26	RAD23A	chromatin immunoprecipitation assay	27924024	Homo sapiens	GTRD	No	Mm:Q6P9Q3;Rn:D3ZG35	Dr:A2BF92	Dr:F1QHZ1;Mm:P54726;Rn:A0A0G2K7M2	-
Q9HCK0	P84085	57684	381	ZBTB26	ARF5	chromatin immunoprecipitation assay	27924024	Homo sapiens	GTRD	No	Mm:Q6P9Q3;Rn:D3ZG35	Dr:A2BF92	Mm:P84084;Rn:P84083	-
Q9HCK0	Q13630	57684	7264	ZBTB26	TSTA3	chromatin immunoprecipitation assay	27924024	Homo sapiens	GTRD	No	Mm:Q6P9Q3;Rn:D3ZG35	Dr:A2BF92	Ce:G5EER4;Dm:Q9W1X8;Dr:Q6DC41;Mm:P23591;Rn:G3V762	Dr:B0S7C9;Dr:Q5SPD5
Q9HCK0	Q9NSA3	57684	56998	ZBTB26	CTNNBIP1	chromatin immunoprecipitation assay	27924024	Homo sapiens	GTRD	No	Mm:Q6P9Q3;Rn:D3ZG35	Dr:A2BF92	Dr:Q9I903;Mm:Q9JJN6;Rn:Q4KM58	-
Q9HCK0	P61964	57684	11091	ZBTB26	WDR5	chromatin immunoprecipitation assay	27924024	Homo sapiens	GTRD	No	Mm:Q6P9Q3;Rn:D3ZG35	Dr:A2BF92	Dm:Q9V3J8;Dr:Q7ZTX2;Mm:P61965	Rn:Q498M4
Q9HCK0	P00491	57684	4860	ZBTB26	PNP	chromatin immunoprecipitation assay	27924024	Homo sapiens	GTRD	No	Mm:Q6P9Q3;Rn:D3ZG35	Dr:A2BF92	Ce:U4PSA1;Dm:Q7KV91;Mm:Q543K9;Mm:A0A2I3BQH2;Mm:Q9D8C9;Rn:P85973;Sc:Q05788	Dr:Q1LWJ1
Q9HCK0	Q01826	57684	6304	ZBTB26	SATB1	chromatin immunoprecipitation assay	27924024	Homo sapiens	GTRD	No	Mm:Q6P9Q3;Rn:D3ZG35	Dr:A2BF92	Mm:Q60611;Rn:Q5U2Y2	-
Q9HCK0	Q8WTU2	57684	136853	ZBTB26	SSC4D	chromatin immunoprecipitation assay	27924024	Homo sapiens	GTRD	No	Mm:Q6P9Q3;Rn:D3ZG35	Dr:A2BF92	Mm:A1L0T3	Rn:D3ZQH3
Q9HCK0	O15427	57684	9123	ZBTB26	SLC16A3	chromatin immunoprecipitation assay	27924024	Homo sapiens	GTRD	No	Mm:Q6P9Q3;Rn:D3ZG35	Dr:A2BF92	Dr:F1Q7T3;Mm:P57787	Dr:B0S7K6;Rn:O35910
Q9HCK0	Q9UIK4	57684	23604	ZBTB26	DAPK2	chromatin immunoprecipitation assay	27924024	Homo sapiens	GTRD	No	Mm:Q6P9Q3;Rn:D3ZG35	Dr:A2BF92	Mm:Q8VDF3	Dr:A0A0R4IK49;Rn:A0A0G2JX07
Q9HCK0	Q92782	57684	8193	ZBTB26	DPF1	chromatin immunoprecipitation assay	27924024	Homo sapiens	GTRD	No	Mm:Q6P9Q3;Rn:D3ZG35	Dr:A2BF92	Rn:A0A0H2UHS4	Dr:A0A0R4IP72;Mm:D3YY44
Q9HCK0	Q96H35	57684	92400	ZBTB26	RBM18	chromatin immunoprecipitation assay	27924024	Homo sapiens	GTRD	No	Mm:Q6P9Q3;Rn:D3ZG35	Dr:A2BF92	Dm:X2JBU2;Dr:Q6PBM8;Mm:Q9CR83;Rn:G3V6X2	-
Q9HCK0	O75145	57684	8541	ZBTB26	PPFIA3	chromatin immunoprecipitation assay	27924024	Homo sapiens	GTRD	No	Mm:Q6P9Q3;Rn:D3ZG35	Dr:A2BF92	Dr:X1WCJ5;Mm:P60469;Rn:F1LSE6	-
Q9HCK0	P17027	57684	7571	ZBTB26	ZNF23	chromatin immunoprecipitation assay	27924024	Homo sapiens	GTRD	No	Mm:Q6P9Q3;Rn:D3ZG35	Dr:A2BF92	-	-
Q9HCK0	Q969K7	57684	113452	ZBTB26	TMEM54	chromatin immunoprecipitation assay	27924024	Homo sapiens	GTRD	No	Mm:Q6P9Q3;Rn:D3ZG35	Dr:A2BF92	Mm:Q9D7S1;Rn:Q494T4	-
Q9HCK0	Q9UKZ9	57684	26577	ZBTB26	PCOLCE2	chromatin immunoprecipitation assay	27924024	Homo sapiens	GTRD	No	Mm:Q6P9Q3;Rn:D3ZG35	Dr:A2BF92	Dr:F1R774;Mm:Q8R4W6;Rn:M0RD26	-
Q9HCK0	Q9Y6U7	57684	200312	ZBTB26	RNF215	chromatin immunoprecipitation assay	27924024	Homo sapiens	GTRD	No	Mm:Q6P9Q3;Rn:D3ZG35	Dr:A2BF92	Mm:Q5SPX3;Rn:D3ZNU0	-
Q9HCK0	Q99758	57684	21	ZBTB26	ABCA3	chromatin immunoprecipitation assay	27924024	Homo sapiens	GTRD	No	Mm:Q6P9Q3;Rn:D3ZG35	Dr:A2BF92	Ce:Q9TXV8;Mm:Q8R420;Rn:A0A0G2K1Q8	Dr:A0A0R4ISK5
Q9HCK0	Q6NTF9	57684	57414	ZBTB26	RHBDD2	chromatin immunoprecipitation assay	27924024	Homo sapiens	GTRD	No	Mm:Q6P9Q3;Rn:D3ZG35	Dr:A2BF92	Mm:Q8VEK2;Rn:D3ZQG3	-
Q9HCK0	P20226	57684	6908	ZBTB26	TBP	chromatin immunoprecipitation assay	27924024	Homo sapiens	GTRD	No	Mm:Q6P9Q3;Rn:D3ZG35	Dr:A2BF92	Dr:Q7SXL3;Mm:P29037;Rn:Q66HB1	-
Q9HCK0	O15550	57684	7403	ZBTB26	KDM6A	chromatin immunoprecipitation assay	27924024	Homo sapiens	GTRD	No	Mm:Q6P9Q3;Rn:D3ZG35	Dr:A2BF92	-	-
Q9HCK0	O95104	57684	57466	ZBTB26	SCAF4	chromatin immunoprecipitation assay	27924024	Homo sapiens	GTRD	No	Mm:Q6P9Q3;Rn:D3ZG35	Dr:A2BF92	Ce:O01864;Mm:Q7TSH6	Dr:E9QEN4;Rn:Q63627
Q9HCK0	Q6IA17	57684	59307	ZBTB26	SIGIRR	chromatin immunoprecipitation assay	27924024	Homo sapiens	GTRD	No	Mm:Q6P9Q3;Rn:D3ZG35	Dr:A2BF92	Mm:Q9JLZ8;Rn:Q4V892	Dr:A4JYJ7
Q9HCK0	P00390	57684	2936	ZBTB26	GSR	chromatin immunoprecipitation assay	27924024	Homo sapiens	GTRD	No	Mm:Q6P9Q3;Rn:D3ZG35	Dr:A2BF92	Ce:Q93379;Dr:E7FGA5;Mm:P47791;Sc:P41921	Rn:A0A0G2JU71
Q9HCK0	Q8N4C8	57684	50488	ZBTB26	MINK1	chromatin immunoprecipitation assay	27924024	Homo sapiens	GTRD	No	Mm:Q6P9Q3;Rn:D3ZG35	Dr:A2BF92	Rn:F1LN69	Dr:A2BG87;Mm:G3X9G2
Q9HCK0	Q8IVV7	57684	79018	ZBTB26	GID4	chromatin immunoprecipitation assay	27924024	Homo sapiens	GTRD	No	Mm:Q6P9Q3;Rn:D3ZG35	Dr:A2BF92	Mm:Q9CPY6;Rn:F7ES04	-
Q9HCK0	Q92558	57684	8936	ZBTB26	WASF1	chromatin immunoprecipitation assay	27924024	Homo sapiens	GTRD	No	Mm:Q6P9Q3;Rn:D3ZG35	Dr:A2BF92	Ce:Q9XVK6;Mm:Q8R5H6;Rn:Q5BJU7	-
Q9HCK0	Q8WWG1	57684	145957	ZBTB26	NRG4	chromatin immunoprecipitation assay	27924024	Homo sapiens	GTRD	No	Mm:Q6P9Q3;Rn:D3ZG35	Dr:A2BF92	Mm:Q9WTX4;Rn:A0A0G2JYC9	-
Q9HCK0	Q9HC35	57684	27436	ZBTB26	EML4	chromatin immunoprecipitation assay	27924024	Homo sapiens	GTRD	No	Mm:Q6P9Q3;Rn:D3ZG35	Dr:A2BF92	-	Mm:A0A0R4J0H0;Rn:A0A0G2K2Z0
Q9HCK0	Q9HCS4	57684	83439	ZBTB26	TCF7L1	chromatin immunoprecipitation assay	27924024	Homo sapiens	GTRD	No	Mm:Q6P9Q3;Rn:D3ZG35	Dr:A2BF92	Dr:Q9YHE8;Dr:F1R336;Rn:F1M1R9	Mm:A1A549
Q9HCK0	Q9BX67	57684	83700	ZBTB26	JAM3	chromatin immunoprecipitation assay	27924024	Homo sapiens	GTRD	No	Mm:Q6P9Q3;Rn:D3ZG35	Dr:A2BF92	Dr:F1QYW3;Mm:Q9D8B7;Rn:Q68FQ2	-
Q9HCK0	Q96MT8	57684	80254	ZBTB26	CEP63	chromatin immunoprecipitation assay	27924024	Homo sapiens	GTRD	No	Mm:Q6P9Q3;Rn:D3ZG35	Dr:A2BF92	-	Mm:F8VPJ7;Rn:A0A0G2JXF3
Q9HCK0	Q5VX52	57684	100505741	ZBTB26	SPATA1	chromatin immunoprecipitation assay	27924024	Homo sapiens	GTRD	No	Mm:Q6P9Q3;Rn:D3ZG35	Dr:A2BF92	-	-
Q9HCK0	Q5VXU1	57684	154215	ZBTB26	NKAIN2	chromatin immunoprecipitation assay	27924024	Homo sapiens	GTRD	No	Mm:Q6P9Q3;Rn:D3ZG35	Dr:A2BF92	Mm:Q4PNJ2;Rn:M0RCY3	Dr:Q1L8F2
Q9HCK0	P61024	57684	1163	ZBTB26	CKS1B	chromatin immunoprecipitation assay	27924024	Homo sapiens	GTRD	No	Mm:Q6P9Q3;Rn:D3ZG35	Dr:A2BF92	Ce:Q17868;Dr:Q6DEL8;Mm:P61025;Rn:B2RZ99	Rn:F1M990
Q9HCK0	O75044	57684	23380	ZBTB26	SRGAP2	chromatin immunoprecipitation assay	27924024	Homo sapiens	GTRD	No	Mm:Q6P9Q3;Rn:D3ZG35	Dr:A2BF92	Dr:B0S6J3;Mm:Q91Z67;Rn:D4A208	-
Q9HCK0	Q14185	57684	1793	ZBTB26	DOCK1	chromatin immunoprecipitation assay	27924024	Homo sapiens	GTRD	No	Mm:Q6P9Q3;Rn:D3ZG35	Dr:A2BF92	-	-
Q9HCK0	Q53RD9	57684	129804	ZBTB26	FBLN7	chromatin immunoprecipitation assay	27924024	Homo sapiens	GTRD	No	Mm:Q6P9Q3;Rn:D3ZG35	Dr:A2BF92	Mm:Q501P1	Dr:E7FFU9;Rn:D3ZSY7
Q9HCK0	Q9H098	57684	83641	ZBTB26	FAM107B	chromatin immunoprecipitation assay	27924024	Homo sapiens	GTRD	No	Mm:Q6P9Q3;Rn:D3ZG35	Dr:A2BF92	-	Dr:Q1LY98;Rn:A0A0G2JV46
Q9HCK0	Q8N142	57684	122622	ZBTB26	ADSS1	chromatin immunoprecipitation assay	27924024	Homo sapiens	GTRD	No	Mm:Q6P9Q3;Rn:D3ZG35	Dr:A2BF92	Mm:P28650;Rn:M0R629	Dr:Q6NSN5
Q9HCK0	Q5T4B2	57684	51148	ZBTB26	CERCAM	chromatin immunoprecipitation assay	27924024	Homo sapiens	GTRD	No	Mm:Q6P9Q3;Rn:D3ZG35	Dr:A2BF92	Dr:E7F0F2;Mm:A3KGW5	Rn:Q5U309
Q9HCK0	Q9NWB6	57684	55082	ZBTB26	ARGLU1	chromatin immunoprecipitation assay	27924024	Homo sapiens	GTRD	No	Mm:Q6P9Q3;Rn:D3ZG35	Dr:A2BF92	Ce:P34433;Dm:Q9VL63;Dr:Q7ZVW9;Mm:Q3UL36;Rn:Q5BJT0	-
Q9HCK0	Q8N3C7	57684	79745	ZBTB26	CLIP4	chromatin immunoprecipitation assay	27924024	Homo sapiens	GTRD	No	Mm:Q6P9Q3;Rn:D3ZG35	Dr:A2BF92	Mm:Q8CI96;Rn:F1LRN4	-
Q9HCK0	Q96EP9	57684	201780	ZBTB26	SLC10A4	chromatin immunoprecipitation assay	27924024	Homo sapiens	GTRD	No	Mm:Q6P9Q3;Rn:D3ZG35	Dr:A2BF92	Dr:Q5RHE3;Mm:Q3UEZ8;Rn:F1LQG5	-
Q9HCK0	Q6ZVD7	57684	219736	ZBTB26	STOX1	chromatin immunoprecipitation assay	27924024	Homo sapiens	GTRD	No	Mm:Q6P9Q3;Rn:D3ZG35	Dr:A2BF92	Mm:B2RQL2;Rn:F1M4Y5	-
Q9HCK0	Q9H3K6	57684	552900;654483	ZBTB26	BOLA2;BOLA2B	chromatin immunoprecipitation assay	27924024	Homo sapiens	GTRD	No	Mm:Q6P9Q3;Rn:D3ZG35	Dr:A2BF92	-	-
Q9HCK0	Q96LT7	57684	203228	ZBTB26	C9orf72	chromatin immunoprecipitation assay	27924024	Homo sapiens	GTRD	No	Mm:Q6P9Q3;Rn:D3ZG35	Dr:A2BF92	Dr:Q6TLH8;Mm:Q6DFW0;Rn:R9PXU1	-
Q9HCK0	O75558	57684	8676	ZBTB26	STX11	chromatin immunoprecipitation assay	27924024	Homo sapiens	GTRD	No	Mm:Q6P9Q3;Rn:D3ZG35	Dr:A2BF92	Mm:Q3U5V8;Rn:A0A0G2K516	Dr:F1QX22
Q9HCK0	Q14699	57684	23180	ZBTB26	RFTN1	chromatin immunoprecipitation assay	27924024	Homo sapiens	GTRD	No	Mm:Q6P9Q3;Rn:D3ZG35	Dr:A2BF92	Dr:A0A0G2L3G6;Mm:Q6A0D4	Dr:E9QG04;Rn:G3V7I2
Q9HCK0	Q9NZ45	57684	55847	ZBTB26	CISD1	chromatin immunoprecipitation assay	27924024	Homo sapiens	GTRD	No	Mm:Q6P9Q3;Rn:D3ZG35	Dr:A2BF92	Dr:Q6PGY7;Mm:Q91WS0;Rn:B0K020	-
Q9HCK0	Q9NPA0	57684	56851	ZBTB26	EMC7	chromatin immunoprecipitation assay	27924024	Homo sapiens	GTRD	No	Mm:Q6P9Q3;Rn:D3ZG35	Dr:A2BF92	Ce:Q8WQG1;Dm:A1ZA83;Dr:Q5TYV0;Mm:Q9EP72;Rn:D3ZQL1	-
Q9HCK0	Q96S86	57684	145864	ZBTB26	HAPLN3	chromatin immunoprecipitation assay	27924024	Homo sapiens	GTRD	No	Mm:Q6P9Q3;Rn:D3ZG35	Dr:A2BF92	-	-
Q9HCK0	Q9P2S5	57684	49856	ZBTB26	WRAP73	chromatin immunoprecipitation assay	27924024	Homo sapiens	GTRD	No	Mm:Q6P9Q3;Rn:D3ZG35	Dr:A2BF92	Dr:B8A4V4;Mm:Q9JM98;Rn:F1LS25	-
Q9HCK0	Q15738	57684	50814	ZBTB26	NSDHL	chromatin immunoprecipitation assay	27924024	Homo sapiens	GTRD	No	Mm:Q6P9Q3;Rn:D3ZG35	Dr:A2BF92	Mm:Q9R1J0;Rn:Q5PPL3;Sc:P53199	Dr:A0A0J9YJF2
Q9HCK0	P25103	57684	6869	ZBTB26	TACR1	chromatin immunoprecipitation assay	27924024	Homo sapiens	GTRD	No	Mm:Q6P9Q3;Rn:D3ZG35	Dr:A2BF92	Mm:P30548	Dr:A0A0R4IDZ1;Dr:E9QCW0;Rn:P14600
Q9HCK0	O95416	57684	8403	ZBTB26	SOX14	chromatin immunoprecipitation assay	27924024	Homo sapiens	GTRD	No	Mm:Q6P9Q3;Rn:D3ZG35	Dr:A2BF92	Dr:Q32PP9;Mm:Q04892;Rn:B7SZV3	-
Q9HCK0	Q4VNC1	57684	84239	ZBTB26	ATP13A4	chromatin immunoprecipitation assay	27924024	Homo sapiens	GTRD	No	Mm:Q6P9Q3;Rn:D3ZG35	Dr:A2BF92	Mm:S4R234;Rn:F1M9L4	Dm:L0MLL1
Q9HCK0	Q7L1S5	57684	83539	ZBTB26	CHST9	chromatin immunoprecipitation assay	27924024	Homo sapiens	GTRD	No	Mm:Q6P9Q3;Rn:D3ZG35	Dr:A2BF92	Mm:Q76EC5	Rn:F1M862
Q9HCK0	Q96CP7	57684	116238	ZBTB26	TLCD1	chromatin immunoprecipitation assay	27924024	Homo sapiens	GTRD	No	Mm:Q6P9Q3;Rn:D3ZG35	Dr:A2BF92	Dr:F1QSW8;Mm:Q99JT6;Rn:Q5U2T1	-
Q9HCK0	P49840	57684	2931	ZBTB26	GSK3A	chromatin immunoprecipitation assay	27924024	Homo sapiens	GTRD	No	Mm:Q6P9Q3;Rn:D3ZG35	Dr:A2BF92	Mm:Q2NL51;Rn:P18265;Sc:P21965	Dr:Q1LYN4
Q9HCK0	Q9NWQ9	57684	55017	ZBTB26	C14orf119	chromatin immunoprecipitation assay	27924024	Homo sapiens	GTRD	No	Mm:Q6P9Q3;Rn:D3ZG35	Dr:A2BF92	Mm:Q9JJ93;Rn:B0BN25	-
Q9HCK0	Q8NBZ7	57684	80146	ZBTB26	UXS1	chromatin immunoprecipitation assay	27924024	Homo sapiens	GTRD	No	Mm:Q6P9Q3;Rn:D3ZG35	Dr:A2BF92	Ce:G5EF65;Dm:Q9VSE8;Dr:Q6GMI9;Mm:Q91XL3	Rn:Q5PQX0
Q9HCK0	Q9NQP4	57684	5203	ZBTB26	PFDN4	chromatin immunoprecipitation assay	27924024	Homo sapiens	GTRD	No	Mm:Q6P9Q3;Rn:D3ZG35	Dr:A2BF92	Ce:Q17435;Dm:Q9VRL3;Dr:F1R0Z8;Mm:Q3UWL8;Rn:M0R5N4;Sc:P53900	-
Q9HCK0	P22681	57684	867	ZBTB26	CBL	chromatin immunoprecipitation assay	27924024	Homo sapiens	GTRD	No	Mm:Q6P9Q3;Rn:D3ZG35	Dr:A2BF92	Dr:F1QI90;Mm:P22682;Rn:D3ZV15	-
Q9HCK0	Q9BU64	57684	79172	ZBTB26	CENPO	chromatin immunoprecipitation assay	27924024	Homo sapiens	GTRD	No	Mm:Q6P9Q3;Rn:D3ZG35	Dr:A2BF92	Mm:Q8K015;Rn:M0R9I1	Dr:X1WCU0
Q9HCK0	Q9H7L9	57684	64426	ZBTB26	SUDS3	chromatin immunoprecipitation assay	27924024	Homo sapiens	GTRD	No	Mm:Q6P9Q3;Rn:D3ZG35	Dr:A2BF92	Dm:Q9VWG2;Mm:Q8BR65;Rn:M0RBT5	-
Q9HCK0	Q15637	57684	7536	ZBTB26	SF1	chromatin immunoprecipitation assay	27924024	Homo sapiens	GTRD	No	Mm:Q6P9Q3;Rn:D3ZG35	Dr:A2BF92	Dm:Q9VEJ1;Dr:A0A0R4IBT0;Mm:Q64213;Rn:F1LSC3;Sc:Q12186	-
Q9HCK0	Q9H1K4	57684	83733	ZBTB26	SLC25A18	chromatin immunoprecipitation assay	27924024	Homo sapiens	GTRD	No	Mm:Q6P9Q3;Rn:D3ZG35	Dr:A2BF92	Mm:Q9DB41;Rn:Q505J6	-
Q9HCK0	Q15022	57684	23512	ZBTB26	SUZ12	chromatin immunoprecipitation assay	27924024	Homo sapiens	GTRD	No	Mm:Q6P9Q3;Rn:D3ZG35	Dr:A2BF92	Dm:Q9NJG9;Dr:B0R1D5;Mm:Q80U70;Rn:A0A0G2K2I0	-
Q9HCK0	Q9Y6G3	57684	28977	ZBTB26	MRPL42	chromatin immunoprecipitation assay	27924024	Homo sapiens	GTRD	No	Mm:Q6P9Q3;Rn:D3ZG35	Dr:A2BF92	Dr:F1Q839;Mm:Q9CPV3;Rn:B5DEP4	Rn:M0RAG4
Q9HCK0	P36896	57684	91	ZBTB26	ACVR1B	chromatin immunoprecipitation assay	27924024	Homo sapiens	GTRD	No	Mm:Q6P9Q3;Rn:D3ZG35	Dr:A2BF92	Mm:Q61271;Rn:P80202	-
Q9HCK0	Q92993	57684	10524	ZBTB26	KAT5	chromatin immunoprecipitation assay	27924024	Homo sapiens	GTRD	No	Mm:Q6P9Q3;Rn:D3ZG35	Dr:A2BF92	Ce:Q9TYU5;Dm:Q960X4;Dr:B8JKI8;Mm:Q8CHK4;Rn:A0A0G2KA75;Sc:Q08649	Dr:B0R0X6
Q9HCK0	Q96D31	57684	84876	ZBTB26	ORAI1	chromatin immunoprecipitation assay	27924024	Homo sapiens	GTRD	No	Mm:Q6P9Q3;Rn:D3ZG35	Dr:A2BF92	Mm:Q8BWG9;Rn:F1LNX2	-
Q9HCK0	O75356	57684	957	ZBTB26	ENTPD5	chromatin immunoprecipitation assay	27924024	Homo sapiens	GTRD	No	Mm:Q6P9Q3;Rn:D3ZG35	Dr:A2BF92	Dr:E9QI88	Rn:F1LPB8
Q9HCK0	Q8WXE9	57684	85439	ZBTB26	STON2	chromatin immunoprecipitation assay	27924024	Homo sapiens	GTRD	No	Mm:Q6P9Q3;Rn:D3ZG35	Dr:A2BF92	Dr:F1QDL6;Mm:Q8BZ60;Rn:D4AB66	-
Q9HCK0	P32856	57684	2054	ZBTB26	STX2	chromatin immunoprecipitation assay	27924024	Homo sapiens	GTRD	No	Mm:Q6P9Q3;Rn:D3ZG35	Dr:A2BF92	Rn:G3V632	Dr:E9QEQ0;Mm:Q3TJ55
Q9HCK0	Q02078	57684	4205	ZBTB26	MEF2A	chromatin immunoprecipitation assay	27924024	Homo sapiens	GTRD	No	Mm:Q6P9Q3;Rn:D3ZG35	Dr:A2BF92	Mm:Q60929;Rn:A0A0G2JT35	Dr:Q1LXH6
Q9HCK0	Q13740	57684	214	ZBTB26	ALCAM	chromatin immunoprecipitation assay	27924024	Homo sapiens	GTRD	No	Mm:Q6P9Q3;Rn:D3ZG35	Dr:A2BF92	Dr:F1QE54;Mm:Q61490;Rn:O35112	Dr:F1QD88
Q9HCK0	P52815	57684	6182	ZBTB26	MRPL12	chromatin immunoprecipitation assay	27924024	Homo sapiens	GTRD	No	Mm:Q6P9Q3;Rn:D3ZG35	Dr:A2BF92	Ce:O18180;Dm:Q9VSR5;Mm:Q9DB15;Rn:D3ZXF9;Sc:P53163	Dr:Q566V8
Q9HCK0	Q92769	57684	3066	ZBTB26	HDAC2	chromatin immunoprecipitation assay	27924024	Homo sapiens	GTRD	No	Mm:Q6P9Q3;Rn:D3ZG35	Dr:A2BF92	Rn:F7ENH8	Mm:A0A0R4J008
Q9HCK0	Q9P0S3	57684	94101	ZBTB26	ORMDL1	chromatin immunoprecipitation assay	27924024	Homo sapiens	GTRD	No	Mm:Q6P9Q3;Rn:D3ZG35	Dr:A2BF92	Mm:Q921I0	Dr:B0V339
Q9HCK0	Q8TF50	57684	116115	ZBTB26	ZNF526	chromatin immunoprecipitation assay	27924024	Homo sapiens	GTRD	No	Mm:Q6P9Q3;Rn:D3ZG35	Dr:A2BF92	Mm:Q8BI66;Rn:M0RAB3	-
Q9HCK0	Q00796	57684	6652	ZBTB26	SORD	chromatin immunoprecipitation assay	27924024	Homo sapiens	GTRD	No	Mm:Q6P9Q3;Rn:D3ZG35	Dr:A2BF92	Ce:Q21703;Ce:Q21702;Dm:O96299;Dr:F1Q713;Mm:Q64442;Rn:P27867;Sc:Q07786;Sc:P35497;Sc:Q07993	Dm:O97479
Q9HCK0	Q9BZW7	57684	80705	ZBTB26	TSGA10	chromatin immunoprecipitation assay	27924024	Homo sapiens	GTRD	No	Mm:Q6P9Q3;Rn:D3ZG35	Dr:A2BF92	-	-
Q9HCK0	Q9UPM9	57684	27077	ZBTB26	B9D1	chromatin immunoprecipitation assay	27924024	Homo sapiens	GTRD	No	Mm:Q6P9Q3;Rn:D3ZG35	Dr:A2BF92	Ce:Q21191;Dm:Q9VF59;Dr:F1QU58;Mm:Q9R1S0	Rn:P0C5J2
Q9HCK0	Q13516	57684	10215	ZBTB26	OLIG2	chromatin immunoprecipitation assay	27924024	Homo sapiens	GTRD	No	Mm:Q6P9Q3;Rn:D3ZG35	Dr:A2BF92	Dr:A8WIQ8;Mm:Q9EQW6;Rn:G3V612	-
Q9HCK0	Q07157	57684	7082	ZBTB26	TJP1	chromatin immunoprecipitation assay	27924024	Homo sapiens	GTRD	No	Mm:Q6P9Q3;Rn:D3ZG35	Dr:A2BF92	-	-
Q9HCK0	Q96I45	57684	85014	ZBTB26	TMEM141	chromatin immunoprecipitation assay	27924024	Homo sapiens	GTRD	No	Mm:Q6P9Q3;Rn:D3ZG35	Dr:A2BF92	Dm:E1JIX4;Dr:Q0D285;Mm:A2AJB2;Rn:D3ZK53	-
Q9HCK0	E9PQ53	57684	100532726	ZBTB26	NDUFC2-KCTD14	chromatin immunoprecipitation assay	27924024	Homo sapiens	GTRD	No	Mm:Q6P9Q3;Rn:D3ZG35	Dr:A2BF92	-	-
Q9HCK0	Q53HC0	57684	80212	ZBTB26	CCDC92	chromatin immunoprecipitation assay	27924024	Homo sapiens	GTRD	No	Mm:Q6P9Q3;Rn:D3ZG35	Dr:A2BF92	Dr:Q32PM2;Mm:Q8VDN4;Rn:D3ZBX9	-
Q9HCK0	Q9NWT1	57684	55003	ZBTB26	PAK1IP1	chromatin immunoprecipitation assay	27924024	Homo sapiens	GTRD	No	Mm:Q6P9Q3;Rn:D3ZG35	Dr:A2BF92	Dm:Q9VXW3;Dr:Q6TNS2;Mm:Q9DCE5;Rn:Q32PZ0	-
Q9HCK0	Q69YN2	57684	55280	ZBTB26	CWF19L1	chromatin immunoprecipitation assay	27924024	Homo sapiens	GTRD	No	Mm:Q6P9Q3;Rn:D3ZG35	Dr:A2BF92	Ce:O16216;Dr:Q5RGJ5;Mm:Q8CI33;Rn:D3Z863;Sc:P53255	Dm:E8NH71
Q9HCK0	Q8IUH2	57684	200407	ZBTB26	CREG2	chromatin immunoprecipitation assay	27924024	Homo sapiens	GTRD	No	Mm:Q6P9Q3;Rn:D3ZG35	Dr:A2BF92	Mm:Q8BGC9;Rn:D4A3H3	Dr:B0R013
Q9HCK0	P20336	57684	5864	ZBTB26	RAB3A	chromatin immunoprecipitation assay	27924024	Homo sapiens	GTRD	No	Mm:Q6P9Q3;Rn:D3ZG35	Dr:A2BF92	Dr:Q5RGB5;Mm:P63011;Rn:P63012	-
Q9HCK0	Q9BRS8	57684	55323	ZBTB26	LARP6	chromatin immunoprecipitation assay	27924024	Homo sapiens	GTRD	No	Mm:Q6P9Q3;Rn:D3ZG35	Dr:A2BF92	Dr:Q6PHD4;Mm:Q8BN59;Rn:D3ZCR5	-
Q9HCK0	Q9UQ03	57684	10391	ZBTB26	CORO2B	chromatin immunoprecipitation assay	27924024	Homo sapiens	GTRD	No	Mm:Q6P9Q3;Rn:D3ZG35	Dr:A2BF92	Mm:Q8BH44;Rn:F1LMV9	Dr:F8W330
Q9HCK0	O95214	57684	23484	ZBTB26	LEPROTL1	chromatin immunoprecipitation assay	27924024	Homo sapiens	GTRD	No	Mm:Q6P9Q3;Rn:D3ZG35	Dr:A2BF92	Mm:Q9CQ74;Rn:Q6PDU4;Sc:P47111	-
Q9HCK0	Q9Y3D8	57684	102157402	ZBTB26	AK6	chromatin immunoprecipitation assay	27924024	Homo sapiens	GTRD	No	Mm:Q6P9Q3;Rn:D3ZG35	Dr:A2BF92	Ce:Q09527;Dm:Q7JYV7;Dr:A2BGQ5;Mm:Q8VCP8;Rn:Q5EB68;Sc:Q12055	Rn:F1M4P9
Q9HCK0	P09496	57684	1211	ZBTB26	CLTA	chromatin immunoprecipitation assay	27924024	Homo sapiens	GTRD	No	Mm:Q6P9Q3;Rn:D3ZG35	Dr:A2BF92	Ce:P90961;Mm:B1AWD9;Rn:P08081	Dr:E7F1Q8
Q9HCK0	Q9NUQ7	57684	55325	ZBTB26	UFSP2	chromatin immunoprecipitation assay	27924024	Homo sapiens	GTRD	No	Mm:Q6P9Q3;Rn:D3ZG35	Dr:A2BF92	Mm:Q99K23;Rn:Q5XIB4	-
Q9HCK0	Q9HD45	57684	56889	ZBTB26	TM9SF3	chromatin immunoprecipitation assay	27924024	Homo sapiens	GTRD	No	Mm:Q6P9Q3;Rn:D3ZG35	Dr:A2BF92	Ce:U4PRX8;Dm:Q9VRN1;Mm:Q9ET30;Rn:D3ZUD8	Dr:A8E7G8
Q9HCK0	Q9BY77	57684	84271	ZBTB26	POLDIP3	chromatin immunoprecipitation assay	27924024	Homo sapiens	GTRD	No	Mm:Q6P9Q3;Rn:D3ZG35	Dr:A2BF92	Mm:Q8BG81;Rn:D4A2B0	Dr:A0A0R4ILC0
Q9HCK0	A5PLK6	57684	353299	ZBTB26	RGSL1	chromatin immunoprecipitation assay	27924024	Homo sapiens	GTRD	No	Mm:Q6P9Q3;Rn:D3ZG35	Dr:A2BF92	Rn:F1M608	Mm:A0A5F8MPV0
Q9HCK0	Q8N129	57684	245812	ZBTB26	CNPY4	chromatin immunoprecipitation assay	27924024	Homo sapiens	GTRD	No	Mm:Q6P9Q3;Rn:D3ZG35	Dr:A2BF92	Dm:Q9VVW7;Dr:Q2L6K8;Mm:Q8BQ47;Rn:B1WC84	-
Q9HCK0	Q8WTV1	57684	90326	ZBTB26	THAP3	chromatin immunoprecipitation assay	27924024	Homo sapiens	GTRD	No	Mm:Q6P9Q3;Rn:D3ZG35	Dr:A2BF92	Mm:Q8BJ25;Rn:B0K027	Dr:F1R6N1
Q9HCK0	Q6DKJ4	57684	64359	ZBTB26	NXN	chromatin immunoprecipitation assay	27924024	Homo sapiens	GTRD	No	Mm:Q6P9Q3;Rn:D3ZG35	Dr:A2BF92	Dr:F1R5G2;Mm:P97346;Rn:D4A0M2	-
Q9HCK0	Q15435	57684	5510	ZBTB26	PPP1R7	chromatin immunoprecipitation assay	27924024	Homo sapiens	GTRD	No	Mm:Q6P9Q3;Rn:D3ZG35	Dr:A2BF92	Ce:P45969;Dm:Q9VEK8;Mm:Q3UM45;Sc:P36047	Dr:Q32PL1
Q9HCK0	Q92791	57684	10609	ZBTB26	P3H4	chromatin immunoprecipitation assay	27924024	Homo sapiens	GTRD	No	Mm:Q6P9Q3;Rn:D3ZG35	Dr:A2BF92	Dr:A0A0R4INE3;Mm:Q8K2B0;Rn:Q64375	-
Q9HCK0	O75154	57684	9727	ZBTB26	RAB11FIP3	chromatin immunoprecipitation assay	27924024	Homo sapiens	GTRD	No	Mm:Q6P9Q3;Rn:D3ZG35	Dr:A2BF92	-	-
Q9HCK0	P78509	57684	5649	ZBTB26	RELN	chromatin immunoprecipitation assay	27924024	Homo sapiens	GTRD	No	Mm:Q6P9Q3;Rn:D3ZG35	Dr:A2BF92	Mm:Q60841;Rn:F1LZI7	-
Q9HCK0	P17036	57684	7551	ZBTB26	ZNF3	chromatin immunoprecipitation assay	27924024	Homo sapiens	GTRD	No	Mm:Q6P9Q3;Rn:D3ZG35	Dr:A2BF92	Mm:Q8C689;Rn:D3ZI20	-
Q9HCK0	Q8WVE7	57684	124491	ZBTB26	TMEM170A	chromatin immunoprecipitation assay	27924024	Homo sapiens	GTRD	No	Mm:Q6P9Q3;Rn:D3ZG35	Dr:A2BF92	Mm:Q9D342;Rn:A0A0G2KB13	Dr:A3KPL7
Q9HCK0	Q99767	57684	321	ZBTB26	APBA2	chromatin immunoprecipitation assay	27924024	Homo sapiens	GTRD	No	Mm:Q6P9Q3;Rn:D3ZG35	Dr:A2BF92	Dr:A0A1D5NS70;Mm:P98084	Rn:O35431
Q9HCK0	Q96JC9	57684	85403	ZBTB26	EAF1	chromatin immunoprecipitation assay	27924024	Homo sapiens	GTRD	No	Mm:Q6P9Q3;Rn:D3ZG35	Dr:A2BF92	Dr:Q6IQD2;Mm:Q9D4C5	Rn:D4A2G7
Q9HCK0	Q86UK7	57684	90850	ZBTB26	ZNF598	chromatin immunoprecipitation assay	27924024	Homo sapiens	GTRD	No	Mm:Q6P9Q3;Rn:D3ZG35	Dr:A2BF92	-	-
Q9HCK0	Q6UWJ1	57684	55002	ZBTB26	TMCO3	chromatin immunoprecipitation assay	27924024	Homo sapiens	GTRD	No	Mm:Q6P9Q3;Rn:D3ZG35	Dr:A2BF92	Mm:Q8BH01	Rn:D4A3Z8;Rn:D4A9M9
Q9HCK0	Q9UPP1	57684	23133	ZBTB26	PHF8	chromatin immunoprecipitation assay	27924024	Homo sapiens	GTRD	No	Mm:Q6P9Q3;Rn:D3ZG35	Dr:A2BF92	Dr:P0CH95;Mm:Q80TJ7;Rn:D4AD31	-
Q9HCK0	Q8NCL4	57684	11226	ZBTB26	GALNT6	chromatin immunoprecipitation assay	27924024	Homo sapiens	GTRD	No	Mm:Q6P9Q3;Rn:D3ZG35	Dr:A2BF92	Mm:Q8C7U7;Rn:D4A864	-
Q9HCK0	Q6N069	57684	79612	ZBTB26	NAA16	chromatin immunoprecipitation assay	27924024	Homo sapiens	GTRD	No	Mm:Q6P9Q3;Rn:D3ZG35	Dr:A2BF92	Mm:Q9DBB4	Rn:M0RC73
Q9HCK0	Q8IVW6	57684	10620	ZBTB26	ARID3B	chromatin immunoprecipitation assay	27924024	Homo sapiens	GTRD	No	Mm:Q6P9Q3;Rn:D3ZG35	Dr:A2BF92	Dr:A0A0R4IZF6;Mm:Q9Z1N7;Rn:D3ZGC2	-
Q9HCK0	Q92567	57684	23201	ZBTB26	FAM168A	chromatin immunoprecipitation assay	27924024	Homo sapiens	GTRD	No	Mm:Q6P9Q3;Rn:D3ZG35	Dr:A2BF92	Mm:Q8BGZ2;Rn:D3ZHW1	Dr:A0A0H2UKU6
Q9HCK0	Q96QG7	57684	66036	ZBTB26	MTMR9	chromatin immunoprecipitation assay	27924024	Homo sapiens	GTRD	No	Mm:Q6P9Q3;Rn:D3ZG35	Dr:A2BF92	Ce:Q965W9;Dm:Q8SZY7;Dr:Q5RHK5;Mm:Q9Z2D0;Rn:Q5XIN4	-
Q9HCK0	Q9HC44	57684	60313	ZBTB26	GPBP1L1	chromatin immunoprecipitation assay	27924024	Homo sapiens	GTRD	No	Mm:Q6P9Q3;Rn:D3ZG35	Dr:A2BF92	Dr:A0A0R4IH70;Mm:Q6NZP2	Rn:Q3KR53
Q9HCK0	Q9BR61	57684	84320	ZBTB26	ACBD6	chromatin immunoprecipitation assay	27924024	Homo sapiens	GTRD	No	Mm:Q6P9Q3;Rn:D3ZG35	Dr:A2BF92	Ce:Q9XVJ0;Dm:Q9VRG6;Dr:B0S5S9;Mm:Q9D061;Rn:Q5RJK8	-
Q9HCK0	Q15334	57684	3996	ZBTB26	LLGL1	chromatin immunoprecipitation assay	27924024	Homo sapiens	GTRD	No	Mm:Q6P9Q3;Rn:D3ZG35	Dr:A2BF92	Mm:Q80Y17;Rn:G3V6I1	Dr:F1QPI4
Q9HCK0	P35713	57684	54345	ZBTB26	SOX18	chromatin immunoprecipitation assay	27924024	Homo sapiens	GTRD	No	Mm:Q6P9Q3;Rn:D3ZG35	Dr:A2BF92	Dr:E7F9I2;Mm:P43680	Rn:Q4V7E4
Q9HCK0	Q8N5G0	57684	389203	ZBTB26	SMIM20	chromatin immunoprecipitation assay	27924024	Homo sapiens	GTRD	No	Mm:Q6P9Q3;Rn:D3ZG35	Dr:A2BF92	-	-
Q9HCK0	Q96MU7	57684	91746	ZBTB26	YTHDC1	chromatin immunoprecipitation assay	27924024	Homo sapiens	GTRD	No	Mm:Q6P9Q3;Rn:D3ZG35	Dr:A2BF92	Dr:B8JMA3;Mm:E9Q5K9;Rn:Q9QY02	-
Q9HCK0	P25929	57684	4886	ZBTB26	NPY1R	chromatin immunoprecipitation assay	27924024	Homo sapiens	GTRD	No	Mm:Q6P9Q3;Rn:D3ZG35	Dr:A2BF92	Dr:F1Q681;Mm:Q04573;Rn:G3V7T1	-
Q9HCK0	Q0P6H9	57684	80021	ZBTB26	TMEM62	chromatin immunoprecipitation assay	27924024	Homo sapiens	GTRD	No	Mm:Q6P9Q3;Rn:D3ZG35	Dr:A2BF92	Dr:E7FFQ5;Mm:Q8BXJ9;Rn:D3ZIW4	-
Q9HCK0	Q14194	57684	1400	ZBTB26	CRMP1	chromatin immunoprecipitation assay	27924024	Homo sapiens	GTRD	No	Mm:Q6P9Q3;Rn:D3ZG35	Dr:A2BF92	Dr:F1QR62;Mm:P97427;Rn:Q62950	-
Q9HCK0	Q9BTE6	57684	100885850;80755	ZBTB26	AARSD1	chromatin immunoprecipitation assay	27924024	Homo sapiens	GTRD	No	Mm:Q6P9Q3;Rn:D3ZG35	Dr:A2BF92	-	-
Q9HCK0	Q12789	57684	2975	ZBTB26	GTF3C1	chromatin immunoprecipitation assay	27924024	Homo sapiens	GTRD	No	Mm:Q6P9Q3;Rn:D3ZG35	Dr:A2BF92	Mm:Q8K284;Rn:F1LNV7	-
Q9HCK0	P30533	57684	4043	ZBTB26	LRPAP1	chromatin immunoprecipitation assay	27924024	Homo sapiens	GTRD	No	Mm:Q6P9Q3;Rn:D3ZG35	Dr:A2BF92	Ce:G5EF26;Dm:Q9VH64;Dr:A2BGU5;Mm:P55302;Rn:Q99068	-
Q9HCK0	Q8TB24	57684	79890	ZBTB26	RIN3	chromatin immunoprecipitation assay	27924024	Homo sapiens	GTRD	No	Mm:Q6P9Q3;Rn:D3ZG35	Dr:A2BF92	Mm:P59729;Rn:A0A0G2K0G9	Dr:E7FC22
Q9HCK0	Q8N766	57684	23065	ZBTB26	EMC1	chromatin immunoprecipitation assay	27924024	Homo sapiens	GTRD	No	Mm:Q6P9Q3;Rn:D3ZG35	Dr:A2BF92	Mm:Q8C7X2;Rn:D4A994	Dr:E9QG66
Q9HCK0	P20749	57684	602	ZBTB26	BCL3	chromatin immunoprecipitation assay	27924024	Homo sapiens	GTRD	No	Mm:Q6P9Q3;Rn:D3ZG35	Dr:A2BF92	Mm:Q9Z2F6;Rn:D3ZQF8	-
Q9HCK0	Q6UVJ0	57684	163786	ZBTB26	SASS6	chromatin immunoprecipitation assay	27924024	Homo sapiens	GTRD	No	Mm:Q6P9Q3;Rn:D3ZG35	Dr:A2BF92	Dm:Q9VAC8;Mm:Q80UK7;Rn:D3ZVI7	Dr:Q1LV44
Q9HCK0	Q9NWC5	57684	55076	ZBTB26	TMEM45A	chromatin immunoprecipitation assay	27924024	Homo sapiens	GTRD	No	Mm:Q6P9Q3;Rn:D3ZG35	Dr:A2BF92	-	-
Q9HCK0	Q8NBL3	57684	130733	ZBTB26	TMEM178A	chromatin immunoprecipitation assay	27924024	Homo sapiens	GTRD	No	Mm:Q6P9Q3;Rn:D3ZG35	Dr:A2BF92	Dr:F1QFK6;Mm:Q9CZ16	Rn:R9PXT5
Q9HCK0	Q9NQB0	57684	6934	ZBTB26	TCF7L2	chromatin immunoprecipitation assay	27924024	Homo sapiens	GTRD	No	Mm:Q6P9Q3;Rn:D3ZG35	Dr:A2BF92	Rn:D4A8X6	Dr:B3DKP7;Mm:E9QQ91
Q9HCK0	Q8IUW5	57684	768211	ZBTB26	RELL1	chromatin immunoprecipitation assay	27924024	Homo sapiens	GTRD	No	Mm:Q6P9Q3;Rn:D3ZG35	Dr:A2BF92	Dr:F1QK31;Mm:Q8K2J7;Rn:B0BNL7	-
Q9HCK0	Q9UBW8	57684	50813	ZBTB26	COPS7A	chromatin immunoprecipitation assay	27924024	Homo sapiens	GTRD	No	Mm:Q6P9Q3;Rn:D3ZG35	Dr:A2BF92	Mm:Q9CZ04;Rn:F1MAA2	-
Q9HCK0	Q9BWW4	57684	23648	ZBTB26	SSBP3	chromatin immunoprecipitation assay	27924024	Homo sapiens	GTRD	No	Mm:Q6P9Q3;Rn:D3ZG35	Dr:A2BF92	Mm:Q9D032;Rn:Q3B7C9	Dr:B3DJV4
Q9HCK0	Q5DT21	57684	643394	ZBTB26	SPINK9	chromatin immunoprecipitation assay	27924024	Homo sapiens	GTRD	No	Mm:Q6P9Q3;Rn:D3ZG35	Dr:A2BF92	-	Mm:Q9D256;Rn:F1LXL3
Q9HCK0	O15234	57684	22794	ZBTB26	CASC3	chromatin immunoprecipitation assay	27924024	Homo sapiens	GTRD	No	Mm:Q6P9Q3;Rn:D3ZG35	Dr:A2BF92	Dr:Q1ECZ4;Mm:Q8K3W3;Rn:G3V793	Dm:A0A0B4KH64
Q9HCK0	Q15233	57684	4841	ZBTB26	NONO	chromatin immunoprecipitation assay	27924024	Homo sapiens	GTRD	No	Mm:Q6P9Q3;Rn:D3ZG35	Dr:A2BF92	Dr:Q802Z5;Mm:Q99K48;Rn:Q5FVM4	-
Q9HCK0	Q9UGL1	57684	10765	ZBTB26	KDM5B	chromatin immunoprecipitation assay	27924024	Homo sapiens	GTRD	No	Mm:Q6P9Q3;Rn:D3ZG35	Dr:A2BF92	Mm:Q80Y84;Rn:A0A0G2K6G9	-
Q9HCK0	O43189	57684	5252	ZBTB26	PHF1	chromatin immunoprecipitation assay	27924024	Homo sapiens	GTRD	No	Mm:Q6P9Q3;Rn:D3ZG35	Dr:A2BF92	Mm:Q9Z1B8;Rn:Q6MGC9	-
Q9HCK0	Q9BSE5	57684	79814	ZBTB26	AGMAT	chromatin immunoprecipitation assay	27924024	Homo sapiens	GTRD	No	Mm:Q6P9Q3;Rn:D3ZG35	Dr:A2BF92	Mm:A2AS89;Rn:Q0D2L3	Dr:F1QJZ3
Q9HCK0	P51148	57684	5878	ZBTB26	RAB5C	chromatin immunoprecipitation assay	27924024	Homo sapiens	GTRD	No	Mm:Q6P9Q3;Rn:D3ZG35	Dr:A2BF92	Mm:P35278;Rn:B0BNK1	-
Q9HCK0	Q8N6V4	57684	282966	ZBTB26	C10orf53	chromatin immunoprecipitation assay	27924024	Homo sapiens	GTRD	No	Mm:Q6P9Q3;Rn:D3ZG35	Dr:A2BF92	Mm:Q3KNL4;Rn:D4A9X2	Dr:Q08BN1
Q9HCK0	P20648	57684	495	ZBTB26	ATP4A	chromatin immunoprecipitation assay	27924024	Homo sapiens	GTRD	No	Mm:Q6P9Q3;Rn:D3ZG35	Dr:A2BF92	Mm:E9QNX7	Rn:F1LRK1
Q9HCK0	Q13951	57684	865	ZBTB26	CBFB	chromatin immunoprecipitation assay	27924024	Homo sapiens	GTRD	No	Mm:Q6P9Q3;Rn:D3ZG35	Dr:A2BF92	Dm:Q24040;Dm:Q24039;Mm:Q08024;Rn:Q66HA7	Dr:A0A0B4P506
Q9HCK0	Q6T310	57684	387496	ZBTB26	RASL11A	chromatin immunoprecipitation assay	27924024	Homo sapiens	GTRD	No	Mm:Q6P9Q3;Rn:D3ZG35	Dr:A2BF92	Mm:Q6IMB1;Rn:Q6IMA3	-
Q9HCK0	Q9H8M9	57684	84141	ZBTB26	EVA1A	chromatin immunoprecipitation assay	27924024	Homo sapiens	GTRD	No	Mm:Q6P9Q3;Rn:D3ZG35	Dr:A2BF92	Mm:Q91WM6;Rn:D4A3V0	Dr:Q08CB3
Q9HCK0	Q9H2L4	57684	85025	ZBTB26	TMEM60	chromatin immunoprecipitation assay	27924024	Homo sapiens	GTRD	No	Mm:Q6P9Q3;Rn:D3ZG35	Dr:A2BF92	Mm:Q8K174;Rn:D3ZUD9	-
Q9HCK0	A0A087WV58	57684	-	ZBTB26	-	chromatin immunoprecipitation assay	27924024	Homo sapiens	GTRD	No	Mm:Q6P9Q3;Rn:D3ZG35	Dr:A2BF92	-	-
Q9HCK0	Q8TDD1	57684	79039	ZBTB26	DDX54	chromatin immunoprecipitation assay	27924024	Homo sapiens	GTRD	No	Mm:Q6P9Q3;Rn:D3ZG35	Dr:A2BF92	Ce:Q688Z3;Dm:Q8SY39;Dr:Q8JGR2;Mm:Q8K4L0;Rn:D3ZHY6;Sc:Q12389	-
Q9HCK0	Q13112	57684	8208	ZBTB26	CHAF1B	chromatin immunoprecipitation assay	27924024	Homo sapiens	GTRD	No	Mm:Q6P9Q3;Rn:D3ZG35	Dr:A2BF92	Ce:Q95XL8;Dr:E7EYR2;Mm:Q9D0N7;Rn:Q4V8B4;Sc:Q04199	-
Q9HCK0	P55087	57684	361	ZBTB26	AQP4	chromatin immunoprecipitation assay	27924024	Homo sapiens	GTRD	No	Mm:Q6P9Q3;Rn:D3ZG35	Dr:A2BF92	Mm:A0A0R4J0Z3	Dr:Q6AZD2;Rn:A0A0G2K336
Q9HCK0	P59510	57684	80070	ZBTB26	ADAMTS20	chromatin immunoprecipitation assay	27924024	Homo sapiens	GTRD	No	Mm:Q6P9Q3;Rn:D3ZG35	Dr:A2BF92	Mm:P59511;Rn:D3ZN23	-
Q9HCK0	Q9NYU2	57684	56886	ZBTB26	UGGT1	chromatin immunoprecipitation assay	27924024	Homo sapiens	GTRD	No	Mm:Q6P9Q3;Rn:D3ZG35	Dr:A2BF92	Mm:Q6P5E4;Rn:Q9JLA3	-
Q9HCK0	Q10567	57684	162	ZBTB26	AP1B1	chromatin immunoprecipitation assay	27924024	Homo sapiens	GTRD	No	Mm:Q6P9Q3;Rn:D3ZG35	Dr:A2BF92	-	-
Q9HCK0	Q96GC6	57684	10782	ZBTB26	ZNF274	chromatin immunoprecipitation assay	27924024	Homo sapiens	GTRD	No	Mm:Q6P9Q3;Rn:D3ZG35	Dr:A2BF92	Mm:F8VQL6;Mm:A0A0R4J249;Rn:Q4V8E9	-
Q9HCK0	Q9H903	57684	441024	ZBTB26	MTHFD2L	chromatin immunoprecipitation assay	27924024	Homo sapiens	GTRD	No	Mm:Q6P9Q3;Rn:D3ZG35	Dr:A2BF92	-	-
Q9HCK0	O95425	57684	6840	ZBTB26	SVIL	chromatin immunoprecipitation assay	27924024	Homo sapiens	GTRD	No	Mm:Q6P9Q3;Rn:D3ZG35	Dr:A2BF92	Mm:Q8K4L3;Rn:F1M155	-
Q9HCK0	Q5TCZ1	57684	9644	ZBTB26	SH3PXD2A	chromatin immunoprecipitation assay	27924024	Homo sapiens	GTRD	No	Mm:Q6P9Q3;Rn:D3ZG35	Dr:A2BF92	Dm:A0A0B4KI34;Mm:O89032;Rn:A0A0G2JX92	-
Q9HCK0	Q8IYX8	57684	285753	ZBTB26	CEP57L1	chromatin immunoprecipitation assay	27924024	Homo sapiens	GTRD	No	Mm:Q6P9Q3;Rn:D3ZG35	Dr:A2BF92	-	-
Q9HCK0	Q92879	57684	10658	ZBTB26	CELF1	chromatin immunoprecipitation assay	27924024	Homo sapiens	GTRD	No	Mm:Q6P9Q3;Rn:D3ZG35	Dr:A2BF92	-	-
Q9HCK0	Q2TAM9	57684	286319	ZBTB26	TUSC1	chromatin immunoprecipitation assay	27924024	Homo sapiens	GTRD	No	Mm:Q6P9Q3;Rn:D3ZG35	Dr:A2BF92	Mm:Q673H1	-
Q9HCK0	P51170	57684	6340	ZBTB26	SCNN1G	chromatin immunoprecipitation assay	27924024	Homo sapiens	GTRD	No	Mm:Q6P9Q3;Rn:D3ZG35	Dr:A2BF92	Mm:Q9WU39;Rn:G3V8A6	-
Q9HCK0	Q9NWR8	57684	55013	ZBTB26	MCUB	chromatin immunoprecipitation assay	27924024	Homo sapiens	GTRD	No	Mm:Q6P9Q3;Rn:D3ZG35	Dr:A2BF92	Mm:Q810S1;Rn:F1LUQ0	-
Q9HCK0	Q15031	57684	23395	ZBTB26	LARS2	chromatin immunoprecipitation assay	27924024	Homo sapiens	GTRD	No	Mm:Q6P9Q3;Rn:D3ZG35	Dr:A2BF92	Dm:Q9VZ82;Mm:Q8VDC0;Rn:A0A0G2K9E5;Sc:P11325	Ce:Q23511
Q9HCK0	Q13011	57684	1891	ZBTB26	ECH1	chromatin immunoprecipitation assay	27924024	Homo sapiens	GTRD	No	Mm:Q6P9Q3;Rn:D3ZG35	Dr:A2BF92	Ce:Q20959;Dm:Q9W5W8;Mm:O35459;Rn:Q62651	Dr:F1Q8H6
Q9HCK0	Q8WXF8	57684	162989	ZBTB26	DEDD2	chromatin immunoprecipitation assay	27924024	Homo sapiens	GTRD	No	Mm:Q6P9Q3;Rn:D3ZG35	Dr:A2BF92	Mm:Q8QZV0;Rn:M0R7V1	Dr:F1QIL7
Q9HCK0	Q9Y263	57684	9373	ZBTB26	PLAA	chromatin immunoprecipitation assay	27924024	Homo sapiens	GTRD	No	Mm:Q6P9Q3;Rn:D3ZG35	Dr:A2BF92	Ce:G5EES6;Dm:Q9VPY2;Dr:F1QCT6;Mm:P27612;Rn:P54319	-
Q9HCK0	Q9Y2V2	57684	23589	ZBTB26	CARHSP1	chromatin immunoprecipitation assay	27924024	Homo sapiens	GTRD	No	Mm:Q6P9Q3;Rn:D3ZG35	Dr:A2BF92	Mm:Q9CR86;Rn:Q9WU49	-
Q9HCK0	Q8N4V2	57684	55530	ZBTB26	SVOP	chromatin immunoprecipitation assay	27924024	Homo sapiens	GTRD	No	Mm:Q6P9Q3;Rn:D3ZG35	Dr:A2BF92	Ce:P30638;Dm:Q8SYM5;Mm:Q8BFT9;Rn:Q9Z2I7;Sc:P25297	Dr:F1Q7W5
Q9HCK0	P52824	57684	1609	ZBTB26	DGKQ	chromatin immunoprecipitation assay	27924024	Homo sapiens	GTRD	No	Mm:Q6P9Q3;Rn:D3ZG35	Dr:A2BF92	Mm:Q6P5E8;Rn:D3ZEY4	Ce:Q17860;Dm:Q7KS35
Q9HCK0	Q9Y4E8	57684	9958	ZBTB26	USP15	chromatin immunoprecipitation assay	27924024	Homo sapiens	GTRD	No	Mm:Q6P9Q3;Rn:D3ZG35	Dr:A2BF92	Mm:Q8R5H1;Rn:A0A0A0MY07	-
Q9HCK0	Q96BQ5	57684	133957	ZBTB26	CCDC127	chromatin immunoprecipitation assay	27924024	Homo sapiens	GTRD	No	Mm:Q6P9Q3;Rn:D3ZG35	Dr:A2BF92	Mm:Q3TC33;Rn:G3V7Q3	Dr:Q1LVA0
Q9HCK0	P0DO97	57684	728586	ZBTB26	CCDC192	chromatin immunoprecipitation assay	27924024	Homo sapiens	GTRD	No	Mm:Q6P9Q3;Rn:D3ZG35	Dr:A2BF92	Mm:E9PYL8	-
Q9HCK0	Q9NVR7	57684	55171	ZBTB26	TBCCD1	chromatin immunoprecipitation assay	27924024	Homo sapiens	GTRD	No	Mm:Q6P9Q3;Rn:D3ZG35	Dr:A2BF92	Dr:Z4YHS7;Mm:Q640P7;Rn:Q5FVR8	-
Q9HCK0	P0DI82	57684	6399	ZBTB26	TRAPPC2B	chromatin immunoprecipitation assay	27924024	Homo sapiens	GTRD	No	Mm:Q6P9Q3;Rn:D3ZG35	Dr:A2BF92	-	-
Q9HCK0	P11310	57684	34	ZBTB26	ACADM	chromatin immunoprecipitation assay	27924024	Homo sapiens	GTRD	No	Mm:Q6P9Q3;Rn:D3ZG35	Dr:A2BF92	Ce:Q22347;Ce:Q22781;Dm:Q9VSA3;Mm:P45952;Rn:G3V796	Ce:Q21243;Dr:A2CG95
Q9HCK0	Q5SWX8	57684	54953	ZBTB26	ODR4	chromatin immunoprecipitation assay	27924024	Homo sapiens	GTRD	No	Mm:Q6P9Q3;Rn:D3ZG35	Dr:A2BF92	Ce:Q8I7F8;Dm:Q9VTX8;Dr:E7EXN0;Mm:Q4PJX1;Rn:D3ZV63	-
Q9HCK0	Q8WUW1	57684	55845	ZBTB26	BRK1	chromatin immunoprecipitation assay	27924024	Homo sapiens	GTRD	No	Mm:Q6P9Q3;Rn:D3ZG35	Dr:A2BF92	Ce:A5Z2X2;Dm:Q8MLQ0;Dr:Q6IQ86;Mm:Q91VR8;Rn:D3ZUP5	-
Q9HCK0	Q15545	57684	6879	ZBTB26	TAF7	chromatin immunoprecipitation assay	27924024	Homo sapiens	GTRD	No	Mm:Q6P9Q3;Rn:D3ZG35	Dr:A2BF92	Dr:Q8JHG4;Mm:Q9R1C0;Rn:B0BN78	-
Q9HCK0	Q9UJM3	57684	54206	ZBTB26	ERRFI1	chromatin immunoprecipitation assay	27924024	Homo sapiens	GTRD	No	Mm:Q6P9Q3;Rn:D3ZG35	Dr:A2BF92	Mm:Q99JZ7;Rn:P05432	Dr:A3KNJ9
Q9HCK0	P61244	57684	4149	ZBTB26	MAX	chromatin immunoprecipitation assay	27924024	Homo sapiens	GTRD	No	Mm:Q6P9Q3;Rn:D3ZG35	Dr:A2BF92	Ce:G5EEH5;Dm:P91664;Mm:P28574;Rn:P52164	-
Q9HCK0	P59923	57684	353274	ZBTB26	ZNF445	chromatin immunoprecipitation assay	27924024	Homo sapiens	GTRD	No	Mm:Q6P9Q3;Rn:D3ZG35	Dr:A2BF92	Mm:Q8R2V3	Rn:D3ZAK3
Q9HCK0	Q99877	57684	8341	ZBTB26	H2BC15	chromatin immunoprecipitation assay	27924024	Homo sapiens	GTRD	No	Mm:Q6P9Q3;Rn:D3ZG35	Dr:A2BF92	-	-
Q9HCK0	P24385	57684	595	ZBTB26	CCND1	chromatin immunoprecipitation assay	27924024	Homo sapiens	GTRD	No	Mm:Q6P9Q3;Rn:D3ZG35	Dr:A2BF92	Dr:Q90459;Mm:P25322;Rn:P39948	-
Q9HCK0	Q9NYD6	57684	3226	ZBTB26	HOXC10	chromatin immunoprecipitation assay	27924024	Homo sapiens	GTRD	No	Mm:Q6P9Q3;Rn:D3ZG35	Dr:A2BF92	Mm:P31257;Rn:G3V815	-
Q9HCK0	Q9UHJ9	57684	27315	ZBTB26	PGAP2	chromatin immunoprecipitation assay	27924024	Homo sapiens	GTRD	No	Mm:Q6P9Q3;Rn:D3ZG35	Dr:A2BF92	Dm:Q9VPT7;Mm:Q3TQR0	Ce:Q22141;Dr:G1K2N7;Rn:D4ACY7
Q9HCK0	Q9UBI4	57684	9399	ZBTB26	STOML1	chromatin immunoprecipitation assay	27924024	Homo sapiens	GTRD	No	Mm:Q6P9Q3;Rn:D3ZG35	Dr:A2BF92	Ce:G5ED76;Mm:A0A0B4J1F1;Rn:D4A7E9	Dr:F1Q9K0
Q9HCK0	Q9Y3E7	57684	100526767;51652	ZBTB26	CHMP3	chromatin immunoprecipitation assay	27924024	Homo sapiens	GTRD	No	Mm:Q6P9Q3;Rn:D3ZG35	Dr:A2BF92	-	-
Q9HCK0	Q01844	57684	2130	ZBTB26	EWSR1	chromatin immunoprecipitation assay	27924024	Homo sapiens	GTRD	No	Mm:Q6P9Q3;Rn:D3ZG35	Dr:A2BF92	Dr:A0A0B4J1A5;Rn:A0A140UHY3	Mm:Q5SUS9
Q9HCK0	Q5T2R2	57684	23590	ZBTB26	PDSS1	chromatin immunoprecipitation assay	27924024	Homo sapiens	GTRD	No	Mm:Q6P9Q3;Rn:D3ZG35	Dr:A2BF92	Ce:P91093;Dm:Q9V9Z3;Mm:Q33DR2;Rn:M0R6Q9	Dr:Q567H1
Q9HCK0	Q8N138	57684	94103	ZBTB26	ORMDL3	chromatin immunoprecipitation assay	27924024	Homo sapiens	GTRD	No	Mm:Q6P9Q3;Rn:D3ZG35	Dr:A2BF92	Mm:Q9CPZ6;Rn:A0A0G2JSW1	Dr:Q5XJR6
Q9HCK0	Q13424	57684	6640	ZBTB26	SNTA1	chromatin immunoprecipitation assay	27924024	Homo sapiens	GTRD	No	Mm:Q6P9Q3;Rn:D3ZG35	Dr:A2BF92	Rn:B5DFL0	Mm:A2AKD7
Q9HCK0	Q07065	57684	10970	ZBTB26	CKAP4	chromatin immunoprecipitation assay	27924024	Homo sapiens	GTRD	No	Mm:Q6P9Q3;Rn:D3ZG35	Dr:A2BF92	Dr:Q6NW47;Mm:Q8BMK4	-
Q9HCK0	P61758	57684	7411	ZBTB26	VBP1	chromatin immunoprecipitation assay	27924024	Homo sapiens	GTRD	No	Mm:Q6P9Q3;Rn:D3ZG35	Dr:A2BF92	Ce:O18054;Dm:Q9VGP6;Dr:Q503D5;Mm:P61759;Rn:M0R919;Sc:P48363	-
Q9HCK0	Q12899	57684	7726	ZBTB26	TRIM26	chromatin immunoprecipitation assay	27924024	Homo sapiens	GTRD	No	Mm:Q6P9Q3;Rn:D3ZG35	Dr:A2BF92	Mm:Q99PN3	Rn:A0A0G2JTL1
Q9HCK0	Q9Y676	57684	28973	ZBTB26	MRPS18B	chromatin immunoprecipitation assay	27924024	Homo sapiens	GTRD	No	Mm:Q6P9Q3;Rn:D3ZG35	Dr:A2BF92	Dr:Q566S7;Mm:Q99N84;Rn:F6Q5K7	-
Q9HCK0	Q9UPQ0	57684	22998	ZBTB26	LIMCH1	chromatin immunoprecipitation assay	27924024	Homo sapiens	GTRD	No	Mm:Q6P9Q3;Rn:D3ZG35	Dr:A2BF92	-	-
Q9HCK0	Q9GZV4	57684	56648	ZBTB26	EIF5A2	chromatin immunoprecipitation assay	27924024	Homo sapiens	GTRD	No	Mm:Q6P9Q3;Rn:D3ZG35	Dr:A2BF92	Mm:Q8BGY2;Rn:G3V7J7	-
Q9HCK0	Q9Y2E6	57684	23220	ZBTB26	DTX4	chromatin immunoprecipitation assay	27924024	Homo sapiens	GTRD	No	Mm:Q6P9Q3;Rn:D3ZG35	Dr:A2BF92	Dr:F1QI34;Mm:Q6PDK8	Rn:A0A0G2K048
Q9HCK0	Q8TEB9	57684	84236	ZBTB26	RHBDD1	chromatin immunoprecipitation assay	27924024	Homo sapiens	GTRD	No	Mm:Q6P9Q3;Rn:D3ZG35	Dr:A2BF92	Dr:F1QUY6;Mm:Q8BHC7;Rn:Q4V8F3	-
Q9HCK0	Q92576	57684	23469	ZBTB26	PHF3	chromatin immunoprecipitation assay	27924024	Homo sapiens	GTRD	No	Mm:Q6P9Q3;Rn:D3ZG35	Dr:A2BF92	Mm:B2RQG2;Rn:D3ZKI5	-
Q9HCK0	P40818	57684	9101	ZBTB26	USP8	chromatin immunoprecipitation assay	27924024	Homo sapiens	GTRD	No	Mm:Q6P9Q3;Rn:D3ZG35	Dr:A2BF92	Mm:Q80U87;Rn:D3ZN39	Dr:I3IT16
Q9HCK0	P07384	57684	823	ZBTB26	CAPN1	chromatin immunoprecipitation assay	27924024	Homo sapiens	GTRD	No	Mm:Q6P9Q3;Rn:D3ZG35	Dr:A2BF92	Dr:F1QI24;Mm:O35350;Rn:F1LS29	-
Q9HCK0	P30419	57684	4836	ZBTB26	NMT1	chromatin immunoprecipitation assay	27924024	Homo sapiens	GTRD	No	Mm:Q6P9Q3;Rn:D3ZG35	Dr:A2BF92	Dr:F1QY00;Mm:O70310;Rn:Q8K1Q0	-
Q9HCK0	Q8TAP9	57684	136647	ZBTB26	MPLKIP	chromatin immunoprecipitation assay	27924024	Homo sapiens	GTRD	No	Mm:Q6P9Q3;Rn:D3ZG35	Dr:A2BF92	Dr:B0V0W7;Mm:Q9D011;Rn:D3ZVR4	-
Q9HCK0	Q8N0S6	57684	91687	ZBTB26	CENPL	chromatin immunoprecipitation assay	27924024	Homo sapiens	GTRD	No	Mm:Q6P9Q3;Rn:D3ZG35	Dr:A2BF92	-	Dr:F1QZ35;Mm:Q14A61;Rn:A0A0A6YYD9
Q9HCK0	P48059	57684	3987	ZBTB26	LIMS1	chromatin immunoprecipitation assay	27924024	Homo sapiens	GTRD	No	Mm:Q6P9Q3;Rn:D3ZG35	Dr:A2BF92	Dr:F1QQT3	Mm:A0A5F8MPJ3
Q9HCK0	O43299	57684	9907	ZBTB26	AP5Z1	chromatin immunoprecipitation assay	27924024	Homo sapiens	GTRD	No	Mm:Q6P9Q3;Rn:D3ZG35	Dr:A2BF92	Dr:X1WDD8;Mm:Q3U829	Rn:A0A0G2JYJ5
Q9HCK0	Q7Z3C6	57684	79065	ZBTB26	ATG9A	chromatin immunoprecipitation assay	27924024	Homo sapiens	GTRD	No	Mm:Q6P9Q3;Rn:D3ZG35	Dr:A2BF92	Ce:Q9TXN6;Dr:F1QCA8;Mm:Q3ZAQ4;Rn:Q5FWU3	Dm:Q7JQL5
Q9HCK0	P78417	57684	9446	ZBTB26	GSTO1	chromatin immunoprecipitation assay	27924024	Homo sapiens	GTRD	No	Mm:Q6P9Q3;Rn:D3ZG35	Dr:A2BF92	Mm:O09131;Rn:Q6AXR6	Dr:F1QN72;Dr:F1QBZ6
Q9HCK0	Q8WUF5	57684	10848	ZBTB26	PPP1R13L	chromatin immunoprecipitation assay	27924024	Homo sapiens	GTRD	No	Mm:Q6P9Q3;Rn:D3ZG35	Dr:A2BF92	Dr:Q1L9A3;Mm:Q5I1X5	Rn:F1LW07
Q9HCK0	P30542	57684	134	ZBTB26	ADORA1	chromatin immunoprecipitation assay	27924024	Homo sapiens	GTRD	No	Mm:Q6P9Q3;Rn:D3ZG35	Dr:A2BF92	Mm:Q60612;Rn:P25099	Dr:F1R236;Dr:B0V2S3
Q9HCK0	Q99675	57684	10668	ZBTB26	CGRRF1	chromatin immunoprecipitation assay	27924024	Homo sapiens	GTRD	No	Mm:Q6P9Q3;Rn:D3ZG35	Dr:A2BF92	Dr:F1QJ38;Mm:Q8BMJ7;Rn:G3V7C9	-
Q9HCK0	Q9Y575	57684	100302652;51130	ZBTB26	ASB3	chromatin immunoprecipitation assay	27924024	Homo sapiens	GTRD	No	Mm:Q6P9Q3;Rn:D3ZG35	Dr:A2BF92	Dr:F1QBD5;Rn:D3ZJN4	-
Q9HCK0	P60900	57684	5687	ZBTB26	PSMA6	chromatin immunoprecipitation assay	27924024	Homo sapiens	GTRD	No	Mm:Q6P9Q3;Rn:D3ZG35	Dr:A2BF92	-	-
Q9HCK0	P46777	57684	6125	ZBTB26	RPL5	chromatin immunoprecipitation assay	27924024	Homo sapiens	GTRD	No	Mm:Q6P9Q3;Rn:D3ZG35	Dr:A2BF92	Ce:P49405;Dm:Q9W5R8;Dr:Q7ZUI0;Mm:P47962;Rn:P09895;Sc:P26321	-
Q9HCK0	Q15119	57684	5164	ZBTB26	PDK2	chromatin immunoprecipitation assay	27924024	Homo sapiens	GTRD	No	Mm:Q6P9Q3;Rn:D3ZG35	Dr:A2BF92	Ce:Q02332;Dr:E7FD62;Mm:Q9JK42;Rn:F1LMM8	-
Q9HCK0	B4DXG7	57684	-	ZBTB26	-	chromatin immunoprecipitation assay	27924024	Homo sapiens	GTRD	No	Mm:Q6P9Q3;Rn:D3ZG35	Dr:A2BF92	-	-
Q9HCK0	Q05682	57684	800	ZBTB26	CALD1	chromatin immunoprecipitation assay	27924024	Homo sapiens	GTRD	No	Mm:Q6P9Q3;Rn:D3ZG35	Dr:A2BF92	Dm:A1Z9G7;Rn:A0A0G2JTV2	Dr:E7EZ62;Mm:E9QA15
Q9HCK0	P38398	57684	672	ZBTB26	BRCA1	chromatin immunoprecipitation assay	27924024	Homo sapiens	GTRD	No	Mm:Q6P9Q3;Rn:D3ZG35	Dr:A2BF92	Mm:P48754;Rn:G3V8S5	-
Q9HCK0	P78540	57684	384	ZBTB26	ARG2	chromatin immunoprecipitation assay	27924024	Homo sapiens	GTRD	No	Mm:Q6P9Q3;Rn:D3ZG35	Dr:A2BF92	Dr:Q6PH54;Mm:O08691;Rn:G3V7H6	-
Q9HCK0	Q8IUX4	57684	200316	ZBTB26	APOBEC3F	chromatin immunoprecipitation assay	27924024	Homo sapiens	GTRD	No	Mm:Q6P9Q3;Rn:D3ZG35	Dr:A2BF92	-	-
Q9HCK0	Q8IU85	57684	57118	ZBTB26	CAMK1D	chromatin immunoprecipitation assay	27924024	Homo sapiens	GTRD	No	Mm:Q6P9Q3;Rn:D3ZG35	Dr:A2BF92	Mm:Q8BW96	Dr:B5MF71;Dr:F1QB45;Rn:F1LVR4
Q9HCK0	F2Z307	57684	-	ZBTB26	ATP6V1G2-DDX39B	chromatin immunoprecipitation assay	27924024	Homo sapiens	GTRD	No	Mm:Q6P9Q3;Rn:D3ZG35	Dr:A2BF92	-	-
Q9HCK0	O15243	57684	54741	ZBTB26	LEPROT	chromatin immunoprecipitation assay	27924024	Homo sapiens	GTRD	No	Mm:Q6P9Q3;Rn:D3ZG35	Dr:A2BF92	Mm:O89013;Rn:Q9JLS8	-
Q9HCK0	P55197	57684	8028	ZBTB26	MLLT10	chromatin immunoprecipitation assay	27924024	Homo sapiens	GTRD	No	Mm:Q6P9Q3;Rn:D3ZG35	Dr:A2BF92	Dr:F8W451;Mm:O54826	Rn:F1M8I4
Q9HCK0	Q5TCX8	57684	84451	ZBTB26	MAP3K21	chromatin immunoprecipitation assay	27924024	Homo sapiens	GTRD	No	Mm:Q6P9Q3;Rn:D3ZG35	Dr:A2BF92	Mm:Q8VDG6;Rn:D4A454	Dr:F1R5E9
Q9HCK0	Q9BSF4	57684	90580	ZBTB26	TIMM29	chromatin immunoprecipitation assay	27924024	Homo sapiens	GTRD	No	Mm:Q6P9Q3;Rn:D3ZG35	Dr:A2BF92	Ce:Q8WQD7;Dr:Q5PNM7;Mm:Q8BGX2;Rn:D3ZEG8	-
Q9HCK0	P78316	57684	8602	ZBTB26	NOP14	chromatin immunoprecipitation assay	27924024	Homo sapiens	GTRD	No	Mm:Q6P9Q3;Rn:D3ZG35	Dr:A2BF92	Dm:Q9VEJ2;Mm:Q8R3N1;Rn:A0A0G2K0Z9;Sc:Q99207	-
Q9HCK0	Q9NZ63	57684	51759	ZBTB26	C9orf78	chromatin immunoprecipitation assay	27924024	Homo sapiens	GTRD	No	Mm:Q6P9Q3;Rn:D3ZG35	Dr:A2BF92	Ce:Q9XVH9;Dm:Q9W0A9;Dr:Q5XJ46;Mm:Q3TQI7;Rn:A0A096MJX5	-
Q9HCK0	P51157	57684	9364	ZBTB26	RAB28	chromatin immunoprecipitation assay	27924024	Homo sapiens	GTRD	No	Mm:Q6P9Q3;Rn:D3ZG35	Dr:A2BF92	Ce:Q9XWR6;Mm:Q99KL7;Rn:P51158	-
Q9HCK0	Q6ZNB6	57684	152518	ZBTB26	NFXL1	chromatin immunoprecipitation assay	27924024	Homo sapiens	GTRD	No	Mm:Q6P9Q3;Rn:D3ZG35	Dr:A2BF92	Dm:Q9VZF2;Mm:E9Q8I7;Rn:F1LNF3	-
Q9HCK0	Q99574	57684	5274	ZBTB26	SERPINI1	chromatin immunoprecipitation assay	27924024	Homo sapiens	GTRD	No	Mm:Q6P9Q3;Rn:D3ZG35	Dr:A2BF92	Ce:O17365;Mm:O35684;Rn:Q9JLD2	Ce:G5ECY2;Dr:B3DJI9
Q9HCK0	Q8TAS1	57684	127933	ZBTB26	UHMK1	chromatin immunoprecipitation assay	27924024	Homo sapiens	GTRD	No	Mm:Q6P9Q3;Rn:D3ZG35	Dr:A2BF92	Mm:P97343;Rn:R9PXR8;Rn:A0A0G2JWE6	Dr:F1QK36
Q9HCK0	P20042	57684	8894	ZBTB26	EIF2S2	chromatin immunoprecipitation assay	27924024	Homo sapiens	GTRD	No	Mm:Q6P9Q3;Rn:D3ZG35	Dr:A2BF92	Dm:P41375;Dr:F1Q8P7;Mm:Q99L45;Rn:Q6P685;Sc:P09064	-
Q9HCK0	Q9NVD3	57684	54093	ZBTB26	SETD4	chromatin immunoprecipitation assay	27924024	Homo sapiens	GTRD	No	Mm:Q6P9Q3;Rn:D3ZG35	Dr:A2BF92	Ce:Q9BPP1;Dm:Q7KVB0;Dr:A8E7F0;Sc:P38732	Mm:P58467;Rn:B0BN36
Q9HCK0	Q6QAJ8	57684	388335	ZBTB26	TMEM220	chromatin immunoprecipitation assay	27924024	Homo sapiens	GTRD	No	Mm:Q6P9Q3;Rn:D3ZG35	Dr:A2BF92	Dr:E7FET6;Mm:Q8BP07	Rn:D4A6Z7
Q9HCK0	Q8TCB7	57684	131965	ZBTB26	METTL6	chromatin immunoprecipitation assay	27924024	Homo sapiens	GTRD	No	Mm:Q6P9Q3;Rn:D3ZG35	Dr:A2BF92	Ce:Q23383;Dm:A1ZAY5;Dr:F1R1Q0;Mm:Q8BVH9;Rn:Q6AXU8	-
Q9HCK0	Q92989	57684	10978	ZBTB26	CLP1	chromatin immunoprecipitation assay	27924024	Homo sapiens	GTRD	No	Mm:Q6P9Q3;Rn:D3ZG35	Dr:A2BF92	-	-
Q9HCK0	P40616	57684	400	ZBTB26	ARL1	chromatin immunoprecipitation assay	27924024	Homo sapiens	GTRD	No	Mm:Q6P9Q3;Rn:D3ZG35	Dr:A2BF92	Dm:P25160;Dr:Q6DGK1;Mm:P61211;Rn:P61212	Ce:Q20758
Q9HCK0	Q9NRR3	57684	56990	ZBTB26	CDC42SE2	chromatin immunoprecipitation assay	27924024	Homo sapiens	GTRD	No	Mm:Q6P9Q3;Rn:D3ZG35	Dr:A2BF92	Dm:Q9VNE7;Mm:Q8BGH7;Rn:V9GZ87	Dr:A9JR56
Q9HCK0	Q9HAU0	57684	54477	ZBTB26	PLEKHA5	chromatin immunoprecipitation assay	27924024	Homo sapiens	GTRD	No	Mm:Q6P9Q3;Rn:D3ZG35	Dr:A2BF92	Mm:E9Q6H8;Rn:E9PTG5	Dr:F1QP59
Q9HCK0	Q9BVX2	57684	79022	ZBTB26	TMEM106C	chromatin immunoprecipitation assay	27924024	Homo sapiens	GTRD	No	Mm:Q6P9Q3;Rn:D3ZG35	Dr:A2BF92	Dr:E7FGH4;Mm:Q80VP8;Rn:Q5RJK0	-
Q9HCK0	P35520	57684	102724560;875	ZBTB26	CBS	chromatin immunoprecipitation assay	27924024	Homo sapiens	GTRD	No	Mm:Q6P9Q3;Rn:D3ZG35	Dr:A2BF92	-	-
Q9HCK0	O75475	57684	11168	ZBTB26	PSIP1	chromatin immunoprecipitation assay	27924024	Homo sapiens	GTRD	No	Mm:Q6P9Q3;Rn:D3ZG35	Dr:A2BF92	Ce:Q9U380;Dr:A0A0R4IXV5;Mm:Q99JF8;Rn:F1SW39	-
Q9HCK0	Q6ZMB5	57684	202915	ZBTB26	TMEM184A	chromatin immunoprecipitation assay	27924024	Homo sapiens	GTRD	No	Mm:Q6P9Q3;Rn:D3ZG35	Dr:A2BF92	Dr:A0A0R4IMB8	Mm:D3Z382;Rn:A0A0G2K4I7
Q9HCK0	Q8TF46	57684	115752	ZBTB26	DIS3L	chromatin immunoprecipitation assay	27924024	Homo sapiens	GTRD	No	Mm:Q6P9Q3;Rn:D3ZG35	Dr:A2BF92	Mm:Q8C0S1;Rn:Q5U2P0	Dr:F1Q9I9
Q9HCK0	Q8N573	57684	55074	ZBTB26	OXR1	chromatin immunoprecipitation assay	27924024	Homo sapiens	GTRD	No	Mm:Q6P9Q3;Rn:D3ZG35	Dr:A2BF92	Dr:I3ISS4;Mm:Q4KMM3	Rn:A0A0G2K7Y2
Q9HCK0	Q569G3	57684	133491	ZBTB26	C5orf47	chromatin immunoprecipitation assay	27924024	Homo sapiens	GTRD	No	Mm:Q6P9Q3;Rn:D3ZG35	Dr:A2BF92	Mm:Q24JP4	Rn:D4AAX2
Q9HCK0	O00178	57684	9567	ZBTB26	GTPBP1	chromatin immunoprecipitation assay	27924024	Homo sapiens	GTRD	No	Mm:Q6P9Q3;Rn:D3ZG35	Dr:A2BF92	Ce:Q18905;Dm:Q0E931;Dr:A3KQI1;Dr:F1RBD1;Mm:O08582;Rn:D2XV59	-
Q9HCK0	Q9H0J9	57684	64761	ZBTB26	PARP12	chromatin immunoprecipitation assay	27924024	Homo sapiens	GTRD	No	Mm:Q6P9Q3;Rn:D3ZG35	Dr:A2BF92	Mm:Q8BZ20;Rn:D4A3V3	Dr:Q1LUY0
Q9HCK0	P50914	57684	9045	ZBTB26	RPL14	chromatin immunoprecipitation assay	27924024	Homo sapiens	GTRD	No	Mm:Q6P9Q3;Rn:D3ZG35	Dr:A2BF92	Ce:Q9XVE9;Dm:P55841;Mm:Q9CR57;Rn:B5DEM5	Dr:A8E526
Q9HCK0	P17480	57684	7343	ZBTB26	UBTF	chromatin immunoprecipitation assay	27924024	Homo sapiens	GTRD	No	Mm:Q6P9Q3;Rn:D3ZG35	Dr:A2BF92	Dr:F1QZ83;Rn:P25977	Mm:A2AWT5
Q9HCK0	Q92888	57684	9138	ZBTB26	ARHGEF1	chromatin immunoprecipitation assay	27924024	Homo sapiens	GTRD	No	Mm:Q6P9Q3;Rn:D3ZG35	Dr:A2BF92	-	-
Q9HCK0	A8K8P3	57684	9814	ZBTB26	SFI1	chromatin immunoprecipitation assay	27924024	Homo sapiens	GTRD	No	Mm:Q6P9Q3;Rn:D3ZG35	Dr:A2BF92	Dr:F1QNA2;Mm:Q3UZY0;Rn:D3ZTG6	-
Q9HCK0	Q9NW38	57684	55120	ZBTB26	FANCL	chromatin immunoprecipitation assay	27924024	Homo sapiens	GTRD	No	Mm:Q6P9Q3;Rn:D3ZG35	Dr:A2BF92	Dr:B8JHS6;Mm:Q9CR14;Rn:D3ZAU3	-
Q9HCK0	Q96NH3	57684	221322	ZBTB26	TBC1D32	chromatin immunoprecipitation assay	27924024	Homo sapiens	GTRD	No	Mm:Q6P9Q3;Rn:D3ZG35	Dr:A2BF92	Dr:Q5RHR6;Mm:Q3URV1;Rn:D4A050	-
Q9HCK0	K7EIS1	57684	-	ZBTB26	-	chromatin immunoprecipitation assay	27924024	Homo sapiens	GTRD	No	Mm:Q6P9Q3;Rn:D3ZG35	Dr:A2BF92	-	-
Q9HCK0	Q15040	57684	9929	ZBTB26	JOSD1	chromatin immunoprecipitation assay	27924024	Homo sapiens	GTRD	No	Mm:Q6P9Q3;Rn:D3ZG35	Dr:A2BF92	Mm:Q9DBJ6;Rn:Q5BJY4	Dr:Q08C38
Q9HCK0	Q13635	57684	5727	ZBTB26	PTCH1	chromatin immunoprecipitation assay	27924024	Homo sapiens	GTRD	No	Mm:Q6P9Q3;Rn:D3ZG35	Dr:A2BF92	Ce:H2L0G5;Ce:Q09614;Mm:Q61115;Rn:Q6UY90	Dr:F8W5M6
Q9HCK0	Q9NX61	57684	54929	ZBTB26	TMEM161A	chromatin immunoprecipitation assay	27924024	Homo sapiens	GTRD	No	Mm:Q6P9Q3;Rn:D3ZG35	Dr:A2BF92	Mm:Q8VCA6;Rn:F7EZW5	Dr:G1K2F0
Q9HCK0	Q9Y2W1	57684	9967	ZBTB26	THRAP3	chromatin immunoprecipitation assay	27924024	Homo sapiens	GTRD	No	Mm:Q6P9Q3;Rn:D3ZG35	Dr:A2BF92	Mm:Q569Z6;Rn:Q5M7V8	Dr:A0A0R4IKU8
Q9HCK0	Q9Y272	57684	51655	ZBTB26	RASD1	chromatin immunoprecipitation assay	27924024	Homo sapiens	GTRD	No	Mm:Q6P9Q3;Rn:D3ZG35	Dr:A2BF92	Dr:Q6PHV8;Mm:O35626;Rn:Q9JKF8	-
Q9HCK0	Q8IVJ1	57684	254428	ZBTB26	SLC41A1	chromatin immunoprecipitation assay	27924024	Homo sapiens	GTRD	No	Mm:Q6P9Q3;Rn:D3ZG35	Dr:A2BF92	Ce:O45182;Dr:E7EXX2;Mm:Q8BJA2;Rn:D3ZM22	-
Q9HCK0	O95948	57684	9480	ZBTB26	ONECUT2	chromatin immunoprecipitation assay	27924024	Homo sapiens	GTRD	No	Mm:Q6P9Q3;Rn:D3ZG35	Dr:A2BF92	Mm:Q6XBJ3	Rn:A0A0G2K263
Q9HCK0	Q8TAB5	57684	127703	ZBTB26	C1orf216	chromatin immunoprecipitation assay	27924024	Homo sapiens	GTRD	No	Mm:Q6P9Q3;Rn:D3ZG35	Dr:A2BF92	Mm:Q8BP99	Rn:D3ZVC1
Q9HCK0	P51693	57684	333	ZBTB26	APLP1	chromatin immunoprecipitation assay	27924024	Homo sapiens	GTRD	No	Mm:Q6P9Q3;Rn:D3ZG35	Dr:A2BF92	Dr:A0A0R4IXG2;Mm:A0A0R4IZZ1;Rn:F1LRS5	-
Q9HCK0	B2RTY4	57684	4649	ZBTB26	MYO9A	chromatin immunoprecipitation assay	27924024	Homo sapiens	GTRD	No	Mm:Q6P9Q3;Rn:D3ZG35	Dr:A2BF92	Rn:F1LMQ1	Mm:D3Z3A8
Q9HCK0	Q96MH2	57684	124790	ZBTB26	HEXIM2	chromatin immunoprecipitation assay	27924024	Homo sapiens	GTRD	No	Mm:Q6P9Q3;Rn:D3ZG35	Dr:A2BF92	Mm:Q3TVI4;Rn:B2RZ69	-
Q9HCK0	Q9BT81	57684	83595	ZBTB26	SOX7	chromatin immunoprecipitation assay	27924024	Homo sapiens	GTRD	No	Mm:Q6P9Q3;Rn:D3ZG35	Dr:A2BF92	-	-
Q9HCK0	Q2M3X9	57684	641339	ZBTB26	ZNF674	chromatin immunoprecipitation assay	27924024	Homo sapiens	GTRD	No	Mm:Q6P9Q3;Rn:D3ZG35	Dr:A2BF92	-	-
Q9HCK0	Q15554	57684	7014	ZBTB26	TERF2	chromatin immunoprecipitation assay	27924024	Homo sapiens	GTRD	No	Mm:Q6P9Q3;Rn:D3ZG35	Dr:A2BF92	Dr:F1QRC8;Rn:D3ZJF7	Mm:D3YZ08
Q9HCK0	P00395	57684	4512	ZBTB26	MT-CO1	chromatin immunoprecipitation assay	27924024	Homo sapiens	GTRD	No	Mm:Q6P9Q3;Rn:D3ZG35	Dr:A2BF92	Dm:P00399;Dr:Q9MIY8;Mm:P00397;Rn:P05503;Sc:P00401	-
Q9HCK0	Q9HAD4	57684	55255	ZBTB26	WDR41	chromatin immunoprecipitation assay	27924024	Homo sapiens	GTRD	No	Mm:Q6P9Q3;Rn:D3ZG35	Dr:A2BF92	Mm:Q3UDP0	Dr:F1Q4U0;Rn:F7ETI3
Q9HCK0	Q03135	57684	857	ZBTB26	CAV1	chromatin immunoprecipitation assay	27924024	Homo sapiens	GTRD	No	Mm:Q6P9Q3;Rn:D3ZG35	Dr:A2BF92	Mm:P49817;Rn:Q2IBC6	-
Q9HCK0	P24394	57684	3566	ZBTB26	IL4R	chromatin immunoprecipitation assay	27924024	Homo sapiens	GTRD	No	Mm:Q6P9Q3;Rn:D3ZG35	Dr:A2BF92	Mm:P16382;Rn:Q63257	-
Q9HCK0	Q8N371	57684	79831	ZBTB26	KDM8	chromatin immunoprecipitation assay	27924024	Homo sapiens	GTRD	No	Mm:Q6P9Q3;Rn:D3ZG35	Dr:A2BF92	-	-
Q9HCK0	Q9UQR0	57684	10389	ZBTB26	SCML2	chromatin immunoprecipitation assay	27924024	Homo sapiens	GTRD	No	Mm:Q6P9Q3;Rn:D3ZG35	Dr:A2BF92	Dr:F1RDU3	Rn:D3ZRL8
Q9HCK0	O95232	57684	51747	ZBTB26	LUC7L3	chromatin immunoprecipitation assay	27924024	Homo sapiens	GTRD	No	Mm:Q6P9Q3;Rn:D3ZG35	Dr:A2BF92	Ce:Q8ITY5;Dm:Q9W3X8;Dr:F1Q9F6;Mm:Q5SUF2;Rn:D3ZFB2	-
Q9HCK0	P52732	57684	3832	ZBTB26	KIF11	chromatin immunoprecipitation assay	27924024	Homo sapiens	GTRD	No	Mm:Q6P9Q3;Rn:D3ZG35	Dr:A2BF92	Mm:Q6P9P6;Rn:F1MAB8	-
Q9HCK0	Q96PZ0	57684	54517	ZBTB26	PUS7	chromatin immunoprecipitation assay	27924024	Homo sapiens	GTRD	No	Mm:Q6P9Q3;Rn:D3ZG35	Dr:A2BF92	Dm:Q9VSK9;Mm:Q91VU7;Rn:D4ADZ9;Sc:Q08647	Dr:F1QUN2
Q9HCK0	Q92686	57684	4900	ZBTB26	NRGN	chromatin immunoprecipitation assay	27924024	Homo sapiens	GTRD	No	Mm:Q6P9Q3;Rn:D3ZG35	Dr:A2BF92	Mm:P60761;Rn:Q04940	-
Q9HCK0	Q9NUS5	57684	55317	ZBTB26	AP5S1	chromatin immunoprecipitation assay	27924024	Homo sapiens	GTRD	No	Mm:Q6P9Q3;Rn:D3ZG35	Dr:A2BF92	Dr:B8JKA7;Rn:A0A0G2K3F6	Mm:A2ANC6
Q9HCK0	Q9UDY8	57684	10892	ZBTB26	MALT1	chromatin immunoprecipitation assay	27924024	Homo sapiens	GTRD	No	Mm:Q6P9Q3;Rn:D3ZG35	Dr:A2BF92	Mm:Q2TBA3;Rn:D4A980	Dr:E9QEU5
Q9HCK0	Q8TBQ9	57684	153339	ZBTB26	TMEM167A	chromatin immunoprecipitation assay	27924024	Homo sapiens	GTRD	No	Mm:Q6P9Q3;Rn:D3ZG35	Dr:A2BF92	Dm:Q9VWH8;Mm:Q9CR64;Sc:Q8TGJ3	Dr:F1R8Q0;Rn:D3ZKR8
Q9HCK0	Q5SV97	57684	84808	ZBTB26	PERM1	chromatin immunoprecipitation assay	27924024	Homo sapiens	GTRD	No	Mm:Q6P9Q3;Rn:D3ZG35	Dr:A2BF92	Mm:Q149B8	Rn:D3ZH76
Q9HCK0	K7EMT4	57684	-	ZBTB26	-	chromatin immunoprecipitation assay	27924024	Homo sapiens	GTRD	No	Mm:Q6P9Q3;Rn:D3ZG35	Dr:A2BF92	-	-
Q9HCK0	Q00G26	57684	440503	ZBTB26	PLIN5	chromatin immunoprecipitation assay	27924024	Homo sapiens	GTRD	No	Mm:Q6P9Q3;Rn:D3ZG35	Dr:A2BF92	Mm:Q8BVZ1;Rn:M0R7Z9	-
Q9HCK0	Q13433	57684	25800	ZBTB26	SLC39A6	chromatin immunoprecipitation assay	27924024	Homo sapiens	GTRD	No	Mm:Q6P9Q3;Rn:D3ZG35	Dr:A2BF92	Dm:Q9VSL7;Dr:F1QKB6;Mm:Q8C145;Rn:Q4V887	-
Q9HCK0	Q96N77	57684	121274	ZBTB26	ZNF641	chromatin immunoprecipitation assay	27924024	Homo sapiens	GTRD	No	Mm:Q6P9Q3;Rn:D3ZG35	Dr:A2BF92	Mm:Q8BZ34;Rn:D4A704	-
Q9HCK0	O75787	57684	10159	ZBTB26	ATP6AP2	chromatin immunoprecipitation assay	27924024	Homo sapiens	GTRD	No	Mm:Q6P9Q3;Rn:D3ZG35	Dr:A2BF92	Ce:Q9XTY9;Dm:Q9VHG4;Mm:Q9CYN9;Rn:Q6AXS4	Dr:F1QIH1
Q9HCK0	P78527	57684	5591	ZBTB26	PRKDC	chromatin immunoprecipitation assay	27924024	Homo sapiens	GTRD	No	Mm:Q6P9Q3;Rn:D3ZG35	Dr:A2BF92	Mm:P97313;Rn:D3ZTN0	Dr:E7F4J7
Q9HCK0	Q01629	57684	10581	ZBTB26	IFITM2	chromatin immunoprecipitation assay	27924024	Homo sapiens	GTRD	No	Mm:Q6P9Q3;Rn:D3ZG35	Dr:A2BF92	-	-
Q9HCK0	Q9Y6X4	57684	26049	ZBTB26	FAM169A	chromatin immunoprecipitation assay	27924024	Homo sapiens	GTRD	No	Mm:Q6P9Q3;Rn:D3ZG35	Dr:A2BF92	Mm:Q5XG69;Rn:D3ZKX8	-
Q9HCK0	Q04912	57684	4486	ZBTB26	MST1R	chromatin immunoprecipitation assay	27924024	Homo sapiens	GTRD	No	Mm:Q6P9Q3;Rn:D3ZG35	Dr:A2BF92	-	-
Q9HCK0	Q8NCN2	57684	403341	ZBTB26	ZBTB34	chromatin immunoprecipitation assay	27924024	Homo sapiens	GTRD	No	Mm:Q6P9Q3;Rn:D3ZG35	Dr:A2BF92	-	-
Q9HCK0	Q9NXE4	57684	55627	ZBTB26	SMPD4	chromatin immunoprecipitation assay	27924024	Homo sapiens	GTRD	No	Mm:Q6P9Q3;Rn:D3ZG35	Dr:A2BF92	Dm:Q9VGH0;Mm:Q6ZPR5;Rn:F1MAK9	Dr:F1R680
Q9HCK0	Q9Y2F5	57684	23379	ZBTB26	ICE1	chromatin immunoprecipitation assay	27924024	Homo sapiens	GTRD	No	Mm:Q6P9Q3;Rn:D3ZG35	Dr:A2BF92	Mm:E9Q286;Rn:D3ZK16	-
Q9HCK0	Q4W5P6	57684	132332	ZBTB26	TMEM155	chromatin immunoprecipitation assay	27924024	Homo sapiens	GTRD	No	Mm:Q6P9Q3;Rn:D3ZG35	Dr:A2BF92	-	-
Q9HCK0	Q92585	57684	9794	ZBTB26	MAML1	chromatin immunoprecipitation assay	27924024	Homo sapiens	GTRD	No	Mm:Q6P9Q3;Rn:D3ZG35	Dr:A2BF92	Mm:Q6T264;Rn:D4A930	-
Q9HCK0	P29372	57684	4350	ZBTB26	MPG	chromatin immunoprecipitation assay	27924024	Homo sapiens	GTRD	No	Mm:Q6P9Q3;Rn:D3ZG35	Dr:A2BF92	Mm:Q04841;Rn:D3ZEM0	Dr:F1R6S6
Q9HCK0	Q13332	57684	5802	ZBTB26	PTPRS	chromatin immunoprecipitation assay	27924024	Homo sapiens	GTRD	No	Mm:Q6P9Q3;Rn:D3ZG35	Dr:A2BF92	Mm:B0V2N1	Dr:F1QLA4;Rn:M0R711
Q9HCK0	Q96MW5	57684	84342	ZBTB26	COG8	chromatin immunoprecipitation assay	27924024	Homo sapiens	GTRD	No	Mm:Q6P9Q3;Rn:D3ZG35	Dr:A2BF92	Ce:O44502;Dm:Q9VKH0;Dr:F1R2K6;Mm:Q9JJA2;Rn:B5DF86	-
Q9HCK0	P0C672	57684	144448	ZBTB26	TSPAN19	chromatin immunoprecipitation assay	27924024	Homo sapiens	GTRD	No	Mm:Q6P9Q3;Rn:D3ZG35	Dr:A2BF92	Ce:G4RWX0	Dr:E7FGF0
Q9HCK0	Q96G61	57684	55190	ZBTB26	NUDT11	chromatin immunoprecipitation assay	27924024	Homo sapiens	GTRD	No	Mm:Q6P9Q3;Rn:D3ZG35	Dr:A2BF92	-	-
Q9HCK0	P78426	57684	4825	ZBTB26	NKX6-1	chromatin immunoprecipitation assay	27924024	Homo sapiens	GTRD	No	Mm:Q6P9Q3;Rn:D3ZG35	Dr:A2BF92	Dr:F1QUC3;Mm:Q99MA9;Rn:O35762	Dm:Q5BIB4
Q9HCK0	Q9Y5X3	57684	27131	ZBTB26	SNX5	chromatin immunoprecipitation assay	27924024	Homo sapiens	GTRD	No	Mm:Q6P9Q3;Rn:D3ZG35	Dr:A2BF92	Dr:Q6DI32;Mm:Q9D8U8;Rn:B1H267	-
Q9HCK0	Q99684	57684	2672	ZBTB26	GFI1	chromatin immunoprecipitation assay	27924024	Homo sapiens	GTRD	No	Mm:Q6P9Q3;Rn:D3ZG35	Dr:A2BF92	Dr:F1QKD4;Rn:Q07120	Mm:H3BLQ9
Q9HCK0	Q9Y584	57684	29928	ZBTB26	TIMM22	chromatin immunoprecipitation assay	27924024	Homo sapiens	GTRD	No	Mm:Q6P9Q3;Rn:D3ZG35	Dr:A2BF92	Ce:Q9NAQ9;Dm:Q8IN78;Dr:E7FA60;Mm:Q9CQ85;Rn:Q9JKW1;Sc:Q12328	-
Q9HCK0	Q9HA38	57684	64393	ZBTB26	ZMAT3	chromatin immunoprecipitation assay	27924024	Homo sapiens	GTRD	No	Mm:Q6P9Q3;Rn:D3ZG35	Dr:A2BF92	Dm:Q9W0R2;Dr:E7EZ09;Mm:B9EI21;Rn:O08781	-
Q9HCK0	P69905	57684	3039;3040	ZBTB26	HBA1;HBA2	chromatin immunoprecipitation assay	27924024	Homo sapiens	GTRD	No	Mm:Q6P9Q3;Rn:D3ZG35	Dr:A2BF92	-	-
Q9HCK0	Q92484	57684	10924	ZBTB26	SMPDL3A	chromatin immunoprecipitation assay	27924024	Homo sapiens	GTRD	No	Mm:Q6P9Q3;Rn:D3ZG35	Dr:A2BF92	Mm:P70158;Rn:Q641Z7	Dr:F1Q7D3
Q9HCK0	Q96ES6	57684	113655	ZBTB26	MFSD3	chromatin immunoprecipitation assay	27924024	Homo sapiens	GTRD	No	Mm:Q6P9Q3;Rn:D3ZG35	Dr:A2BF92	Dr:A0A0R4ICC7;Mm:A0A0R4J004;Rn:Q4V8E5	-
Q9HCK0	Q8WX93	57684	23022	ZBTB26	PALLD	chromatin immunoprecipitation assay	27924024	Homo sapiens	GTRD	No	Mm:Q6P9Q3;Rn:D3ZG35	Dr:A2BF92	Dr:F8W315;Mm:Q9ET54;Rn:F1M265	-
Q9HCK0	Q13231	57684	1118	ZBTB26	CHIT1	chromatin immunoprecipitation assay	27924024	Homo sapiens	GTRD	No	Mm:Q6P9Q3;Rn:D3ZG35	Dr:A2BF92	Mm:Q9D7Q1	Rn:A0S5V8
Q9HCK0	P52306	57684	5910	ZBTB26	RAP1GDS1	chromatin immunoprecipitation assay	27924024	Homo sapiens	GTRD	No	Mm:Q6P9Q3;Rn:D3ZG35	Dr:A2BF92	Dr:F1RAN8;Mm:E9Q912	Dm:A1Z6S6;Rn:A0A0G2K1D2
Q9HCK0	Q96LW4	57684	201973	ZBTB26	PRIMPOL	chromatin immunoprecipitation assay	27924024	Homo sapiens	GTRD	No	Mm:Q6P9Q3;Rn:D3ZG35	Dr:A2BF92	Mm:Q6P1E7;Rn:D4A8C0	Dr:Q32PL8
Q9HCK0	Q9BYH8	57684	64332	ZBTB26	NFKBIZ	chromatin immunoprecipitation assay	27924024	Homo sapiens	GTRD	No	Mm:Q6P9Q3;Rn:D3ZG35	Dr:A2BF92	Mm:Q9EST8	Rn:A0A0G2K6U7
Q9HCK0	Q68DK7	57684	339287	ZBTB26	MSL1	chromatin immunoprecipitation assay	27924024	Homo sapiens	GTRD	No	Mm:Q6P9Q3;Rn:D3ZG35	Dr:A2BF92	Mm:Q6PDM1;Rn:D3ZBD0	-
Q9HCK0	Q9NZ72	57684	50861	ZBTB26	STMN3	chromatin immunoprecipitation assay	27924024	Homo sapiens	GTRD	No	Mm:Q6P9Q3;Rn:D3ZG35	Dr:A2BF92	Mm:O70166;Rn:A0A0G2K8P5	Dr:E7FFU5
Q9HCK0	Q99583	57684	4335	ZBTB26	MNT	chromatin immunoprecipitation assay	27924024	Homo sapiens	GTRD	No	Mm:Q6P9Q3;Rn:D3ZG35	Dr:A2BF92	Mm:O08789;Rn:A0A0U1RRY7	Dr:F1QBK5
Q9HCK0	Q9Y483	57684	22823	ZBTB26	MTF2	chromatin immunoprecipitation assay	27924024	Homo sapiens	GTRD	No	Mm:Q6P9Q3;Rn:D3ZG35	Dr:A2BF92	Mm:Q02395;Rn:F1LMD5	Dr:A8E7I7
Q9HCK0	Q8IXK2	57684	79695	ZBTB26	GALNT12	chromatin immunoprecipitation assay	27924024	Homo sapiens	GTRD	No	Mm:Q6P9Q3;Rn:D3ZG35	Dr:A2BF92	Dr:Q1LVP2;Mm:Q8BGT9;Rn:D4A849	-
Q9HCK0	Q06730	57684	7581	ZBTB26	ZNF33A	chromatin immunoprecipitation assay	27924024	Homo sapiens	GTRD	No	Mm:Q6P9Q3;Rn:D3ZG35	Dr:A2BF92	-	-
Q9HCK0	Q7Z4S9	57684	284948	ZBTB26	SH2D6	chromatin immunoprecipitation assay	27924024	Homo sapiens	GTRD	No	Mm:Q6P9Q3;Rn:D3ZG35	Dr:A2BF92	-	-
Q9HCK0	Q96BD0	57684	28231	ZBTB26	SLCO4A1	chromatin immunoprecipitation assay	27924024	Homo sapiens	GTRD	No	Mm:Q6P9Q3;Rn:D3ZG35	Dr:A2BF92	Ce:Q9XWC5;Ce:X5LPS1;Dm:Q8SY02;Dr:E7FFX7;Mm:Q8K078;Rn:Q4V8N6	-
Q9HCK0	Q9BUV8	57684	55969	ZBTB26	RAB5IF	chromatin immunoprecipitation assay	27924024	Homo sapiens	GTRD	No	Mm:Q6P9Q3;Rn:D3ZG35	Dr:A2BF92	Ce:O16254;Dm:Q7JXE4;Dr:F1RD59;Mm:Q9CQT9;Rn:Q5FVK9	-
Q9HCK0	O95544	57684	65220	ZBTB26	NADK	chromatin immunoprecipitation assay	27924024	Homo sapiens	GTRD	No	Mm:Q6P9Q3;Rn:D3ZG35	Dr:A2BF92	-	-
Q9HCK0	Q6YBV0	57684	120103	ZBTB26	SLC36A4	chromatin immunoprecipitation assay	27924024	Homo sapiens	GTRD	No	Mm:Q6P9Q3;Rn:D3ZG35	Dr:A2BF92	Dr:E7F8C6;Mm:A0A0R4J0Q3;Rn:D3ZMH7	-
Q9HCK0	Q9NR33	57684	56655	ZBTB26	POLE4	chromatin immunoprecipitation assay	27924024	Homo sapiens	GTRD	No	Mm:Q6P9Q3;Rn:D3ZG35	Dr:A2BF92	Mm:Q9CQ36;Rn:D3Z9P5	Dr:E9QBW0
Q9HCK0	Q9Y259	57684	1120	ZBTB26	CHKB	chromatin immunoprecipitation assay	27924024	Homo sapiens	GTRD	No	Mm:Q6P9Q3;Rn:D3ZG35	Dr:A2BF92	Mm:O55229;Rn:O54783	-
Q9HCK0	Q9Y2U8	57684	23592	ZBTB26	LEMD3	chromatin immunoprecipitation assay	27924024	Homo sapiens	GTRD	No	Mm:Q6P9Q3;Rn:D3ZG35	Dr:A2BF92	Mm:E9QP59;Rn:F1LWZ8	Dr:Q5TZH9
Q9HCK0	Q53T94	57684	9014	ZBTB26	TAF1B	chromatin immunoprecipitation assay	27924024	Homo sapiens	GTRD	No	Mm:Q6P9Q3;Rn:D3ZG35	Dr:A2BF92	Dr:F1R3W0;Mm:P97358;Rn:D3ZYB7	-
Q9HCK0	Q8IVH8	57684	8491	ZBTB26	MAP4K3	chromatin immunoprecipitation assay	27924024	Homo sapiens	GTRD	No	Mm:Q6P9Q3;Rn:D3ZG35	Dr:A2BF92	Mm:Q99JP0;Rn:A0A0G2JYP2	Dr:E7F7S9
Q9HCK0	Q53EQ6	57684	84948	ZBTB26	TIGD5	chromatin immunoprecipitation assay	27924024	Homo sapiens	GTRD	No	Mm:Q6P9Q3;Rn:D3ZG35	Dr:A2BF92	Mm:Q499M4;Rn:B1WC39	-
Q9HCK0	Q96Q89	57684	9585	ZBTB26	KIF20B	chromatin immunoprecipitation assay	27924024	Homo sapiens	GTRD	No	Mm:Q6P9Q3;Rn:D3ZG35	Dr:A2BF92	Dr:X1WGN9;Dr:E7FAN6;Mm:Q80WE4	Rn:D3ZX13
Q9HCK0	Q7Z7E8	57684	55585	ZBTB26	UBE2Q1	chromatin immunoprecipitation assay	27924024	Homo sapiens	GTRD	No	Mm:Q6P9Q3;Rn:D3ZG35	Dr:A2BF92	Mm:Q7TSS2;Rn:B2GV55	-
Q9HCK0	Q9HCE5	57684	57721	ZBTB26	METTL14	chromatin immunoprecipitation assay	27924024	Homo sapiens	GTRD	No	Mm:Q6P9Q3;Rn:D3ZG35	Dr:A2BF92	Dm:Q9VLP7;Dr:Q6NZ22;Mm:Q3UIK4;Rn:B2RYI4;Sc:P25583	-
Q9HCK0	Q5GH76	57684	114786	ZBTB26	XKR4	chromatin immunoprecipitation assay	27924024	Homo sapiens	GTRD	No	Mm:Q6P9Q3;Rn:D3ZG35	Dr:A2BF92	Mm:Q5GH67;Rn:Q5GH59	-
Q9HCK0	Q68CK6	57684	348158	ZBTB26	ACSM2B	chromatin immunoprecipitation assay	27924024	Homo sapiens	GTRD	No	Mm:Q6P9Q3;Rn:D3ZG35	Dr:A2BF92	-	-
Q9HCK0	A1A4S6	57684	79658	ZBTB26	ARHGAP10	chromatin immunoprecipitation assay	27924024	Homo sapiens	GTRD	No	Mm:Q6P9Q3;Rn:D3ZG35	Dr:A2BF92	Dr:Q1JPR9;Mm:Q6Y5D8;Rn:D4AB50	-
Q9HCK0	Q86XN7	57684	80209	ZBTB26	PROSER1	chromatin immunoprecipitation assay	27924024	Homo sapiens	GTRD	No	Mm:Q6P9Q3;Rn:D3ZG35	Dr:A2BF92	Dr:E7FCT7;Mm:Q5PRE5;Rn:D4A1X9	-
Q9HCK0	Q96GE4	57684	90799	ZBTB26	CEP95	chromatin immunoprecipitation assay	27924024	Homo sapiens	GTRD	No	Mm:Q6P9Q3;Rn:D3ZG35	Dr:A2BF92	Mm:Q8BVV7;Rn:Q5XI03	-
Q9HCK0	O00187	57684	10747	ZBTB26	MASP2	chromatin immunoprecipitation assay	27924024	Homo sapiens	GTRD	No	Mm:Q6P9Q3;Rn:D3ZG35	Dr:A2BF92	Mm:Q91WP0;Rn:A2VCV7	Dr:E9QCA1
Q9HCK0	Q3LXA3	57684	26007	ZBTB26	TKFC	chromatin immunoprecipitation assay	27924024	Homo sapiens	GTRD	No	Mm:Q6P9Q3;Rn:D3ZG35	Dr:A2BF92	Ce:Q9N5C4;Mm:Q8VC30;Rn:Q4KLZ6;Sc:P43550;Sc:P54838	Dr:F1Q8Q6
Q9HCK0	Q9BTV7	57684	81928	ZBTB26	CABLES2	chromatin immunoprecipitation assay	27924024	Homo sapiens	GTRD	No	Mm:Q6P9Q3;Rn:D3ZG35	Dr:A2BF92	Mm:Q8K3M5;Rn:A0A0G2K716	-
Q9HCK0	Q8WU68	57684	199746	ZBTB26	U2AF1L4	chromatin immunoprecipitation assay	27924024	Homo sapiens	GTRD	No	Mm:Q6P9Q3;Rn:D3ZG35	Dr:A2BF92	Mm:Q8BGJ9;Rn:Q7TP17	-
Q9HCK0	P52943	57684	1397	ZBTB26	CRIP2	chromatin immunoprecipitation assay	27924024	Homo sapiens	GTRD	No	Mm:Q6P9Q3;Rn:D3ZG35	Dr:A2BF92	Dr:Q5TYR6;Mm:Q9DCT8;Rn:P36201	Dm:Q966T5;Rn:D4ACX1
Q9HCK0	Q9UJL9	57684	65243	ZBTB26	ZFP69B	chromatin immunoprecipitation assay	27924024	Homo sapiens	GTRD	No	Mm:Q6P9Q3;Rn:D3ZG35	Dr:A2BF92	-	-
Q9HCK0	Q8TBC5	57684	65982	ZBTB26	ZSCAN18	chromatin immunoprecipitation assay	27924024	Homo sapiens	GTRD	No	Mm:Q6P9Q3;Rn:D3ZG35	Dr:A2BF92	-	Rn:D3ZCL4
Q9HCK0	Q96CS4	57684	115509	ZBTB26	ZNF689	chromatin immunoprecipitation assay	27924024	Homo sapiens	GTRD	No	Mm:Q6P9Q3;Rn:D3ZG35	Dr:A2BF92	Mm:Q8BKK5	-
Q9HCK0	Q6XZF7	57684	23268	ZBTB26	DNMBP	chromatin immunoprecipitation assay	27924024	Homo sapiens	GTRD	No	Mm:Q6P9Q3;Rn:D3ZG35	Dr:A2BF92	-	-
Q9HCK0	Q53HC5	57684	55295	ZBTB26	KLHL26	chromatin immunoprecipitation assay	27924024	Homo sapiens	GTRD	No	Mm:Q6P9Q3;Rn:D3ZG35	Dr:A2BF92	Dr:Q5RGB8;Mm:Q8BGY4;Rn:D3ZH92	-
Q9HCK0	Q9NWT6	57684	55662	ZBTB26	HIF1AN	chromatin immunoprecipitation assay	27924024	Homo sapiens	GTRD	No	Mm:Q6P9Q3;Rn:D3ZG35	Dr:A2BF92	Dr:P59723;Mm:Q8BLR9;Rn:B0BNG5	-
Q9HCK0	Q9NQS1	57684	57099	ZBTB26	AVEN	chromatin immunoprecipitation assay	27924024	Homo sapiens	GTRD	No	Mm:Q6P9Q3;Rn:D3ZG35	Dr:A2BF92	Dr:F1R220;Mm:Q9D9K3	-
Q9HCK0	B2RUZ4	57684	388588	ZBTB26	SMIM1	chromatin immunoprecipitation assay	27924024	Homo sapiens	GTRD	No	Mm:Q6P9Q3;Rn:D3ZG35	Dr:A2BF92	Mm:P0C8K7;Rn:F1M654	-
Q9HCK0	V9GYV3	57684	-	ZBTB26	-	chromatin immunoprecipitation assay	27924024	Homo sapiens	GTRD	No	Mm:Q6P9Q3;Rn:D3ZG35	Dr:A2BF92	-	-
Q9HCK0	O95219	57684	8723	ZBTB26	SNX4	chromatin immunoprecipitation assay	27924024	Homo sapiens	GTRD	No	Mm:Q6P9Q3;Rn:D3ZG35	Dr:A2BF92	Dr:B0S5M0;Mm:Q91YJ2;Rn:E9PU13	-
Q9HCK0	P18405	57684	6715	ZBTB26	SRD5A1	chromatin immunoprecipitation assay	27924024	Homo sapiens	GTRD	No	Mm:Q6P9Q3;Rn:D3ZG35	Dr:A2BF92	Mm:A0A0R4J136;Rn:P24008	-
Q9HCK0	Q9Y6J0	57684	23523	ZBTB26	CABIN1	chromatin immunoprecipitation assay	27924024	Homo sapiens	GTRD	No	Mm:Q6P9Q3;Rn:D3ZG35	Dr:A2BF92	-	-
Q9HCK0	P61978	57684	3190	ZBTB26	HNRNPK	chromatin immunoprecipitation assay	27924024	Homo sapiens	GTRD	No	Mm:Q6P9Q3;Rn:D3ZG35	Dr:A2BF92	Ce:P91277;Mm:P61979	Rn:Q5D059
Q9HCK0	Q9BWH6	57684	26015	ZBTB26	RPAP1	chromatin immunoprecipitation assay	27924024	Homo sapiens	GTRD	No	Mm:Q6P9Q3;Rn:D3ZG35	Dr:A2BF92	Dm:Q9VTX1;Mm:Q80TE0;Rn:Q3T1I9	Dr:E7FGQ5
Q9HCK0	Q9NX70	57684	55588	ZBTB26	MED29	chromatin immunoprecipitation assay	27924024	Homo sapiens	GTRD	No	Mm:Q6P9Q3;Rn:D3ZG35	Dr:A2BF92	-	-
Q9HCK0	P49643	57684	5558	ZBTB26	PRIM2	chromatin immunoprecipitation assay	27924024	Homo sapiens	GTRD	No	Mm:Q6P9Q3;Rn:D3ZG35	Dr:A2BF92	Ce:O02334;Dm:Q9VPH2;Dr:B8JIP2;Mm:P33610;Rn:O89044;Sc:P20457	-
Q9HCK0	Q99996	57684	10142	ZBTB26	AKAP9	chromatin immunoprecipitation assay	27924024	Homo sapiens	GTRD	No	Mm:Q6P9Q3;Rn:D3ZG35	Dr:A2BF92	Mm:E9QQ10;Rn:A0A0G2K548	-
Q9HCK0	Q9Y281	57684	1073	ZBTB26	CFL2	chromatin immunoprecipitation assay	27924024	Homo sapiens	GTRD	No	Mm:Q6P9Q3;Rn:D3ZG35	Dr:A2BF92	Dr:Q6NZW3;Mm:P45591;Rn:M0RC65	-
Q9HCK0	Q9Y2X0	57684	10025	ZBTB26	MED16	chromatin immunoprecipitation assay	27924024	Homo sapiens	GTRD	No	Mm:Q6P9Q3;Rn:D3ZG35	Dr:A2BF92	Dm:Q9W278;Dr:E7F602;Mm:G3UW74	Rn:A0A0G2K2K5
Q9HCK0	Q9BSV6	57684	79042	ZBTB26	TSEN34	chromatin immunoprecipitation assay	27924024	Homo sapiens	GTRD	No	Mm:Q6P9Q3;Rn:D3ZG35	Dr:A2BF92	-	Dr:A2BIL9;Mm:H7BX14;Rn:Q5XIB7
Q9HCK0	Q92796	57684	1741	ZBTB26	DLG3	chromatin immunoprecipitation assay	27924024	Homo sapiens	GTRD	No	Mm:Q6P9Q3;Rn:D3ZG35	Dr:A2BF92	-	Mm:A2BEF2
Q9HCK0	Q96HT8	57684	114932	ZBTB26	MRFAP1L1	chromatin immunoprecipitation assay	27924024	Homo sapiens	GTRD	No	Mm:Q6P9Q3;Rn:D3ZG35	Dr:A2BF92	-	-
Q9HCK0	O75159	57684	9655	ZBTB26	SOCS5	chromatin immunoprecipitation assay	27924024	Homo sapiens	GTRD	No	Mm:Q6P9Q3;Rn:D3ZG35	Dr:A2BF92	Dr:B0EVP6;Mm:O54928;Rn:D3ZUE4	-
Q9HCK0	Q6ZSG1	57684	494470	ZBTB26	RNF165	chromatin immunoprecipitation assay	27924024	Homo sapiens	GTRD	No	Mm:Q6P9Q3;Rn:D3ZG35	Dr:A2BF92	Dr:E9QHW9;Mm:E9QAU8	Rn:M0RCK2
Q9HCK0	Q9UNA1	57684	23092	ZBTB26	ARHGAP26	chromatin immunoprecipitation assay	27924024	Homo sapiens	GTRD	No	Mm:Q6P9Q3;Rn:D3ZG35	Dr:A2BF92	Mm:Q6ZQ82;Rn:D3ZMS4	-
Q9HCK0	P49419	57684	501	ZBTB26	ALDH7A1	chromatin immunoprecipitation assay	27924024	Homo sapiens	GTRD	No	Mm:Q6P9Q3;Rn:D3ZG35	Dr:A2BF92	Ce:P46562;Dm:Q8SXQ1;Dr:F1QR17;Mm:Q9DBF1;Rn:Q64057	-
Q9HCK0	Q2PZI1	57684	23333	ZBTB26	DPY19L1	chromatin immunoprecipitation assay	27924024	Homo sapiens	GTRD	No	Mm:Q6P9Q3;Rn:D3ZG35	Dr:A2BF92	-	-
Q9HCK0	Q8N257	57684	128312	ZBTB26	H2BU1	chromatin immunoprecipitation assay	27924024	Homo sapiens	GTRD	No	Mm:Q6P9Q3;Rn:D3ZG35	Dr:A2BF92	Dr:F1QMJ9	-
Q9HCK0	Q96DB9	57684	53827	ZBTB26	FXYD5	chromatin immunoprecipitation assay	27924024	Homo sapiens	GTRD	No	Mm:Q6P9Q3;Rn:D3ZG35	Dr:A2BF92	Rn:P59647	Mm:F8WJA1
Q9HCK0	Q8WU90	57684	55854	ZBTB26	ZC3H15	chromatin immunoprecipitation assay	27924024	Homo sapiens	GTRD	No	Mm:Q6P9Q3;Rn:D3ZG35	Dr:A2BF92	Ce:Q93618;Dm:Q7JWR9;Dr:B8JLK7;Mm:Q3TIV5;Rn:Q6U6G5	-
Q9HCK0	Q6ZU67	57684	389206	ZBTB26	BEND4	chromatin immunoprecipitation assay	27924024	Homo sapiens	GTRD	No	Mm:Q6P9Q3;Rn:D3ZG35	Dr:A2BF92	Mm:P86174;Rn:A0A0G2K5Z6	-
Q9HCK0	Q9H0N0	57684	84084	ZBTB26	RAB6C	chromatin immunoprecipitation assay	27924024	Homo sapiens	GTRD	No	Mm:Q6P9Q3;Rn:D3ZG35	Dr:A2BF92	-	-
Q9HCK0	Q8NCL9	57684	164284	ZBTB26	APCDD1L	chromatin immunoprecipitation assay	27924024	Homo sapiens	GTRD	No	Mm:Q6P9Q3;Rn:D3ZG35	Dr:A2BF92	Dr:E7F3Y0	Rn:Q66HE0
Q9HCK0	Q6PJ69	57684	201292	ZBTB26	TRIM65	chromatin immunoprecipitation assay	27924024	Homo sapiens	GTRD	No	Mm:Q6P9Q3;Rn:D3ZG35	Dr:A2BF92	Mm:Q8BFW4;Rn:D3ZY16	Dr:X1WBJ0
Q9HCK0	Q9HAE3	57684	79645	ZBTB26	EFCAB1	chromatin immunoprecipitation assay	27924024	Homo sapiens	GTRD	No	Mm:Q6P9Q3;Rn:D3ZG35	Dr:A2BF92	Dm:Q4V5H8;Dm:Q9VG22;Mm:Q9D3N2;Rn:M0RCD9	Dm:Q9VI39;Dm:Q9VI40;Dr:Q1LWZ0
Q9HCK0	Q8WWH5	57684	142940	ZBTB26	TRUB1	chromatin immunoprecipitation assay	27924024	Homo sapiens	GTRD	No	Mm:Q6P9Q3;Rn:D3ZG35	Dr:A2BF92	Dr:B3DHG0;Mm:Q8C0D0;Rn:Q5M934	-
Q9HCK0	Q4KMQ2	57684	196527	ZBTB26	ANO6	chromatin immunoprecipitation assay	27924024	Homo sapiens	GTRD	No	Mm:Q6P9Q3;Rn:D3ZG35	Dr:A2BF92	Mm:Q6P9J9	Dm:Q9VTS0;Dr:F6NUH4;Rn:A0A0G2K1M7
Q9HCK0	Q96KF7	57684	57150	ZBTB26	SMIM8	chromatin immunoprecipitation assay	27924024	Homo sapiens	GTRD	No	Mm:Q6P9Q3;Rn:D3ZG35	Dr:A2BF92	Dr:F1QLE8;Mm:Q9CQQ0;Rn:G3V8Z7	-
Q9HCK0	I3L0A0	57684	-	ZBTB26	TMEM189-UBE2V1	chromatin immunoprecipitation assay	27924024	Homo sapiens	GTRD	No	Mm:Q6P9Q3;Rn:D3ZG35	Dr:A2BF92	-	-
Q9HCK0	Q5T6F0	57684	25853	ZBTB26	DCAF12	chromatin immunoprecipitation assay	27924024	Homo sapiens	GTRD	No	Mm:Q6P9Q3;Rn:D3ZG35	Dr:A2BF92	Dr:Q08BB3;Mm:Q8BGZ3;Rn:M0RC41	-
Q9HCK0	Q7L576	57684	23191	ZBTB26	CYFIP1	chromatin immunoprecipitation assay	27924024	Homo sapiens	GTRD	No	Mm:Q6P9Q3;Rn:D3ZG35	Dr:A2BF92	Dr:F1QE65;Mm:Q7TMB8;Rn:D4A8H8	-
Q9HCK0	Q9UBK2	57684	10891	ZBTB26	PPARGC1A	chromatin immunoprecipitation assay	27924024	Homo sapiens	GTRD	No	Mm:Q6P9Q3;Rn:D3ZG35	Dr:A2BF92	Mm:O70343;Rn:Q9QYK2	-
Q9HCK0	Q96A33	57684	57003	ZBTB26	CCDC47	chromatin immunoprecipitation assay	27924024	Homo sapiens	GTRD	No	Mm:Q6P9Q3;Rn:D3ZG35	Dr:A2BF92	Ce:Q23382;Dm:Q9VQR9;Mm:Q9D024;Rn:Q5U2X6	Dr:F1R3V8
Q9HCK0	P40937	57684	5985	ZBTB26	RFC5	chromatin immunoprecipitation assay	27924024	Homo sapiens	GTRD	No	Mm:Q6P9Q3;Rn:D3ZG35	Dr:A2BF92	Ce:P34429;Dm:Q9VKW3;Dr:Q6DRK4;Mm:Q9D0F6;Rn:B5DF29;Sc:P38629	-
Q9HCK0	P15882	57684	1123	ZBTB26	CHN1	chromatin immunoprecipitation assay	27924024	Homo sapiens	GTRD	No	Mm:Q6P9Q3;Rn:D3ZG35	Dr:A2BF92	-	-
Q9HCK0	O60701	57684	7358	ZBTB26	UGDH	chromatin immunoprecipitation assay	27924024	Homo sapiens	GTRD	No	Mm:Q6P9Q3;Rn:D3ZG35	Dr:A2BF92	Ce:Q19905;Dm:O02373;Dr:A8WGP7;Mm:O70475;Rn:G3V6C4	-
Q9HCK0	Q06203	57684	5471	ZBTB26	PPAT	chromatin immunoprecipitation assay	27924024	Homo sapiens	GTRD	No	Mm:Q6P9Q3;Rn:D3ZG35	Dr:A2BF92	Ce:Q22134;Dm:Q27601;Mm:Q8CIH9;Rn:P35433;Sc:P04046	Dm:Q9VRZ1;Dr:Q5RG54
Q9HCK0	P56557	57684	757	ZBTB26	TMEM50B	chromatin immunoprecipitation assay	27924024	Homo sapiens	GTRD	No	Mm:Q6P9Q3;Rn:D3ZG35	Dr:A2BF92	Dm:Q9VZE2;Mm:Q9D1X9;Rn:Q5BJS6	Ce:Q9N2X7
Q9HCK0	Q96CB8	57684	57117	ZBTB26	INTS12	chromatin immunoprecipitation assay	27924024	Homo sapiens	GTRD	No	Mm:Q6P9Q3;Rn:D3ZG35	Dr:A2BF92	Dm:Q9VBB3;Dr:Q6IQU7;Mm:Q9D168	Rn:A0A0H2UHJ4
Q9HCK0	Q13442	57684	11333	ZBTB26	PDAP1	chromatin immunoprecipitation assay	27924024	Homo sapiens	GTRD	No	Mm:Q6P9Q3;Rn:D3ZG35	Dr:A2BF92	Dm:Q9VLC4;Dm:Q9W4J4;Dr:F1Q7P7;Mm:Q3UHX2;Rn:Q62785	-
Q9HCK0	Q6AI12	57684	91369	ZBTB26	ANKRD40	chromatin immunoprecipitation assay	27924024	Homo sapiens	GTRD	No	Mm:Q6P9Q3;Rn:D3ZG35	Dr:A2BF92	Dr:E7FE71;Mm:Q5SUE8;Rn:B2RYI5	-
Q9HCK0	P49441	57684	3628	ZBTB26	INPP1	chromatin immunoprecipitation assay	27924024	Homo sapiens	GTRD	No	Mm:Q6P9Q3;Rn:D3ZG35	Dr:A2BF92	Dm:Q9VFP6;Dr:E7F3N0;Mm:P49442;Rn:Q5RJK6	-
Q9HCK0	Q96JF6	57684	84622	ZBTB26	ZNF594	chromatin immunoprecipitation assay	27924024	Homo sapiens	GTRD	No	Mm:Q6P9Q3;Rn:D3ZG35	Dr:A2BF92	-	-
Q9HCK0	O00499	57684	274	ZBTB26	BIN1	chromatin immunoprecipitation assay	27924024	Homo sapiens	GTRD	No	Mm:Q6P9Q3;Rn:D3ZG35	Dr:A2BF92	Ce:Q21004;Rn:F1LMX1	Dr:F1QRX4;Mm:Q6P1B9
Q9HCK0	Q9BQ65	57684	79650	ZBTB26	USB1	chromatin immunoprecipitation assay	27924024	Homo sapiens	GTRD	No	Mm:Q6P9Q3;Rn:D3ZG35	Dr:A2BF92	Dm:Q9VHB3;Dr:Q6DEF6;Mm:A0A0R4J0E0;Rn:Q5I0I5	-
Q9HCK0	O95140	57684	9927	ZBTB26	MFN2	chromatin immunoprecipitation assay	27924024	Homo sapiens	GTRD	No	Mm:Q6P9Q3;Rn:D3ZG35	Dr:A2BF92	Dr:A8WIN6;Mm:Q80U63	Rn:F7FHF7
Q9HCK0	Q8N6V9	57684	374618	ZBTB26	TEX9	chromatin immunoprecipitation assay	27924024	Homo sapiens	GTRD	No	Mm:Q6P9Q3;Rn:D3ZG35	Dr:A2BF92	Dm:Q9W144;Dr:F1QU49;Mm:Q9D845;Rn:A0A0G2K5Y3	-
Q9HCK0	Q8N0U4	57684	222234	ZBTB26	FAM185A	chromatin immunoprecipitation assay	27924024	Homo sapiens	GTRD	No	Mm:Q6P9Q3;Rn:D3ZG35	Dr:A2BF92	Dm:Q7K1W5;Dr:E7FCG2;Mm:Q7TPD2	-
Q9HCK0	Q9UNP4	57684	8869	ZBTB26	ST3GAL5	chromatin immunoprecipitation assay	27924024	Homo sapiens	GTRD	No	Mm:Q6P9Q3;Rn:D3ZG35	Dr:A2BF92	Rn:Q68G12	Dr:F1RCA6;Mm:A0A0U1RNK2
Q9HCK0	P27361	57684	5595	ZBTB26	MAPK3	chromatin immunoprecipitation assay	27924024	Homo sapiens	GTRD	No	Mm:Q6P9Q3;Rn:D3ZG35	Dr:A2BF92	Mm:Q63844;Rn:P21708	-
Q9HCK0	Q8NFA0	57684	84669	ZBTB26	USP32	chromatin immunoprecipitation assay	27924024	Homo sapiens	GTRD	No	Mm:Q6P9Q3;Rn:D3ZG35	Dr:A2BF92	Ce:Q8WT44;Dm:M9PD06;Dr:E7FCR5;Mm:F8VPZ3	Rn:A0A0G2K952
Q9HCK0	Q9Y5Y2	57684	10101	ZBTB26	NUBP2	chromatin immunoprecipitation assay	27924024	Homo sapiens	GTRD	No	Mm:Q6P9Q3;Rn:D3ZG35	Dr:A2BF92	Dm:Q9VPD2;Dr:F1REW2;Mm:Q9R061;Rn:Q68FS1	-
Q9HCK0	P68036	57684	7332	ZBTB26	UBE2L3	chromatin immunoprecipitation assay	27924024	Homo sapiens	GTRD	No	Mm:Q6P9Q3;Rn:D3ZG35	Dr:A2BF92	Mm:P68037	-
Q9HCK0	Q9HA47	57684	83549	ZBTB26	UCK1	chromatin immunoprecipitation assay	27924024	Homo sapiens	GTRD	No	Mm:Q6P9Q3;Rn:D3ZG35	Dr:A2BF92	Mm:A2AN37;Rn:B5DF24	-
Q9HCK0	Q9BV79	57684	51102	ZBTB26	MECR	chromatin immunoprecipitation assay	27924024	Homo sapiens	GTRD	No	Mm:Q6P9Q3;Rn:D3ZG35	Dr:A2BF92	Ce:O45903;Dm:Q9V6U9;Dr:Q6GQN8;Mm:Q9DCS3;Rn:A0A140TAE6;Sc:P38071	-
Q9HCK0	Q8N9H8	57684	54932	ZBTB26	EXD3	chromatin immunoprecipitation assay	27924024	Homo sapiens	GTRD	No	Mm:Q6P9Q3;Rn:D3ZG35	Dr:A2BF92	Ce:P34603;Ce:P34607;Dm:Q9VIF1	Dr:F1QDV6
Q9HCK0	Q9UQB3	57684	1501	ZBTB26	CTNND2	chromatin immunoprecipitation assay	27924024	Homo sapiens	GTRD	No	Mm:Q6P9Q3;Rn:D3ZG35	Dr:A2BF92	Mm:E9QKH8	Rn:F1M787
Q9HCK0	Q6DD87	57684	126208	ZBTB26	ZNF787	chromatin immunoprecipitation assay	27924024	Homo sapiens	GTRD	No	Mm:Q6P9Q3;Rn:D3ZG35	Dr:A2BF92	Mm:Q8BIF9;Rn:D3ZDN6	-
Q9HCK0	Q99469	57684	6769	ZBTB26	STAC	chromatin immunoprecipitation assay	27924024	Homo sapiens	GTRD	No	Mm:Q6P9Q3;Rn:D3ZG35	Dr:A2BF92	Mm:P97306;Rn:F1M107	-
Q9HCK0	P49116	57684	7182	ZBTB26	NR2C2	chromatin immunoprecipitation assay	27924024	Homo sapiens	GTRD	No	Mm:Q6P9Q3;Rn:D3ZG35	Dr:A2BF92	Dr:F6PDV8;Mm:P49117;Rn:G3V7F5	-
Q9HCK0	P62714	57684	5516	ZBTB26	PPP2CB	chromatin immunoprecipitation assay	27924024	Homo sapiens	GTRD	No	Mm:Q6P9Q3;Rn:D3ZG35	Dr:A2BF92	Dm:P23696;Dr:Q803G3;Mm:P62715	Rn:P62716
Q9HCK0	Q96AB6	57684	123803	ZBTB26	NTAN1	chromatin immunoprecipitation assay	27924024	Homo sapiens	GTRD	No	Mm:Q6P9Q3;Rn:D3ZG35	Dr:A2BF92	Dm:Q7KIS4;Mm:Q64311;Rn:A0A0G2JWG0	-
Q9HCK0	Q7Z2E3	57684	54840	ZBTB26	APTX	chromatin immunoprecipitation assay	27924024	Homo sapiens	GTRD	No	Mm:Q6P9Q3;Rn:D3ZG35	Dr:A2BF92	Mm:Q7TQC5;Rn:Q8K4H4	Dr:B8A444
Q9HCK0	Q99592	57684	10472	ZBTB26	ZBTB18	chromatin immunoprecipitation assay	27924024	Homo sapiens	GTRD	No	Mm:Q6P9Q3;Rn:D3ZG35	Dr:A2BF92	Dr:Q1L8W0	Mm:H7BX69;Rn:G3V6J7
Q9HCK0	P22695	57684	7385	ZBTB26	UQCRC2	chromatin immunoprecipitation assay	27924024	Homo sapiens	GTRD	No	Mm:Q6P9Q3;Rn:D3ZG35	Dr:A2BF92	Ce:Q9TZ33;Ce:G5EDD1;Ce:Q22370;Dm:Q9VV75;Dr:Q6IQ59;Mm:Q9DB77;Rn:P32551	-
Q9HCK0	Q7Z449	57684	113612	ZBTB26	CYP2U1	chromatin immunoprecipitation assay	27924024	Homo sapiens	GTRD	No	Mm:Q6P9Q3;Rn:D3ZG35	Dr:A2BF92	Dr:B8A5Q1;Mm:Q9CX98;Rn:Q4V8D1	-
Q9HCK0	Q9BUW7	57684	79095	ZBTB26	C9orf16	chromatin immunoprecipitation assay	27924024	Homo sapiens	GTRD	No	Mm:Q6P9Q3;Rn:D3ZG35	Dr:A2BF92	Dr:F1QHR5;Mm:P58686;Rn:D3ZBT2	-
Q9HCK0	Q6W2J9	57684	54880	ZBTB26	BCOR	chromatin immunoprecipitation assay	27924024	Homo sapiens	GTRD	No	Mm:Q6P9Q3;Rn:D3ZG35	Dr:A2BF92	Mm:Q8CGN4;Rn:D4A2J9	Dr:Q6W2J8
Q9HCK0	O15037	57684	23351	ZBTB26	KHNYN	chromatin immunoprecipitation assay	27924024	Homo sapiens	GTRD	No	Mm:Q6P9Q3;Rn:D3ZG35	Dr:A2BF92	Mm:Q80U38;Rn:D3Z8M3	Dr:F1QVW5
Q9HCK0	Q15036	57684	9784	ZBTB26	SNX17	chromatin immunoprecipitation assay	27924024	Homo sapiens	GTRD	No	Mm:Q6P9Q3;Rn:D3ZG35	Dr:A2BF92	Dm:Q9VL28;Mm:Q8BVL3;Rn:A0A0G2JXV4	Dr:A0A0R4ITX6
Q9HCK0	P10276	57684	5914	ZBTB26	RARA	chromatin immunoprecipitation assay	27924024	Homo sapiens	GTRD	No	Mm:Q6P9Q3;Rn:D3ZG35	Dr:A2BF92	Mm:P11416;Rn:A0A0G2JW78	Dr:T2DKU4
Q9HCK0	Q9UKM9	57684	22913	ZBTB26	RALY	chromatin immunoprecipitation assay	27924024	Homo sapiens	GTRD	No	Mm:Q6P9Q3;Rn:D3ZG35	Dr:A2BF92	Dr:F1QAY0;Mm:Q64012;Rn:E9PTI6	-
Q9HCK0	Q8TCD5	57684	30833	ZBTB26	NT5C	chromatin immunoprecipitation assay	27924024	Homo sapiens	GTRD	No	Mm:Q6P9Q3;Rn:D3ZG35	Dr:A2BF92	Mm:Q9JM14;Rn:D3ZWR1	-
Q9HCK0	Q9P272	57684	57604	ZBTB26	TRMT9B	chromatin immunoprecipitation assay	27924024	Homo sapiens	GTRD	No	Mm:Q6P9Q3;Rn:D3ZG35	Dr:A2BF92	Mm:Q80WQ4;Rn:D3ZQW3	-
Q9HCK0	Q9NX57	57684	55647	ZBTB26	RAB20	chromatin immunoprecipitation assay	27924024	Homo sapiens	GTRD	No	Mm:Q6P9Q3;Rn:D3ZG35	Dr:A2BF92	Mm:P35295;Rn:D4AAE6	Dr:F1QVA7
Q9HCK0	Q9Y2V7	57684	57511	ZBTB26	COG6	chromatin immunoprecipitation assay	27924024	Homo sapiens	GTRD	No	Mm:Q6P9Q3;Rn:D3ZG35	Dr:A2BF92	Ce:Q21270;Dm:Q9V564;Mm:A0A0R4J0L5;Rn:Q68FP9	-
Q9HCK0	A0A0A6YYL6	57684	100526842	ZBTB26	RPL17-C18orf32	chromatin immunoprecipitation assay	27924024	Homo sapiens	GTRD	No	Mm:Q6P9Q3;Rn:D3ZG35	Dr:A2BF92	-	-
Q9HCK0	Q8N468	57684	148808	ZBTB26	MFSD4A	chromatin immunoprecipitation assay	27924024	Homo sapiens	GTRD	No	Mm:Q6P9Q3;Rn:D3ZG35	Dr:A2BF92	Dr:F1R4K4;Mm:Q6PDC8;Rn:D4A6P2	Dr:F1QNN3
Q9HCK0	O15160	57684	9533	ZBTB26	POLR1C	chromatin immunoprecipitation assay	27924024	Homo sapiens	GTRD	No	Mm:Q6P9Q3;Rn:D3ZG35	Dr:A2BF92	Ce:Q9UAY9;Dm:Q9VMX3;Mm:P52432;Rn:Q5RJK9;Sc:P07703	-
Q9HCK0	Q9UL03	57684	26512	ZBTB26	INTS6	chromatin immunoprecipitation assay	27924024	Homo sapiens	GTRD	No	Mm:Q6P9Q3;Rn:D3ZG35	Dr:A2BF92	Dr:B0UYL7;Mm:Q6PCM2;Rn:A0A0G2K7S2	-
Q9HCK0	Q7Z7F7	57684	128308	ZBTB26	MRPL55	chromatin immunoprecipitation assay	27924024	Homo sapiens	GTRD	No	Mm:Q6P9Q3;Rn:D3ZG35	Dr:A2BF92	Ce:Q9TYJ8;Dr:A8WHP2;Mm:Q9CZ83;Rn:D3ZF99	-
Q9HCK0	Q96K83	57684	25925	ZBTB26	ZNF521	chromatin immunoprecipitation assay	27924024	Homo sapiens	GTRD	No	Mm:Q6P9Q3;Rn:D3ZG35	Dr:A2BF92	Mm:Q6KAS7	Rn:A0A0G2JT53
Q9HCK0	Q9BXI6	57684	83874	ZBTB26	TBC1D10A	chromatin immunoprecipitation assay	27924024	Homo sapiens	GTRD	No	Mm:Q6P9Q3;Rn:D3ZG35	Dr:A2BF92	Rn:Q587K3	Dr:B8A5W2
Q9HCK0	Q68CL5	57684	25941	ZBTB26	TPGS2	chromatin immunoprecipitation assay	27924024	Homo sapiens	GTRD	No	Mm:Q6P9Q3;Rn:D3ZG35	Dr:A2BF92	-	-
Q9HCK0	Q9P0T7	57684	252839	ZBTB26	TMEM9	chromatin immunoprecipitation assay	27924024	Homo sapiens	GTRD	No	Mm:Q6P9Q3;Rn:D3ZG35	Dr:A2BF92	-	-
Q9HCK0	Q96MG8	57684	115294	ZBTB26	PCMTD1	chromatin immunoprecipitation assay	27924024	Homo sapiens	GTRD	No	Mm:Q6P9Q3;Rn:D3ZG35	Dr:A2BF92	Mm:P59913	Rn:D4A629
Q9HCK0	Q9Y5H6	57684	56140	ZBTB26	PCDHA8	chromatin immunoprecipitation assay	27924024	Homo sapiens	GTRD	No	Mm:Q6P9Q3;Rn:D3ZG35	Dr:A2BF92	-	-
Q9HCK0	Q96I59	57684	79731	ZBTB26	NARS2	chromatin immunoprecipitation assay	27924024	Homo sapiens	GTRD	No	Mm:Q6P9Q3;Rn:D3ZG35	Dr:A2BF92	Ce:Q95PZ8;Dm:Q7JZR5;Mm:Q8BGV0;Sc:P25345	Rn:A0A0G2K7D7
Q9HCK0	Q9NWU5	57684	29093	ZBTB26	MRPL22	chromatin immunoprecipitation assay	27924024	Homo sapiens	GTRD	No	Mm:Q6P9Q3;Rn:D3ZG35	Dr:A2BF92	-	-
Q9HCK0	Q9H706	57684	64762	ZBTB26	GAREM1	chromatin immunoprecipitation assay	27924024	Homo sapiens	GTRD	No	Mm:Q6P9Q3;Rn:D3ZG35	Dr:A2BF92	Dr:F1QD52;Mm:Q3UFT3	-
Q9HCK0	Q96PY6	57684	4750	ZBTB26	NEK1	chromatin immunoprecipitation assay	27924024	Homo sapiens	GTRD	No	Mm:Q6P9Q3;Rn:D3ZG35	Dr:A2BF92	Mm:P51954;Rn:D3ZB99	Dr:F1RC73
Q9HCK0	Q9UBI9	57684	51696	ZBTB26	HECA	chromatin immunoprecipitation assay	27924024	Homo sapiens	GTRD	No	Mm:Q6P9Q3;Rn:D3ZG35	Dr:A2BF92	Dr:Q5RIN9;Mm:Q3V1N5	Dm:A0A0B4KI61;Rn:F1M590
Q9HCK0	Q96AQ9	57684	348487	ZBTB26	FAM131C	chromatin immunoprecipitation assay	27924024	Homo sapiens	GTRD	No	Mm:Q6P9Q3;Rn:D3ZG35	Dr:A2BF92	Mm:A2ADB2	Rn:F1M473
Q9HCK0	Q8N490	57684	25953	ZBTB26	PNKD	chromatin immunoprecipitation assay	27924024	Homo sapiens	GTRD	No	Mm:Q6P9Q3;Rn:D3ZG35	Dr:A2BF92	Mm:Q69ZP3	Dr:F6NM08;Rn:D3ZXB0
Q9HCK0	P27449	57684	527	ZBTB26	ATP6V0C	chromatin immunoprecipitation assay	27924024	Homo sapiens	GTRD	No	Mm:Q6P9Q3;Rn:D3ZG35	Dr:A2BF92	Ce:Q21898;Dm:P23380;Dm:Q8IQG3;Dr:Q6P041;Dr:F1QSP4;Mm:P63082;Rn:P63081;Sc:P25515;Sc:P32842	Ce:C0HLB3
Q9HCK0	P06733	57684	2023	ZBTB26	ENO1	chromatin immunoprecipitation assay	27924024	Homo sapiens	GTRD	No	Mm:Q6P9Q3;Rn:D3ZG35	Dr:A2BF92	Mm:P17182;Rn:P04764	Dr:Q6PC12;Rn:M0R5J4
Q9HCK0	Q53GD3	57684	80736	ZBTB26	SLC44A4	chromatin immunoprecipitation assay	27924024	Homo sapiens	GTRD	No	Mm:Q6P9Q3;Rn:D3ZG35	Dr:A2BF92	Mm:Q91VA1;Rn:Q6MG71	-
Q9HCK0	Q8TCS8	57684	87178	ZBTB26	PNPT1	chromatin immunoprecipitation assay	27924024	Homo sapiens	GTRD	No	Mm:Q6P9Q3;Rn:D3ZG35	Dr:A2BF92	Ce:Q965N3;Dm:Q9V9X7;Mm:Q8K1R3;Rn:G3V6G7	-
Q9HCK0	Q15572	57684	9013	ZBTB26	TAF1C	chromatin immunoprecipitation assay	27924024	Homo sapiens	GTRD	No	Mm:Q6P9Q3;Rn:D3ZG35	Dr:A2BF92	Mm:Q6PDZ2;Rn:Q6P773	-
Q9HCK0	Q9P2F5	57684	56977	ZBTB26	STOX2	chromatin immunoprecipitation assay	27924024	Homo sapiens	GTRD	No	Mm:Q6P9Q3;Rn:D3ZG35	Dr:A2BF92	Mm:Q499E5;Rn:D4A001	Dr:F8W5K8
Q9HCK0	Q8NCM8	57684	79659	ZBTB26	DYNC2H1	chromatin immunoprecipitation assay	27924024	Homo sapiens	GTRD	No	Mm:Q6P9Q3;Rn:D3ZG35	Dr:A2BF92	Mm:Q45VK7;Rn:D3ZBB8	Ce:Q19542;Dm:Q0E8P6
Q9HCK0	P50607	57684	7275	ZBTB26	TUB	chromatin immunoprecipitation assay	27924024	Homo sapiens	GTRD	No	Mm:Q6P9Q3;Rn:D3ZG35	Dr:A2BF92	Dr:E7F015;Mm:P50586	Rn:O88808
Q9HCK0	Q9BVI4	57684	79050	ZBTB26	NOC4L	chromatin immunoprecipitation assay	27924024	Homo sapiens	GTRD	No	Mm:Q6P9Q3;Rn:D3ZG35	Dr:A2BF92	Mm:Q8BHY2;Rn:Q5I0I8	Dr:F1R1T1
Q9HCK0	P22392	57684	4831;654364	ZBTB26	NME2	chromatin immunoprecipitation assay	27924024	Homo sapiens	GTRD	No	Mm:Q6P9Q3;Rn:D3ZG35	Dr:A2BF92	Mm:Q01768	-
Q9HCK0	Q3MIT2	57684	150962	ZBTB26	PUS10	chromatin immunoprecipitation assay	27924024	Homo sapiens	GTRD	No	Mm:Q6P9Q3;Rn:D3ZG35	Dr:A2BF92	Dm:Q9VPK7;Dr:F1QV54;Mm:Q9D3U0;Rn:A0A0G2K0U8	-
Q9HCK0	Q9HC58	57684	57419	ZBTB26	SLC24A3	chromatin immunoprecipitation assay	27924024	Homo sapiens	GTRD	No	Mm:Q6P9Q3;Rn:D3ZG35	Dr:A2BF92	Dr:F1QDH3	Rn:A0A0G2K092
Q9HCK0	O95865	57684	23564	ZBTB26	DDAH2	chromatin immunoprecipitation assay	27924024	Homo sapiens	GTRD	No	Mm:Q6P9Q3;Rn:D3ZG35	Dr:A2BF92	Dr:A5PN62;Mm:Q99LD8;Rn:Q6MG60	-
Q9HCK0	P10588	57684	2063	ZBTB26	NR2F6	chromatin immunoprecipitation assay	27924024	Homo sapiens	GTRD	No	Mm:Q6P9Q3;Rn:D3ZG35	Dr:A2BF92	Dr:Q6P115;Dr:Q6P117;Mm:P43136;Rn:F1LP04	-
Q9HCK0	P27348	57684	10971	ZBTB26	YWHAQ	chromatin immunoprecipitation assay	27924024	Homo sapiens	GTRD	No	Mm:Q6P9Q3;Rn:D3ZG35	Dr:A2BF92	Dr:Q7ZUM0;Mm:P68254;Rn:P68255	-
Q9HCK0	A6NK89	57684	644943	ZBTB26	RASSF10	chromatin immunoprecipitation assay	27924024	Homo sapiens	GTRD	No	Mm:Q6P9Q3;Rn:D3ZG35	Dr:A2BF92	Mm:Q8BL43;Rn:A0A0G2JT12	-
Q9HCK0	Q96AT1	57684	57456	ZBTB26	KIAA1143	chromatin immunoprecipitation assay	27924024	Homo sapiens	GTRD	No	Mm:Q6P9Q3;Rn:D3ZG35	Dr:A2BF92	Ce:Q22790;Dm:B7Z0I5;Dr:F1Q4N6;Mm:Q8K039;Rn:Q5RKH3	-
Q9HCK0	Q96RK4	57684	585	ZBTB26	BBS4	chromatin immunoprecipitation assay	27924024	Homo sapiens	GTRD	No	Mm:Q6P9Q3;Rn:D3ZG35	Dr:A2BF92	Dm:A1Z8E9;Mm:Q8C1Z7;Rn:D4A8B1	Ce:Q5CZ52;Dr:F1RBR9
Q9HCK0	P49327	57684	2194	ZBTB26	FASN	chromatin immunoprecipitation assay	27924024	Homo sapiens	GTRD	No	Mm:Q6P9Q3;Rn:D3ZG35	Dr:A2BF92	Ce:P91871;Dr:E7F5V3;Mm:P19096;Rn:P12785	Dm:Q9VQL6
Q9HCK0	Q9Y5W9	57684	29916	ZBTB26	SNX11	chromatin immunoprecipitation assay	27924024	Homo sapiens	GTRD	No	Mm:Q6P9Q3;Rn:D3ZG35	Dr:A2BF92	Mm:Q91WL6	Rn:A0A0G2JXH9
Q9HCK0	Q8N165	57684	149420	ZBTB26	PDIK1L	chromatin immunoprecipitation assay	27924024	Homo sapiens	GTRD	No	Mm:Q6P9Q3;Rn:D3ZG35	Dr:A2BF92	Dr:A5WV55;Mm:Q8QZR7;Rn:D3ZKW5	-
Q9HCK0	P62310	57684	27258	ZBTB26	LSM3	chromatin immunoprecipitation assay	27924024	Homo sapiens	GTRD	No	Mm:Q6P9Q3;Rn:D3ZG35	Dr:A2BF92	Ce:Q9U1W8;Dm:Q8IMX8;Mm:P62311;Rn:D4A7U6;Sc:P57743	Dr:E7EZE6
Q9HCK0	P18827	57684	6382	ZBTB26	SDC1	chromatin immunoprecipitation assay	27924024	Homo sapiens	GTRD	No	Mm:Q6P9Q3;Rn:D3ZG35	Dr:A2BF92	Mm:P18828;Rn:P26260	-
Q9HCK0	Q13451	57684	2289	ZBTB26	FKBP5	chromatin immunoprecipitation assay	27924024	Homo sapiens	GTRD	No	Mm:Q6P9Q3;Rn:D3ZG35	Dr:A2BF92	Dr:Q801U5;Mm:Q64378;Rn:Q5U2T9	-
Q9HCK0	Q07092	57684	1307	ZBTB26	COL16A1	chromatin immunoprecipitation assay	27924024	Homo sapiens	GTRD	No	Mm:Q6P9Q3;Rn:D3ZG35	Dr:A2BF92	Mm:Q8BLX7;Rn:F1LND0	Dr:K7DYI0
Q9HCK0	Q96N95	57684	252884	ZBTB26	ZNF396	chromatin immunoprecipitation assay	27924024	Homo sapiens	GTRD	No	Mm:Q6P9Q3;Rn:D3ZG35	Dr:A2BF92	-	-
Q9HCK0	Q86YA3	57684	55345	ZBTB26	ZGRF1	chromatin immunoprecipitation assay	27924024	Homo sapiens	GTRD	No	Mm:Q6P9Q3;Rn:D3ZG35	Dr:A2BF92	-	-
Q9HCK0	Q6VN20	57684	57610	ZBTB26	RANBP10	chromatin immunoprecipitation assay	27924024	Homo sapiens	GTRD	No	Mm:Q6P9Q3;Rn:D3ZG35	Dr:A2BF92	-	-
Q9HCK0	Q6PI77	57684	80823	ZBTB26	BHLHB9	chromatin immunoprecipitation assay	27924024	Homo sapiens	GTRD	No	Mm:Q6P9Q3;Rn:D3ZG35	Dr:A2BF92	-	-
Q9HCK0	O75190	57684	10049	ZBTB26	DNAJB6	chromatin immunoprecipitation assay	27924024	Homo sapiens	GTRD	No	Mm:Q6P9Q3;Rn:D3ZG35	Dr:A2BF92	Ce:Q9TY07;Dr:Q6DHR2;Mm:O54946;Rn:Q6AYU3	-
Q9HCK0	Q03052	57684	5453	ZBTB26	POU3F1	chromatin immunoprecipitation assay	27924024	Homo sapiens	GTRD	No	Mm:Q6P9Q3;Rn:D3ZG35	Dr:A2BF92	Dr:Q90482;Mm:P21952	-
Q9HCK0	P49450	57684	1058	ZBTB26	CENPA	chromatin immunoprecipitation assay	27924024	Homo sapiens	GTRD	No	Mm:Q6P9Q3;Rn:D3ZG35	Dr:A2BF92	Mm:O35216;Rn:B2RZ23	-
Q9HCK0	Q9HBU6	57684	55500	ZBTB26	ETNK1	chromatin immunoprecipitation assay	27924024	Homo sapiens	GTRD	No	Mm:Q6P9Q3;Rn:D3ZG35	Dr:A2BF92	-	-
Q9HCK0	Q3KNS6	57684	374899	ZBTB26	ZNF829	chromatin immunoprecipitation assay	27924024	Homo sapiens	GTRD	No	Mm:Q6P9Q3;Rn:D3ZG35	Dr:A2BF92	-	-
Q9HCK0	Q9BQW3	57684	57593	ZBTB26	EBF4	chromatin immunoprecipitation assay	27924024	Homo sapiens	GTRD	No	Mm:Q6P9Q3;Rn:D3ZG35	Dr:A2BF92	Mm:Q8K4J2	Rn:D3ZW79
Q9HCK0	Q9NXG2	57684	55623	ZBTB26	THUMPD1	chromatin immunoprecipitation assay	27924024	Homo sapiens	GTRD	No	Mm:Q6P9Q3;Rn:D3ZG35	Dr:A2BF92	Ce:O61900;Dm:Q9VZD8;Mm:Q99J36;Rn:F7FA68;Sc:P53072	Dr:A0A0R4IIV9
Q9HCK0	P16930	57684	2184	ZBTB26	FAH	chromatin immunoprecipitation assay	27924024	Homo sapiens	GTRD	No	Mm:Q6P9Q3;Rn:D3ZG35	Dr:A2BF92	Ce:Q94272;Dm:Q9VZI8;Mm:P35505;Rn:F1M6W1	-
Q9HCK0	P35626	57684	157	ZBTB26	GRK3	chromatin immunoprecipitation assay	27924024	Homo sapiens	GTRD	No	Mm:Q6P9Q3;Rn:D3ZG35	Dr:A2BF92	Mm:Q3UYH7;Rn:A0A0G2K9S3	Dr:B5LZ08
Q9HCK0	P99999	57684	54205	ZBTB26	CYCS	chromatin immunoprecipitation assay	27924024	Homo sapiens	GTRD	No	Mm:Q6P9Q3;Rn:D3ZG35	Dr:A2BF92	Dm:P84029;Dr:Q6IQM2;Mm:P62897;Rn:P62898;Sc:P00045;Sc:P00044	Ce:Q23240;Rn:D4A5L9
Q9HCK0	Q13227	57684	2874	ZBTB26	GPS2	chromatin immunoprecipitation assay	27924024	Homo sapiens	GTRD	No	Mm:Q6P9Q3;Rn:D3ZG35	Dr:A2BF92	Dr:Q7SZ61;Mm:Q921N8;Rn:Q5XII2	-
Q9HCK0	Q8N0V3	57684	79863	ZBTB26	RBFA	chromatin immunoprecipitation assay	27924024	Homo sapiens	GTRD	No	Mm:Q6P9Q3;Rn:D3ZG35	Dr:A2BF92	Dr:F1QXS7;Mm:Q6P3B9;Rn:A0A0G2K1B0	-
Q9HCK0	O15371	57684	8664	ZBTB26	EIF3D	chromatin immunoprecipitation assay	27924024	Homo sapiens	GTRD	No	Mm:Q6P9Q3;Rn:D3ZG35	Dr:A2BF92	Ce:P30642;Dm:Q9VCK0;Mm:O70194;Rn:Q6AYK8	Dm:Q9VGC7;Dr:Z4YIM6
Q9HCK0	Q15370	57684	6923	ZBTB26	ELOB	chromatin immunoprecipitation assay	27924024	Homo sapiens	GTRD	No	Mm:Q6P9Q3;Rn:D3ZG35	Dr:A2BF92	Ce:G5ECR7;Dm:O44226;Mm:P62869;Rn:P62870	Rn:F1M937
Q9HCK0	Q05586	57684	2902	ZBTB26	GRIN1	chromatin immunoprecipitation assay	27924024	Homo sapiens	GTRD	No	Mm:Q6P9Q3;Rn:D3ZG35	Dr:A2BF92	Dm:Q24418;Dr:F1R366;Mm:P35438	Ce:G5EGQ9;Rn:Q62648
Q9HCK0	Q9P2U8	57684	57084	ZBTB26	SLC17A6	chromatin immunoprecipitation assay	27924024	Homo sapiens	GTRD	No	Mm:Q6P9Q3;Rn:D3ZG35	Dr:A2BF92	Dr:Q5W8I8;Mm:A0A0R4J0A6;Rn:G3V851	-
Q9HCK0	Q9NRR8	57684	56882	ZBTB26	CDC42SE1	chromatin immunoprecipitation assay	27924024	Homo sapiens	GTRD	No	Mm:Q6P9Q3;Rn:D3ZG35	Dr:A2BF92	Dr:Q6TEL3;Mm:Q8BHL7;Rn:Q5BJM7	-
Q9HCK0	P01127	57684	5155	ZBTB26	PDGFB	chromatin immunoprecipitation assay	27924024	Homo sapiens	GTRD	No	Mm:Q6P9Q3;Rn:D3ZG35	Dr:A2BF92	Mm:A0A0R4IZW4;Rn:G3V882	-
Q9HCK0	Q13126	57684	4507	ZBTB26	MTAP	chromatin immunoprecipitation assay	27924024	Homo sapiens	GTRD	No	Mm:Q6P9Q3;Rn:D3ZG35	Dr:A2BF92	Ce:Q09438;Dm:Q9V813;Dr:Q7ZV22;Mm:Q9CQ65;Sc:Q07938	Rn:A0A0G2K583
Q9HCK0	Q5SXM2	57684	6621	ZBTB26	SNAPC4	chromatin immunoprecipitation assay	27924024	Homo sapiens	GTRD	No	Mm:Q6P9Q3;Rn:D3ZG35	Dr:A2BF92	-	Mm:A2AIV6;Rn:D4A3C9
Q9HCK0	Q5VVW2	57684	84253	ZBTB26	GARNL3	chromatin immunoprecipitation assay	27924024	Homo sapiens	GTRD	No	Mm:Q6P9Q3;Rn:D3ZG35	Dr:A2BF92	Mm:Q3V0G7;Rn:A0A0G2JX90	Dr:A5PF44
Q9HCK0	Q9BRF8	57684	55313	ZBTB26	CPPED1	chromatin immunoprecipitation assay	27924024	Homo sapiens	GTRD	No	Mm:Q6P9Q3;Rn:D3ZG35	Dr:A2BF92	Dr:G1K2K5;Mm:Q8BFS6	Rn:Q66H71
Q9HCK0	Q9UQC2	57684	9846	ZBTB26	GAB2	chromatin immunoprecipitation assay	27924024	Homo sapiens	GTRD	No	Mm:Q6P9Q3;Rn:D3ZG35	Dr:A2BF92	Mm:Q3ZB57;Rn:F1LSR2	Dr:A0A0R4I9X7
Q9HCK0	Q9NYV6	57684	54700	ZBTB26	RRN3	chromatin immunoprecipitation assay	27924024	Homo sapiens	GTRD	No	Mm:Q6P9Q3;Rn:D3ZG35	Dr:A2BF92	Ce:P48322;Dm:Q9V9M6;Dr:A0A0R4ICI5;Mm:B2RS91;Sc:P36070	Rn:B2GV13
Q9HCK0	Q15884	57684	9413	ZBTB26	FAM189A2	chromatin immunoprecipitation assay	27924024	Homo sapiens	GTRD	No	Mm:Q6P9Q3;Rn:D3ZG35	Dr:A2BF92	-	-
Q9HCK0	O15270	57684	9517	ZBTB26	SPTLC2	chromatin immunoprecipitation assay	27924024	Homo sapiens	GTRD	No	Mm:Q6P9Q3;Rn:D3ZG35	Dr:A2BF92	Dr:F1QCX4;Dr:F1Q992;Mm:P97363	Rn:A0A5H1ZRU9
Q9HCK0	A0A087WYN8	57684	-	ZBTB26	-	chromatin immunoprecipitation assay	27924024	Homo sapiens	GTRD	No	Mm:Q6P9Q3;Rn:D3ZG35	Dr:A2BF92	-	-
Q9HCK0	Q9UM13	57684	10393	ZBTB26	ANAPC10	chromatin immunoprecipitation assay	27924024	Homo sapiens	GTRD	No	Mm:Q6P9Q3;Rn:D3ZG35	Dr:A2BF92	Ce:Q2WF61;Dm:Q9V831;Dr:E7FCJ1;Mm:Q8K2H6;Rn:B5DEP3	-
Q9HCK0	Q5T2D3	57684	23252	ZBTB26	OTUD3	chromatin immunoprecipitation assay	27924024	Homo sapiens	GTRD	No	Mm:Q6P9Q3;Rn:D3ZG35	Dr:A2BF92	Mm:B1AZ99;Rn:D4A7M3	Dr:F1R341
Q9HCK0	Q96L93	57684	55614	ZBTB26	KIF16B	chromatin immunoprecipitation assay	27924024	Homo sapiens	GTRD	No	Mm:Q6P9Q3;Rn:D3ZG35	Dr:A2BF92	Mm:B1AVY7;Rn:D3ZFN9	Dr:A0A0R4ILH1
Q9HCK0	Q9Y4Z0	57684	25804	ZBTB26	LSM4	chromatin immunoprecipitation assay	27924024	Homo sapiens	GTRD	No	Mm:Q6P9Q3;Rn:D3ZG35	Dr:A2BF92	Ce:Q19952;Mm:Q9CY46;Rn:D4A2C6	Dr:Q6P6E4
Q9HCK0	Q86Y07	57684	7444	ZBTB26	VRK2	chromatin immunoprecipitation assay	27924024	Homo sapiens	GTRD	No	Mm:Q6P9Q3;Rn:D3ZG35	Dr:A2BF92	Mm:Q8BN21;Rn:A0A0G2JVP1	-
Q9HCK0	O95562	57684	375035	ZBTB26	SFT2D2	chromatin immunoprecipitation assay	27924024	Homo sapiens	GTRD	No	Mm:Q6P9Q3;Rn:D3ZG35	Dr:A2BF92	Mm:Q8VD57;Rn:R9PXR9	-
Q9HCK0	Q9UKN8	57684	9329	ZBTB26	GTF3C4	chromatin immunoprecipitation assay	27924024	Homo sapiens	GTRD	No	Mm:Q6P9Q3;Rn:D3ZG35	Dr:A2BF92	Mm:Q8BMQ2;Rn:D3ZD80	Dr:F1Q9E5
Q9HCK0	Q6IPM2	57684	23288	ZBTB26	IQCE	chromatin immunoprecipitation assay	27924024	Homo sapiens	GTRD	No	Mm:Q6P9Q3;Rn:D3ZG35	Dr:A2BF92	Mm:Q6PCQ0;Rn:D4ADQ3	Dr:A0A0R4IP00
Q9HCK0	O75379	57684	8674	ZBTB26	VAMP4	chromatin immunoprecipitation assay	27924024	Homo sapiens	GTRD	No	Mm:Q6P9Q3;Rn:D3ZG35	Dr:A2BF92	Mm:O70480	Dr:F6P4N7;Rn:A0A096MJ99
Q9HCK0	Q9P281	57684	57597	ZBTB26	BAHCC1	chromatin immunoprecipitation assay	27924024	Homo sapiens	GTRD	No	Mm:Q6P9Q3;Rn:D3ZG35	Dr:A2BF92	-	-
Q9HCK0	P49639	57684	3198	ZBTB26	HOXA1	chromatin immunoprecipitation assay	27924024	Homo sapiens	GTRD	No	Mm:Q6P9Q3;Rn:D3ZG35	Dr:A2BF92	-	-
Q9HCK0	Q9Y277	57684	7419	ZBTB26	VDAC3	chromatin immunoprecipitation assay	27924024	Homo sapiens	GTRD	No	Mm:Q6P9Q3;Rn:D3ZG35	Dr:A2BF92	Dr:Q7ZV39;Dr:B0R197;Mm:Q60931;Rn:A0A0G2JSR0	-
Q9HCK0	Q9Y2W6	57684	11022	ZBTB26	TDRKH	chromatin immunoprecipitation assay	27924024	Homo sapiens	GTRD	No	Mm:Q6P9Q3;Rn:D3ZG35	Dr:A2BF92	Dm:Q9VQ91;Dr:F1R0M9;Mm:Q80VL1;Rn:G3V8T7	-
Q9HCK0	O14904	57684	7483	ZBTB26	WNT9A	chromatin immunoprecipitation assay	27924024	Homo sapiens	GTRD	No	Mm:Q6P9Q3;Rn:D3ZG35	Dr:A2BF92	Mm:Q8R5M2	-
Q9HCK0	Q8N4W6	57684	79962	ZBTB26	DNAJC22	chromatin immunoprecipitation assay	27924024	Homo sapiens	GTRD	No	Mm:Q6P9Q3;Rn:D3ZG35	Dr:A2BF92	Dm:Q9VX95;Mm:Q8CHS2;Rn:Q5PR00	Dr:E7F2F5
Q9HCK0	Q9H816	57684	64858	ZBTB26	DCLRE1B	chromatin immunoprecipitation assay	27924024	Homo sapiens	GTRD	No	Mm:Q6P9Q3;Rn:D3ZG35	Dr:A2BF92	Mm:Q8C7W7;Rn:A0A0G2K494	Dr:B0V2S2
Q9HCK0	Q9H201	57684	55040	ZBTB26	EPN3	chromatin immunoprecipitation assay	27924024	Homo sapiens	GTRD	No	Mm:Q6P9Q3;Rn:D3ZG35	Dr:A2BF92	Mm:Q91W69	Rn:Q4V882
Q9HCK0	Q9H2P0	57684	23394	ZBTB26	ADNP	chromatin immunoprecipitation assay	27924024	Homo sapiens	GTRD	No	Mm:Q6P9Q3;Rn:D3ZG35	Dr:A2BF92	Dr:E7F895;Mm:Q9Z103;Rn:Q9JKL8	-
Q9HCK0	P60602	57684	140823	ZBTB26	ROMO1	chromatin immunoprecipitation assay	27924024	Homo sapiens	GTRD	No	Mm:Q6P9Q3;Rn:D3ZG35	Dr:A2BF92	Ce:Q93511;Dm:Q9VUM2;Dr:Q6NYD1;Mm:P60603;Sc:Q02889	Rn:D4A742
Q9HCK0	Q8NEN9	57684	118987	ZBTB26	PDZD8	chromatin immunoprecipitation assay	27924024	Homo sapiens	GTRD	No	Mm:Q6P9Q3;Rn:D3ZG35	Dr:A2BF92	Dm:Q9VYR9;Mm:B9EJ80;Rn:D3ZXY2	Dr:E7F7C3
Q9HCK0	P23743	57684	1606	ZBTB26	DGKA	chromatin immunoprecipitation assay	27924024	Homo sapiens	GTRD	No	Mm:Q6P9Q3;Rn:D3ZG35	Dr:A2BF92	Mm:O88673;Rn:P51556	Dr:Q1ECW5
Q9HCK0	Q96BR9	57684	653121	ZBTB26	ZBTB8A	chromatin immunoprecipitation assay	27924024	Homo sapiens	GTRD	No	Mm:Q6P9Q3;Rn:D3ZG35	Dr:A2BF92	-	-
Q9HCK0	Q01344	57684	3568	ZBTB26	IL5RA	chromatin immunoprecipitation assay	27924024	Homo sapiens	GTRD	No	Mm:Q6P9Q3;Rn:D3ZG35	Dr:A2BF92	Mm:P21183	Rn:G3V6S7
Q9HCK0	A8MQ03	57684	375791	ZBTB26	CYSRT1	chromatin immunoprecipitation assay	27924024	Homo sapiens	GTRD	No	Mm:Q6P9Q3;Rn:D3ZG35	Dr:A2BF92	-	-
Q9HCK0	Q96MH7	57684	375444	ZBTB26	C5orf34	chromatin immunoprecipitation assay	27924024	Homo sapiens	GTRD	No	Mm:Q6P9Q3;Rn:D3ZG35	Dr:A2BF92	-	-
Q9HCK0	O95461	57684	9215	ZBTB26	LARGE1	chromatin immunoprecipitation assay	27924024	Homo sapiens	GTRD	No	Mm:Q6P9Q3;Rn:D3ZG35	Dr:A2BF92	Dr:F1RE53;Mm:Q9Z1M7;Rn:A0A0G2K618	-
Q9HCK0	Q9UJN7	57684	346157	ZBTB26	ZNF391	chromatin immunoprecipitation assay	27924024	Homo sapiens	GTRD	No	Mm:Q6P9Q3;Rn:D3ZG35	Dr:A2BF92	Ce:Q8IG38	-
Q9HCK0	O60921	57684	3364	ZBTB26	HUS1	chromatin immunoprecipitation assay	27924024	Homo sapiens	GTRD	No	Mm:Q6P9Q3;Rn:D3ZG35	Dr:A2BF92	Mm:Q8BQY8;Rn:D3ZNA8	Dr:A0A0R4IZS9
Q9HCK0	Q9NWV4	57684	54987	ZBTB26	CZIB	chromatin immunoprecipitation assay	27924024	Homo sapiens	GTRD	No	Mm:Q6P9Q3;Rn:D3ZG35	Dr:A2BF92	Dm:A1Z9A2;Dr:B3DJJ8;Mm:Q8BHG2;Rn:Q498R7;Sc:P25654	Ce:Q9BI88
Q9HCK0	Q16822	57684	5106	ZBTB26	PCK2	chromatin immunoprecipitation assay	27924024	Homo sapiens	GTRD	No	Mm:Q6P9Q3;Rn:D3ZG35	Dr:A2BF92	Dr:F1R9Y5;Rn:F1LQJ7	-
Q9HCK0	Q9NQ50	57684	64976	ZBTB26	MRPL40	chromatin immunoprecipitation assay	27924024	Homo sapiens	GTRD	No	Mm:Q6P9Q3;Rn:D3ZG35	Dr:A2BF92	Ce:Q9TZ90;Dm:Q9VGP7;Mm:Q9Z2Q5;Rn:P83565	Dr:Q66I86
Q9HCK0	O95237	57684	9227	ZBTB26	LRAT	chromatin immunoprecipitation assay	27924024	Homo sapiens	GTRD	No	Mm:Q6P9Q3;Rn:D3ZG35	Dr:A2BF92	Mm:Q9JI60	Dr:F1Q7T8;Rn:Q9JI61
Q9HCK0	Q9UQ26	57684	9699	ZBTB26	RIMS2	chromatin immunoprecipitation assay	27924024	Homo sapiens	GTRD	No	Mm:Q6P9Q3;Rn:D3ZG35	Dr:A2BF92	-	-
Q9HCK0	Q9UK11	57684	7766	ZBTB26	ZNF223	chromatin immunoprecipitation assay	27924024	Homo sapiens	GTRD	No	Mm:Q6P9Q3;Rn:D3ZG35	Dr:A2BF92	-	-
Q9HCK0	P16403	57684	3006	ZBTB26	H1-2	chromatin immunoprecipitation assay	27924024	Homo sapiens	GTRD	No	Mm:Q6P9Q3;Rn:D3ZG35	Dr:A2BF92	Mm:P15864;Rn:A0A0G2K654	-
Q9HCK0	Q96JY0	57684	84944	ZBTB26	MAEL	chromatin immunoprecipitation assay	27924024	Homo sapiens	GTRD	No	Mm:Q6P9Q3;Rn:D3ZG35	Dr:A2BF92	Dm:Q9VNS0;Mm:Q8BVN9	Rn:D3ZG86
Q9HCK0	P42338	57684	5291	ZBTB26	PIK3CB	chromatin immunoprecipitation assay	27924024	Homo sapiens	GTRD	No	Mm:Q6P9Q3;Rn:D3ZG35	Dr:A2BF92	Dr:E7F251;Mm:Q8BTI9;Rn:G3V839	-
Q9HCK0	Q96A29	57684	55343	ZBTB26	SLC35C1	chromatin immunoprecipitation assay	27924024	Homo sapiens	GTRD	No	Mm:Q6P9Q3;Rn:D3ZG35	Dr:A2BF92	Ce:Q968A5;Dm:Q9VHT4;Mm:Q8BLX4;Rn:D3ZWW0	Dr:Q5PR94
Q9HCK0	Q6P0N0	57684	55320	ZBTB26	MIS18BP1	chromatin immunoprecipitation assay	27924024	Homo sapiens	GTRD	No	Mm:Q6P9Q3;Rn:D3ZG35	Dr:A2BF92	Dr:F1RAN4;Mm:Q80WQ8	Rn:A0A0G2JZZ6
Q9HCK0	P35222	57684	1499	ZBTB26	CTNNB1	chromatin immunoprecipitation assay	27924024	Homo sapiens	GTRD	No	Mm:Q6P9Q3;Rn:D3ZG35	Dr:A2BF92	Dm:P18824;Mm:Q02248	Ce:H2L2I2;Dr:A0A5H1ZRJ2;Rn:A0A0G2JT93
Q9HCK0	Q8N6I4	57684	26175	ZBTB26	TMEM251	chromatin immunoprecipitation assay	27924024	Homo sapiens	GTRD	No	Mm:Q6P9Q3;Rn:D3ZG35	Dr:A2BF92	Dr:Q5TZA3;Mm:Q8BH26;Rn:F1LXS7	-
Q9HCK0	Q96BU1	57684	64766	ZBTB26	S100PBP	chromatin immunoprecipitation assay	27924024	Homo sapiens	GTRD	No	Mm:Q6P9Q3;Rn:D3ZG35	Dr:A2BF92	Mm:Q9D5K4;Rn:D3ZSX9	-
Q9HCK0	O75177	57684	26039	ZBTB26	SS18L1	chromatin immunoprecipitation assay	27924024	Homo sapiens	GTRD	No	Mm:Q6P9Q3;Rn:D3ZG35	Dr:A2BF92	Mm:Q8BW22;Rn:Q91XJ0	-
Q9HCK0	Q6AI08	57684	63897	ZBTB26	HEATR6	chromatin immunoprecipitation assay	27924024	Homo sapiens	GTRD	No	Mm:Q6P9Q3;Rn:D3ZG35	Dr:A2BF92	Mm:Q6P1G0;Rn:A1EC95	Dr:F1QS71
Q9HCK0	Q9NV64	57684	55254	ZBTB26	TMEM39A	chromatin immunoprecipitation assay	27924024	Homo sapiens	GTRD	No	Mm:Q6P9Q3;Rn:D3ZG35	Dr:A2BF92	Dr:F1QZE4;Mm:Q9CYC3;Rn:Q5U2V9	-
Q9HCK0	Q9Y6X9	57684	22880	ZBTB26	MORC2	chromatin immunoprecipitation assay	27924024	Homo sapiens	GTRD	No	Mm:Q6P9Q3;Rn:D3ZG35	Dr:A2BF92	Dr:Q68EG7;Mm:Q69ZX6;Rn:A0A0G2JWF7	-
Q9HCK0	Q8TCT7	57684	56928	ZBTB26	SPPL2B	chromatin immunoprecipitation assay	27924024	Homo sapiens	GTRD	No	Mm:Q6P9Q3;Rn:D3ZG35	Dr:A2BF92	Mm:Q3TD49;Rn:Q5PQL3	-
Q9HCK0	Q96DD7	57684	149345	ZBTB26	SHISA4	chromatin immunoprecipitation assay	27924024	Homo sapiens	GTRD	No	Mm:Q6P9Q3;Rn:D3ZG35	Dr:A2BF92	Dr:A5WUR8;Mm:Q8CA71;Rn:A0MV40	-
Q9HCK0	Q04917	57684	7533	ZBTB26	YWHAH	chromatin immunoprecipitation assay	27924024	Homo sapiens	GTRD	No	Mm:Q6P9Q3;Rn:D3ZG35	Dr:A2BF92	Dr:Q7T3G2;Mm:P68510	Rn:A0A0G2K2B8
Q9HCK0	Q13561	57684	10540	ZBTB26	DCTN2	chromatin immunoprecipitation assay	27924024	Homo sapiens	GTRD	No	Mm:Q6P9Q3;Rn:D3ZG35	Dr:A2BF92	Ce:Q09248;Dm:Q7K2D2;Mm:Q99KJ8	Rn:A0A0G2JUC7
Q9HCK0	Q5M775	57684	92521	ZBTB26	SPECC1	chromatin immunoprecipitation assay	27924024	Homo sapiens	GTRD	No	Mm:Q6P9Q3;Rn:D3ZG35	Dr:A2BF92	Dr:E7F789	Mm:A0A0J9YTU3;Rn:A0A0G2K5D7
Q9HCK0	Q7Z5G4	57684	51125	ZBTB26	GOLGA7	chromatin immunoprecipitation assay	27924024	Homo sapiens	GTRD	No	Mm:Q6P9Q3;Rn:D3ZG35	Dr:A2BF92	Ce:Q9U204;Mm:Q91W53;Rn:Q6AYQ1	Dm:Q9VBF0;Dr:A8E5H4
Q9HCK0	P50616	57684	10140	ZBTB26	TOB1	chromatin immunoprecipitation assay	27924024	Homo sapiens	GTRD	No	Mm:Q6P9Q3;Rn:D3ZG35	Dr:A2BF92	Dr:Q7SZP8;Dr:Q7SZR1;Mm:Q61471;Rn:M0R3X4	-
Q9HCK0	Q5SSJ5	57684	50809	ZBTB26	HP1BP3	chromatin immunoprecipitation assay	27924024	Homo sapiens	GTRD	No	Mm:Q6P9Q3;Rn:D3ZG35	Dr:A2BF92	Mm:Q3TEA8;Rn:F1M6V1	Dr:E7FAZ5
Q9HCK0	O43920	57684	4725	ZBTB26	NDUFS5	chromatin immunoprecipitation assay	27924024	Homo sapiens	GTRD	No	Mm:Q6P9Q3;Rn:D3ZG35	Dr:A2BF92	Dr:Q502P6;Mm:Q99LY9;Rn:B5DEL8	Rn:A0A0G2JZJ9
Q9HCK0	Q86VP3	57684	23241	ZBTB26	PACS2	chromatin immunoprecipitation assay	27924024	Homo sapiens	GTRD	No	Mm:Q6P9Q3;Rn:D3ZG35	Dr:A2BF92	Dr:F1RCJ9;Rn:D3ZJG4	Mm:A0A1Y7VLZ7
Q9HCK0	Q3ZCW2	57684	29094	ZBTB26	LGALSL	chromatin immunoprecipitation assay	27924024	Homo sapiens	GTRD	No	Mm:Q6P9Q3;Rn:D3ZG35	Dr:A2BF92	Mm:Q8VED9;Rn:B4F7A3	Dr:Q1ECW6
Q9HCK0	Q9BR84	57684	84527	ZBTB26	ZNF559	chromatin immunoprecipitation assay	27924024	Homo sapiens	GTRD	No	Mm:Q6P9Q3;Rn:D3ZG35	Dr:A2BF92	-	-
Q9HCK0	Q16620	57684	4915	ZBTB26	NTRK2	chromatin immunoprecipitation assay	27924024	Homo sapiens	GTRD	No	Mm:Q6P9Q3;Rn:D3ZG35	Dr:A2BF92	Dr:B8JLJ1;Mm:P15209	Rn:A0A0G2K5X6
Q9HCK0	Q9HD90	57684	58158	ZBTB26	NEUROD4	chromatin immunoprecipitation assay	27924024	Homo sapiens	GTRD	No	Mm:Q6P9Q3;Rn:D3ZG35	Dr:A2BF92	Dr:F1QWM8;Mm:O09105;Rn:D4A7M5	-
Q9HCK0	P49336	57684	1024	ZBTB26	CDK8	chromatin immunoprecipitation assay	27924024	Homo sapiens	GTRD	No	Mm:Q6P9Q3;Rn:D3ZG35	Dr:A2BF92	Dm:Q9VT57;Dr:A8E4S2;Mm:Q8R3L8	-
Q9HCK0	Q99689	57684	9638	ZBTB26	FEZ1	chromatin immunoprecipitation assay	27924024	Homo sapiens	GTRD	No	Mm:Q6P9Q3;Rn:D3ZG35	Dr:A2BF92	Dr:Q6PBT3;Mm:Q8K0X8;Rn:P97577	-
Q9HCK0	Q9BPU9	57684	80776	ZBTB26	B9D2	chromatin immunoprecipitation assay	27924024	Homo sapiens	GTRD	No	Mm:Q6P9Q3;Rn:D3ZG35	Dr:A2BF92	Ce:Q9N423;Dr:Q6DGZ1;Mm:Q3UK10;Rn:P0C5J3	Dm:M9MRD5
Q9HCK0	Q53H47	57684	6419	ZBTB26	SETMAR	chromatin immunoprecipitation assay	27924024	Homo sapiens	GTRD	No	Mm:Q6P9Q3;Rn:D3ZG35	Dr:A2BF92	-	-
Q9HCK0	Q5J8M3	57684	51234	ZBTB26	EMC4	chromatin immunoprecipitation assay	27924024	Homo sapiens	GTRD	No	Mm:Q6P9Q3;Rn:D3ZG35	Dr:A2BF92	Ce:Q9N4N3;Dm:Q9VNQ3;Mm:Q9CZX9;Rn:D4A0W1;Sc:P53073	-
Q9HCK0	Q9BUJ2	57684	11100	ZBTB26	HNRNPUL1	chromatin immunoprecipitation assay	27924024	Homo sapiens	GTRD	No	Mm:Q6P9Q3;Rn:D3ZG35	Dr:A2BF92	Dr:Q1L9A1;Dr:E7F071;Mm:Q8VDM6;Rn:D4A962	-
Q9HCK0	Q8N3F9	57684	283554	ZBTB26	GPR137C	chromatin immunoprecipitation assay	27924024	Homo sapiens	GTRD	No	Mm:Q6P9Q3;Rn:D3ZG35	Dr:A2BF92	Dr:Q5U3S6;Mm:E9Q343;Rn:D3ZFP1	-
Q9HCK0	P17081	57684	23433	ZBTB26	RHOQ	chromatin immunoprecipitation assay	27924024	Homo sapiens	GTRD	No	Mm:Q6P9Q3;Rn:D3ZG35	Dr:A2BF92	Dr:Q7ZVI3;Mm:Q8R527;Rn:Q9JJL4	-
Q9HCK0	Q8WVJ2	57684	134492	ZBTB26	NUDCD2	chromatin immunoprecipitation assay	27924024	Homo sapiens	GTRD	No	Mm:Q6P9Q3;Rn:D3ZG35	Dr:A2BF92	Dr:Q6DC89;Mm:Q9CQ48;Rn:Q5M823	-
Q9HCK0	Q86UP2	57684	3895	ZBTB26	KTN1	chromatin immunoprecipitation assay	27924024	Homo sapiens	GTRD	No	Mm:Q6P9Q3;Rn:D3ZG35	Dr:A2BF92	Dr:E7F049;Mm:F8VQC7	Rn:D4A4Z9
Q9HCK0	A3KMH1	57684	23078	ZBTB26	VWA8	chromatin immunoprecipitation assay	27924024	Homo sapiens	GTRD	No	Mm:Q6P9Q3;Rn:D3ZG35	Dr:A2BF92	Dr:B0R0T1;Mm:Q8CC88	Dm:Q9W347
Q9HCK0	Q96LW9	57684	64288	ZBTB26	ZSCAN31	chromatin immunoprecipitation assay	27924024	Homo sapiens	GTRD	No	Mm:Q6P9Q3;Rn:D3ZG35	Dr:A2BF92	-	-
Q9HCK0	Q9NT62	57684	64422	ZBTB26	ATG3	chromatin immunoprecipitation assay	27924024	Homo sapiens	GTRD	No	Mm:Q6P9Q3;Rn:D3ZG35	Dr:A2BF92	Ce:Q9N369;Dm:Q9VVS6;Dr:Q6PFS7;Mm:Q9CPX6;Rn:Q6AZ50;Sc:P40344	-
Q9HCK0	Q8TAT5	57684	55247	ZBTB26	NEIL3	chromatin immunoprecipitation assay	27924024	Homo sapiens	GTRD	No	Mm:Q6P9Q3;Rn:D3ZG35	Dr:A2BF92	Mm:Q8K203;Rn:D3ZKJ8	Dr:F1Q570
Q9HCK0	Q96BD5	57684	51317	ZBTB26	PHF21A	chromatin immunoprecipitation assay	27924024	Homo sapiens	GTRD	No	Mm:Q6P9Q3;Rn:D3ZG35	Dr:A2BF92	Rn:F1M6K4	Dr:E9QJJ9;Mm:A0A498WGG5
Q9HCK0	Q9NVE7	57684	55229	ZBTB26	PANK4	chromatin immunoprecipitation assay	27924024	Homo sapiens	GTRD	No	Mm:Q6P9Q3;Rn:D3ZG35	Dr:A2BF92	Ce:Q18580;Dr:A0A0R4IK68;Mm:Q80YV4;Rn:G3V7T3	-
Q9HCK0	P52434	57684	5437	ZBTB26	POLR2H	chromatin immunoprecipitation assay	27924024	Homo sapiens	GTRD	No	Mm:Q6P9Q3;Rn:D3ZG35	Dr:A2BF92	Ce:Q19826;Dm:Q9VNZ3;Dr:Q568H8;Mm:Q923G2;Sc:P20436	Rn:G3V678
Q9HCK0	Q6PH85	57684	55208	ZBTB26	DCUN1D2	chromatin immunoprecipitation assay	27924024	Homo sapiens	GTRD	No	Mm:Q6P9Q3;Rn:D3ZG35	Dr:A2BF92	Dr:F1R4W4;Dr:Q6P007;Mm:Q8BZJ7	Rn:A0A0U1RRP2
Q9HCK0	Q68EN5	57684	653319	ZBTB26	KIAA0895L	chromatin immunoprecipitation assay	27924024	Homo sapiens	GTRD	No	Mm:Q6P9Q3;Rn:D3ZG35	Dr:A2BF92	Mm:Q810A5	Dr:E7F2R7;Rn:Q4V7A9
Q9HCK0	Q8WUJ1	57684	124936	ZBTB26	CYB5D2	chromatin immunoprecipitation assay	27924024	Homo sapiens	GTRD	No	Mm:Q6P9Q3;Rn:D3ZG35	Dr:A2BF92	Ce:Q9XXA7;Dm:Q9W376;Mm:Q5SSH8;Rn:Q6AY62	Dr:A2CES0
Q9HCK0	P0CG12	57684	-	ZBTB26	DERPC	chromatin immunoprecipitation assay	27924024	Homo sapiens	GTRD	No	Mm:Q6P9Q3;Rn:D3ZG35	Dr:A2BF92	Mm:P0CG14	-
Q9HCK0	P07196	57684	4747	ZBTB26	NEFL	chromatin immunoprecipitation assay	27924024	Homo sapiens	GTRD	No	Mm:Q6P9Q3;Rn:D3ZG35	Dr:A2BF92	Mm:P08551	Rn:P19527
Q9HCK0	Q5HY98	57684	90321	ZBTB26	ZNF766	chromatin immunoprecipitation assay	27924024	Homo sapiens	GTRD	No	Mm:Q6P9Q3;Rn:D3ZG35	Dr:A2BF92	-	-
Q9HCK0	Q86TP1	57684	58497	ZBTB26	PRUNE1	chromatin immunoprecipitation assay	27924024	Homo sapiens	GTRD	No	Mm:Q6P9Q3;Rn:D3ZG35	Dr:A2BF92	Dm:O18399;Dr:E7F6P6;Mm:Q8BIW1;Rn:Q6AYG3;Sc:P38698	-
Q9HCK0	Q9HAV4	57684	57510	ZBTB26	XPO5	chromatin immunoprecipitation assay	27924024	Homo sapiens	GTRD	No	Mm:Q6P9Q3;Rn:D3ZG35	Dr:A2BF92	Dm:Q9VWE7;Dr:A0A0R4IK82;Mm:Q924C1;Rn:D3ZQE8;Sc:P52918	-
Q9HCK0	Q9BV97	57684	65988	ZBTB26	ZNF747	chromatin immunoprecipitation assay	27924024	Homo sapiens	GTRD	No	Mm:Q6P9Q3;Rn:D3ZG35	Dr:A2BF92	-	-
Q9HCK0	Q9BPX1	57684	51171	ZBTB26	HSD17B14	chromatin immunoprecipitation assay	27924024	Homo sapiens	GTRD	No	Mm:Q6P9Q3;Rn:D3ZG35	Dr:A2BF92	Mm:E9Q3D4;Rn:D4A4Y2	Dr:Q6DEH9
Q9HCK0	Q8WWY6	57684	85509	ZBTB26	MBD3L1	chromatin immunoprecipitation assay	27924024	Homo sapiens	GTRD	No	Mm:Q6P9Q3;Rn:D3ZG35	Dr:A2BF92	Mm:Q9D9H3	Rn:D3ZQM6
Q9HCK0	Q15155	57684	23420	ZBTB26	NOMO1	chromatin immunoprecipitation assay	27924024	Homo sapiens	GTRD	No	Mm:Q6P9Q3;Rn:D3ZG35	Dr:A2BF92	Rn:D3ZSA9	-
Q9HCK0	O15156	57684	51043	ZBTB26	ZBTB7B	chromatin immunoprecipitation assay	27924024	Homo sapiens	GTRD	No	Mm:Q6P9Q3;Rn:D3ZG35	Dr:A2BF92	-	-
Q9HCK0	P42773	57684	1031	ZBTB26	CDKN2C	chromatin immunoprecipitation assay	27924024	Homo sapiens	GTRD	No	Mm:Q6P9Q3;Rn:D3ZG35	Dr:A2BF92	Mm:Q60772	Dr:B0UXZ0;Rn:Q8R5G4
Q9HCK0	O75489	57684	4722	ZBTB26	NDUFS3	chromatin immunoprecipitation assay	27924024	Homo sapiens	GTRD	No	Mm:Q6P9Q3;Rn:D3ZG35	Dr:A2BF92	Dm:Q9VZU4;Dr:F1R4C8;Mm:Q9DCT2;Rn:D3ZG43	-
Q9HCK0	Q9NS61	57684	30819	ZBTB26	KCNIP2	chromatin immunoprecipitation assay	27924024	Homo sapiens	GTRD	No	Mm:Q6P9Q3;Rn:D3ZG35	Dr:A2BF92	-	Dm:A0A4P1SAA7;Mm:Q3YAB1;Rn:A0A0H2UI09;Rn:D5LL09
Q9HCK0	Q6P1L8	57684	64928	ZBTB26	MRPL14	chromatin immunoprecipitation assay	27924024	Homo sapiens	GTRD	No	Mm:Q6P9Q3;Rn:D3ZG35	Dr:A2BF92	Dm:Q9W4Z2;Dr:Q7ZUH5;Mm:Q9D1I6;Rn:Q7M0E7	Ce:Q20430
Q9HCK0	Q99487	57684	5051	ZBTB26	PAFAH2	chromatin immunoprecipitation assay	27924024	Homo sapiens	GTRD	No	Mm:Q6P9Q3;Rn:D3ZG35	Dr:A2BF92	Rn:P83006	Mm:D3Z3Q4
Q9HCK0	A1L190	57684	644186	ZBTB26	SYCE3	chromatin immunoprecipitation assay	27924024	Homo sapiens	GTRD	No	Mm:Q6P9Q3;Rn:D3ZG35	Dr:A2BF92	Mm:B5KM66	Rn:D3ZDD6
Q9HCK0	Q8N587	57684	93134	ZBTB26	ZNF561	chromatin immunoprecipitation assay	27924024	Homo sapiens	GTRD	No	Mm:Q6P9Q3;Rn:D3ZG35	Dr:A2BF92	-	-
Q9HCK0	Q8IWK6	57684	166647	ZBTB26	ADGRA3	chromatin immunoprecipitation assay	27924024	Homo sapiens	GTRD	No	Mm:Q6P9Q3;Rn:D3ZG35	Dr:A2BF92	Mm:Q7TT36;Rn:A0A0G2JSU2	-
Q9HCK0	Q719I0	57684	-	ZBTB26	AHSA2P	chromatin immunoprecipitation assay	27924024	Homo sapiens	GTRD	No	Mm:Q6P9Q3;Rn:D3ZG35	Dr:A2BF92	-	-
Q9HCK0	Q9UM22	57684	54749	ZBTB26	EPDR1	chromatin immunoprecipitation assay	27924024	Homo sapiens	GTRD	No	Mm:Q6P9Q3;Rn:D3ZG35	Dr:A2BF92	Dr:Q6DH25;Mm:Q99M71;Rn:Q5XII0	-
Q9HCK0	Q13873	57684	659	ZBTB26	BMPR2	chromatin immunoprecipitation assay	27924024	Homo sapiens	GTRD	No	Mm:Q6P9Q3;Rn:D3ZG35	Dr:A2BF92	Dr:B0V0H4;Mm:O35607;Rn:F1LQC5	-
Q9HCK0	P52948	57684	4928	ZBTB26	NUP98	chromatin immunoprecipitation assay	27924024	Homo sapiens	GTRD	No	Mm:Q6P9Q3;Rn:D3ZG35	Dr:A2BF92	Ce:G5EEH9;Rn:P49793;Sc:P49687	Mm:A0A1B0GSX7
Q9HCK0	Q86WB0	57684	51530	ZBTB26	ZC3HC1	chromatin immunoprecipitation assay	27924024	Homo sapiens	GTRD	No	Mm:Q6P9Q3;Rn:D3ZG35	Dr:A2BF92	Mm:Q80YV2;Rn:A0A140UHX2	Dr:B0S6Y2
Q9HCK0	P08235	57684	4306	ZBTB26	NR3C2	chromatin immunoprecipitation assay	27924024	Homo sapiens	GTRD	No	Mm:Q6P9Q3;Rn:D3ZG35	Dr:A2BF92	Mm:A3KN90	Rn:F1M6V2
Q9HCK0	P78352	57684	1742	ZBTB26	DLG4	chromatin immunoprecipitation assay	27924024	Homo sapiens	GTRD	No	Mm:Q6P9Q3;Rn:D3ZG35	Dr:A2BF92	Mm:Q62108	Rn:A0A0G2K7F5
Q9HCK0	Q8N1F7	57684	9688	ZBTB26	NUP93	chromatin immunoprecipitation assay	27924024	Homo sapiens	GTRD	No	Mm:Q6P9Q3;Rn:D3ZG35	Dr:A2BF92	Ce:Q9BKT9;Dm:Q9VFE7;Dm:Q9XZ06;Dr:Q1LV08;Mm:Q8BJ71;Rn:Q66HC5;Sc:P34077	-
Q9HCK0	Q5BVD1	57684	79669	ZBTB26	TTMP	chromatin immunoprecipitation assay	27924024	Homo sapiens	GTRD	No	Mm:Q6P9Q3;Rn:D3ZG35	Dr:A2BF92	Mm:E9QP50;Rn:F1LVG2	-
Q9HCK0	O95571	57684	23474	ZBTB26	ETHE1	chromatin immunoprecipitation assay	27924024	Homo sapiens	GTRD	No	Mm:Q6P9Q3;Rn:D3ZG35	Dr:A2BF92	Ce:O17636;Dm:Q86PD3;Dr:F1RBN6;Mm:Q9DCM0;Rn:B0BNJ4	-
Q9HCK0	Q15054	57684	10714	ZBTB26	POLD3	chromatin immunoprecipitation assay	27924024	Homo sapiens	GTRD	No	Mm:Q6P9Q3;Rn:D3ZG35	Dr:A2BF92	Mm:Q8BH76	Dr:F1Q825;Rn:F6T1W7
Q9HCK0	O15055	57684	8864	ZBTB26	PER2	chromatin immunoprecipitation assay	27924024	Homo sapiens	GTRD	No	Mm:Q6P9Q3;Rn:D3ZG35	Dr:A2BF92	Mm:A0A0R4J0U3;Rn:Q9Z301	-
Q9HCK0	P29074	57684	5775	ZBTB26	PTPN4	chromatin immunoprecipitation assay	27924024	Homo sapiens	GTRD	No	Mm:Q6P9Q3;Rn:D3ZG35	Dr:A2BF92	Mm:Q9WU22;Rn:G3V6B9	Dr:F1QBE0
Q9HCK0	Q8TE59	57684	171019	ZBTB26	ADAMTS19	chromatin immunoprecipitation assay	27924024	Homo sapiens	GTRD	No	Mm:Q6P9Q3;Rn:D3ZG35	Dr:A2BF92	-	-
Q9HCK0	Q8N4X5	57684	84632	ZBTB26	AFAP1L2	chromatin immunoprecipitation assay	27924024	Homo sapiens	GTRD	No	Mm:Q6P9Q3;Rn:D3ZG35	Dr:A2BF92	Rn:M0R484	Dr:E7FH23;Mm:D3YYQ6
Q9HCK0	Q9H825	57684	79828	ZBTB26	METTL8	chromatin immunoprecipitation assay	27924024	Homo sapiens	GTRD	No	Mm:Q6P9Q3;Rn:D3ZG35	Dr:A2BF92	-	-
Q9HCK0	O95347	57684	10592	ZBTB26	SMC2	chromatin immunoprecipitation assay	27924024	Homo sapiens	GTRD	No	Mm:Q6P9Q3;Rn:D3ZG35	Dr:A2BF92	Ce:Q09591;Dm:Q7KK96;Dr:B8A5K9;Mm:Q8CG48;Rn:D4A5Q2;Sc:P38989	-
Q9HCK0	H3BU86	57684	-	ZBTB26	STX16-NPEPL1	chromatin immunoprecipitation assay	27924024	Homo sapiens	GTRD	No	Mm:Q6P9Q3;Rn:D3ZG35	Dr:A2BF92	-	-
Q9HCK0	Q9ULR0	57684	100534599;57461	ZBTB26	ISY1	chromatin immunoprecipitation assay	27924024	Homo sapiens	GTRD	No	Mm:Q6P9Q3;Rn:D3ZG35	Dr:A2BF92	-	-
Q9HCK0	Q13772	57684	8031	ZBTB26	NCOA4	chromatin immunoprecipitation assay	27924024	Homo sapiens	GTRD	No	Mm:Q6P9Q3;Rn:D3ZG35	Dr:A2BF92	Dr:Q6P0F7;Mm:Q5U4H9;Rn:B1H215	-
Q9HCK0	Q7Z7H5	57684	222068	ZBTB26	TMED4	chromatin immunoprecipitation assay	27924024	Homo sapiens	GTRD	No	Mm:Q6P9Q3;Rn:D3ZG35	Dr:A2BF92	Dr:F1R3P1;Mm:Q8R1V4;Rn:G3V6N2	-
Q9HCK0	Q8TAC9	57684	192683	ZBTB26	SCAMP5	chromatin immunoprecipitation assay	27924024	Homo sapiens	GTRD	No	Mm:Q6P9Q3;Rn:D3ZG35	Dr:A2BF92	Dr:Q6P0C7;Mm:Q9JKD3;Rn:A0A0G2K464	-
Q9HCK0	P08134	57684	389	ZBTB26	RHOC	chromatin immunoprecipitation assay	27924024	Homo sapiens	GTRD	No	Mm:Q6P9Q3;Rn:D3ZG35	Dr:A2BF92	Dr:Q7T399;Dr:Q6DHE8;Mm:Q62159;Rn:B2RYP0	-
Q9HCK0	Q01968	57684	4952	ZBTB26	OCRL	chromatin immunoprecipitation assay	27924024	Homo sapiens	GTRD	No	Mm:Q6P9Q3;Rn:D3ZG35	Dr:A2BF92	Mm:Q6NVF0;Rn:D3ZGS3	Dr:F1QIY4
Q9HCK0	Q92186	57684	8128	ZBTB26	ST8SIA2	chromatin immunoprecipitation assay	27924024	Homo sapiens	GTRD	No	Mm:Q6P9Q3;Rn:D3ZG35	Dr:A2BF92	Mm:O35696	Dr:Q1LVN2
Q9HCK0	H3BQF6	57684	-	ZBTB26	-	chromatin immunoprecipitation assay	27924024	Homo sapiens	GTRD	No	Mm:Q6P9Q3;Rn:D3ZG35	Dr:A2BF92	-	-
Q9HCK0	P49771	57684	2323	ZBTB26	FLT3LG	chromatin immunoprecipitation assay	27924024	Homo sapiens	GTRD	No	Mm:Q6P9Q3;Rn:D3ZG35	Dr:A2BF92	Mm:P49772	Rn:A0A0G2K6K8
Q9HCK0	Q96MI6	57684	132160	ZBTB26	PPM1M	chromatin immunoprecipitation assay	27924024	Homo sapiens	GTRD	No	Mm:Q6P9Q3;Rn:D3ZG35	Dr:A2BF92	Mm:E9Q2I3;Rn:M0R7Q8	-
Q9HCK0	Q7Z3V5	57684	51276	ZBTB26	ZNF571	chromatin immunoprecipitation assay	27924024	Homo sapiens	GTRD	No	Mm:Q6P9Q3;Rn:D3ZG35	Dr:A2BF92	-	-
Q9HCK0	O95470	57684	8879	ZBTB26	SGPL1	chromatin immunoprecipitation assay	27924024	Homo sapiens	GTRD	No	Mm:Q6P9Q3;Rn:D3ZG35	Dr:A2BF92	Ce:Q9Y194;Dm:Q9V7Y2;Mm:Q8R0X7;Sc:Q05567	Dr:A4QNU7;Rn:Q8CHN6
Q9HCK0	Q9H0N5	57684	84105	ZBTB26	PCBD2	chromatin immunoprecipitation assay	27924024	Homo sapiens	GTRD	No	Mm:Q6P9Q3;Rn:D3ZG35	Dr:A2BF92	-	Rn:M0RCX0
Q9HCK0	Q8TBF2	57684	127281	ZBTB26	PRXL2B	chromatin immunoprecipitation assay	27924024	Homo sapiens	GTRD	No	Mm:Q6P9Q3;Rn:D3ZG35	Dr:A2BF92	Dr:F1QSW9;Mm:Q9DB60;Rn:D3ZVR7	-
Q9HCK0	A6NGY3	57684	100190949	ZBTB26	C5orf52	chromatin immunoprecipitation assay	27924024	Homo sapiens	GTRD	No	Mm:Q6P9Q3;Rn:D3ZG35	Dr:A2BF92	Mm:Q9CR34;Rn:D3ZFB8	-
Q9HCK0	P23528	57684	1072	ZBTB26	CFL1	chromatin immunoprecipitation assay	27924024	Homo sapiens	GTRD	No	Mm:Q6P9Q3;Rn:D3ZG35	Dr:A2BF92	Mm:P18760;Rn:P45592	-
Q9HCK0	O60930	57684	246243	ZBTB26	RNASEH1	chromatin immunoprecipitation assay	27924024	Homo sapiens	GTRD	No	Mm:Q6P9Q3;Rn:D3ZG35	Dr:A2BF92	-	-
Q9HCK0	Q16831	57684	7378	ZBTB26	UPP1	chromatin immunoprecipitation assay	27924024	Homo sapiens	GTRD	No	Mm:Q6P9Q3;Rn:D3ZG35	Dr:A2BF92	Ce:Q23588;Dm:Q8T8S2;Mm:P52624;Rn:Q499V1	-
Q9HCK0	Q15691	57684	22919	ZBTB26	MAPRE1	chromatin immunoprecipitation assay	27924024	Homo sapiens	GTRD	No	Mm:Q6P9Q3;Rn:D3ZG35	Dr:A2BF92	Mm:Q61166;Rn:Q66HR2	Dm:Q9XZ57;Dr:E9QIF0;Dr:Q6P020
Q9HCK0	Q6ZP80	57684	130827	ZBTB26	TMEM182	chromatin immunoprecipitation assay	27924024	Homo sapiens	GTRD	No	Mm:Q6P9Q3;Rn:D3ZG35	Dr:A2BF92	Mm:B2RVY9	Dr:B0V2V4;Rn:D3ZZT3
Q9HCK0	Q9UQ35	57684	23524	ZBTB26	SRRM2	chromatin immunoprecipitation assay	27924024	Homo sapiens	GTRD	No	Mm:Q6P9Q3;Rn:D3ZG35	Dr:A2BF92	Mm:Q8BTI8;Sc:P48415	Dm:Q9W016
Q9HCK0	P60510	57684	5531	ZBTB26	PPP4C	chromatin immunoprecipitation assay	27924024	Homo sapiens	GTRD	No	Mm:Q6P9Q3;Rn:D3ZG35	Dr:A2BF92	Ce:Q9XW79;Dm:O76932;Dr:A9JRC7;Mm:P97470;Rn:G3V8M5	-
Q9HCK0	Q9UBK7	57684	11159	ZBTB26	RABL2A	chromatin immunoprecipitation assay	27924024	Homo sapiens	GTRD	No	Mm:Q6P9Q3;Rn:D3ZG35	Dr:A2BF92	-	-
Q9HCK0	Q9HBH1	57684	64146	ZBTB26	PDF	chromatin immunoprecipitation assay	27924024	Homo sapiens	GTRD	No	Mm:Q6P9Q3;Rn:D3ZG35	Dr:A2BF92	Dm:Q9VGY2;Dm:Q8INL3;Mm:S4R2K0;Rn:F1LVY9	Dr:Q4V8U4
Q9HCK0	P08648	57684	3678	ZBTB26	ITGA5	chromatin immunoprecipitation assay	27924024	Homo sapiens	GTRD	No	Mm:Q6P9Q3;Rn:D3ZG35	Dr:A2BF92	Mm:P11688;Rn:A0A0G2K1E2	-
Q9HCK0	Q8WXK3	57684	79754	ZBTB26	ASB13	chromatin immunoprecipitation assay	27924024	Homo sapiens	GTRD	No	Mm:Q6P9Q3;Rn:D3ZG35	Dr:A2BF92	Dr:E7FFH0;Mm:Q8VBX0;Rn:D3ZEJ6	-
Q9HCK0	Q96LI5	57684	246175	ZBTB26	CNOT6L	chromatin immunoprecipitation assay	27924024	Homo sapiens	GTRD	No	Mm:Q6P9Q3;Rn:D3ZG35	Dr:A2BF92	-	-
Q9HCK0	Q96FH0	57684	729991	ZBTB26	BORCS8	chromatin immunoprecipitation assay	27924024	Homo sapiens	GTRD	No	Mm:Q6P9Q3;Rn:D3ZG35	Dr:A2BF92	Dr:A3KQI3;Mm:Q9D6Y4;Rn:D3Z8D3	Ce:O45685
Q9HCK0	P62306	57684	6636	ZBTB26	SNRPF	chromatin immunoprecipitation assay	27924024	Homo sapiens	GTRD	No	Mm:Q6P9Q3;Rn:D3ZG35	Dr:A2BF92	Ce:P34659;Dm:Q24297;Dr:A0A0R4IHJ1;Mm:P62307;Rn:D4AAT4;Sc:P54999	-
Q9HCK0	Q3V5L5	57684	146664	ZBTB26	MGAT5B	chromatin immunoprecipitation assay	27924024	Homo sapiens	GTRD	No	Mm:Q6P9Q3;Rn:D3ZG35	Dr:A2BF92	Mm:Q765H6;Rn:D3ZRS9	-
Q9HCK0	Q96BV0	57684	285971	ZBTB26	ZNF775	chromatin immunoprecipitation assay	27924024	Homo sapiens	GTRD	No	Mm:Q6P9Q3;Rn:D3ZG35	Dr:A2BF92	Mm:Q8BI73;Rn:D4A3N5	-
Q9HCK0	F6QDS0	57684	-	ZBTB26	-	chromatin immunoprecipitation assay	27924024	Homo sapiens	GTRD	No	Mm:Q6P9Q3;Rn:D3ZG35	Dr:A2BF92	-	-
Q9HCK0	Q9Y6Y8	57684	11196	ZBTB26	SEC23IP	chromatin immunoprecipitation assay	27924024	Homo sapiens	GTRD	No	Mm:Q6P9Q3;Rn:D3ZG35	Dr:A2BF92	Mm:G3X928;Rn:G3V8Q8	-
Q9HCK0	Q8TCU6	57684	57580	ZBTB26	PREX1	chromatin immunoprecipitation assay	27924024	Homo sapiens	GTRD	No	Mm:Q6P9Q3;Rn:D3ZG35	Dr:A2BF92	Mm:Q69ZK0;Rn:D3ZS72	Dr:F1QQK7
Q9HCK0	Q8IZL8	57684	27043	ZBTB26	PELP1	chromatin immunoprecipitation assay	27924024	Homo sapiens	GTRD	No	Mm:Q6P9Q3;Rn:D3ZG35	Dr:A2BF92	Dr:F1RE30;Mm:Q9DBD5;Rn:A0A0G2JSQ9	-
Q9HCK0	Q9P2H3	57684	57560	ZBTB26	IFT80	chromatin immunoprecipitation assay	27924024	Homo sapiens	GTRD	No	Mm:Q6P9Q3;Rn:D3ZG35	Dr:A2BF92	-	-
Q9HCK0	Q9NXF8	57684	55625	ZBTB26	ZDHHC7	chromatin immunoprecipitation assay	27924024	Homo sapiens	GTRD	No	Mm:Q6P9Q3;Rn:D3ZG35	Dr:A2BF92	Dr:Q6DHI1;Mm:Q91WU6;Rn:Q923G5	-
Q9HCK0	Q5HYK3	57684	84274	ZBTB26	COQ5	chromatin immunoprecipitation assay	27924024	Homo sapiens	GTRD	No	Mm:Q6P9Q3;Rn:D3ZG35	Dr:A2BF92	Ce:P34666;Dm:Q9VYF8;Dr:A5WW99;Mm:Q9CXI0;Rn:Q4G064;Sc:P49017	-
Q9HCK0	Q7Z5H3	57684	58504	ZBTB26	ARHGAP22	chromatin immunoprecipitation assay	27924024	Homo sapiens	GTRD	No	Mm:Q6P9Q3;Rn:D3ZG35	Dr:A2BF92	Dr:E7F065;Mm:Q8BL80;Rn:A0A0G2JTT7	Dr:F1QWL8
Q9HCK0	Q9BVK2	57684	79053	ZBTB26	ALG8	chromatin immunoprecipitation assay	27924024	Homo sapiens	GTRD	No	Mm:Q6P9Q3;Rn:D3ZG35	Dr:A2BF92	Ce:P52887;Dm:Q9W3V8;Dr:Q566T2;Mm:Q6P8H8;Rn:E9PT91;Sc:P40351	-
Q9HCK0	Q92599	57684	23176	ZBTB26	SEPTIN8	chromatin immunoprecipitation assay	27924024	Homo sapiens	GTRD	No	Mm:Q6P9Q3;Rn:D3ZG35	Dr:A2BF92	Dr:F1QJK2;Mm:Q8CHH9	Rn:A0A0G2K7G7
Q9HCK0	Q01151	57684	9308	ZBTB26	CD83	chromatin immunoprecipitation assay	27924024	Homo sapiens	GTRD	No	Mm:Q6P9Q3;Rn:D3ZG35	Dr:A2BF92	Mm:O88324;Rn:B2GV95	-
Q9HCK0	P05387	57684	6181	ZBTB26	RPLP2	chromatin immunoprecipitation assay	27924024	Homo sapiens	GTRD	No	Mm:Q6P9Q3;Rn:D3ZG35	Dr:A2BF92	Ce:O01504;Ce:Q9U1X9;Dm:P05389;Mm:P99027;Sc:P02400;Sc:P05319	Mm:A0A5F8MPY2;Rn:P02401;Rn:D3ZN03;Rn:D4A4D5
Q9HCK0	Q15366	57684	5094	ZBTB26	PCBP2	chromatin immunoprecipitation assay	27924024	Homo sapiens	GTRD	No	Mm:Q6P9Q3;Rn:D3ZG35	Dr:A2BF92	Mm:Q61990;Rn:Q6AYU5	-
Q9HCK0	Q9UNP9	57684	10450	ZBTB26	PPIE	chromatin immunoprecipitation assay	27924024	Homo sapiens	GTRD	No	Mm:Q6P9Q3;Rn:D3ZG35	Dr:A2BF92	Ce:Q9U2S6;Dm:Q9V3G3;Mm:Q9QZH3;Rn:B0BMU0	-
Q9HCK0	P08670	57684	7431	ZBTB26	VIM	chromatin immunoprecipitation assay	27924024	Homo sapiens	GTRD	No	Mm:Q6P9Q3;Rn:D3ZG35	Dr:A2BF92	Mm:P20152;Rn:G3V8C3	Dr:F1QAM8;Dr:F1QT60
Q9HCK0	Q8N5J2	57684	55793	ZBTB26	MINDY1	chromatin immunoprecipitation assay	27924024	Homo sapiens	GTRD	No	Mm:Q6P9Q3;Rn:D3ZG35	Dr:A2BF92	Dr:A3KQS4;Mm:Q76LS9;Rn:Q5BJQ2;Sc:Q08930	-
Q9HCK0	Q96G75	57684	64777	ZBTB26	RMND5B	chromatin immunoprecipitation assay	27924024	Homo sapiens	GTRD	No	Mm:Q6P9Q3;Rn:D3ZG35	Dr:A2BF92	Mm:Q91YQ7	Dr:Q6PBS0;Rn:Q566Q9
Q9HCK0	Q2VPK5	57684	348180	ZBTB26	CTU2	chromatin immunoprecipitation assay	27924024	Homo sapiens	GTRD	No	Mm:Q6P9Q3;Rn:D3ZG35	Dr:A2BF92	Ce:Q19906;Dr:Q6DC53;Mm:Q3U308;Rn:A0A0G2JUT8	-
Q9HCK0	Q99698	57684	1130	ZBTB26	LYST	chromatin immunoprecipitation assay	27924024	Homo sapiens	GTRD	No	Mm:Q6P9Q3;Rn:D3ZG35	Dr:A2BF92	Mm:G5E8Q0	Dr:E9QFZ1;Rn:A0A0G2K5V4
Q9HCK0	Q2TAA8	57684	55815	ZBTB26	TSNAXIP1	chromatin immunoprecipitation assay	27924024	Homo sapiens	GTRD	No	Mm:Q6P9Q3;Rn:D3ZG35	Dr:A2BF92	-	-
Q9HCK0	P78563	57684	104	ZBTB26	ADARB1	chromatin immunoprecipitation assay	27924024	Homo sapiens	GTRD	No	Mm:Q6P9Q3;Rn:D3ZG35	Dr:A2BF92	Dr:E9QJK5;Mm:Q91ZS8;Rn:A0A0G2JUX0	Ce:Q22618
Q9HCK0	Q9UQB8	57684	10458	ZBTB26	BAIAP2	chromatin immunoprecipitation assay	27924024	Homo sapiens	GTRD	No	Mm:Q6P9Q3;Rn:D3ZG35	Dr:A2BF92	Mm:Q8BKX1;Rn:Q6GMN2	Dr:F1QB08
Q9HCK0	P04406	57684	2597	ZBTB26	GAPDH	chromatin immunoprecipitation assay	27924024	Homo sapiens	GTRD	No	Mm:Q6P9Q3;Rn:D3ZG35	Dr:A2BF92	Ce:P17331;Ce:P04970;Ce:P17330;Ce:P17329;Dm:P07486;Dm:P07487;Mm:S4R1W1;Rn:P04797	Mm:S4R1W8;Mm:A0A1D5RLD8;Rn:D3ZGY4;Rn:M0R590
Q9HCK0	O60504	57684	10174	ZBTB26	SORBS3	chromatin immunoprecipitation assay	27924024	Homo sapiens	GTRD	No	Mm:Q6P9Q3;Rn:D3ZG35	Dr:A2BF92	Mm:Q9R1Z8;Rn:Q5XIL4	Dr:F1R0C1
Q9HCK0	A6NNL5	57684	145853	ZBTB26	C15orf61	chromatin immunoprecipitation assay	27924024	Homo sapiens	GTRD	No	Mm:Q6P9Q3;Rn:D3ZG35	Dr:A2BF92	Dm:A4V381;Mm:Q0VG49;Rn:D3ZSK9	Dr:A3KP29
Q9HCK0	Q9HB75	57684	55367	ZBTB26	PIDD1	chromatin immunoprecipitation assay	27924024	Homo sapiens	GTRD	No	Mm:Q6P9Q3;Rn:D3ZG35	Dr:A2BF92	Mm:Q9ERV7	Dr:E9QFQ1;Rn:D3ZZY5
Q9HCK0	O95782	57684	160	ZBTB26	AP2A1	chromatin immunoprecipitation assay	27924024	Homo sapiens	GTRD	No	Mm:Q6P9Q3;Rn:D3ZG35	Dr:A2BF92	Dr:X1WD71;Mm:P17426;Rn:D3ZUY8	-
Q9HCK0	Q5JPI3	57684	285237	ZBTB26	C3orf38	chromatin immunoprecipitation assay	27924024	Homo sapiens	GTRD	No	Mm:Q6P9Q3;Rn:D3ZG35	Dr:A2BF92	Dm:Q9W0T9;Dr:X1WH44;Mm:Q3TTL0;Rn:Q66H33	-
Q9HCK0	Q8NEA4	57684	130888	ZBTB26	FBXO36	chromatin immunoprecipitation assay	27924024	Homo sapiens	GTRD	No	Mm:Q6P9Q3;Rn:D3ZG35	Dr:A2BF92	Dr:F1RC78;Mm:Q9CQ24;Rn:D3Z9E4	Dr:B0UXM1
Q9HCK0	Q6P2M8	57684	139728	ZBTB26	PNCK	chromatin immunoprecipitation assay	27924024	Homo sapiens	GTRD	No	Mm:Q6P9Q3;Rn:D3ZG35	Dr:A2BF92	-	-
Q9HCK0	Q8N697	57684	121260	ZBTB26	SLC15A4	chromatin immunoprecipitation assay	27924024	Homo sapiens	GTRD	No	Mm:Q6P9Q3;Rn:D3ZG35	Dr:A2BF92	Dr:A0A0R4ICA5;Mm:Q91W98;Rn:A0A0G2JSH0	-
Q9HCK0	Q8IXL6	57684	56975	ZBTB26	FAM20C	chromatin immunoprecipitation assay	27924024	Homo sapiens	GTRD	No	Mm:Q6P9Q3;Rn:D3ZG35	Dr:A2BF92	Mm:Q5MJS3;Rn:B1WBN7	Dr:E7FAB7
Q9HCK0	Q04724	57684	7088	ZBTB26	TLE1	chromatin immunoprecipitation assay	27924024	Homo sapiens	GTRD	No	Mm:Q6P9Q3;Rn:D3ZG35	Dr:A2BF92	Rn:D3ZCM7	Mm:Q5SQA2
Q9HCK0	Q3B7J2	57684	81577	ZBTB26	GFOD2	chromatin immunoprecipitation assay	27924024	Homo sapiens	GTRD	No	Mm:Q6P9Q3;Rn:D3ZG35	Dr:A2BF92	Mm:Q9CYH5;Rn:B1WBV3	Dr:F1R1S8
Q9HCK0	Q6GYQ0	57684	253959	ZBTB26	RALGAPA1	chromatin immunoprecipitation assay	27924024	Homo sapiens	GTRD	No	Mm:Q6P9Q3;Rn:D3ZG35	Dr:A2BF92	-	Dr:F1R073;Mm:A0A1W2P712;Rn:A0A140TAA3
Q9HCK0	Q8WUK0	57684	114971	ZBTB26	PTPMT1	chromatin immunoprecipitation assay	27924024	Homo sapiens	GTRD	No	Mm:Q6P9Q3;Rn:D3ZG35	Dr:A2BF92	Dm:Q86BN8;Dr:A1L293;Rn:G3V7B6	Ce:I2HA91;Mm:A0A5F8MPX4
Q9HCK0	Q9UJA2	57684	54675	ZBTB26	CRLS1	chromatin immunoprecipitation assay	27924024	Homo sapiens	GTRD	No	Mm:Q6P9Q3;Rn:D3ZG35	Dr:A2BF92	Dm:Q8MZC4;Mm:Q80ZM8;Rn:Q5U2V5	-
Q9HCK0	Q7L7L0	57684	92815	ZBTB26	H2AW	chromatin immunoprecipitation assay	27924024	Homo sapiens	GTRD	No	Mm:Q6P9Q3;Rn:D3ZG35	Dr:A2BF92	-	-
Q9HCK0	Q6UB35	57684	25902	ZBTB26	MTHFD1L	chromatin immunoprecipitation assay	27924024	Homo sapiens	GTRD	No	Mm:Q6P9Q3;Rn:D3ZG35	Dr:A2BF92	Dr:F1QQ79;Mm:Q3V3R1;Rn:B2GUZ3	-
Q9HCK0	O15165	57684	753	ZBTB26	LDLRAD4	chromatin immunoprecipitation assay	27924024	Homo sapiens	GTRD	No	Mm:Q6P9Q3;Rn:D3ZG35	Dr:A2BF92	Dr:E9QGX8;Mm:Q8BWJ4	Rn:F1LZA8
Q9HCK0	Q13144	57684	8893	ZBTB26	EIF2B5	chromatin immunoprecipitation assay	27924024	Homo sapiens	GTRD	No	Mm:Q6P9Q3;Rn:D3ZG35	Dr:A2BF92	Ce:Q18994;Dm:Q9W541;Mm:Q8CHW4;Rn:Q64350;Sc:P32501	-
Q9HCK0	Q8N9K5	57684	147929	ZBTB26	ZNF565	chromatin immunoprecipitation assay	27924024	Homo sapiens	GTRD	No	Mm:Q6P9Q3;Rn:D3ZG35	Dr:A2BF92	-	-
Q9HCK0	P49758	57684	9628	ZBTB26	RGS6	chromatin immunoprecipitation assay	27924024	Homo sapiens	GTRD	No	Mm:Q6P9Q3;Rn:D3ZG35	Dr:A2BF92	Dr:Q38JL1	Mm:A0A087WNZ9;Rn:A0A0G2JUG4
Q9HCK0	Q99496	57684	6045	ZBTB26	RNF2	chromatin immunoprecipitation assay	27924024	Homo sapiens	GTRD	No	Mm:Q6P9Q3;Rn:D3ZG35	Dr:A2BF92	Dm:Q9VB08;Mm:Q9CQJ4	Dr:A0A0H2UKC6;Rn:A0A0G2JTP7
Q9HCK0	Q9H9S4	57684	81617	ZBTB26	CAB39L	chromatin immunoprecipitation assay	27924024	Homo sapiens	GTRD	No	Mm:Q6P9Q3;Rn:D3ZG35	Dr:A2BF92	Mm:Q9DB16;Rn:Q5XIJ7	Dr:Q5U373
Q9HCK0	Q9UMS0	57684	27247	ZBTB26	NFU1	chromatin immunoprecipitation assay	27924024	Homo sapiens	GTRD	No	Mm:Q6P9Q3;Rn:D3ZG35	Dr:A2BF92	Dm:Q8SY96;Rn:D3ZA85;Sc:P32860	Dr:B0S8L0;Mm:A0A0N4SUH8
Q9HCK0	Q9NQT5	57684	51010	ZBTB26	EXOSC3	chromatin immunoprecipitation assay	27924024	Homo sapiens	GTRD	No	Mm:Q6P9Q3;Rn:D3ZG35	Dr:A2BF92	Dm:Q8IPX7;Mm:Q7TQK4;Rn:D3ZT51;Sc:Q08285	Dr:A0A0R4IRK6;Dr:Q4KMD2
Q9HCK0	Q86Y25	57684	30832	ZBTB26	ZNF354C	chromatin immunoprecipitation assay	27924024	Homo sapiens	GTRD	No	Mm:Q6P9Q3;Rn:D3ZG35	Dr:A2BF92	Mm:Q571J5;Rn:G3V609	Dr:A0A0G2L8H4
Q9HCK0	Q9BUZ4	57684	9618	ZBTB26	TRAF4	chromatin immunoprecipitation assay	27924024	Homo sapiens	GTRD	No	Mm:Q6P9Q3;Rn:D3ZG35	Dr:A2BF92	Mm:Q61382;Rn:B1WC90	Dm:A8DYU9;Dr:Q7T1K2
Q9HCK0	Q15678	57684	5784	ZBTB26	PTPN14	chromatin immunoprecipitation assay	27924024	Homo sapiens	GTRD	No	Mm:Q6P9Q3;Rn:D3ZG35	Dr:A2BF92	Mm:Q62130;Rn:A0A0G2K2N0	-
Q9HCK0	H3BN57	57684	-	ZBTB26	BLOC1S5-TXNDC5	chromatin immunoprecipitation assay	27924024	Homo sapiens	GTRD	No	Mm:Q6P9Q3;Rn:D3ZG35	Dr:A2BF92	-	-
Q9HCK0	Q13043	57684	6789	ZBTB26	STK4	chromatin immunoprecipitation assay	27924024	Homo sapiens	GTRD	No	Mm:Q6P9Q3;Rn:D3ZG35	Dr:A2BF92	Mm:Q9JI11;Rn:D4A648	-
Q9HCK0	Q96J87	57684	60677	ZBTB26	CELF6	chromatin immunoprecipitation assay	27924024	Homo sapiens	GTRD	No	Mm:Q6P9Q3;Rn:D3ZG35	Dr:A2BF92	-	-
Q9HCK0	Q6PEV8	57684	139231	ZBTB26	FAM199X	chromatin immunoprecipitation assay	27924024	Homo sapiens	GTRD	No	Mm:Q6P9Q3;Rn:D3ZG35	Dr:A2BF92	Dr:Q6AXJ7;Mm:Q8K2D0;Rn:M0R493	-
Q9HCK0	Q33E94	57684	5992	ZBTB26	RFX4	chromatin immunoprecipitation assay	27924024	Homo sapiens	GTRD	No	Mm:Q6P9Q3;Rn:D3ZG35	Dr:A2BF92	Dr:A2BGA0;Mm:Q7TNK1	Rn:A0A0G2K8F2
Q9HCK0	O43402	57684	10328	ZBTB26	EMC8	chromatin immunoprecipitation assay	27924024	Homo sapiens	GTRD	No	Mm:Q6P9Q3;Rn:D3ZG35	Dr:A2BF92	Dm:Q9W1Y1;Dr:Q7ZUY2;Mm:O70378;Rn:Q5FVL2	-
Q9HCK0	Q8TE68	57684	54869	ZBTB26	EPS8L1	chromatin immunoprecipitation assay	27924024	Homo sapiens	GTRD	No	Mm:Q6P9Q3;Rn:D3ZG35	Dr:A2BF92	Dr:E7F1L9;Mm:Q8R5F8	Dr:F1RBZ6;Rn:D3ZDV2
Q9HCK0	Q9Y295	57684	4733	ZBTB26	DRG1	chromatin immunoprecipitation assay	27924024	Homo sapiens	GTRD	No	Mm:Q6P9Q3;Rn:D3ZG35	Dr:A2BF92	Ce:G5EGL2;Dm:P32234;Dr:Q7T340;Mm:P32233;Rn:Q5I0F0;Sc:P39729	-
Q9HCK0	Q12901	57684	7711	ZBTB26	ZNF155	chromatin immunoprecipitation assay	27924024	Homo sapiens	GTRD	No	Mm:Q6P9Q3;Rn:D3ZG35	Dr:A2BF92	-	-
Q9HCK0	P35218	57684	763	ZBTB26	CA5A	chromatin immunoprecipitation assay	27924024	Homo sapiens	GTRD	No	Mm:Q6P9Q3;Rn:D3ZG35	Dr:A2BF92	Mm:P23589;Rn:P43165	-
Q9HCK0	P08758	57684	308	ZBTB26	ANXA5	chromatin immunoprecipitation assay	27924024	Homo sapiens	GTRD	No	Mm:Q6P9Q3;Rn:D3ZG35	Dr:A2BF92	Mm:P48036;Rn:Q66HH8	Dr:Q6P0V8
Q9HCK0	Q8TAD8	57684	79753	ZBTB26	SNIP1	chromatin immunoprecipitation assay	27924024	Homo sapiens	GTRD	No	Mm:Q6P9Q3;Rn:D3ZG35	Dr:A2BF92	Dr:Q4V8W8;Mm:Q8BIZ6;Rn:Q5M9G6	-
Q9HCK0	P21741	57684	4192	ZBTB26	MDK	chromatin immunoprecipitation assay	27924024	Homo sapiens	GTRD	No	Mm:Q6P9Q3;Rn:D3ZG35	Dr:A2BF92	Dr:Q9DDG2;Mm:P12025;Rn:Q9R1S9	Dr:E9QIK2
Q9HCK0	Q9H4A4	57684	6051	ZBTB26	RNPEP	chromatin immunoprecipitation assay	27924024	Homo sapiens	GTRD	No	Mm:Q6P9Q3;Rn:D3ZG35	Dr:A2BF92	Dr:Q6DGD8;Mm:Q8VCT3;Rn:G3V6V1	-
Q9HCK0	Q5T3U5	57684	89845	ZBTB26	ABCC10	chromatin immunoprecipitation assay	27924024	Homo sapiens	GTRD	No	Mm:Q6P9Q3;Rn:D3ZG35	Dr:A2BF92	Dm:Q9VLP5;Dr:E7F961;Mm:Q8R4P9;Rn:D3ZX04	-
Q9HCK0	P30038	57684	8659	ZBTB26	ALDH4A1	chromatin immunoprecipitation assay	27924024	Homo sapiens	GTRD	No	Mm:Q6P9Q3;Rn:D3ZG35	Dr:A2BF92	Ce:G5EC31;Dm:Q9VNX4;Dr:A0A140LG76;Mm:Q8CHT0;Sc:P07275	-
Q9HCK0	P29597	57684	7297	ZBTB26	TYK2	chromatin immunoprecipitation assay	27924024	Homo sapiens	GTRD	No	Mm:Q6P9Q3;Rn:D3ZG35	Dr:A2BF92	Dr:F8W4H3;Rn:D3ZD03	Mm:E9QJS1
Q9HCK0	Q13557	57684	817	ZBTB26	CAMK2D	chromatin immunoprecipitation assay	27924024	Homo sapiens	GTRD	No	Mm:Q6P9Q3;Rn:D3ZG35	Dr:A2BF92	-	-
Q9HCK0	O43301	57684	259217	ZBTB26	HSPA12A	chromatin immunoprecipitation assay	27924024	Homo sapiens	GTRD	No	Mm:Q6P9Q3;Rn:D3ZG35	Dr:A2BF92	Dr:F1Q8K1;Mm:Q8K0U4;Rn:D3ZC55	-
Q9HCK0	Q8N3Y3	57684	120071	ZBTB26	LARGE2	chromatin immunoprecipitation assay	27924024	Homo sapiens	GTRD	No	Mm:Q6P9Q3;Rn:D3ZG35	Dr:A2BF92	Mm:Q5XPT3;Rn:Q6P7A1	-
Q9HCK0	Q8N394	57684	160335	ZBTB26	TMTC2	chromatin immunoprecipitation assay	27924024	Homo sapiens	GTRD	No	Mm:Q6P9Q3;Rn:D3ZG35	Dr:A2BF92	Ce:O16296;Dm:Q9VQE9;Mm:Q56A06;Rn:F1M369	-
Q9HCK0	Q96EF6	57684	115290	ZBTB26	FBXO17	chromatin immunoprecipitation assay	27924024	Homo sapiens	GTRD	No	Mm:Q6P9Q3;Rn:D3ZG35	Dr:A2BF92	Mm:Q9QZM8	Rn:Q6AY27
Q9HCK0	O95255	57684	368	ZBTB26	ABCC6	chromatin immunoprecipitation assay	27924024	Homo sapiens	GTRD	No	Mm:Q6P9Q3;Rn:D3ZG35	Dr:A2BF92	Mm:Q9R1S7;Rn:O88269	-
Q9HCK0	Q8ND07	57684	80127	ZBTB26	BBOF1	chromatin immunoprecipitation assay	27924024	Homo sapiens	GTRD	No	Mm:Q6P9Q3;Rn:D3ZG35	Dr:A2BF92	Dr:B8A5A2;Dr:T1ECT4;Mm:Q3V079;Rn:A0A0G2K4P4	-
Q9HCK0	P42356	57684	5297	ZBTB26	PI4KA	chromatin immunoprecipitation assay	27924024	Homo sapiens	GTRD	No	Mm:Q6P9Q3;Rn:D3ZG35	Dr:A2BF92	Ce:Q9XW63	Dm:Q9W4X4;Mm:A0A140T8I9;Rn:A0A140TAJ5
Q9HCK0	Q96A47	57684	64843	ZBTB26	ISL2	chromatin immunoprecipitation assay	27924024	Homo sapiens	GTRD	No	Mm:Q6P9Q3;Rn:D3ZG35	Dr:A2BF92	Dr:P53406;Dr:P53407;Mm:Q9CXV0;Rn:G3V7Z7	-
Q9HCK0	Q3KP66	57684	55765	ZBTB26	INAVA	chromatin immunoprecipitation assay	27924024	Homo sapiens	GTRD	No	Mm:Q6P9Q3;Rn:D3ZG35	Dr:A2BF92	Dr:A0JML5;Mm:G3X9Z8;Rn:D3ZL84	-
Q9HCK0	P07900	57684	3320	ZBTB26	HSP90AA1	chromatin immunoprecipitation assay	27924024	Homo sapiens	GTRD	No	Mm:Q6P9Q3;Rn:D3ZG35	Dr:A2BF92	Ce:Q18688;Mm:P07901;Rn:P82995	-
Q9HCK0	P35240	57684	4771	ZBTB26	NF2	chromatin immunoprecipitation assay	27924024	Homo sapiens	GTRD	No	Mm:Q6P9Q3;Rn:D3ZG35	Dr:A2BF92	Dm:Q24564;Mm:P46662;Rn:G3V717	Dr:B3DGL5
Q9HCK0	O43815	57684	6801	ZBTB26	STRN	chromatin immunoprecipitation assay	27924024	Homo sapiens	GTRD	No	Mm:Q6P9Q3;Rn:D3ZG35	Dr:A2BF92	Mm:O55106;Rn:G3V6L8	-
Q9HCK0	F8W099	57684	-	ZBTB26	-	chromatin immunoprecipitation assay	27924024	Homo sapiens	GTRD	No	Mm:Q6P9Q3;Rn:D3ZG35	Dr:A2BF92	-	-
Q9HCK0	Q9H6S1	57684	64343	ZBTB26	AZI2	chromatin immunoprecipitation assay	27924024	Homo sapiens	GTRD	No	Mm:Q6P9Q3;Rn:D3ZG35	Dr:A2BF92	Mm:Q9QYP6;Rn:F1LQL4	-
Q9HCK0	Q8NC06	57684	79777	ZBTB26	ACBD4	chromatin immunoprecipitation assay	27924024	Homo sapiens	GTRD	No	Mm:Q6P9Q3;Rn:D3ZG35	Dr:A2BF92	Rn:Q6DGF9	-
Q9HCK0	Q8NCP5	57684	29068	ZBTB26	ZBTB44	chromatin immunoprecipitation assay	27924024	Homo sapiens	GTRD	No	Mm:Q6P9Q3;Rn:D3ZG35	Dr:A2BF92	-	-
Q9HCK0	Q9NRF2	57684	25970	ZBTB26	SH2B1	chromatin immunoprecipitation assay	27924024	Homo sapiens	GTRD	No	Mm:Q6P9Q3;Rn:D3ZG35	Dr:A2BF92	Dr:A2RUZ0;Mm:Q91ZM2;Rn:Q62985	-
Q9HCK0	Q16515	57684	40	ZBTB26	ASIC2	chromatin immunoprecipitation assay	27924024	Homo sapiens	GTRD	No	Mm:Q6P9Q3;Rn:D3ZG35	Dr:A2BF92	Dr:Q708S5;Mm:Q925H0;Rn:A0A0G2JTM0	-
Q9HCK0	Q96QK8	57684	201895	ZBTB26	SMIM14	chromatin immunoprecipitation assay	27924024	Homo sapiens	GTRD	No	Mm:Q6P9Q3;Rn:D3ZG35	Dr:A2BF92	Ce:Q09269;Dm:Q0E8W6;Mm:Q91VT8;Rn:Q498C7	-
Q9HCK0	Q9HCX4	57684	57113	ZBTB26	TRPC7	chromatin immunoprecipitation assay	27924024	Homo sapiens	GTRD	No	Mm:Q6P9Q3;Rn:D3ZG35	Dr:A2BF92	Mm:Q9WVC5;Rn:F1LQF7	-
Q9HCK0	P62829	57684	9349	ZBTB26	RPL23	chromatin immunoprecipitation assay	27924024	Homo sapiens	GTRD	No	Mm:Q6P9Q3;Rn:D3ZG35	Dr:A2BF92	Ce:P48158;Dm:P48159;Dr:Q6PC14;Mm:P62830;Rn:P62832;Sc:P0CX41	-
Q9HCK0	P35754	57684	2745	ZBTB26	GLRX	chromatin immunoprecipitation assay	27924024	Homo sapiens	GTRD	No	Mm:Q6P9Q3;Rn:D3ZG35	Dr:A2BF92	Ce:Q9N456;Mm:Q9QUH0;Rn:Q9ESH6;Sc:P17695	Ce:Q19297;Dr:F1R5W4
Q9HCK0	Q9C0C2	57684	85456	ZBTB26	TNKS1BP1	chromatin immunoprecipitation assay	27924024	Homo sapiens	GTRD	No	Mm:Q6P9Q3;Rn:D3ZG35	Dr:A2BF92	Mm:P58871;Rn:D3ZF26	-
Q9HCK0	Q8N5K1	57684	493856	ZBTB26	CISD2	chromatin immunoprecipitation assay	27924024	Homo sapiens	GTRD	No	Mm:Q6P9Q3;Rn:D3ZG35	Dr:A2BF92	Dm:Q9VAM6;Mm:Q9CQB5;Rn:D4AAE9	Dr:Q7T326
Q9HCK0	O75094	57684	6586	ZBTB26	SLIT3	chromatin immunoprecipitation assay	27924024	Homo sapiens	GTRD	No	Mm:Q6P9Q3;Rn:D3ZG35	Dr:A2BF92	Mm:Q9WVB4	Dr:F1RCV3;Rn:F1LQL9
Q9HCK0	P0CG08	57684	51463;653519	ZBTB26	GPR89B	chromatin immunoprecipitation assay	27924024	Homo sapiens	GTRD	No	Mm:Q6P9Q3;Rn:D3ZG35	Dr:A2BF92	-	-
Q9HCK0	Q7L1I2	57684	9899	ZBTB26	SV2B	chromatin immunoprecipitation assay	27924024	Homo sapiens	GTRD	No	Mm:Q6P9Q3;Rn:D3ZG35	Dr:A2BF92	Dr:X1WCQ3;Dr:F1Q9Q1;Mm:Q8BG39	-
Q9HCK0	P49354	57684	2339	ZBTB26	FNTA	chromatin immunoprecipitation assay	27924024	Homo sapiens	GTRD	No	Mm:Q6P9Q3;Rn:D3ZG35	Dr:A2BF92	Ce:O44501;Dm:Q9VR31;Mm:Q61239;Rn:Q5RKJ4	Dr:A0A0R4IY17
Q9HCK0	P62952	57684	10904	ZBTB26	BLCAP	chromatin immunoprecipitation assay	27924024	Homo sapiens	GTRD	No	Mm:Q6P9Q3;Rn:D3ZG35	Dr:A2BF92	Ce:G5EE03;Dm:Q9V3L0;Dr:Q9IB61;Mm:P62951;Rn:P62950	-
Q9HCK0	A8MXE2	57684	-	ZBTB26	-	chromatin immunoprecipitation assay	27924024	Homo sapiens	GTRD	No	Mm:Q6P9Q3;Rn:D3ZG35	Dr:A2BF92	Ce:Q95US5;Mm:A0A1L1SR01	Dr:F1QA37
Q9HCK0	Q8NHQ9	57684	57696	ZBTB26	DDX55	chromatin immunoprecipitation assay	27924024	Homo sapiens	GTRD	No	Mm:Q6P9Q3;Rn:D3ZG35	Dr:A2BF92	Ce:P34640;Dm:Q9VHU1;Dr:F1QZG8;Mm:Q6ZPL9;Rn:D3ZX56;Sc:P25808	-
Q9HCK0	O60513	57684	8702	ZBTB26	B4GALT4	chromatin immunoprecipitation assay	27924024	Homo sapiens	GTRD	No	Mm:Q6P9Q3;Rn:D3ZG35	Dr:A2BF92	Dm:Q9VAQ8;Dr:A0A0R4ICJ7;Mm:Q9JJ04;Rn:Q66HH1	-
Q9HCK0	P13674	57684	5033	ZBTB26	P4HA1	chromatin immunoprecipitation assay	27924024	Homo sapiens	GTRD	No	Mm:Q6P9Q3;Rn:D3ZG35	Dr:A2BF92	Mm:Q60715;Rn:P54001	Dr:E7FEB4
Q9HCK0	Q9H307	57684	5411	ZBTB26	PNN	chromatin immunoprecipitation assay	27924024	Homo sapiens	GTRD	No	Mm:Q6P9Q3;Rn:D3ZG35	Dr:A2BF92	Dr:F1QT45;Mm:Q3TUQ5;Rn:D3ZAY8	-
Q9HCK0	Q8TEH3	57684	57706	ZBTB26	DENND1A	chromatin immunoprecipitation assay	27924024	Homo sapiens	GTRD	No	Mm:Q6P9Q3;Rn:D3ZG35	Dr:A2BF92	Mm:Q8K382	Rn:A0A0G2K6J1
Q9HCK0	P42892	57684	1889	ZBTB26	ECE1	chromatin immunoprecipitation assay	27924024	Homo sapiens	GTRD	No	Mm:Q6P9Q3;Rn:D3ZG35	Dr:A2BF92	Dr:F1QE95;Mm:Q4PZA2;Rn:Q6IN10	-
Q9HCK0	Q86WA6	57684	670	ZBTB26	BPHL	chromatin immunoprecipitation assay	27924024	Homo sapiens	GTRD	No	Mm:Q6P9Q3;Rn:D3ZG35	Dr:A2BF92	Ce:Q9TZ58;Dm:Q9VD00;Mm:Q8R164;Rn:Q3B8N9	Dr:A0A0G2KLD8
Q9HCK0	Q96F83	57684	122616	ZBTB26	CLBA1	chromatin immunoprecipitation assay	27924024	Homo sapiens	GTRD	No	Mm:Q6P9Q3;Rn:D3ZG35	Dr:A2BF92	Mm:Q8BHN9;Rn:Q5RJN9	-
Q9HCK0	Q96FX2	57684	285381	ZBTB26	DPH3	chromatin immunoprecipitation assay	27924024	Homo sapiens	GTRD	No	Mm:Q6P9Q3;Rn:D3ZG35	Dr:A2BF92	Ce:Q21102;Dm:Q9VGQ9;Mm:Q8K0W9;Rn:D4A0Z4;Sc:Q3E840	Dr:Q502H4
Q9HCK0	P78348	57684	41	ZBTB26	ASIC1	chromatin immunoprecipitation assay	27924024	Homo sapiens	GTRD	No	Mm:Q6P9Q3;Rn:D3ZG35	Dr:A2BF92	Mm:Q6NXK8;Rn:P55926	Dr:Q708S7
Q9HCK0	P62851	57684	6230	ZBTB26	RPS25	chromatin immunoprecipitation assay	27924024	Homo sapiens	GTRD	No	Mm:Q6P9Q3;Rn:D3ZG35	Dr:A2BF92	Ce:P52821;Dm:P48588;Dr:Q6PBI5;Mm:P62852;Rn:A0A0H2UHU0;Sc:Q3E792;Sc:P0C0T4	Rn:M0R763
Q9HCK0	Q8NAP3	57684	253461	ZBTB26	ZBTB38	chromatin immunoprecipitation assay	27924024	Homo sapiens	GTRD	No	Mm:Q6P9Q3;Rn:D3ZG35	Dr:A2BF92	Mm:Q3LR78;Rn:M0RCM7	Dr:A0A0R4IVZ9
Q9HCK0	Q9NPF0	57684	51293	ZBTB26	CD320	chromatin immunoprecipitation assay	27924024	Homo sapiens	GTRD	No	Mm:Q6P9Q3;Rn:D3ZG35	Dr:A2BF92	Mm:Q9Z1P5;Rn:Q5HZW5	-
Q9HCK0	Q9BZM4	57684	79465	ZBTB26	ULBP3	chromatin immunoprecipitation assay	27924024	Homo sapiens	GTRD	No	Mm:Q6P9Q3;Rn:D3ZG35	Dr:A2BF92	-	-
Q9HCK0	A0AVI4	57684	92305	ZBTB26	TMEM129	chromatin immunoprecipitation assay	27924024	Homo sapiens	GTRD	No	Mm:Q6P9Q3;Rn:D3ZG35	Dr:A2BF92	Ce:O17638;Dm:Q9VN16;Dr:F1QX65;Mm:Q8K304;Rn:B1WBR6	-
Q9HCK0	Q9H0A0	57684	55226	ZBTB26	NAT10	chromatin immunoprecipitation assay	27924024	Homo sapiens	GTRD	No	Mm:Q6P9Q3;Rn:D3ZG35	Dr:A2BF92	Ce:O01757;Mm:Q8K224;Sc:P53914	Dr:A5WVQ0;Rn:G3V752
Q9HCK0	Q9P286	57684	57144	ZBTB26	PAK5	chromatin immunoprecipitation assay	27924024	Homo sapiens	GTRD	No	Mm:Q6P9Q3;Rn:D3ZG35	Dr:A2BF92	Mm:Q8C015;Rn:D4A280	-
Q9HCK0	Q9NR56	57684	4154	ZBTB26	MBNL1	chromatin immunoprecipitation assay	27924024	Homo sapiens	GTRD	No	Mm:Q6P9Q3;Rn:D3ZG35	Dr:A2BF92	Rn:A0A0G2JX72	Mm:G3X9Q0
Q9HCK0	Q86T20	57684	221491	ZBTB26	SMIM29	chromatin immunoprecipitation assay	27924024	Homo sapiens	GTRD	No	Mm:Q6P9Q3;Rn:D3ZG35	Dr:A2BF92	Dr:E7EZ47;Mm:Q8R043	-
Q9HCK0	Q15788	57684	8648	ZBTB26	NCOA1	chromatin immunoprecipitation assay	27924024	Homo sapiens	GTRD	No	Mm:Q6P9Q3;Rn:D3ZG35	Dr:A2BF92	Dr:Q5RIG3;Mm:P70365;Rn:D4A3Q3	-
Q9HCK0	Q15173	57684	5526	ZBTB26	PPP2R5B	chromatin immunoprecipitation assay	27924024	Homo sapiens	GTRD	No	Mm:Q6P9Q3;Rn:D3ZG35	Dr:A2BF92	Dr:F1Q9Y3;Mm:Q6PD28;Rn:Q80W83	-
Q9HCK0	Q9UL17	57684	30009	ZBTB26	TBX21	chromatin immunoprecipitation assay	27924024	Homo sapiens	GTRD	No	Mm:Q6P9Q3;Rn:D3ZG35	Dr:A2BF92	Mm:Q9JKD8;Rn:D3ZCM2	-
Q9HCK0	Q9UFP1	57684	729085	ZBTB26	GASK1A	chromatin immunoprecipitation assay	27924024	Homo sapiens	GTRD	No	Mm:Q6P9Q3;Rn:D3ZG35	Dr:A2BF92	Rn:F1M9D8	-
Q9HCK0	Q13153	57684	5058	ZBTB26	PAK1	chromatin immunoprecipitation assay	27924024	Homo sapiens	GTRD	No	Mm:Q6P9Q3;Rn:D3ZG35	Dr:A2BF92	Mm:G5E884;Rn:P35465	-
Q9HCK0	Q96EX1	57684	113444	ZBTB26	SMIM12	chromatin immunoprecipitation assay	27924024	Homo sapiens	GTRD	No	Mm:Q6P9Q3;Rn:D3ZG35	Dr:A2BF92	Dr:Q5BKW8;Mm:Q78RX3;Rn:D4ACP2	-
Q9HCK0	Q9NYY3	57684	10769	ZBTB26	PLK2	chromatin immunoprecipitation assay	27924024	Homo sapiens	GTRD	No	Mm:Q6P9Q3;Rn:D3ZG35	Dr:A2BF92	Mm:P53351;Rn:Q9R012	-
Q9HCK0	P21728	57684	1812	ZBTB26	DRD1	chromatin immunoprecipitation assay	27924024	Homo sapiens	GTRD	No	Mm:Q6P9Q3;Rn:D3ZG35	Dr:A2BF92	Mm:Q61616	Dr:E7F359;Rn:G3V933
Q9HCK0	Q9C026	57684	114088	ZBTB26	TRIM9	chromatin immunoprecipitation assay	27924024	Homo sapiens	GTRD	No	Mm:Q6P9Q3;Rn:D3ZG35	Dr:A2BF92	Rn:Q91ZY8	Dr:F1QLY9;Mm:A0A1Y7VP88
Q9HCK0	P62750	57684	6147	ZBTB26	RPL23A	chromatin immunoprecipitation assay	27924024	Homo sapiens	GTRD	No	Mm:Q6P9Q3;Rn:D3ZG35	Dr:A2BF92	Ce:Q20647;Ce:P48162;Dr:F1QGI3;Mm:P62751;Rn:P62752;Sc:P04456	Rn:D3ZTH8;Rn:F1LT35
Q9HCK0	Q9H944	57684	9477	ZBTB26	MED20	chromatin immunoprecipitation assay	27924024	Homo sapiens	GTRD	No	Mm:Q6P9Q3;Rn:D3ZG35	Dr:A2BF92	Ce:Q9N5A1;Dr:Q6DBX1;Mm:Q9R0X0;Mm:G3UVU6;Rn:Q5XIE9	-
Q9HCK0	Q9H9T3	57684	55140	ZBTB26	ELP3	chromatin immunoprecipitation assay	27924024	Homo sapiens	GTRD	No	Mm:Q6P9Q3;Rn:D3ZG35	Dr:A2BF92	Dm:Q9VQZ6;Dr:Q5RIC0;Mm:Q9CZX0;Rn:D4ACM1;Sc:Q02908	Ce:Q23651
Q9HCK0	Q9NUG4	57684	140706	ZBTB26	CCM2L	chromatin immunoprecipitation assay	27924024	Homo sapiens	GTRD	No	Mm:Q6P9Q3;Rn:D3ZG35	Dr:A2BF92	Rn:D3ZAM4	Dr:E9QFQ0;Mm:A0A571BDK9
Q9HCK0	P08253	57684	4313	ZBTB26	MMP2	chromatin immunoprecipitation assay	27924024	Homo sapiens	GTRD	No	Mm:Q6P9Q3;Rn:D3ZG35	Dr:A2BF92	Mm:P33434	Dr:Q6DG10;Rn:E9PSM5
Q9HCK0	Q16827	57684	5800	ZBTB26	PTPRO	chromatin immunoprecipitation assay	27924024	Homo sapiens	GTRD	No	Mm:Q6P9Q3;Rn:D3ZG35	Dr:A2BF92	Mm:E9Q612;Rn:Q62797	-
Q9HCK0	Q9NQ55	57684	56342;692312	ZBTB26	PPAN	chromatin immunoprecipitation assay	27924024	Homo sapiens	GTRD	No	Mm:Q6P9Q3;Rn:D3ZG35	Dr:A2BF92	Dm:Q9VDE5;Mm:Q91YU8;Rn:Q5FVQ2;Sc:Q12153;Sc:P38789	Dr:F1QUZ5
Q9HCK0	Q86YS3	57684	84440	ZBTB26	RAB11FIP4	chromatin immunoprecipitation assay	27924024	Homo sapiens	GTRD	No	Mm:Q6P9Q3;Rn:D3ZG35	Dr:A2BF92	Dr:Q3LGD4;Dr:B3DGU2;Mm:Q8BQP8;Rn:D3ZHE5	-
Q9HCK0	Q14807	57684	3835	ZBTB26	KIF22	chromatin immunoprecipitation assay	27924024	Homo sapiens	GTRD	No	Mm:Q6P9Q3;Rn:D3ZG35	Dr:A2BF92	Dr:B7ZV80;Mm:Q3V300;Rn:Q5I0E8	-
Q9HCK0	P28827	57684	5797	ZBTB26	PTPRM	chromatin immunoprecipitation assay	27924024	Homo sapiens	GTRD	No	Mm:Q6P9Q3;Rn:D3ZG35	Dr:A2BF92	Mm:P28828;Rn:F1LPJ1	-
Q9HCK0	Q15072	57684	7705	ZBTB26	ZNF146	chromatin immunoprecipitation assay	27924024	Homo sapiens	GTRD	No	Mm:Q6P9Q3;Rn:D3ZG35	Dr:A2BF92	Mm:Q8BQN6	Rn:F1MAP1
Q9HCK0	Q9BQI4	57684	83643	ZBTB26	CCDC3	chromatin immunoprecipitation assay	27924024	Homo sapiens	GTRD	No	Mm:Q6P9Q3;Rn:D3ZG35	Dr:A2BF92	Mm:Q9D6Y1;Rn:D3ZAR0	Dr:A5WUQ1
Q9HCK0	Q1RMZ1	57684	154743	ZBTB26	BMT2	chromatin immunoprecipitation assay	27924024	Homo sapiens	GTRD	No	Mm:Q6P9Q3;Rn:D3ZG35	Dr:A2BF92	Dm:Q9W138;Dr:F1R880;Mm:Q8BXK4;Rn:D3ZV22	-
Q9HCK0	Q8TEW6	57684	55715	ZBTB26	DOK4	chromatin immunoprecipitation assay	27924024	Homo sapiens	GTRD	No	Mm:Q6P9Q3;Rn:D3ZG35	Dr:A2BF92	Dr:E7F0P2;Mm:Q99KE3;Rn:B0BNA8	-
Q9HCK0	Q8TE77	57684	54961	ZBTB26	SSH3	chromatin immunoprecipitation assay	27924024	Homo sapiens	GTRD	No	Mm:Q6P9Q3;Rn:D3ZG35	Dr:A2BF92	Dr:E7EZK3;Mm:Q8K330;Rn:F1LR78	-
Q9HCK0	A7KAX9	57684	9743	ZBTB26	ARHGAP32	chromatin immunoprecipitation assay	27924024	Homo sapiens	GTRD	No	Mm:Q6P9Q3;Rn:D3ZG35	Dr:A2BF92	Mm:Q811P8;Rn:F1MAK3	Dr:E9QJB3
Q9HCK0	O95365	57684	51341	ZBTB26	ZBTB7A	chromatin immunoprecipitation assay	27924024	Homo sapiens	GTRD	No	Mm:Q6P9Q3;Rn:D3ZG35	Dr:A2BF92	Mm:O88939;Rn:G3V8P6	-
Q9HCK0	Q8WTX9	57684	29800	ZBTB26	ZDHHC1	chromatin immunoprecipitation assay	27924024	Homo sapiens	GTRD	No	Mm:Q6P9Q3;Rn:D3ZG35	Dr:A2BF92	-	-
Q9HCK0	P35227	57684	7703	ZBTB26	PCGF2	chromatin immunoprecipitation assay	27924024	Homo sapiens	GTRD	No	Mm:Q6P9Q3;Rn:D3ZG35	Dr:A2BF92	Mm:P23798;Rn:B2RZ82	-
Q9HCK0	Q9HCJ0	57684	57690	ZBTB26	TNRC6C	chromatin immunoprecipitation assay	27924024	Homo sapiens	GTRD	No	Mm:Q6P9Q3;Rn:D3ZG35	Dr:A2BF92	-	-
Q9HCK0	Q8TAE7	57684	170850	ZBTB26	KCNG3	chromatin immunoprecipitation assay	27924024	Homo sapiens	GTRD	No	Mm:Q6P9Q3;Rn:D3ZG35	Dr:A2BF92	Dr:U3JA85;Mm:P59053;Rn:F1LQV8	-
Q9HCK0	P06132	57684	7389	ZBTB26	UROD	chromatin immunoprecipitation assay	27924024	Homo sapiens	GTRD	No	Mm:Q6P9Q3;Rn:D3ZG35	Dr:A2BF92	Dm:Q9V595;Dr:Q9PTS2;Mm:P70697;Rn:B0BN55;Sc:P32347	-
Q9HCK0	O60825	57684	5208	ZBTB26	PFKFB2	chromatin immunoprecipitation assay	27924024	Homo sapiens	GTRD	No	Mm:Q6P9Q3;Rn:D3ZG35	Dr:A2BF92	Dr:X1WEG8;Mm:B2Z894;Rn:Q9JJH5	-
Q9HCK0	P30047	57684	2644	ZBTB26	GCHFR	chromatin immunoprecipitation assay	27924024	Homo sapiens	GTRD	No	Mm:Q6P9Q3;Rn:D3ZG35	Dr:A2BF92	Ce:D6RYD9;Dr:Q6PBT6;Mm:P99025;Rn:P70552	-
Q9HCK0	Q8N2W9	57684	51588	ZBTB26	PIAS4	chromatin immunoprecipitation assay	27924024	Homo sapiens	GTRD	No	Mm:Q6P9Q3;Rn:D3ZG35	Dr:A2BF92	Mm:Q9JM05;Rn:B5DFF9	Dm:Q5BIG7;Dr:A0A452GCC0
Q9HCK0	Q9P2G9	57684	57563	ZBTB26	KLHL8	chromatin immunoprecipitation assay	27924024	Homo sapiens	GTRD	No	Mm:Q6P9Q3;Rn:D3ZG35	Dr:A2BF92	Dr:A2RRV4;Mm:P59280;Rn:D3ZHE1	Ce:A0A0K3AY66
Q9HCK0	Q9Y5L2	57684	29923	ZBTB26	HILPDA	chromatin immunoprecipitation assay	27924024	Homo sapiens	GTRD	No	Mm:Q6P9Q3;Rn:D3ZG35	Dr:A2BF92	Mm:Q9JLS0;Rn:A0A0G2JX33	-
Q9HCK0	Q8TBH0	57684	27106	ZBTB26	ARRDC2	chromatin immunoprecipitation assay	27924024	Homo sapiens	GTRD	No	Mm:Q6P9Q3;Rn:D3ZG35	Dr:A2BF92	Mm:Q9D668	Dr:F1RB15
Q9HCK0	Q96IY4	57684	1361	ZBTB26	CPB2	chromatin immunoprecipitation assay	27924024	Homo sapiens	GTRD	No	Mm:Q6P9Q3;Rn:D3ZG35	Dr:A2BF92	Dm:Q9W478;Dr:E7F897;Mm:Q9JHH6;Rn:Q9EQV9	-
Q9HCK0	Q03167	57684	7049	ZBTB26	TGFBR3	chromatin immunoprecipitation assay	27924024	Homo sapiens	GTRD	No	Mm:Q6P9Q3;Rn:D3ZG35	Dr:A2BF92	Dr:E7FDB6;Mm:A0A0R4J097;Rn:P26342	-
Q9HCK0	O43310	57684	9811	ZBTB26	CTIF	chromatin immunoprecipitation assay	27924024	Homo sapiens	GTRD	No	Mm:Q6P9Q3;Rn:D3ZG35	Dr:A2BF92	Mm:E9Q1U6	Dr:E7F6H3;Rn:A0A0G2JZZ3
Q9HCK0	Q9BRX8	57684	84293	ZBTB26	PRXL2A	chromatin immunoprecipitation assay	27924024	Homo sapiens	GTRD	No	Mm:Q6P9Q3;Rn:D3ZG35	Dr:A2BF92	Ce:Q22020;Dr:Q6PBP3;Rn:Q6AXX6	Mm:Q3U125
Q9HCK0	Q9UQ53	57684	11282	ZBTB26	MGAT4B	chromatin immunoprecipitation assay	27924024	Homo sapiens	GTRD	No	Mm:Q6P9Q3;Rn:D3ZG35	Dr:A2BF92	Dr:Q6GMK0;Mm:Q812F8;Rn:B2GV39	-
Q9HCK0	Q02410	57684	320	ZBTB26	APBA1	chromatin immunoprecipitation assay	27924024	Homo sapiens	GTRD	No	Mm:Q6P9Q3;Rn:D3ZG35	Dr:A2BF92	Mm:B2RUJ5;Rn:F1LR60	Dr:A0A2R9YJM9
Q9HCK0	Q9NSG2	57684	55732	ZBTB26	C1orf112	chromatin immunoprecipitation assay	27924024	Homo sapiens	GTRD	No	Mm:Q6P9Q3;Rn:D3ZG35	Dr:A2BF92	Dr:Q5TYP4;Mm:Q3TQQ9;Rn:Q5XI94	-
Q9HCK0	Q7Z6J2	57684	160622	ZBTB26	TAMALIN	chromatin immunoprecipitation assay	27924024	Homo sapiens	GTRD	No	Mm:Q6P9Q3;Rn:D3ZG35	Dr:A2BF92	Mm:Q9JJA9;Rn:Q8R4T5	Dr:Q29RA7
Q9HCK0	Q96A56	57684	94241	ZBTB26	TP53INP1	chromatin immunoprecipitation assay	27924024	Homo sapiens	GTRD	No	Mm:Q6P9Q3;Rn:D3ZG35	Dr:A2BF92	Dr:A0PJS8;Mm:Q9QXE4	Rn:G3V708
Q9HCK0	P04626	57684	2064	ZBTB26	ERBB2	chromatin immunoprecipitation assay	27924024	Homo sapiens	GTRD	No	Mm:Q6P9Q3;Rn:D3ZG35	Dr:A2BF92	Dr:F1R5S1;Mm:P70424;Rn:Q8K3F9	-
Q9HCK0	Q67FW5	57684	146712	ZBTB26	B3GNTL1	chromatin immunoprecipitation assay	27924024	Homo sapiens	GTRD	No	Mm:Q6P9Q3;Rn:D3ZG35	Dr:A2BF92	Ce:Q19421;Mm:Q3U129;Rn:Q6GV29	Dr:F1R8A8
Q9HCK0	Q16625	57684	100506658	ZBTB26	OCLN	chromatin immunoprecipitation assay	27924024	Homo sapiens	GTRD	No	Mm:Q6P9Q3;Rn:D3ZG35	Dr:A2BF92	Mm:Q61146;Rn:Q6P6T5	Dr:F1R799;Dr:F1QFR8
Q9HCK0	P62324	57684	694	ZBTB26	BTG1	chromatin immunoprecipitation assay	27924024	Homo sapiens	GTRD	No	Mm:Q6P9Q3;Rn:D3ZG35	Dr:A2BF92	Dr:Q6PH73;Mm:P62325;Rn:Q63073	-
Q9HCK0	Q6ZT89	57684	153328	ZBTB26	SLC25A48	chromatin immunoprecipitation assay	27924024	Homo sapiens	GTRD	No	Mm:Q6P9Q3;Rn:D3ZG35	Dr:A2BF92	Mm:Q8BW66;Rn:D4A961	Dr:Q6DHS9
Q9HCK0	Q04206	57684	5970	ZBTB26	RELA	chromatin immunoprecipitation assay	27924024	Homo sapiens	GTRD	No	Mm:Q6P9Q3;Rn:D3ZG35	Dr:A2BF92	Mm:Q04207;Rn:Q7TQN4	-
Q9HCK0	Q9UI14	57684	10567	ZBTB26	RABAC1	chromatin immunoprecipitation assay	27924024	Homo sapiens	GTRD	No	Mm:Q6P9Q3;Rn:D3ZG35	Dr:A2BF92	Dm:A1Z823;Dr:F1RC66;Mm:Q9Z0S9;Rn:O35394;Sc:P53633	-
Q9HCK0	Q9Y4L1	57684	10525	ZBTB26	HYOU1	chromatin immunoprecipitation assay	27924024	Homo sapiens	GTRD	No	Mm:Q6P9Q3;Rn:D3ZG35	Dr:A2BF92	-	-
Q9HCK0	Q96NZ8	57684	117166	ZBTB26	WFIKKN1	chromatin immunoprecipitation assay	27924024	Homo sapiens	GTRD	No	Mm:Q6P9Q3;Rn:D3ZG35	Dr:A2BF92	Mm:Q8R0S6;Rn:P0C5J5	-
Q9HCK0	Q86YB7	57684	55268	ZBTB26	ECHDC2	chromatin immunoprecipitation assay	27924024	Homo sapiens	GTRD	No	Mm:Q6P9Q3;Rn:D3ZG35	Dr:A2BF92	Dr:Q5TYQ4;Mm:Q3TLP5;Rn:D3ZIL6	-
Q9HCK0	Q05086	57684	7337	ZBTB26	UBE3A	chromatin immunoprecipitation assay	27924024	Homo sapiens	GTRD	No	Mm:Q6P9Q3;Rn:D3ZG35	Dr:A2BF92	Dm:Q9VTH1;Dr:F1R4B5;Mm:O08759;Rn:F1M7B8	-
Q9HCK0	P78559	57684	4130	ZBTB26	MAP1A	chromatin immunoprecipitation assay	27924024	Homo sapiens	GTRD	No	Mm:Q6P9Q3;Rn:D3ZG35	Dr:A2BF92	-	-
Q9HCK0	O43824	57684	8225	ZBTB26	GTPBP6	chromatin immunoprecipitation assay	27924024	Homo sapiens	GTRD	No	Mm:Q6P9Q3;Rn:D3ZG35	Dr:A2BF92	Dm:Q9VBQ7;Mm:A0A0R4J0Z0	Ce:Q20446;Rn:D3ZLF0
Q9HCK0	H0Y6P8	57684	-	ZBTB26	-	chromatin immunoprecipitation assay	27924024	Homo sapiens	GTRD	No	Mm:Q6P9Q3;Rn:D3ZG35	Dr:A2BF92	-	-
Q9HCK0	Q9H6T0	57684	80004	ZBTB26	ESRP2	chromatin immunoprecipitation assay	27924024	Homo sapiens	GTRD	No	Mm:Q6P9Q3;Rn:D3ZG35	Dr:A2BF92	Mm:Q8K0G8;Rn:G3V8M2	-
Q9HCK0	O95163	57684	8518	ZBTB26	ELP1	chromatin immunoprecipitation assay	27924024	Homo sapiens	GTRD	No	Mm:Q6P9Q3;Rn:D3ZG35	Dr:A2BF92	Dr:A0A0R4IJ07;Mm:Q7TT37;Rn:F1LP76;Sc:Q06706	Dm:A0A0B4KFR6
Q9HCK0	Q9UP52	57684	7036	ZBTB26	TFR2	chromatin immunoprecipitation assay	27924024	Homo sapiens	GTRD	No	Mm:Q6P9Q3;Rn:D3ZG35	Dr:A2BF92	Mm:Q9JKX3;Rn:B2GUY2	-
Q9HCK0	Q7Z5J1	57684	374875	ZBTB26	HSD11B1L	chromatin immunoprecipitation assay	27924024	Homo sapiens	GTRD	No	Mm:Q6P9Q3;Rn:D3ZG35	Dr:A2BF92	Dr:Q6PUF3	Dr:A0A2R8Q5R7
Q9HCK0	Q9Y2I7	57684	200576	ZBTB26	PIKFYVE	chromatin immunoprecipitation assay	27924024	Homo sapiens	GTRD	No	Mm:Q6P9Q3;Rn:D3ZG35	Dr:A2BF92	Ce:G5ED98;Dm:O96838;Rn:D3ZYT8;Sc:P34756	Dr:B2KTE4;Mm:D3Z5N5
Q9HCK0	Q96FV9	57684	9984	ZBTB26	THOC1	chromatin immunoprecipitation assay	27924024	Homo sapiens	GTRD	No	Mm:Q6P9Q3;Rn:D3ZG35	Dr:A2BF92	-	-
Q9HCK0	Q5T7W7	57684	158427	ZBTB26	TSTD2	chromatin immunoprecipitation assay	27924024	Homo sapiens	GTRD	No	Mm:Q6P9Q3;Rn:D3ZG35	Dr:A2BF92	Mm:Q3U269;Rn:D4ADA5	-
Q9HCK0	Q6ZMW2	57684	158431	ZBTB26	ZNF782	chromatin immunoprecipitation assay	27924024	Homo sapiens	GTRD	No	Mm:Q6P9Q3;Rn:D3ZG35	Dr:A2BF92	-	-
Q9HCK0	A1A4G5	57684	348801	ZBTB26	LNP1	chromatin immunoprecipitation assay	27924024	Homo sapiens	GTRD	No	Mm:Q6P9Q3;Rn:D3ZG35	Dr:A2BF92	Rn:M0R6C5	Mm:A0A1B0GSK3
Q9HCK0	Q9NPD7	57684	51299	ZBTB26	NRN1	chromatin immunoprecipitation assay	27924024	Homo sapiens	GTRD	No	Mm:Q6P9Q3;Rn:D3ZG35	Dr:A2BF92	Mm:Q8CFV4	Dr:F1QRK6;Rn:M0RBE5
Q9HCK0	E7EQL1	57684	-	ZBTB26	-	chromatin immunoprecipitation assay	27924024	Homo sapiens	GTRD	No	Mm:Q6P9Q3;Rn:D3ZG35	Dr:A2BF92	-	-
Q9HCK0	P0CAP1	57684	100820829;145781;81488	ZBTB26	MYZAP	chromatin immunoprecipitation assay	27924024	Homo sapiens	GTRD	No	Mm:Q6P9Q3;Rn:D3ZG35	Dr:A2BF92	Dr:E7FAN4;Mm:Q3UIJ9	-
Q9HCK0	Q96CG3	57684	92610	ZBTB26	TIFA	chromatin immunoprecipitation assay	27924024	Homo sapiens	GTRD	No	Mm:Q6P9Q3;Rn:D3ZG35	Dr:A2BF92	Mm:Q793I8	Dr:A0A1D5NSL5
Q9HCK0	O95677	57684	2070	ZBTB26	EYA4	chromatin immunoprecipitation assay	27924024	Homo sapiens	GTRD	No	Mm:Q6P9Q3;Rn:D3ZG35	Dr:A2BF92	-	Dr:F1Q5R9;Mm:Q8BY78;Rn:F1LX86
Q9HCK0	Q8NB14	57684	84640	ZBTB26	USP38	chromatin immunoprecipitation assay	27924024	Homo sapiens	GTRD	No	Mm:Q6P9Q3;Rn:D3ZG35	Dr:A2BF92	Dr:F1RBA1;Mm:Q8BW70;Rn:D3Z8K5	-
Q9HCK0	P50542	57684	5830	ZBTB26	PEX5	chromatin immunoprecipitation assay	27924024	Homo sapiens	GTRD	No	Mm:Q6P9Q3;Rn:D3ZG35	Dr:A2BF92	Ce:Q18426;Dr:Q1MT90;Mm:O09012	Dm:Q7KW08;Rn:Q2M2R8;Rn:A0A0A0MP84
Q9HCK0	Q693B1	57684	147040	ZBTB26	KCTD11	chromatin immunoprecipitation assay	27924024	Homo sapiens	GTRD	No	Mm:Q6P9Q3;Rn:D3ZG35	Dr:A2BF92	Rn:D3ZIA4	Mm:A0A5K1VVR8
Q9HCK0	Q96EV8	57684	84062	ZBTB26	DTNBP1	chromatin immunoprecipitation assay	27924024	Homo sapiens	GTRD	No	Mm:Q6P9Q3;Rn:D3ZG35	Dr:A2BF92	Mm:Q91WZ8;Rn:M0RC42	-
Q9HCK0	P04424	57684	435	ZBTB26	ASL	chromatin immunoprecipitation assay	27924024	Homo sapiens	GTRD	No	Mm:Q6P9Q3;Rn:D3ZG35	Dr:A2BF92	Dm:Q9VLG9;Dr:F1RA91;Mm:Q91YI0;Rn:Q4QRB8;Sc:P04076	-
Q9HCK0	Q6FI13	57684	723790;8337	ZBTB26	H2AC18;H2AC19	chromatin immunoprecipitation assay	27924024	Homo sapiens	GTRD	No	Mm:Q6P9Q3;Rn:D3ZG35	Dr:A2BF92	-	-
Q9HCK0	P56378	57684	9556	ZBTB26	ATP5MPL	chromatin immunoprecipitation assay	27924024	Homo sapiens	GTRD	No	Mm:Q6P9Q3;Rn:D3ZG35	Dr:A2BF92	Mm:P56379;Rn:D3Z9R8	-
Q9HCK0	Q13263	57684	10155	ZBTB26	TRIM28	chromatin immunoprecipitation assay	27924024	Homo sapiens	GTRD	No	Mm:Q6P9Q3;Rn:D3ZG35	Dr:A2BF92	Mm:Q62318;Rn:O08629	-
Q9HCK0	Q9BSJ5	57684	55028	ZBTB26	C17orf80	chromatin immunoprecipitation assay	27924024	Homo sapiens	GTRD	No	Mm:Q6P9Q3;Rn:D3ZG35	Dr:A2BF92	Mm:Q6PIX9;Rn:Q4FZS5	-
Q9HCK0	P78357	57684	8506	ZBTB26	CNTNAP1	chromatin immunoprecipitation assay	27924024	Homo sapiens	GTRD	No	Mm:Q6P9Q3;Rn:D3ZG35	Dr:A2BF92	Mm:O54991;Rn:P97846	Dr:X1WGG7
Q9HCK0	P84101	57684	10169	ZBTB26	SERF2	chromatin immunoprecipitation assay	27924024	Homo sapiens	GTRD	No	Mm:Q6P9Q3;Rn:D3ZG35	Dr:A2BF92	Ce:Q9BKU8;Dr:F1Q4L4;Mm:P84102	Dr:A5WW23
Q9HCK0	Q01459	57684	1486	ZBTB26	CTBS	chromatin immunoprecipitation assay	27924024	Homo sapiens	GTRD	No	Mm:Q6P9Q3;Rn:D3ZG35	Dr:A2BF92	Mm:Q8R242;Rn:Q01460	-
Q9HCK0	Q9NZZ3	57684	51510	ZBTB26	CHMP5	chromatin immunoprecipitation assay	27924024	Homo sapiens	GTRD	No	Mm:Q6P9Q3;Rn:D3ZG35	Dr:A2BF92	Ce:O16458;Dm:Q9VVI9;Dr:Q7T339;Mm:Q9D7S9;Rn:Q4QQV8;Sc:Q03390	-
Q9HCK0	Q15059	57684	8019	ZBTB26	BRD3	chromatin immunoprecipitation assay	27924024	Homo sapiens	GTRD	No	Mm:Q6P9Q3;Rn:D3ZG35	Dr:A2BF92	Dr:F1QQP6;Mm:Q8K2F0;Sc:P35817	Rn:B5DF71
Q9HCK0	P42677	57684	6232	ZBTB26	RPS27	chromatin immunoprecipitation assay	27924024	Homo sapiens	GTRD	No	Mm:Q6P9Q3;Rn:D3ZG35	Dr:A2BF92	-	-
Q9HCK0	Q9P2Y4	57684	51222	ZBTB26	ZNF219	chromatin immunoprecipitation assay	27924024	Homo sapiens	GTRD	No	Mm:Q6P9Q3;Rn:D3ZG35	Dr:A2BF92	Ce:G5EBU4;Mm:Q6IQX8;Rn:Q66H48	-
Q9HCK0	Q9NXW9	57684	54784	ZBTB26	ALKBH4	chromatin immunoprecipitation assay	27924024	Homo sapiens	GTRD	No	Mm:Q6P9Q3;Rn:D3ZG35	Dr:A2BF92	Ce:Q8MNT9;Dm:Q9VL81;Mm:Q9D8F1;Rn:B2GV83	Dr:F1QMZ8
Q9HCK0	Q96IK0	57684	84336	ZBTB26	TMEM101	chromatin immunoprecipitation assay	27924024	Homo sapiens	GTRD	No	Mm:Q6P9Q3;Rn:D3ZG35	Dr:A2BF92	Dr:A0A2R8PYE5;Mm:Q91VP7;Rn:G3V8U1	-
Q9HCK0	Q9HA92	57684	55316	ZBTB26	RSAD1	chromatin immunoprecipitation assay	27924024	Homo sapiens	GTRD	No	Mm:Q6P9Q3;Rn:D3ZG35	Dr:A2BF92	Dr:F1RB14;Mm:Q5SUV1	-
Q9HCK0	P56277	57684	100272147	ZBTB26	CMC4	chromatin immunoprecipitation assay	27924024	Homo sapiens	GTRD	No	Mm:Q6P9Q3;Rn:D3ZG35	Dr:A2BF92	Dm:B7YZN8;Dr:A0A0R4IZJ0;Mm:Q61908;Rn:A0A0G2K2W2	-
Q9HCK0	Q15797	57684	4086	ZBTB26	SMAD1	chromatin immunoprecipitation assay	27924024	Homo sapiens	GTRD	No	Mm:Q6P9Q3;Rn:D3ZG35	Dr:A2BF92	Mm:P70340;Rn:A0A0G2JSQ6	-
Q9HCK0	O76041	57684	10529	ZBTB26	NEBL	chromatin immunoprecipitation assay	27924024	Homo sapiens	GTRD	No	Mm:Q6P9Q3;Rn:D3ZG35	Dr:A2BF92	Mm:Q9DC07	-
Q9HCK0	Q9ULR5	57684	400961	ZBTB26	PAIP2B	chromatin immunoprecipitation assay	27924024	Homo sapiens	GTRD	No	Mm:Q6P9Q3;Rn:D3ZG35	Dr:A2BF92	Dr:B8A588;Mm:Q91W45;Rn:D4AAB9	-
Q9HCK0	P54257	57684	9001	ZBTB26	HAP1	chromatin immunoprecipitation assay	27924024	Homo sapiens	GTRD	No	Mm:Q6P9Q3;Rn:D3ZG35	Dr:A2BF92	Mm:O35668;Rn:F1LQG0	-
Q9HCK0	P27797	57684	811	ZBTB26	CALR	chromatin immunoprecipitation assay	27924024	Homo sapiens	GTRD	No	Mm:Q6P9Q3;Rn:D3ZG35	Dr:A2BF92	Ce:P27798;Dm:P29413;Dr:F1Q8W8;Mm:P14211;Rn:P18418	-
Q9HCK0	Q13162	57684	10549	ZBTB26	PRDX4	chromatin immunoprecipitation assay	27924024	Homo sapiens	GTRD	No	Mm:Q6P9Q3;Rn:D3ZG35	Dr:A2BF92	Dm:Q9V3Q4;Dr:F1QSP8;Mm:O08807;Rn:Q9Z0V5	-
Q9HCK0	Q75N90	57684	84467	ZBTB26	FBN3	chromatin immunoprecipitation assay	27924024	Homo sapiens	GTRD	No	Mm:Q6P9Q3;Rn:D3ZG35	Dr:A2BF92	-	-
Q9HCK0	P23142	57684	2192	ZBTB26	FBLN1	chromatin immunoprecipitation assay	27924024	Homo sapiens	GTRD	No	Mm:Q6P9Q3;Rn:D3ZG35	Dr:A2BF92	Ce:O77469;Mm:Q08879	Rn:B1WC21
Q9HCK0	O43521	57684	10018	ZBTB26	BCL2L11	chromatin immunoprecipitation assay	27924024	Homo sapiens	GTRD	No	Mm:Q6P9Q3;Rn:D3ZG35	Dr:A2BF92	Mm:O54918;Rn:O88498	-
Q9HCK0	Q9NYZ2	57684	51312	ZBTB26	SLC25A37	chromatin immunoprecipitation assay	27924024	Homo sapiens	GTRD	No	Mm:Q6P9Q3;Rn:D3ZG35	Dr:A2BF92	Dr:Q287T7;Mm:Q920G8;Rn:Q66H23	-
Q9HCK0	O96000	57684	4716	ZBTB26	NDUFB10	chromatin immunoprecipitation assay	27924024	Homo sapiens	GTRD	No	Mm:Q6P9Q3;Rn:D3ZG35	Dr:A2BF92	Dm:Q9VQR2;Mm:Q9DCS9;Rn:D4A0T0	Dr:F1QJ56
Q9HCK0	P47756	57684	832	ZBTB26	CAPZB	chromatin immunoprecipitation assay	27924024	Homo sapiens	GTRD	No	Mm:Q6P9Q3;Rn:D3ZG35	Dr:A2BF92	Ce:P34686;Dm:P48603;Dr:Q7SXP1;Mm:P47757;Sc:P13517	Rn:A0A0G2JYB1
Q9HCK0	Q569K4	57684	151126	ZBTB26	ZNF385B	chromatin immunoprecipitation assay	27924024	Homo sapiens	GTRD	No	Mm:Q6P9Q3;Rn:D3ZG35	Dr:A2BF92	Mm:Q8BXJ8	Rn:A0A0G2K4A6
Q9HCK0	A0A1B0GUV1	57684	-	ZBTB26	-	chromatin immunoprecipitation assay	27924024	Homo sapiens	GTRD	No	Mm:Q6P9Q3;Rn:D3ZG35	Dr:A2BF92	-	Mm:A0A1B0GT39
Q9HCK0	Q8WUY9	57684	55789	ZBTB26	DEPDC1B	chromatin immunoprecipitation assay	27924024	Homo sapiens	GTRD	No	Mm:Q6P9Q3;Rn:D3ZG35	Dr:A2BF92	Mm:Q8BH88;Rn:D4AA32	Dr:A0A0G2KKB2
Q9HCK0	Q9Y5J9	57684	26521	ZBTB26	TIMM8B	chromatin immunoprecipitation assay	27924024	Homo sapiens	GTRD	No	Mm:Q6P9Q3;Rn:D3ZG35	Dr:A2BF92	Dm:Q9Y1A3;Mm:P62077;Rn:P62078	Dr:B3DGI9
Q9HCK0	P14621	57684	98	ZBTB26	ACYP2	chromatin immunoprecipitation assay	27924024	Homo sapiens	GTRD	No	Mm:Q6P9Q3;Rn:D3ZG35	Dr:A2BF92	Mm:P56375;Rn:D4A1G1	-
Q9HCK0	Q3KPI0	57684	90273	ZBTB26	CEACAM21	chromatin immunoprecipitation assay	27924024	Homo sapiens	GTRD	No	Mm:Q6P9Q3;Rn:D3ZG35	Dr:A2BF92	-	-
Q9HCK0	P21860	57684	2065	ZBTB26	ERBB3	chromatin immunoprecipitation assay	27924024	Homo sapiens	GTRD	No	Mm:Q6P9Q3;Rn:D3ZG35	Dr:A2BF92	Dr:F1QP50;Mm:Q61526;Rn:G3V6N1	-
Q9HCK0	O60320	57684	23359	ZBTB26	FAM189A1	chromatin immunoprecipitation assay	27924024	Homo sapiens	GTRD	No	Mm:Q6P9Q3;Rn:D3ZG35	Dr:A2BF92	Mm:Q6A044	Rn:F1LTM7
Q9HCK0	Q16836	57684	3033	ZBTB26	HADH	chromatin immunoprecipitation assay	27924024	Homo sapiens	GTRD	No	Mm:Q6P9Q3;Rn:D3ZG35	Dr:A2BF92	Ce:P41938;Dr:Q6DI22;Mm:Q61425;Rn:Q9WVK7	-
Q9HCK0	Q7Z494	57684	27031	ZBTB26	NPHP3	chromatin immunoprecipitation assay	27924024	Homo sapiens	GTRD	No	Mm:Q6P9Q3;Rn:D3ZG35	Dr:A2BF92	Mm:Q7TNH6;Rn:D4A1W7	Dr:A0A286Y9S2
Q9HCK0	Q6PIJ6	57684	81545	ZBTB26	FBXO38	chromatin immunoprecipitation assay	27924024	Homo sapiens	GTRD	No	Mm:Q6P9Q3;Rn:D3ZG35	Dr:A2BF92	Dr:E7F2P7;Mm:Q8BMI0	Rn:D3ZIK8
Q9HCK0	V9GYY5	57684	-	ZBTB26	-	chromatin immunoprecipitation assay	27924024	Homo sapiens	GTRD	No	Mm:Q6P9Q3;Rn:D3ZG35	Dr:A2BF92	-	-
Q9HCK0	O14817	57684	7106	ZBTB26	TSPAN4	chromatin immunoprecipitation assay	27924024	Homo sapiens	GTRD	No	Mm:Q6P9Q3;Rn:D3ZG35	Dr:A2BF92	Dr:Q6DHQ4;Mm:Q9DCK3	Rn:Q5BK80
Q9HCK0	Q14201	57684	10950	ZBTB26	BTG3	chromatin immunoprecipitation assay	27924024	Homo sapiens	GTRD	No	Mm:Q6P9Q3;Rn:D3ZG35	Dr:A2BF92	Mm:P50615;Rn:A0JPM2	-
Q9HCK0	Q8NG50	57684	201299	ZBTB26	RDM1	chromatin immunoprecipitation assay	27924024	Homo sapiens	GTRD	No	Mm:Q6P9Q3;Rn:D3ZG35	Dr:A2BF92	Dr:F1RAP0;Mm:Q9CQK3;Rn:D4A823	-
Q9HCK0	Q15696	57684	8233	ZBTB26	ZRSR2	chromatin immunoprecipitation assay	27924024	Homo sapiens	GTRD	No	Mm:Q6P9Q3;Rn:D3ZG35	Dr:A2BF92	Dr:E7F2A1;Mm:B1B0E8;Rn:D3ZHQ8	-
Q9HCK0	O95989	57684	11165	ZBTB26	NUDT3	chromatin immunoprecipitation assay	27924024	Homo sapiens	GTRD	No	Mm:Q6P9Q3;Rn:D3ZG35	Dr:A2BF92	Mm:Q9JI46;Rn:Q566C7	Dr:F1QIX4;Dr:Q5XJC2
Q9HCK0	Q9NZI7	57684	7342	ZBTB26	UBP1	chromatin immunoprecipitation assay	27924024	Homo sapiens	GTRD	No	Mm:Q6P9Q3;Rn:D3ZG35	Dr:A2BF92	Dr:A3KPT8;Mm:Q811S7;Rn:D4A030	-
Q9HCK0	Q8NER5	57684	130399	ZBTB26	ACVR1C	chromatin immunoprecipitation assay	27924024	Homo sapiens	GTRD	No	Mm:Q6P9Q3;Rn:D3ZG35	Dr:A2BF92	Mm:Q8K348;Rn:F1LQM3	-
Q9HCK0	Q7Z7K2	57684	168544	ZBTB26	ZNF467	chromatin immunoprecipitation assay	27924024	Homo sapiens	GTRD	No	Mm:Q6P9Q3;Rn:D3ZG35	Dr:A2BF92	Mm:Q8JZL0;Rn:Q5RJR4	-
Q9HCK0	Q5U5Q3	57684	51320	ZBTB26	MEX3C	chromatin immunoprecipitation assay	27924024	Homo sapiens	GTRD	No	Mm:Q6P9Q3;Rn:D3ZG35	Dr:A2BF92	Mm:Q05A36;Rn:D4A2R5	-
Q9HCK0	Q7L0Y3	57684	54931	ZBTB26	TRMT10C	chromatin immunoprecipitation assay	27924024	Homo sapiens	GTRD	No	Mm:Q6P9Q3;Rn:D3ZG35	Dr:A2BF92	Ce:Q9BI62;Dm:Q7JUX9;Dr:B8JM40;Mm:Q3UFY8;Rn:Q5U2R4	-
Q9HCK0	Q9Y4J8	57684	1837	ZBTB26	DTNA	chromatin immunoprecipitation assay	27924024	Homo sapiens	GTRD	No	Mm:Q6P9Q3;Rn:D3ZG35	Dr:A2BF92	Rn:D4A772	Mm:A0A1Y7VL34
Q9HCK0	P06756	57684	3685	ZBTB26	ITGAV	chromatin immunoprecipitation assay	27924024	Homo sapiens	GTRD	No	Mm:Q6P9Q3;Rn:D3ZG35	Dr:A2BF92	Mm:P43406;Rn:A0A0G2JVZ6	Dr:B8JLK8
Q9HCK0	A6NFY7	57684	644096	ZBTB26	SDHAF1	chromatin immunoprecipitation assay	27924024	Homo sapiens	GTRD	No	Mm:Q6P9Q3;Rn:D3ZG35	Dr:A2BF92	Dr:E9QI43;Mm:Q3U276	Rn:B0K036
Q9HCK0	P34096	57684	6038	ZBTB26	RNASE4	chromatin immunoprecipitation assay	27924024	Homo sapiens	GTRD	No	Mm:Q6P9Q3;Rn:D3ZG35	Dr:A2BF92	Mm:Q8C7E4;Rn:O55004	-
Q9HCK0	P13995	57684	10797	ZBTB26	MTHFD2	chromatin immunoprecipitation assay	27924024	Homo sapiens	GTRD	No	Mm:Q6P9Q3;Rn:D3ZG35	Dr:A2BF92	Mm:P18155;Rn:D4A1Y5	Dr:Q6GMK2
Q9HCK0	Q9H6R7	57684	80304	ZBTB26	WDCP	chromatin immunoprecipitation assay	27924024	Homo sapiens	GTRD	No	Mm:Q6P9Q3;Rn:D3ZG35	Dr:A2BF92	Rn:M0R4L9	Mm:A0A1Y7VJP4
Q9HCK0	Q9H013	57684	8728	ZBTB26	ADAM19	chromatin immunoprecipitation assay	27924024	Homo sapiens	GTRD	No	Mm:Q6P9Q3;Rn:D3ZG35	Dr:A2BF92	Dr:F1Q4N9;Mm:O35674;Rn:D3ZPM7	-
Q9HCK0	Q9UPS8	57684	22852	ZBTB26	ANKRD26	chromatin immunoprecipitation assay	27924024	Homo sapiens	GTRD	No	Mm:Q6P9Q3;Rn:D3ZG35	Dr:A2BF92	Mm:D3Z482;Rn:M0R3T8	-
Q9HCK0	H3BS89	57684	100507421	ZBTB26	TMEM178B	chromatin immunoprecipitation assay	27924024	Homo sapiens	GTRD	No	Mm:Q6P9Q3;Rn:D3ZG35	Dr:A2BF92	Dr:Q1L8F4	Mm:M0QWJ9
Q9HCK0	O43934	57684	79157	ZBTB26	MFSD11	chromatin immunoprecipitation assay	27924024	Homo sapiens	GTRD	No	Mm:Q6P9Q3;Rn:D3ZG35	Dr:A2BF92	Ce:Q19932;Ce:Q21545;Dm:Q9VG64;Mm:Q8BJ51;Rn:D3ZEI8	Ce:Q9XV34
Q9HCK0	Q5VVJ2	57684	114803	ZBTB26	MYSM1	chromatin immunoprecipitation assay	27924024	Homo sapiens	GTRD	No	Mm:Q6P9Q3;Rn:D3ZG35	Dr:A2BF92	Dr:Q5RGA4;Mm:Q69Z66;Rn:D4A7T9	-
Q9HCK0	O95273	57684	23582	ZBTB26	CCNDBP1	chromatin immunoprecipitation assay	27924024	Homo sapiens	GTRD	No	Mm:Q6P9Q3;Rn:D3ZG35	Dr:A2BF92	Dr:F1Q8S7;Mm:Q3TVC7;Rn:A0A0H2UHJ2	-
Q9HCK0	Q8ND25	57684	84937	ZBTB26	ZNRF1	chromatin immunoprecipitation assay	27924024	Homo sapiens	GTRD	No	Mm:Q6P9Q3;Rn:D3ZG35	Dr:A2BF92	Dr:Q6P4U6;Mm:Q91V17;Rn:D3ZIQ9	-
Q9HCK0	Q7Z6K1	57684	168451	ZBTB26	THAP5	chromatin immunoprecipitation assay	27924024	Homo sapiens	GTRD	No	Mm:Q6P9Q3;Rn:D3ZG35	Dr:A2BF92	-	-
Q9HCK0	Q9UBN4	57684	7223	ZBTB26	TRPC4	chromatin immunoprecipitation assay	27924024	Homo sapiens	GTRD	No	Mm:Q6P9Q3;Rn:D3ZG35	Dr:A2BF92	Dr:A0A0R4IM91;Mm:Q9QUQ5	Rn:Q91ZM1
Q9HCK0	O00400	57684	9197	ZBTB26	SLC33A1	chromatin immunoprecipitation assay	27924024	Homo sapiens	GTRD	No	Mm:Q6P9Q3;Rn:D3ZG35	Dr:A2BF92	Dm:Q9VVA1;Dr:B8JLW5;Mm:Q99J27;Rn:Q6AYY8;Sc:P38318	-
Q9HCK0	Q96A65	57684	60412	ZBTB26	EXOC4	chromatin immunoprecipitation assay	27924024	Homo sapiens	GTRD	No	Mm:Q6P9Q3;Rn:D3ZG35	Dr:A2BF92	Ce:Q9XWS2;Dm:Q9VNH6;Dr:Q5TYY2;Mm:O35382;Rn:M0RBF8;Sc:P32855	-
Q9HCK0	B7ZAQ6	57684	51463;653519	ZBTB26	GPR89A	chromatin immunoprecipitation assay	27924024	Homo sapiens	GTRD	No	Mm:Q6P9Q3;Rn:D3ZG35	Dr:A2BF92	-	-
Q9HCK0	O60733	57684	8398	ZBTB26	PLA2G6	chromatin immunoprecipitation assay	27924024	Homo sapiens	GTRD	No	Mm:Q6P9Q3;Rn:D3ZG35	Dr:A2BF92	Dr:F1QXU0;Mm:P97819;Rn:P97570	Dm:Q9VT60
Q9HCK0	P56589	57684	8504	ZBTB26	PEX3	chromatin immunoprecipitation assay	27924024	Homo sapiens	GTRD	No	Mm:Q6P9Q3;Rn:D3ZG35	Dr:A2BF92	Dm:Q9VUL8;Dr:Q5RIV3;Mm:Q9QXY9;Rn:Q9JJK4	-
Q9HCK0	Q6ZT98	57684	79739	ZBTB26	TTLL7	chromatin immunoprecipitation assay	27924024	Homo sapiens	GTRD	No	Mm:Q6P9Q3;Rn:D3ZG35	Dr:A2BF92	Mm:A0A0G2LB90;Rn:M0RBT9	-
Q9HCK0	O95049	57684	27134	ZBTB26	TJP3	chromatin immunoprecipitation assay	27924024	Homo sapiens	GTRD	No	Mm:Q6P9Q3;Rn:D3ZG35	Dr:A2BF92	Mm:Q921G9;Rn:D3Z8G7	-
Q9HCK0	Q8N6M0	57684	51633	ZBTB26	OTUD6B	chromatin immunoprecipitation assay	27924024	Homo sapiens	GTRD	No	Mm:Q6P9Q3;Rn:D3ZG35	Dr:A2BF92	-	-
Q9HCK0	Q9BUK6	57684	55154	ZBTB26	MSTO1	chromatin immunoprecipitation assay	27924024	Homo sapiens	GTRD	No	Mm:Q6P9Q3;Rn:D3ZG35	Dr:A2BF92	Dm:O01939;Dr:Q1L908;Mm:E9PUB7;Rn:D3ZMW3	-
Q9HCK0	Q969R5	57684	83746	ZBTB26	L3MBTL2	chromatin immunoprecipitation assay	27924024	Homo sapiens	GTRD	No	Mm:Q6P9Q3;Rn:D3ZG35	Dr:A2BF92	Dr:F1R4V8;Mm:P59178;Rn:Q3MIF2	-
Q9HCK0	Q7L8L6	57684	60493	ZBTB26	FASTKD5	chromatin immunoprecipitation assay	27924024	Homo sapiens	GTRD	No	Mm:Q6P9Q3;Rn:D3ZG35	Dr:A2BF92	-	Mm:Q7TMV3
Q9HCK0	Q9UKA8	57684	11123	ZBTB26	RCAN3	chromatin immunoprecipitation assay	27924024	Homo sapiens	GTRD	No	Mm:Q6P9Q3;Rn:D3ZG35	Dr:A2BF92	Mm:Q9JKK0;Rn:F7ENE7	Dr:Q6DG39
Q9HCK0	O94907	57684	22943	ZBTB26	DKK1	chromatin immunoprecipitation assay	27924024	Homo sapiens	GTRD	No	Mm:Q6P9Q3;Rn:D3ZG35	Dr:A2BF92	Dr:Q9PWH3;Dr:F1RBK0;Mm:O54908	Rn:D3Z9J1
Q9HCK0	Q8TC84	57684	92565	ZBTB26	FANK1	chromatin immunoprecipitation assay	27924024	Homo sapiens	GTRD	No	Mm:Q6P9Q3;Rn:D3ZG35	Dr:A2BF92	Dm:A8JQS3;Mm:Q9DAM9;Rn:Q66H07	Dr:F6NQ86
Q9HCK0	Q86U17	57684	256394	ZBTB26	SERPINA11	chromatin immunoprecipitation assay	27924024	Homo sapiens	GTRD	No	Mm:Q6P9Q3;Rn:D3ZG35	Dr:A2BF92	Mm:E9QLL8;Rn:Q7TPA5	-
Q9HCK0	Q6UW01	57684	643866	ZBTB26	CBLN3	chromatin immunoprecipitation assay	27924024	Homo sapiens	GTRD	No	Mm:Q6P9Q3;Rn:D3ZG35	Dr:A2BF92	Mm:Q9JHG0;Rn:D3Z9H1	-
Q9HCK0	Q9UPV0	57684	22897	ZBTB26	CEP164	chromatin immunoprecipitation assay	27924024	Homo sapiens	GTRD	No	Mm:Q6P9Q3;Rn:D3ZG35	Dr:A2BF92	-	Mm:A0A1L1SSA4;Rn:M0R9A9
Q9HCK0	Q8NC24	57684	285613	ZBTB26	RELL2	chromatin immunoprecipitation assay	27924024	Homo sapiens	GTRD	No	Mm:Q6P9Q3;Rn:D3ZG35	Dr:A2BF92	Mm:Q8BRJ3;Rn:Q5FVJ4	-
Q9HCK0	P08574	57684	1537	ZBTB26	CYC1	chromatin immunoprecipitation assay	27924024	Homo sapiens	GTRD	No	Mm:Q6P9Q3;Rn:D3ZG35	Dr:A2BF92	Ce:Q18853;Dm:Q9VRL0;Dm:Q9VAM8;Dr:Q3B7R0;Mm:Q9D0M3;Rn:D3ZFQ8;Sc:P07143	-
Q9HCK0	Q9H2C0	57684	8139	ZBTB26	GAN	chromatin immunoprecipitation assay	27924024	Homo sapiens	GTRD	No	Mm:Q6P9Q3;Rn:D3ZG35	Dr:A2BF92	Mm:Q8CA72;Rn:D3ZRI9	-
Q9HCK0	Q6P531	57684	124975	ZBTB26	GGT6	chromatin immunoprecipitation assay	27924024	Homo sapiens	GTRD	No	Mm:Q6P9Q3;Rn:D3ZG35	Dr:A2BF92	-	-
Q9HCK0	O43609	57684	10252	ZBTB26	SPRY1	chromatin immunoprecipitation assay	27924024	Homo sapiens	GTRD	No	Mm:Q6P9Q3;Rn:D3ZG35	Dr:A2BF92	Mm:Q9QXV9;Rn:B5DFH3	Dr:B1PBZ7
Q9HCK0	Q16533	57684	6617	ZBTB26	SNAPC1	chromatin immunoprecipitation assay	27924024	Homo sapiens	GTRD	No	Mm:Q6P9Q3;Rn:D3ZG35	Dr:A2BF92	Ce:Q9U2K7;Ce:Q7JNN6;Dr:Q7ZUP7;Mm:Q8K0S9;Rn:F7ES94	Dr:Q5TZD7
Q9HCK0	Q86V40	57684	129293	ZBTB26	TRABD2A	chromatin immunoprecipitation assay	27924024	Homo sapiens	GTRD	No	Mm:Q6P9Q3;Rn:D3ZG35	Dr:A2BF92	-	-
Q9HCK0	P62847	57684	6229	ZBTB26	RPS24	chromatin immunoprecipitation assay	27924024	Homo sapiens	GTRD	No	Mm:Q6P9Q3;Rn:D3ZG35	Dr:A2BF92	Ce:Q1XFY9;Dm:Q9W229;Mm:P62849;Rn:P62850;Sc:P0CX31	Dr:Q642J7;Rn:D4ACJ1
Q9HCK0	Q9H426	57684	140730	ZBTB26	RIMS4	chromatin immunoprecipitation assay	27924024	Homo sapiens	GTRD	No	Mm:Q6P9Q3;Rn:D3ZG35	Dr:A2BF92	Dr:E7F2S0;Mm:P60191;Rn:F1M7Z9	-
Q9HCK0	Q15393	57684	23450	ZBTB26	SF3B3	chromatin immunoprecipitation assay	27924024	Homo sapiens	GTRD	No	Mm:Q6P9Q3;Rn:D3ZG35	Dr:A2BF92	Ce:O44985;Dm:Q9W0M7;Dr:Q1LVE8;Mm:Q921M3;Rn:E9PT66;Sc:Q04693	-
Q9HCK0	Q9UN37	57684	27183	ZBTB26	VPS4A	chromatin immunoprecipitation assay	27924024	Homo sapiens	GTRD	No	Mm:Q6P9Q3;Rn:D3ZG35	Dr:A2BF92	-	-
Q9HCK0	A0JNW5	57684	23074	ZBTB26	UHRF1BP1L	chromatin immunoprecipitation assay	27924024	Homo sapiens	GTRD	No	Mm:Q6P9Q3;Rn:D3ZG35	Dr:A2BF92	Mm:A2RSJ4;Rn:M0R8V0	-
Q9HCK0	Q9NPE6	57684	6676	ZBTB26	SPAG4	chromatin immunoprecipitation assay	27924024	Homo sapiens	GTRD	No	Mm:Q6P9Q3;Rn:D3ZG35	Dr:A2BF92	Mm:Q9JJF2	Rn:G3V8K3
Q9HCK0	P46089	57684	2827	ZBTB26	GPR3	chromatin immunoprecipitation assay	27924024	Homo sapiens	GTRD	No	Mm:Q6P9Q3;Rn:D3ZG35	Dr:A2BF92	Mm:P35413;Rn:A0A096MK84	-
Q9HCK0	Q6R327	57684	253260	ZBTB26	RICTOR	chromatin immunoprecipitation assay	27924024	Homo sapiens	GTRD	No	Mm:Q6P9Q3;Rn:D3ZG35	Dr:A2BF92	Dr:F1Q9T1;Mm:Q6QI06;Rn:F1M4J0	-
Q9HCK0	P21333	57684	2316	ZBTB26	FLNA	chromatin immunoprecipitation assay	27924024	Homo sapiens	GTRD	No	Mm:Q6P9Q3;Rn:D3ZG35	Dr:A2BF92	Rn:C0JPT7	Dr:E9QI62;Mm:B7FAU9
Q9HCK0	O94806	57684	23683	ZBTB26	PRKD3	chromatin immunoprecipitation assay	27924024	Homo sapiens	GTRD	No	Mm:Q6P9Q3;Rn:D3ZG35	Dr:A2BF92	Ce:O45818;Mm:Q8K1Y2;Rn:D4A229	Dm:Q9VE91;Dr:E7F9Z2
Q9HCK0	O95071	57684	51366	ZBTB26	UBR5	chromatin immunoprecipitation assay	27924024	Homo sapiens	GTRD	No	Mm:Q6P9Q3;Rn:D3ZG35	Dr:A2BF92	Ce:G5EDT9;Dm:P51592;Mm:A0A2I3BQS6	Rn:H9KVE3
Q9HCK0	Q93050	57684	535	ZBTB26	ATP6V0A1	chromatin immunoprecipitation assay	27924024	Homo sapiens	GTRD	No	Mm:Q6P9Q3;Rn:D3ZG35	Dr:A2BF92	Ce:P30628;Mm:Q9Z1G4;Rn:Q2I6B5	Dm:Q8IML5;Dr:F1QE30
Q9HCK0	P35548	57684	4488	ZBTB26	MSX2	chromatin immunoprecipitation assay	27924024	Homo sapiens	GTRD	No	Mm:Q6P9Q3;Rn:D3ZG35	Dr:A2BF92	Dr:A0A0J9YJ71;Mm:Q03358;Rn:G3V8D1	-
Q9HCK0	Q8N3J5	57684	152926	ZBTB26	PPM1K	chromatin immunoprecipitation assay	27924024	Homo sapiens	GTRD	No	Mm:Q6P9Q3;Rn:D3ZG35	Dr:A2BF92	Mm:Q8BXN7;Rn:D4A7X5	Dr:F1R0V7
Q9HCK0	Q5T686	57684	60370	ZBTB26	AVPI1	chromatin immunoprecipitation assay	27924024	Homo sapiens	GTRD	No	Mm:Q6P9Q3;Rn:D3ZG35	Dr:A2BF92	Mm:Q9D7H4;Rn:F1LRX4	-
Q9HCK0	O43508	57684	407977;8742	ZBTB26	TNFSF12	chromatin immunoprecipitation assay	27924024	Homo sapiens	GTRD	No	Mm:Q6P9Q3;Rn:D3ZG35	Dr:A2BF92	Mm:O54907;Mm:Q8BXS2;Rn:Q6AYC1	-
Q9HCK0	Q8NDA8	57684	727957	ZBTB26	MROH1	chromatin immunoprecipitation assay	27924024	Homo sapiens	GTRD	No	Mm:Q6P9Q3;Rn:D3ZG35	Dr:A2BF92	Dr:A0A286YB17;Mm:E0CZ22	Rn:A0A0G2JV05
Q9HCK0	Q96PM5	57684	25898	ZBTB26	RCHY1	chromatin immunoprecipitation assay	27924024	Homo sapiens	GTRD	No	Mm:Q6P9Q3;Rn:D3ZG35	Dr:A2BF92	Dr:A2ARH1;Mm:Q9CR50;Rn:Q5XIE4	-
Q9HCK0	Q9UMS5	57684	10745	ZBTB26	PHTF1	chromatin immunoprecipitation assay	27924024	Homo sapiens	GTRD	No	Mm:Q6P9Q3;Rn:D3ZG35	Dr:A2BF92	Dr:A9ULS8;Mm:Q9QZ09;Rn:F1M8G0	-
Q9HCK0	Q13887	57684	688	ZBTB26	KLF5	chromatin immunoprecipitation assay	27924024	Homo sapiens	GTRD	No	Mm:Q6P9Q3;Rn:D3ZG35	Dr:A2BF92	Dr:E9QG09;Mm:Q9Z0Z7	Rn:F1LSL7
Q9HCK0	Q86WC4	57684	28962	ZBTB26	OSTM1	chromatin immunoprecipitation assay	27924024	Homo sapiens	GTRD	No	Mm:Q6P9Q3;Rn:D3ZG35	Dr:A2BF92	Ce:Q09322;Mm:Q8BGT0;Rn:Q4QQU9	Dr:A8BA29
Q9HCK0	Q9BSK4	57684	55527	ZBTB26	FEM1A	chromatin immunoprecipitation assay	27924024	Homo sapiens	GTRD	No	Mm:Q6P9Q3;Rn:D3ZG35	Dr:A2BF92	Mm:Q8C0T1;Mm:Q9Z2G1;Rn:Q4V890	-
Q9HCK0	O60307	57684	23031	ZBTB26	MAST3	chromatin immunoprecipitation assay	27924024	Homo sapiens	GTRD	No	Mm:Q6P9Q3;Rn:D3ZG35	Dr:A2BF92	Ce:G5EBZ8;Rn:A0A0G2JVL3	Mm:A0A1D5RM97
Q9HCK0	Q86SQ4	57684	57211	ZBTB26	ADGRG6	chromatin immunoprecipitation assay	27924024	Homo sapiens	GTRD	No	Mm:Q6P9Q3;Rn:D3ZG35	Dr:A2BF92	Mm:Q6F3F9;Rn:A0A0G2JST1	Dr:E7F1G3
Q9HCK0	Q8WVZ9	57684	84078	ZBTB26	KBTBD7	chromatin immunoprecipitation assay	27924024	Homo sapiens	GTRD	No	Mm:Q6P9Q3;Rn:D3ZG35	Dr:A2BF92	Mm:G5E8C2	-
Q9HCK0	O15069	57684	23148	ZBTB26	NACAD	chromatin immunoprecipitation assay	27924024	Homo sapiens	GTRD	No	Mm:Q6P9Q3;Rn:D3ZG35	Dr:A2BF92	Ce:H8ESG5;Mm:Q5SWP3;Rn:F1M6E5	-
Q9HCK0	Q9Y6K9	57684	8517	ZBTB26	IKBKG	chromatin immunoprecipitation assay	27924024	Homo sapiens	GTRD	No	Mm:Q6P9Q3;Rn:D3ZG35	Dr:A2BF92	Dr:F1QHG7;Mm:O88522	Rn:Q6TMG5
Q9HCK0	O00712	57684	4781	ZBTB26	NFIB	chromatin immunoprecipitation assay	27924024	Homo sapiens	GTRD	No	Mm:Q6P9Q3;Rn:D3ZG35	Dr:A2BF92	-	-
Q9HCK0	Q8N8K9	57684	158405	ZBTB26	KIAA1958	chromatin immunoprecipitation assay	27924024	Homo sapiens	GTRD	No	Mm:Q6P9Q3;Rn:D3ZG35	Dr:A2BF92	Mm:Q8C4P0;Rn:D3ZA11	-
Q9HCK0	P13591	57684	4684	ZBTB26	NCAM1	chromatin immunoprecipitation assay	27924024	Homo sapiens	GTRD	No	Mm:Q6P9Q3;Rn:D3ZG35	Dr:A2BF92	Dr:B3DH85;Mm:E9QB01	Rn:F1LNY3
Q9HCK0	Q9NRW3	57684	27350	ZBTB26	APOBEC3C	chromatin immunoprecipitation assay	27924024	Homo sapiens	GTRD	No	Mm:Q6P9Q3;Rn:D3ZG35	Dr:A2BF92	-	-
Q9HCK0	Q9Y2Y9	57684	51621	ZBTB26	KLF13	chromatin immunoprecipitation assay	27924024	Homo sapiens	GTRD	No	Mm:Q6P9Q3;Rn:D3ZG35	Dr:A2BF92	Dr:F1RBH0;Mm:Q9JJZ6	-
Q9HCK0	P28331	57684	4719	ZBTB26	NDUFS1	chromatin immunoprecipitation assay	27924024	Homo sapiens	GTRD	No	Mm:Q6P9Q3;Rn:D3ZG35	Dr:A2BF92	Ce:Q9N4Y8;Dm:Q94511;Mm:Q91VD9;Rn:Q66HF1	-
Q9HCK0	Q12906	57684	3609	ZBTB26	ILF3	chromatin immunoprecipitation assay	27924024	Homo sapiens	GTRD	No	Mm:Q6P9Q3;Rn:D3ZG35	Dr:A2BF92	Mm:Q9Z1X4	Rn:A0A0G2K4U6
Q9HCK0	Q06547	57684	2553	ZBTB26	GABPB1	chromatin immunoprecipitation assay	27924024	Homo sapiens	GTRD	No	Mm:Q6P9Q3;Rn:D3ZG35	Dr:A2BF92	Dr:A0A0R4ITI0;Mm:Q00420;Rn:Q4KM28	Rn:A0A0G2K5B7
Q9HCK0	O76050	57684	9148	ZBTB26	NEURL1	chromatin immunoprecipitation assay	27924024	Homo sapiens	GTRD	No	Mm:Q6P9Q3;Rn:D3ZG35	Dr:A2BF92	Dr:A0JML9;Mm:Q923S6;Rn:A0A096MJM7	-
Q9HCK0	Q8N9N2	57684	51008	ZBTB26	ASCC1	chromatin immunoprecipitation assay	27924024	Homo sapiens	GTRD	No	Mm:Q6P9Q3;Rn:D3ZG35	Dr:A2BF92	-	-
Q9HCK0	Q9HCI6	57684	57691	ZBTB26	KIAA1586	chromatin immunoprecipitation assay	27924024	Homo sapiens	GTRD	No	Mm:Q6P9Q3;Rn:D3ZG35	Dr:A2BF92	-	-
Q9HCK0	Q9BXL8	57684	55038	ZBTB26	CDCA4	chromatin immunoprecipitation assay	27924024	Homo sapiens	GTRD	No	Mm:Q6P9Q3;Rn:D3ZG35	Dr:A2BF92	Mm:Q9CWM2;Rn:Q3B7C7	Dr:U3JAG7
Q9HCK0	Q9BRK3	57684	54587	ZBTB26	MXRA8	chromatin immunoprecipitation assay	27924024	Homo sapiens	GTRD	No	Mm:Q6P9Q3;Rn:D3ZG35	Dr:A2BF92	Mm:Q9DBV4	Dr:M9MMA0;Rn:A0A0G2KB26
Q9HCK0	Q86X29	57684	51599	ZBTB26	LSR	chromatin immunoprecipitation assay	27924024	Homo sapiens	GTRD	No	Mm:Q6P9Q3;Rn:D3ZG35	Dr:A2BF92	Mm:Q99KG5;Rn:Q9WU74	Dr:B0CLZ5
Q9HCK0	Q86XR8	57684	9702	ZBTB26	CEP57	chromatin immunoprecipitation assay	27924024	Homo sapiens	GTRD	No	Mm:Q6P9Q3;Rn:D3ZG35	Dr:A2BF92	Mm:Q8CEE0;Rn:B4F7A7	Dr:F1QVT5
Q9HCK0	Q96AH0	57684	64859	ZBTB26	NABP1	chromatin immunoprecipitation assay	27924024	Homo sapiens	GTRD	No	Mm:Q6P9Q3;Rn:D3ZG35	Dr:A2BF92	Mm:Q8BGW5;Rn:Q5FVP2	Dr:E7F5S2
Q9HCK0	Q9Y5K8	57684	51382	ZBTB26	ATP6V1D	chromatin immunoprecipitation assay	27924024	Homo sapiens	GTRD	No	Mm:Q6P9Q3;Rn:D3ZG35	Dr:A2BF92	Ce:P34462;Dm:Q9V7D2;Mm:P57746;Rn:Q6P503;Sc:P32610	Dr:Q7ZVX8
Q9HCK0	Q00610	57684	1213	ZBTB26	CLTC	chromatin immunoprecipitation assay	27924024	Homo sapiens	GTRD	No	Mm:Q6P9Q3;Rn:D3ZG35	Dr:A2BF92	-	-
Q9HCK0	Q96CW5	57684	10426	ZBTB26	TUBGCP3	chromatin immunoprecipitation assay	27924024	Homo sapiens	GTRD	No	Mm:Q6P9Q3;Rn:D3ZG35	Dr:A2BF92	Dm:Q9XYP8;Mm:P58854;Rn:A0A0G2JUU7	Dr:B8A509
Q9HCK0	W5XKT8	57684	147650	ZBTB26	SPACA6	chromatin immunoprecipitation assay	27924024	Homo sapiens	GTRD	No	Mm:Q6P9Q3;Rn:D3ZG35	Dr:A2BF92	Mm:E9Q8Q8	Rn:B6ETS2
Q9HCK0	O43306	57684	112	ZBTB26	ADCY6	chromatin immunoprecipitation assay	27924024	Homo sapiens	GTRD	No	Mm:Q6P9Q3;Rn:D3ZG35	Dr:A2BF92	Mm:F8VQ52;Rn:A0A0G2K429	-
Q9HCK0	Q5XPI4	57684	63891	ZBTB26	RNF123	chromatin immunoprecipitation assay	27924024	Homo sapiens	GTRD	No	Mm:Q6P9Q3;Rn:D3ZG35	Dr:A2BF92	Dm:Q9VFC4;Mm:Q5XPI3;Rn:D3ZXK7	-
Q9HCK0	Q12805	57684	2202	ZBTB26	EFEMP1	chromatin immunoprecipitation assay	27924024	Homo sapiens	GTRD	No	Mm:Q6P9Q3;Rn:D3ZG35	Dr:A2BF92	Mm:Q8BPB5	Dr:A0A0R4IQ73;Rn:Q6AXN2
Q9HCK0	Q8IUL8	57684	148113	ZBTB26	CILP2	chromatin immunoprecipitation assay	27924024	Homo sapiens	GTRD	No	Mm:Q6P9Q3;Rn:D3ZG35	Dr:A2BF92	Mm:D3Z7H8;Rn:D3ZE05	Dr:F1REH4
Q9HCK0	Q9H1R2	57684	128853	ZBTB26	DUSP15	chromatin immunoprecipitation assay	27924024	Homo sapiens	GTRD	No	Mm:Q6P9Q3;Rn:D3ZG35	Dr:A2BF92	Mm:Q8R4V2	Rn:M0RD87
Q9HCK0	O15091	57684	9692	ZBTB26	PRORP	chromatin immunoprecipitation assay	27924024	Homo sapiens	GTRD	No	Mm:Q6P9Q3;Rn:D3ZG35	Dr:A2BF92	-	-
Q9HCK0	H3BNX3	57684	-	ZBTB26	-	chromatin immunoprecipitation assay	27924024	Homo sapiens	GTRD	No	Mm:Q6P9Q3;Rn:D3ZG35	Dr:A2BF92	-	-
Q9HCK0	Q9Y6N1	57684	1353	ZBTB26	COX11	chromatin immunoprecipitation assay	27924024	Homo sapiens	GTRD	No	Mm:Q6P9Q3;Rn:D3ZG35	Dr:A2BF92	Ce:Q95QD5;Dm:Q9VMQ6;Dr:A3KNN8;Mm:Q6P8I6;Rn:M0RE03	-
Q9HCK0	Q13685	57684	14	ZBTB26	AAMP	chromatin immunoprecipitation assay	27924024	Homo sapiens	GTRD	No	Mm:Q6P9Q3;Rn:D3ZG35	Dr:A2BF92	Ce:E0R7L2;Dr:F1QUU3;Mm:J3QN89;Rn:G3V7V2	Dm:Q9VUI8
Q9HCK0	Q7Z6I8	57684	134553	ZBTB26	C5orf24	chromatin immunoprecipitation assay	27924024	Homo sapiens	GTRD	No	Mm:Q6P9Q3;Rn:D3ZG35	Dr:A2BF92	Mm:Q80X32	Rn:M0R469
Q9HCK0	Q86UC2	57684	83861	ZBTB26	RSPH3	chromatin immunoprecipitation assay	27924024	Homo sapiens	GTRD	No	Mm:Q6P9Q3;Rn:D3ZG35	Dr:A2BF92	-	-
Q9HCK0	P25685	57684	3337	ZBTB26	DNAJB1	chromatin immunoprecipitation assay	27924024	Homo sapiens	GTRD	No	Mm:Q6P9Q3;Rn:D3ZG35	Dr:A2BF92	Dr:B8JM56;Mm:Q9QYJ3;Rn:D3ZUU5	-
Q9HCK0	Q9HBI5	57684	57415	ZBTB26	C3orf14	chromatin immunoprecipitation assay	27924024	Homo sapiens	GTRD	No	Mm:Q6P9Q3;Rn:D3ZG35	Dr:A2BF92	Dr:E7EZM5;Mm:Q8BGD0	Rn:A0A0G2JUN2
Q9HCK0	P14406	57684	1347	ZBTB26	COX7A2	chromatin immunoprecipitation assay	27924024	Homo sapiens	GTRD	No	Mm:Q6P9Q3;Rn:D3ZG35	Dr:A2BF92	-	-
Q9HCK0	P08047	57684	6667	ZBTB26	SP1	chromatin immunoprecipitation assay	27924024	Homo sapiens	GTRD	No	Mm:Q6P9Q3;Rn:D3ZG35	Dr:A2BF92	Dr:F1QW97;Rn:Q01714	Mm:G3X8Q0
Q9HCK0	P38405	57684	2774	ZBTB26	GNAL	chromatin immunoprecipitation assay	27924024	Homo sapiens	GTRD	No	Mm:Q6P9Q3;Rn:D3ZG35	Dr:A2BF92	Mm:Q8CGK7	Rn:G3V8E8
Q9HCK0	Q86WR7	57684	254427	ZBTB26	PROSER2	chromatin immunoprecipitation assay	27924024	Homo sapiens	GTRD	No	Mm:Q6P9Q3;Rn:D3ZG35	Dr:A2BF92	Mm:Q8C5R2;Rn:M0RAK0	-
Q9HCK0	Q96FI4	57684	79661	ZBTB26	NEIL1	chromatin immunoprecipitation assay	27924024	Homo sapiens	GTRD	No	Mm:Q6P9Q3;Rn:D3ZG35	Dr:A2BF92	Dr:Q6TGW9;Mm:Q8K4Q6;Rn:Q4KLM0	-
Q9HCK0	Q8NE35	57684	22849	ZBTB26	CPEB3	chromatin immunoprecipitation assay	27924024	Homo sapiens	GTRD	No	Mm:Q6P9Q3;Rn:D3ZG35	Dr:A2BF92	Rn:D4AD99	Mm:A0A0R4J102
Q9HCK0	Q8TAG5	57684	222008	ZBTB26	VSTM2A	chromatin immunoprecipitation assay	27924024	Homo sapiens	GTRD	No	Mm:Q6P9Q3;Rn:D3ZG35	Dr:A2BF92	Mm:Q8R0A6	Rn:D3ZM70
Q9HCK0	Q8NAA5	57684	388341	ZBTB26	LRRC75A	chromatin immunoprecipitation assay	27924024	Homo sapiens	GTRD	No	Mm:Q6P9Q3;Rn:D3ZG35	Dr:A2BF92	Mm:Q7TSF4	Dr:E7F2Y2;Rn:F1LUK1
Q9HCK0	Q9NP72	57684	22931	ZBTB26	RAB18	chromatin immunoprecipitation assay	27924024	Homo sapiens	GTRD	No	Mm:Q6P9Q3;Rn:D3ZG35	Dr:A2BF92	Ce:Q8MXS1;Dm:Q9W4A0;Dr:Q6DHC1;Rn:Q5EB77	Mm:A0A3Q4EI12
Q9HCK0	Q86XU0	57684	342926	ZBTB26	ZNF677	chromatin immunoprecipitation assay	27924024	Homo sapiens	GTRD	No	Mm:Q6P9Q3;Rn:D3ZG35	Dr:A2BF92	Dm:Q9W2U6	-
Q9HCK0	Q68EA5	57684	126295	ZBTB26	ZNF57	chromatin immunoprecipitation assay	27924024	Homo sapiens	GTRD	No	Mm:Q6P9Q3;Rn:D3ZG35	Dr:A2BF92	-	-
Q9HCK0	Q9H0R1	57684	55745	ZBTB26	AP5M1	chromatin immunoprecipitation assay	27924024	Homo sapiens	GTRD	No	Mm:Q6P9Q3;Rn:D3ZG35	Dr:A2BF92	Rn:Q499N2	Mm:A0A0R4J0K9
Q9HCK0	O95159	57684	7542	ZBTB26	ZFPL1	chromatin immunoprecipitation assay	27924024	Homo sapiens	GTRD	No	Mm:Q6P9Q3;Rn:D3ZG35	Dr:A2BF92	Ce:Q9N4Y9;Dr:A0A0R4IZJ5;Mm:Q9DB43;Rn:M0RCA3	-
Q9HCK0	Q4KWH8	57684	23007	ZBTB26	PLCH1	chromatin immunoprecipitation assay	27924024	Homo sapiens	GTRD	No	Mm:Q6P9Q3;Rn:D3ZG35	Dr:A2BF92	-	-
Q9HCK0	P31943	57684	3187	ZBTB26	HNRNPH1	chromatin immunoprecipitation assay	27924024	Homo sapiens	GTRD	No	Mm:Q6P9Q3;Rn:D3ZG35	Dr:A2BF92	-	-
Q9HCK0	Q9H2A7	57684	58191	ZBTB26	CXCL16	chromatin immunoprecipitation assay	27924024	Homo sapiens	GTRD	No	Mm:Q6P9Q3;Rn:D3ZG35	Dr:A2BF92	Mm:Q8BSU2;Rn:Q6AXU5	-
Q9HCK0	P38919	57684	9775	ZBTB26	EIF4A3	chromatin immunoprecipitation assay	27924024	Homo sapiens	GTRD	No	Mm:Q6P9Q3;Rn:D3ZG35	Dr:A2BF92	Ce:Q9BL61;Ce:O44781;Dm:Q9VHS8;Mm:Q91VC3;Rn:Q3B8Q2	Dr:A0A0R4IKW3
Q9HCK0	Q8TD94	57684	136259	ZBTB26	KLF14	chromatin immunoprecipitation assay	27924024	Homo sapiens	GTRD	No	Mm:Q6P9Q3;Rn:D3ZG35	Dr:A2BF92	Mm:Q19A41;Rn:D3ZVG6	-
Q9HCK0	P81877	57684	23635	ZBTB26	SSBP2	chromatin immunoprecipitation assay	27924024	Homo sapiens	GTRD	No	Mm:Q6P9Q3;Rn:D3ZG35	Dr:A2BF92	Dr:A0A0R4IQW8;Mm:Q9CYZ8	Rn:F1M3J3
Q9HCK0	O95897	57684	93145	ZBTB26	OLFM2	chromatin immunoprecipitation assay	27924024	Homo sapiens	GTRD	No	Mm:Q6P9Q3;Rn:D3ZG35	Dr:A2BF92	Rn:Q568Y7	Dr:A0A286Y8W4;Mm:A0A1L1SV46
Q9HCK0	Q9C0C7	57684	55626	ZBTB26	AMBRA1	chromatin immunoprecipitation assay	27924024	Homo sapiens	GTRD	No	Mm:Q6P9Q3;Rn:D3ZG35	Dr:A2BF92	Mm:A2AH22;Rn:F1LNQ2	Dr:X1WHY6
Q9HCK0	Q7Z6L0	57684	112476	ZBTB26	PRRT2	chromatin immunoprecipitation assay	27924024	Homo sapiens	GTRD	No	Mm:Q6P9Q3;Rn:D3ZG35	Dr:A2BF92	-	-
Q9HCK0	A6PVS8	57684	127255	ZBTB26	LRRIQ3	chromatin immunoprecipitation assay	27924024	Homo sapiens	GTRD	No	Mm:Q6P9Q3;Rn:D3ZG35	Dr:A2BF92	Mm:Q14DL3;Rn:Q6AYL8	-
Q9HCK0	O43719	57684	27336	ZBTB26	HTATSF1	chromatin immunoprecipitation assay	27924024	Homo sapiens	GTRD	No	Mm:Q6P9Q3;Rn:D3ZG35	Dr:A2BF92	Mm:Q8BGC0;Rn:D4A997	-
Q9HCK0	P57738	57684	6988	ZBTB26	TCTA	chromatin immunoprecipitation assay	27924024	Homo sapiens	GTRD	No	Mm:Q6P9Q3;Rn:D3ZG35	Dr:A2BF92	Rn:Q5XIF1	Dr:Q6DGY3;Mm:A0A0A6YXI4
Q9HCK0	Q9NUX5	57684	25913	ZBTB26	POT1	chromatin immunoprecipitation assay	27924024	Homo sapiens	GTRD	No	Mm:Q6P9Q3;Rn:D3ZG35	Dr:A2BF92	Dr:E7F0D5;Mm:Q91WC1;Rn:A0A0G2JX31	-
Q9HCK0	Q5D1E8	57684	80149	ZBTB26	ZC3H12A	chromatin immunoprecipitation assay	27924024	Homo sapiens	GTRD	No	Mm:Q6P9Q3;Rn:D3ZG35	Dr:A2BF92	Mm:Q5D1E7;Rn:A0JPN4	-
Q9HCK0	Q16643	57684	1627	ZBTB26	DBN1	chromatin immunoprecipitation assay	27924024	Homo sapiens	GTRD	No	Mm:Q6P9Q3;Rn:D3ZG35	Dr:A2BF92	Dr:E7F192;Mm:Q9QXS6	Rn:A0A0H2UHL9
Q9HCK0	Q14623	57684	3549	ZBTB26	IHH	chromatin immunoprecipitation assay	27924024	Homo sapiens	GTRD	No	Mm:Q6P9Q3;Rn:D3ZG35	Dr:A2BF92	Dr:F1R9L0;Mm:P97812;Rn:F1LP42	-
Q9HCK0	P54578	57684	9097	ZBTB26	USP14	chromatin immunoprecipitation assay	27924024	Homo sapiens	GTRD	No	Mm:Q6P9Q3;Rn:D3ZG35	Dr:A2BF92	Ce:Q17361;Dm:Q9VKZ8;Dr:F1R4B7;Mm:Q9JMA1;Rn:Q5U2N2;Sc:P43593	-
Q9HCK0	P18859	57684	522	ZBTB26	ATP5PF	chromatin immunoprecipitation assay	27924024	Homo sapiens	GTRD	No	Mm:Q6P9Q3;Rn:D3ZG35	Dr:A2BF92	Dm:Q24407;Mm:P97450;Rn:P21571	Dr:B8JM34
Q9HCK0	Q9UI32	57684	27165	ZBTB26	GLS2	chromatin immunoprecipitation assay	27924024	Homo sapiens	GTRD	No	Mm:Q6P9Q3;Rn:D3ZG35	Dr:A2BF92	Mm:Q571F8;Rn:A0A0H2UHL2	Dr:A4IG49;Dr:B0S7X7
Q9HCK0	P46199	57684	4528	ZBTB26	MTIF2	chromatin immunoprecipitation assay	27924024	Homo sapiens	GTRD	No	Mm:Q6P9Q3;Rn:D3ZG35	Dr:A2BF92	Ce:Q20447;Dm:Q9VAV2;Dr:F1QD40;Mm:Q91YJ5;Sc:P25038	-
Q9HCK0	Q86YD5	57684	143458	ZBTB26	LDLRAD3	chromatin immunoprecipitation assay	27924024	Homo sapiens	GTRD	No	Mm:Q6P9Q3;Rn:D3ZG35	Dr:A2BF92	-	-
Q9HCK0	Q9BUL5	57684	79142	ZBTB26	PHF23	chromatin immunoprecipitation assay	27924024	Homo sapiens	GTRD	No	Mm:Q6P9Q3;Rn:D3ZG35	Dr:A2BF92	Dr:Q5BJ10;Mm:Q8BSN5;Rn:Q6AY75	-
Q9HCK0	Q2VWP7	57684	283659	ZBTB26	PRTG	chromatin immunoprecipitation assay	27924024	Homo sapiens	GTRD	No	Mm:Q6P9Q3;Rn:D3ZG35	Dr:A2BF92	Mm:Q2EY15;Rn:F1LNL1	-
Q9HCK0	Q01064	57684	5153	ZBTB26	PDE1B	chromatin immunoprecipitation assay	27924024	Homo sapiens	GTRD	No	Mm:Q6P9Q3;Rn:D3ZG35	Dr:A2BF92	Ce:O18696;Mm:Q01065;Rn:Q01066	-
Q9HCK0	O60518	57684	26953	ZBTB26	RANBP6	chromatin immunoprecipitation assay	27924024	Homo sapiens	GTRD	No	Mm:Q6P9Q3;Rn:D3ZG35	Dr:A2BF92	Mm:Q8BIV3	-
Q9HCK0	O94916	57684	10725	ZBTB26	NFAT5	chromatin immunoprecipitation assay	27924024	Homo sapiens	GTRD	No	Mm:Q6P9Q3;Rn:D3ZG35	Dr:A2BF92	Mm:Q9WV30	Rn:D3ZGB1
Q9HCK0	Q96JJ7	57684	54495	ZBTB26	TMX3	chromatin immunoprecipitation assay	27924024	Homo sapiens	GTRD	No	Mm:Q6P9Q3;Rn:D3ZG35	Dr:A2BF92	Ce:Q9N4L6;Dm:Q961B9;Mm:Q8BXZ1;Rn:M0R402	-
Q9HCK0	Q86UR5	57684	22999	ZBTB26	RIMS1	chromatin immunoprecipitation assay	27924024	Homo sapiens	GTRD	No	Mm:Q6P9Q3;Rn:D3ZG35	Dr:A2BF92	Mm:F6VBR4;Rn:A0A0G2JT77	-
Q9HCK0	Q3KNV8	57684	10336	ZBTB26	PCGF3	chromatin immunoprecipitation assay	27924024	Homo sapiens	GTRD	No	Mm:Q6P9Q3;Rn:D3ZG35	Dr:A2BF92	Dm:Q9VV77;Mm:Q8BTQ0;Rn:B2RZ26	-
Q9HCK0	Q17R89	57684	9912	ZBTB26	ARHGAP44	chromatin immunoprecipitation assay	27924024	Homo sapiens	GTRD	No	Mm:Q6P9Q3;Rn:D3ZG35	Dr:A2BF92	Mm:Q5SSM3	Dr:A0A0R4ISX7;Rn:A0A0H2UHC0
Q9HCK0	P35658	57684	8021	ZBTB26	NUP214	chromatin immunoprecipitation assay	27924024	Homo sapiens	GTRD	No	Mm:Q6P9Q3;Rn:D3ZG35	Dr:A2BF92	Dm:Q9W1X4;Mm:Q80U93	Rn:D4ACK1
Q9HCK0	Q9Y2K5	57684	22864	ZBTB26	R3HDM2	chromatin immunoprecipitation assay	27924024	Homo sapiens	GTRD	No	Mm:Q6P9Q3;Rn:D3ZG35	Dr:A2BF92	-	-
Q9HCK0	Q96FX7	57684	115708	ZBTB26	TRMT61A	chromatin immunoprecipitation assay	27924024	Homo sapiens	GTRD	No	Mm:Q6P9Q3;Rn:D3ZG35	Dr:A2BF92	Ce:G5EGR8;Dm:Q9VBH7;Dr:Q6DI31;Mm:Q80XC2;Sc:P46959	Rn:Q6AY46
Q9HCK0	O60641	57684	9892	ZBTB26	SNAP91	chromatin immunoprecipitation assay	27924024	Homo sapiens	GTRD	No	Mm:Q6P9Q3;Rn:D3ZG35	Dr:A2BF92	Dm:Q02910;Dm:Q8IR58;Rn:F1LRK0;Sc:P37370	Mm:E9QLK9
Q9HCK0	P62241	57684	6202	ZBTB26	RPS8	chromatin immunoprecipitation assay	27924024	Homo sapiens	GTRD	No	Mm:Q6P9Q3;Rn:D3ZG35	Dr:A2BF92	Ce:P48156;Dm:Q8MLY8;Dr:P62247;Dr:B5DDE8;Mm:P62242;Rn:P62243;Sc:P0CX39	Rn:M0R7Q5
Q9HCK0	Q6ZSZ5	57684	23370	ZBTB26	ARHGEF18	chromatin immunoprecipitation assay	27924024	Homo sapiens	GTRD	No	Mm:Q6P9Q3;Rn:D3ZG35	Dr:A2BF92	-	-
Q9HCK0	Q8NAP8	57684	728116	ZBTB26	ZBTB8B	chromatin immunoprecipitation assay	27924024	Homo sapiens	GTRD	No	Mm:Q6P9Q3;Rn:D3ZG35	Dr:A2BF92	-	-
Q9HCK0	Q9NPF5	57684	55929	ZBTB26	DMAP1	chromatin immunoprecipitation assay	27924024	Homo sapiens	GTRD	No	Mm:Q6P9Q3;Rn:D3ZG35	Dr:A2BF92	Ce:A8XQE0;Dm:Q7K3D8;Dr:B8JI50;Mm:Q9JI44;Rn:Q568Y6	-
Q9HCK0	A4D1Z8	57684	-	ZBTB26	GRIFIN	chromatin immunoprecipitation assay	27924024	Homo sapiens	GTRD	No	Mm:Q6P9Q3;Rn:D3ZG35	Dr:A2BF92	Dr:Q6DGJ1;Mm:Q9D1U0	Rn:G3V651
Q9HCK0	Q9BTL4	57684	9592	ZBTB26	IER2	chromatin immunoprecipitation assay	27924024	Homo sapiens	GTRD	No	Mm:Q6P9Q3;Rn:D3ZG35	Dr:A2BF92	Dr:E7F7B8;Mm:P17950	-
Q9HCK0	P59780	57684	10239	ZBTB26	AP3S2	chromatin immunoprecipitation assay	27924024	Homo sapiens	GTRD	No	Mm:Q6P9Q3;Rn:D3ZG35	Dr:A2BF92	-	-
Q9HCK0	O43741	57684	5565	ZBTB26	PRKAB2	chromatin immunoprecipitation assay	27924024	Homo sapiens	GTRD	No	Mm:Q6P9Q3;Rn:D3ZG35	Dr:A2BF92	Mm:Q6PAM0;Rn:A0A0G2JVK3	-
Q9HCK0	P0CG35	57684	11013;286527	ZBTB26	TMSB15B	chromatin immunoprecipitation assay	27924024	Homo sapiens	GTRD	No	Mm:Q6P9Q3;Rn:D3ZG35	Dr:A2BF92	-	-
Q9HCK0	Q8TB92	57684	54511	ZBTB26	HMGCLL1	chromatin immunoprecipitation assay	27924024	Homo sapiens	GTRD	No	Mm:Q6P9Q3;Rn:D3ZG35	Dr:A2BF92	Mm:Q8JZS7	Rn:D4A5C3
Q9HCK0	Q96IJ6	57684	29926	ZBTB26	GMPPA	chromatin immunoprecipitation assay	27924024	Homo sapiens	GTRD	No	Mm:Q6P9Q3;Rn:D3ZG35	Dr:A2BF92	Ce:Q9N4V3;Dm:Q8SXU3;Dr:F1QZ78;Mm:Q922H4	Dr:Q6GMK8;Rn:A0A0G2K824
Q9HCK0	P09622	57684	1738	ZBTB26	DLD	chromatin immunoprecipitation assay	27924024	Homo sapiens	GTRD	No	Mm:Q6P9Q3;Rn:D3ZG35	Dr:A2BF92	Ce:O17953;Dm:Q9VVL7;Dr:Q6TNU6;Mm:O08749;Rn:Q6P6R2;Sc:P09624	-
Q9HCK0	Q495W5	57684	170384	ZBTB26	FUT11	chromatin immunoprecipitation assay	27924024	Homo sapiens	GTRD	No	Mm:Q6P9Q3;Rn:D3ZG35	Dr:A2BF92	Dr:Q08C60;Mm:Q8BHC9;Rn:Q68FV3	-
Q9HCK0	Q13158	57684	8772	ZBTB26	FADD	chromatin immunoprecipitation assay	27924024	Homo sapiens	GTRD	No	Mm:Q6P9Q3;Rn:D3ZG35	Dr:A2BF92	Mm:Q61160;Rn:Q8R2E7	Dr:A0A0R4IXF0
Q9HCK0	P12821	57684	1636	ZBTB26	ACE	chromatin immunoprecipitation assay	27924024	Homo sapiens	GTRD	No	Mm:Q6P9Q3;Rn:D3ZG35	Dr:A2BF92	Mm:P09470	Dr:E7FFA5
Q9HCK0	Q9NY99	57684	54221	ZBTB26	SNTG2	chromatin immunoprecipitation assay	27924024	Homo sapiens	GTRD	No	Mm:Q6P9Q3;Rn:D3ZG35	Dr:A2BF92	Ce:Q5WRR6;Mm:Q925E0;Rn:D3ZR12	Dm:Q0E952;Dr:A0A286Y8D1
Q9HCK0	P62140	57684	5500	ZBTB26	PPP1CB	chromatin immunoprecipitation assay	27924024	Homo sapiens	GTRD	No	Mm:Q6P9Q3;Rn:D3ZG35	Dr:A2BF92	Ce:Q27497;Dm:P48462;Mm:P62141;Rn:P62142	-
Q9HCK0	P01282	57684	7432	ZBTB26	VIP	chromatin immunoprecipitation assay	27924024	Homo sapiens	GTRD	No	Mm:Q6P9Q3;Rn:D3ZG35	Dr:A2BF92	Mm:A0A0R4J003;Rn:P01283	-
Q9HCK0	Q9H334	57684	27086	ZBTB26	FOXP1	chromatin immunoprecipitation assay	27924024	Homo sapiens	GTRD	No	Mm:Q6P9Q3;Rn:D3ZG35	Dr:A2BF92	-	-
Q9HCK0	Q04637	57684	1981	ZBTB26	EIF4G1	chromatin immunoprecipitation assay	27924024	Homo sapiens	GTRD	No	Mm:Q6P9Q3;Rn:D3ZG35	Dr:A2BF92	Mm:Q6NZJ6;Rn:D3ZU13	Dm:O61380;Dr:B8JL46
Q9HCK0	P50336	57684	5498	ZBTB26	PPOX	chromatin immunoprecipitation assay	27924024	Homo sapiens	GTRD	No	Mm:Q6P9Q3;Rn:D3ZG35	Dr:A2BF92	Dm:Q9VC52;Dr:A8KC40;Mm:P51175;Rn:D3ZVN7;Sc:P40012	-
Q9HCK0	Q9BYM8	57684	10616	ZBTB26	RBCK1	chromatin immunoprecipitation assay	27924024	Homo sapiens	GTRD	No	Mm:Q6P9Q3;Rn:D3ZG35	Dr:A2BF92	Mm:Q9WUB0;Rn:A0A0G2K9L6	-
Q9HCK0	A4FU01	57684	10903	ZBTB26	MTMR11	chromatin immunoprecipitation assay	27924024	Homo sapiens	GTRD	No	Mm:Q6P9Q3;Rn:D3ZG35	Dr:A2BF92	Dr:E7F7E6;Mm:Q3V1L6;Rn:D3ZQH5	-
Q9HCK0	Q6ZNH5	57684	162968	ZBTB26	ZNF497	chromatin immunoprecipitation assay	27924024	Homo sapiens	GTRD	No	Mm:Q6P9Q3;Rn:D3ZG35	Dr:A2BF92	-	-
Q9HCK0	P17900	57684	2760	ZBTB26	GM2A	chromatin immunoprecipitation assay	27924024	Homo sapiens	GTRD	No	Mm:Q6P9Q3;Rn:D3ZG35	Dr:A2BF92	Mm:Q60648;Rn:Q6IN37	-
Q9HCK0	Q8IX03	57684	23286	ZBTB26	WWC1	chromatin immunoprecipitation assay	27924024	Homo sapiens	GTRD	No	Mm:Q6P9Q3;Rn:D3ZG35	Dr:A2BF92	Dr:E9QGC4;Mm:Q5SXA9;Rn:F1M6U0	-
Q9HCK0	Q86Y39	57684	126328	ZBTB26	NDUFA11	chromatin immunoprecipitation assay	27924024	Homo sapiens	GTRD	No	Mm:Q6P9Q3;Rn:D3ZG35	Dr:A2BF92	Dm:Q7JYH3	-
Q9HCK0	Q9NVJ2	57684	55207	ZBTB26	ARL8B	chromatin immunoprecipitation assay	27924024	Homo sapiens	GTRD	No	Mm:Q6P9Q3;Rn:D3ZG35	Dr:A2BF92	Dr:Q6NZW8;Mm:Q9CQW2;Rn:Q66HA6	-
Q9HCK0	Q13057	57684	80347	ZBTB26	COASY	chromatin immunoprecipitation assay	27924024	Homo sapiens	GTRD	No	Mm:Q6P9Q3;Rn:D3ZG35	Dr:A2BF92	Ce:Q9BL56;Dm:Q9VRP4;Dr:Q66HW0;Mm:Q9DBL7;Rn:Q5XIA5	-
Q9HCK0	P42695	57684	23310	ZBTB26	NCAPD3	chromatin immunoprecipitation assay	27924024	Homo sapiens	GTRD	No	Mm:Q6P9Q3;Rn:D3ZG35	Dr:A2BF92	Rn:A0A140UHX3	Dr:F1R935;Mm:K4DI67
Q9HCK0	Q5T5Y3	57684	157922	ZBTB26	CAMSAP1	chromatin immunoprecipitation assay	27924024	Homo sapiens	GTRD	No	Mm:Q6P9Q3;Rn:D3ZG35	Dr:A2BF92	Rn:D3Z8E6	Mm:A0A0A0MQE5
Q9HCK0	Q9NR83	57684	56731	ZBTB26	SLC2A4RG	chromatin immunoprecipitation assay	27924024	Homo sapiens	GTRD	No	Mm:Q6P9Q3;Rn:D3ZG35	Dr:A2BF92	Dr:F1QZA2	-
Q9HCK0	Q9NRX2	57684	63875	ZBTB26	MRPL17	chromatin immunoprecipitation assay	27924024	Homo sapiens	GTRD	No	Mm:Q6P9Q3;Rn:D3ZG35	Dr:A2BF92	Ce:Q9N3F3;Dm:Q9W0S6;Dr:Q66I81;Mm:Q9D8P4;Rn:Q6PDW6	-
Q9HCK0	O14936	57684	8573	ZBTB26	CASK	chromatin immunoprecipitation assay	27924024	Homo sapiens	GTRD	No	Mm:Q6P9Q3;Rn:D3ZG35	Dr:A2BF92	-	-
Q9HCK0	Q14320	57684	9130	ZBTB26	FAM50A	chromatin immunoprecipitation assay	27924024	Homo sapiens	GTRD	No	Mm:Q6P9Q3;Rn:D3ZG35	Dr:A2BF92	Dr:F1RCE5;Mm:Q9WV03;Rn:G3V9M8	-
Q9HCK0	P28340	57684	5424	ZBTB26	POLD1	chromatin immunoprecipitation assay	27924024	Homo sapiens	GTRD	No	Mm:Q6P9Q3;Rn:D3ZG35	Dr:A2BF92	-	-
Q9HCK0	Q13795	57684	10139	ZBTB26	ARFRP1	chromatin immunoprecipitation assay	27924024	Homo sapiens	GTRD	No	Mm:Q6P9Q3;Rn:D3ZG35	Dr:A2BF92	Ce:Q9N3C8;Dm:Q9W389;Dr:E7FAS3;Mm:Q8BXL7;Rn:Q63055	-
Q9HCK0	Q9HCJ5	57684	57688	ZBTB26	ZSWIM6	chromatin immunoprecipitation assay	27924024	Homo sapiens	GTRD	No	Mm:Q6P9Q3;Rn:D3ZG35	Dr:A2BF92	Mm:Q80TB7;Rn:Q7TP63	-
Q9HCK0	Q9BXM7	57684	65018	ZBTB26	PINK1	chromatin immunoprecipitation assay	27924024	Homo sapiens	GTRD	No	Mm:Q6P9Q3;Rn:D3ZG35	Dr:A2BF92	Dr:F1QTR3;Mm:Q99MQ3;Rn:B5DFG1	-
Q9HCK0	Q6ZSI9	57684	147968	ZBTB26	CAPN12	chromatin immunoprecipitation assay	27924024	Homo sapiens	GTRD	No	Mm:Q6P9Q3;Rn:D3ZG35	Dr:A2BF92	Mm:E9QL26;Rn:D3ZJZ8	Dr:Q1LUX4
Q9HCK0	Q9UHB4	57684	27158	ZBTB26	NDOR1	chromatin immunoprecipitation assay	27924024	Homo sapiens	GTRD	No	Mm:Q6P9Q3;Rn:D3ZG35	Dr:A2BF92	Ce:M1ZMI3;Dm:Q9VSJ5;Dr:F1R9Y7;Mm:A2AI05;Rn:D4ABT4;Sc:Q12181	Mm:A0A2I3BQN1
Q9HCK0	Q5TG30	57684	-	ZBTB26	ARHGAP40	chromatin immunoprecipitation assay	27924024	Homo sapiens	GTRD	No	Mm:Q6P9Q3;Rn:D3ZG35	Dr:A2BF92	Mm:E9Q6X9	Rn:D3ZWF9
Q9HCK0	Q9NP59	57684	30061	ZBTB26	SLC40A1	chromatin immunoprecipitation assay	27924024	Homo sapiens	GTRD	No	Mm:Q6P9Q3;Rn:D3ZG35	Dr:A2BF92	Ce:Q8IA95;Dr:B0V344;Mm:Q9JHI9;Rn:G3V6H7	Rn:M0R6B7
Q9HCK0	Q9NUJ1	57684	55347	ZBTB26	ABHD10	chromatin immunoprecipitation assay	27924024	Homo sapiens	GTRD	No	Mm:Q6P9Q3;Rn:D3ZG35	Dr:A2BF92	Dr:E7F9Y7;Mm:Q6PE15	Rn:Q5I0K5
Q9HCK0	Q9NW97	57684	55092	ZBTB26	TMEM51	chromatin immunoprecipitation assay	27924024	Homo sapiens	GTRD	No	Mm:Q6P9Q3;Rn:D3ZG35	Dr:A2BF92	Dr:F1QL65;Dr:A9C3W4;Mm:Q99LG1;Rn:D4AE69	-
Q9HCK0	Q9NQX1	57684	11107	ZBTB26	PRDM5	chromatin immunoprecipitation assay	27924024	Homo sapiens	GTRD	No	Mm:Q6P9Q3;Rn:D3ZG35	Dr:A2BF92	Mm:Q9CXE0;Rn:D3ZRZ9	Dr:F1Q8J8
Q9HCK0	Q06455	57684	862	ZBTB26	RUNX1T1	chromatin immunoprecipitation assay	27924024	Homo sapiens	GTRD	No	Mm:Q6P9Q3;Rn:D3ZG35	Dr:A2BF92	Mm:Q61909;Rn:A0A0G2K0G0	Dr:Q1L8K2
Q9HCK0	P16435	57684	5447	ZBTB26	POR	chromatin immunoprecipitation assay	27924024	Homo sapiens	GTRD	No	Mm:Q6P9Q3;Rn:D3ZG35	Dr:A2BF92	-	-
Q9HCK0	Q86UD1	57684	220323	ZBTB26	OAF	chromatin immunoprecipitation assay	27924024	Homo sapiens	GTRD	No	Mm:Q6P9Q3;Rn:D3ZG35	Dr:A2BF92	Mm:Q8QZR4;Rn:Q6AYE5	Dm:A4V013;Dr:E7F706
Q9HCK0	P50749	57684	9770	ZBTB26	RASSF2	chromatin immunoprecipitation assay	27924024	Homo sapiens	GTRD	No	Mm:Q6P9Q3;Rn:D3ZG35	Dr:A2BF92	Dr:A9C3N2;Mm:Q8BMS9;Rn:G3V8W1	-
Q9HCK0	P14415	57684	482	ZBTB26	ATP1B2	chromatin immunoprecipitation assay	27924024	Homo sapiens	GTRD	No	Mm:Q6P9Q3;Rn:D3ZG35	Dr:A2BF92	Dr:Q9DGL2;Mm:P14231;Rn:Q5M9H4	Dr:Q90Z34
Q9HCK0	O60729	57684	8555	ZBTB26	CDC14B	chromatin immunoprecipitation assay	27924024	Homo sapiens	GTRD	No	Mm:Q6P9Q3;Rn:D3ZG35	Dr:A2BF92	-	-
Q9HCK0	Q8IV01	57684	91683	ZBTB26	SYT12	chromatin immunoprecipitation assay	27924024	Homo sapiens	GTRD	No	Mm:Q6P9Q3;Rn:D3ZG35	Dr:A2BF92	Mm:Q920N7;Rn:P97610	Dr:B3DJ38
Q9HCK0	O43829	57684	7541	ZBTB26	ZBTB14	chromatin immunoprecipitation assay	27924024	Homo sapiens	GTRD	No	Mm:Q6P9Q3;Rn:D3ZG35	Dr:A2BF92	Dr:Q7SYJ3;Mm:Q08376;Rn:F1LMU5	-
Q9HCK0	Q9NV96	57684	55754	ZBTB26	TMEM30A	chromatin immunoprecipitation assay	27924024	Homo sapiens	GTRD	No	Mm:Q6P9Q3;Rn:D3ZG35	Dr:A2BF92	Ce:H2L0H3;Dr:F1QEI3;Mm:Q8VEK0	Dm:X2JKP3;Dr:Q5VSE9;Rn:A0A0G2JXG3
Q9HCK0	Q5R372	57684	9910	ZBTB26	RABGAP1L	chromatin immunoprecipitation assay	27924024	Homo sapiens	GTRD	No	Mm:Q6P9Q3;Rn:D3ZG35	Dr:A2BF92	Mm:A6H6A9;Rn:D3ZKH6	Dr:E9QDE9
Q9HCK0	Q8TCW9	57684	10887	ZBTB26	PROKR1	chromatin immunoprecipitation assay	27924024	Homo sapiens	GTRD	No	Mm:Q6P9Q3;Rn:D3ZG35	Dr:A2BF92	-	-
Q9HCK0	Q9UJ42	57684	26996	ZBTB26	GPR160	chromatin immunoprecipitation assay	27924024	Homo sapiens	GTRD	No	Mm:Q6P9Q3;Rn:D3ZG35	Dr:A2BF92	Dr:B3DKA6;Mm:Q3U3F9;Rn:Q66H29	-
Q9HCK0	Q9UJT1	57684	51174	ZBTB26	TUBD1	chromatin immunoprecipitation assay	27924024	Homo sapiens	GTRD	No	Mm:Q6P9Q3;Rn:D3ZG35	Dr:A2BF92	Dr:Q6IQ78;Mm:Q9R1K7	Rn:A0A0G2K6I6
Q9HCK0	P16949	57684	3925	ZBTB26	STMN1	chromatin immunoprecipitation assay	27924024	Homo sapiens	GTRD	No	Mm:Q6P9Q3;Rn:D3ZG35	Dr:A2BF92	Dr:Q568Q7;Dr:Q1RLQ1;Mm:P54227;Rn:P13668	-
Q9HCK0	Q6P5R6	57684	200916	ZBTB26	RPL22L1	chromatin immunoprecipitation assay	27924024	Homo sapiens	GTRD	No	Mm:Q6P9Q3;Rn:D3ZG35	Dr:A2BF92	Mm:Q9D7S7;Rn:B2RZD5	Dr:Q0VFW0;Rn:D3ZSF9
Q9HCK0	Q8TDZ2	57684	64780	ZBTB26	MICAL1	chromatin immunoprecipitation assay	27924024	Homo sapiens	GTRD	No	Mm:Q6P9Q3;Rn:D3ZG35	Dr:A2BF92	Mm:Q8VDP3	Dr:H9KUX2;Rn:D3ZBP4
Q9HCK0	Q3MIX3	57684	203054	ZBTB26	ADCK5	chromatin immunoprecipitation assay	27924024	Homo sapiens	GTRD	No	Mm:Q6P9Q3;Rn:D3ZG35	Dr:A2BF92	Dm:Q9VTG5;Mm:E9PUK2;Rn:A0A0G2K6E7	Dr:F1Q5S6
Q9HCK0	Q9UQ80	57684	5036	ZBTB26	PA2G4	chromatin immunoprecipitation assay	27924024	Homo sapiens	GTRD	No	Mm:Q6P9Q3;Rn:D3ZG35	Dr:A2BF92	Ce:Q9N5B3;Dm:Q9VRP2;Dr:Q6PHD8;Dr:Q8AW82;Mm:P50580;Rn:Q6AYD3	-
Q9HCK0	P37173	57684	7048	ZBTB26	TGFBR2	chromatin immunoprecipitation assay	27924024	Homo sapiens	GTRD	No	Mm:Q6P9Q3;Rn:D3ZG35	Dr:A2BF92	Dr:F1QKF4;Mm:Q62312;Rn:P38438	-
Q9HCK0	Q8NDT2	57684	29890	ZBTB26	RBM15B	chromatin immunoprecipitation assay	27924024	Homo sapiens	GTRD	No	Mm:Q6P9Q3;Rn:D3ZG35	Dr:A2BF92	Mm:Q6PHZ5;Rn:D3ZHD6	Dr:E9QBX7
Q9HCK0	Q9C0D6	57684	85462	ZBTB26	FHDC1	chromatin immunoprecipitation assay	27924024	Homo sapiens	GTRD	No	Mm:Q6P9Q3;Rn:D3ZG35	Dr:A2BF92	Mm:Q3ULZ2;Rn:D3ZL83	Dr:E7EZI8
Q9HCK0	Q9UHQ7	57684	51186	ZBTB26	TCEAL9	chromatin immunoprecipitation assay	27924024	Homo sapiens	GTRD	No	Mm:Q6P9Q3;Rn:D3ZG35	Dr:A2BF92	Mm:Q9DD24;Rn:B2RYT6	-
Q9HCK0	Q9Y3L5	57684	57826	ZBTB26	RAP2C	chromatin immunoprecipitation assay	27924024	Homo sapiens	GTRD	No	Mm:Q6P9Q3;Rn:D3ZG35	Dr:A2BF92	Mm:Q8BU31;Rn:D3ZK56	Dr:F1R684
Q9HCK0	P61088	57684	7334	ZBTB26	UBE2N	chromatin immunoprecipitation assay	27924024	Homo sapiens	GTRD	No	Mm:Q6P9Q3;Rn:D3ZG35	Dr:A2BF92	Dr:Q803J2;Dr:Q7T3F3;Mm:P61089;Rn:Q9EQX9	-
Q9HCK0	Q96A83	57684	136227	ZBTB26	COL26A1	chromatin immunoprecipitation assay	27924024	Homo sapiens	GTRD	No	Mm:Q6P9Q3;Rn:D3ZG35	Dr:A2BF92	Mm:Q91VF6;Rn:F1M0M7	-
Q9HCK0	Q9UMF0	57684	7087	ZBTB26	ICAM5	chromatin immunoprecipitation assay	27924024	Homo sapiens	GTRD	No	Mm:Q6P9Q3;Rn:D3ZG35	Dr:A2BF92	Mm:Q60625;Rn:D4A435	-
Q9HCK0	P49368	57684	7203	ZBTB26	CCT3	chromatin immunoprecipitation assay	27924024	Homo sapiens	GTRD	No	Mm:Q6P9Q3;Rn:D3ZG35	Dr:A2BF92	Ce:Q9N4J8;Dm:P48605;Dr:Q7T2P2;Mm:P80318;Rn:Q6P502;Sc:P39077	-
Q9HCK0	Q6YP21	57684	56267	ZBTB26	KYAT3	chromatin immunoprecipitation assay	27924024	Homo sapiens	GTRD	No	Mm:Q6P9Q3;Rn:D3ZG35	Dr:A2BF92	Ce:Q8MP09;Dm:Q8SXC2;Mm:Q71RI9;Rn:F1M572	Ce:Q9XX97;Dr:A0A0R4IBA4;Dr:A0A0R4IJ00
Q9HCK0	Q96CG8	57684	115908	ZBTB26	CTHRC1	chromatin immunoprecipitation assay	27924024	Homo sapiens	GTRD	No	Mm:Q6P9Q3;Rn:D3ZG35	Dr:A2BF92	Dr:F1Q7G0;Mm:Q9D1D6;Rn:Q8CG08	Dr:F6P0H3
Q9HCK0	Q6P2C0	57684	56964	ZBTB26	WDR93	chromatin immunoprecipitation assay	27924024	Homo sapiens	GTRD	No	Mm:Q6P9Q3;Rn:D3ZG35	Dr:A2BF92	Dr:E7FAS7;Mm:Q402B2	Rn:D3ZYU1
Q9HCK0	Q13492	57684	8301	ZBTB26	PICALM	chromatin immunoprecipitation assay	27924024	Homo sapiens	GTRD	No	Mm:Q6P9Q3;Rn:D3ZG35	Dr:A2BF92	Dr:F1QKW9;Mm:Q7M6Y3	Rn:A0A0G2JTT2
Q9HCK0	Q9NQG5	57684	58490	ZBTB26	RPRD1B	chromatin immunoprecipitation assay	27924024	Homo sapiens	GTRD	No	Mm:Q6P9Q3;Rn:D3ZG35	Dr:A2BF92	Dr:Q7ZUK9;Rn:B5DEK0	Mm:A0A0R4J195
Q9HCK0	Q5CZA5	57684	390980	ZBTB26	ZNF805	chromatin immunoprecipitation assay	27924024	Homo sapiens	GTRD	No	Mm:Q6P9Q3;Rn:D3ZG35	Dr:A2BF92	-	-
Q9HCK0	Q9H1B5	57684	64132	ZBTB26	XYLT2	chromatin immunoprecipitation assay	27924024	Homo sapiens	GTRD	No	Mm:Q6P9Q3;Rn:D3ZG35	Dr:A2BF92	Mm:Q9EPL0;Rn:Q3KRD6	-
Q9HCK0	P13688	57684	634	ZBTB26	CEACAM1	chromatin immunoprecipitation assay	27924024	Homo sapiens	GTRD	No	Mm:Q6P9Q3;Rn:D3ZG35	Dr:A2BF92	Mm:Q925P2;Rn:P16573	Dr:R4GEK3;Mm:Q925P3
Q9HCK0	O94925	57684	2744	ZBTB26	GLS	chromatin immunoprecipitation assay	27924024	Homo sapiens	GTRD	No	Mm:Q6P9Q3;Rn:D3ZG35	Dr:A2BF92	Dr:Q1LWI2;Mm:D3Z7P3;Rn:A0A0G2K1T0	Dr:F1RA10
Q9HCK0	P13073	57684	1327	ZBTB26	COX4I1	chromatin immunoprecipitation assay	27924024	Homo sapiens	GTRD	No	Mm:Q6P9Q3;Rn:D3ZG35	Dr:A2BF92	Dr:Q6TNV0;Mm:P19783;Rn:P10888	-
Q9HCK0	P51810	57684	4935	ZBTB26	GPR143	chromatin immunoprecipitation assay	27924024	Homo sapiens	GTRD	No	Mm:Q6P9Q3;Rn:D3ZG35	Dr:A2BF92	Dr:F1QS87;Mm:P70259	Rn:D4A082
Q9HCK0	O95190	57684	4947	ZBTB26	OAZ2	chromatin immunoprecipitation assay	27924024	Homo sapiens	GTRD	No	Mm:Q6P9Q3;Rn:D3ZG35	Dr:A2BF92	Mm:O08608;Rn:F1M7B5	-
Q9HCK0	Q17R98	57684	152485	ZBTB26	ZNF827	chromatin immunoprecipitation assay	27924024	Homo sapiens	GTRD	No	Mm:Q6P9Q3;Rn:D3ZG35	Dr:A2BF92	Dr:F1RA62	Mm:A0A571BE87;Rn:F1LVT1
Q9HCK0	Q8NC42	57684	284996	ZBTB26	RNF149	chromatin immunoprecipitation assay	27924024	Homo sapiens	GTRD	No	Mm:Q6P9Q3;Rn:D3ZG35	Dr:A2BF92	Mm:Q3U2C5;Rn:D3ZI66	-
Q9HCK0	P35052	57684	2817	ZBTB26	GPC1	chromatin immunoprecipitation assay	27924024	Homo sapiens	GTRD	No	Mm:Q6P9Q3;Rn:D3ZG35	Dr:A2BF92	Dr:Q1LXM6;Mm:Q9QZF2;Rn:Q6P7Q2	-
Q9HCK0	P12931	57684	6714	ZBTB26	SRC	chromatin immunoprecipitation assay	27924024	Homo sapiens	GTRD	No	Mm:Q6P9Q3;Rn:D3ZG35	Dr:A2BF92	Mm:P05480	Dr:Q1JPZ3;Rn:Q9WUD9
Q9HCK0	Q8NEC7	57684	79807	ZBTB26	GSTCD	chromatin immunoprecipitation assay	27924024	Homo sapiens	GTRD	No	Mm:Q6P9Q3;Rn:D3ZG35	Dr:A2BF92	Dm:Q9VJ34;Dr:B8A5G3;Mm:Q5RL51;Rn:A0A0G2K635	-
Q9HCK0	P55011	57684	6558	ZBTB26	SLC12A2	chromatin immunoprecipitation assay	27924024	Homo sapiens	GTRD	No	Mm:Q6P9Q3;Rn:D3ZG35	Dr:A2BF92	Mm:E9QM38;Rn:E9PTX9	-
Q9HCK0	K7ELZ2	57684	-	ZBTB26	-	chromatin immunoprecipitation assay	27924024	Homo sapiens	GTRD	No	Mm:Q6P9Q3;Rn:D3ZG35	Dr:A2BF92	-	-
Q9HCK0	Q9H444	57684	128866	ZBTB26	CHMP4B	chromatin immunoprecipitation assay	27924024	Homo sapiens	GTRD	No	Mm:Q6P9Q3;Rn:D3ZG35	Dr:A2BF92	Dm:Q8T0Q4;Dr:F1R9G6;Mm:Q9D8B3;Rn:M0RCH6	Rn:D4A9Z8
Q9HCK0	P35790	57684	1119	ZBTB26	CHKA	chromatin immunoprecipitation assay	27924024	Homo sapiens	GTRD	No	Mm:Q6P9Q3;Rn:D3ZG35	Dr:A2BF92	Mm:O54804;Rn:Q01134	Dr:Q1LWF2
Q9HCK0	Q86XE3	57684	286097	ZBTB26	MICU3	chromatin immunoprecipitation assay	27924024	Homo sapiens	GTRD	No	Mm:Q6P9Q3;Rn:D3ZG35	Dr:A2BF92	Dr:E7FF65;Dr:E7FFY6;Mm:Q9CTY5;Rn:D3ZG95	Dm:A0A0B4KGC9
Q9HCK0	P25391	57684	284217	ZBTB26	LAMA1	chromatin immunoprecipitation assay	27924024	Homo sapiens	GTRD	No	Mm:Q6P9Q3;Rn:D3ZG35	Dr:A2BF92	Dr:A0A0R4II20;Mm:P19137;Rn:D4A409	-
Q9HCK0	Q9UJC5	57684	83699	ZBTB26	SH3BGRL2	chromatin immunoprecipitation assay	27924024	Homo sapiens	GTRD	No	Mm:Q6P9Q3;Rn:D3ZG35	Dr:A2BF92	Dr:Q6GMK7;Mm:Q8BG73;Rn:A0A0G2K8I0	-
Q9HCK0	Q8TBZ0	57684	256309	ZBTB26	CCDC110	chromatin immunoprecipitation assay	27924024	Homo sapiens	GTRD	No	Mm:Q6P9Q3;Rn:D3ZG35	Dr:A2BF92	Mm:Q3V125	Rn:B2GV42
Q9HCK0	Q9NRV9	57684	50865	ZBTB26	HEBP1	chromatin immunoprecipitation assay	27924024	Homo sapiens	GTRD	No	Mm:Q6P9Q3;Rn:D3ZG35	Dr:A2BF92	Mm:A0A140T8J4;Rn:B4F7C7	-
Q9HCK0	Q96IK5	57684	64395	ZBTB26	GMCL1	chromatin immunoprecipitation assay	27924024	Homo sapiens	GTRD	No	Mm:Q6P9Q3;Rn:D3ZG35	Dr:A2BF92	Mm:Q920G9	-
Q9HCK0	Q8NBT0	57684	25886	ZBTB26	POC1A	chromatin immunoprecipitation assay	27924024	Homo sapiens	GTRD	No	Mm:Q6P9Q3;Rn:D3ZG35	Dr:A2BF92	Mm:Q8JZX3	Rn:D4ABU4
Q9HCK0	P16870	57684	1363	ZBTB26	CPE	chromatin immunoprecipitation assay	27924024	Homo sapiens	GTRD	No	Mm:Q6P9Q3;Rn:D3ZG35	Dr:A2BF92	Dr:Q6NSM5;Mm:Q00493;Rn:D4A8X4	-
Q9HCK0	Q8N3L3	57684	167838	ZBTB26	TXLNB	chromatin immunoprecipitation assay	27924024	Homo sapiens	GTRD	No	Mm:Q6P9Q3;Rn:D3ZG35	Dr:A2BF92	Mm:Q8VBT1;Rn:A0A0G2K2T1	-
Q9HCK0	Q96EY5	57684	93343	ZBTB26	MVB12A	chromatin immunoprecipitation assay	27924024	Homo sapiens	GTRD	No	Mm:Q6P9Q3;Rn:D3ZG35	Dr:A2BF92	Mm:Q78HU3;Rn:Q6P777	-
Q9HCK0	Q9BRJ9	57684	55897	ZBTB26	MESP1	chromatin immunoprecipitation assay	27924024	Homo sapiens	GTRD	No	Mm:Q6P9Q3;Rn:D3ZG35	Dr:A2BF92	Mm:P97309	Rn:D3ZUG3
Q9HCK0	O43526	57684	3785	ZBTB26	KCNQ2	chromatin immunoprecipitation assay	27924024	Homo sapiens	GTRD	No	Mm:Q6P9Q3;Rn:D3ZG35	Dr:A2BF92	-	Mm:B7ZBV9;Rn:F1M6X3
Q9HCK0	Q9NS93	57684	51768	ZBTB26	TM7SF3	chromatin immunoprecipitation assay	27924024	Homo sapiens	GTRD	No	Mm:Q6P9Q3;Rn:D3ZG35	Dr:A2BF92	Dr:F1QC74;Mm:A0A0R4J0K4;Rn:Q5FVF4	-
Q9HCK0	Q9NSY2	57684	80765	ZBTB26	STARD5	chromatin immunoprecipitation assay	27924024	Homo sapiens	GTRD	No	Mm:Q6P9Q3;Rn:D3ZG35	Dr:A2BF92	Dr:A0A0G2KUS3;Mm:Q9EPQ7;Rn:D3ZN38	-
Q9HCK0	P21127	57684	984	ZBTB26	CDK11B	chromatin immunoprecipitation assay	27924024	Homo sapiens	GTRD	No	Mm:Q6P9Q3;Rn:D3ZG35	Dr:A2BF92	Mm:P24788;Rn:D4A3G2	-
Q9HCK0	B1AHC3	57684	553158	ZBTB26	PRR5-ARHGAP8	chromatin immunoprecipitation assay	27924024	Homo sapiens	GTRD	No	Mm:Q6P9Q3;Rn:D3ZG35	Dr:A2BF92	-	-
Q9HCK0	Q9H3T2	57684	10500	ZBTB26	SEMA6C	chromatin immunoprecipitation assay	27924024	Homo sapiens	GTRD	No	Mm:Q6P9Q3;Rn:D3ZG35	Dr:A2BF92	Dr:B8JMB1;Mm:Q9WTM3;Rn:Q9WTL3	-
Q9HCK0	Q9UM54	57684	4646	ZBTB26	MYO6	chromatin immunoprecipitation assay	27924024	Homo sapiens	GTRD	No	Mm:Q6P9Q3;Rn:D3ZG35	Dr:A2BF92	Ce:Q9TZI9;Ce:U4PBY2;Dm:Q01989;Mm:E9Q3L1;Rn:D4A5I9	-
Q9HCK0	Q9NUH8	57684	81853	ZBTB26	TMEM14B	chromatin immunoprecipitation assay	27924024	Homo sapiens	GTRD	No	Mm:Q6P9Q3;Rn:D3ZG35	Dr:A2BF92	-	-
Q9HCK0	Q9NQ69	57684	56956	ZBTB26	LHX9	chromatin immunoprecipitation assay	27924024	Homo sapiens	GTRD	No	Mm:Q6P9Q3;Rn:D3ZG35	Dr:A2BF92	Ce:G5EE86;Mm:Q9WUH2;Rn:Q80W90	Dr:Q1LWV4
Q9HCK0	Q9NQV8	57684	56978	ZBTB26	PRDM8	chromatin immunoprecipitation assay	27924024	Homo sapiens	GTRD	No	Mm:Q6P9Q3;Rn:D3ZG35	Dr:A2BF92	Dr:A2BG51;Mm:B2RU90;Rn:D4A123	-
Q9HCK0	Q8IX12	57684	55749	ZBTB26	CCAR1	chromatin immunoprecipitation assay	27924024	Homo sapiens	GTRD	No	Mm:Q6P9Q3;Rn:D3ZG35	Dr:A2BF92	Mm:Q8CH18	Dr:B8A6A5;Rn:D4A2P1
Q9HCK0	Q14206	57684	10231	ZBTB26	RCAN2	chromatin immunoprecipitation assay	27924024	Homo sapiens	GTRD	No	Mm:Q6P9Q3;Rn:D3ZG35	Dr:A2BF92	Dm:Q9XZL8	Dr:Q6NSN4;Mm:Q8VIP4;Rn:A0A0G2JSK3
Q9HCK0	Q494X3	57684	342908	ZBTB26	ZNF404	chromatin immunoprecipitation assay	27924024	Homo sapiens	GTRD	No	Mm:Q6P9Q3;Rn:D3ZG35	Dr:A2BF92	-	-
Q9HCK0	Q9Y6M7	57684	9497	ZBTB26	SLC4A7	chromatin immunoprecipitation assay	27924024	Homo sapiens	GTRD	No	Mm:Q6P9Q3;Rn:D3ZG35	Dr:A2BF92	Mm:F8VQC9;Rn:Q9R1N3	-
Q9HCK0	P04350	57684	10382	ZBTB26	TUBB4A	chromatin immunoprecipitation assay	27924024	Homo sapiens	GTRD	No	Mm:Q6P9Q3;Rn:D3ZG35	Dr:A2BF92	Mm:Q9D6F9;Rn:B4F7C2	-
Q9HCK0	Q8NCC5	57684	84255	ZBTB26	SLC37A3	chromatin immunoprecipitation assay	27924024	Homo sapiens	GTRD	No	Mm:Q6P9Q3;Rn:D3ZG35	Dr:A2BF92	Ce:Q22406;Ce:Q22410;Ce:Q22409;Mm:A0A0R4J133;Rn:D3ZZP1	Dr:A0A0G2L9U9
Q9HCK0	Q9H857	57684	64943	ZBTB26	NT5DC2	chromatin immunoprecipitation assay	27924024	Homo sapiens	GTRD	No	Mm:Q6P9Q3;Rn:D3ZG35	Dr:A2BF92	Mm:A0A2I3BR81;Rn:Q6Q0N3	-
Q9HCK0	O95379	57684	25816	ZBTB26	TNFAIP8	chromatin immunoprecipitation assay	27924024	Homo sapiens	GTRD	No	Mm:Q6P9Q3;Rn:D3ZG35	Dr:A2BF92	Rn:A0A0G2K2P3	Mm:D3YWJ5
Q9HCK0	P54284	57684	784	ZBTB26	CACNB3	chromatin immunoprecipitation assay	27924024	Homo sapiens	GTRD	No	Mm:Q6P9Q3;Rn:D3ZG35	Dr:A2BF92	Mm:P54285;Rn:P54287	Dr:E9QF66;Dr:F1RE82
Q9HCK0	Q7L099	57684	22902	ZBTB26	RUFY3	chromatin immunoprecipitation assay	27924024	Homo sapiens	GTRD	No	Mm:Q6P9Q3;Rn:D3ZG35	Dr:A2BF92	-	Dr:F1QI60;Mm:A0A0G2JFT8;Rn:A0A0G2K6A9
Q9HCK0	Q9HCK4	57684	6092	ZBTB26	ROBO2	chromatin immunoprecipitation assay	27924024	Homo sapiens	GTRD	No	Mm:Q6P9Q3;Rn:D3ZG35	Dr:A2BF92	-	Mm:E9Q6A0;Rn:A0A0G2JZA1
Q9HCK0	O00506	57684	10494	ZBTB26	STK25	chromatin immunoprecipitation assay	27924024	Homo sapiens	GTRD	No	Mm:Q6P9Q3;Rn:D3ZG35	Dr:A2BF92	Ce:Q11112;Dr:Q7ZVG8;Mm:Q9Z2W1;Rn:Q6V9V9	-
Q9HCK0	Q6ZSJ8	57684	127687	ZBTB26	C1orf122	chromatin immunoprecipitation assay	27924024	Homo sapiens	GTRD	No	Mm:Q6P9Q3;Rn:D3ZG35	Dr:A2BF92	Rn:D3ZK76	Mm:V9GXF1
Q9HCK0	Q6ZMI3	57684	342035	ZBTB26	GLDN	chromatin immunoprecipitation assay	27924024	Homo sapiens	GTRD	No	Mm:Q6P9Q3;Rn:D3ZG35	Dr:A2BF92	Ce:G5EBT7;Dr:F2Z4S9;Mm:Q8BMF8;Rn:G3V8X4	Ce:Q6RSA2
Q9HCK0	Q7L5N1	57684	10980	ZBTB26	COPS6	chromatin immunoprecipitation assay	27924024	Homo sapiens	GTRD	No	Mm:Q6P9Q3;Rn:D3ZG35	Dr:A2BF92	Dm:Q9VCY3;Mm:O88545;Rn:D3ZI16	-
Q9HCK0	Q9NUK0	57684	55796	ZBTB26	MBNL3	chromatin immunoprecipitation assay	27924024	Homo sapiens	GTRD	No	Mm:Q6P9Q3;Rn:D3ZG35	Dr:A2BF92	Mm:Q8R003	Rn:D3ZQV3
Q9HCK0	P31939	57684	471	ZBTB26	ATIC	chromatin immunoprecipitation assay	27924024	Homo sapiens	GTRD	No	Mm:Q6P9Q3;Rn:D3ZG35	Dr:A2BF92	Ce:Q95QQ4;Dm:Q9VC18;Dr:A2CEW4;Mm:Q9CWJ9;Rn:O35567;Sc:P54113;Sc:P38009	-
Q9HCK0	O43324	57684	9521	ZBTB26	EEF1E1	chromatin immunoprecipitation assay	27924024	Homo sapiens	GTRD	No	Mm:Q6P9Q3;Rn:D3ZG35	Dr:A2BF92	Dm:Q8MKK1	-
Q9HCK0	Q9NWZ5	57684	54963	ZBTB26	UCKL1	chromatin immunoprecipitation assay	27924024	Homo sapiens	GTRD	No	Mm:Q6P9Q3;Rn:D3ZG35	Dr:A2BF92	Ce:H2L2A8;Dr:F1QWG3;Mm:Q91YL3;Rn:D3ZYQ8;Sc:P27515	Dm:A1ZAS3
Q9HCK0	Q6UX07	57684	147015	ZBTB26	DHRS13	chromatin immunoprecipitation assay	27924024	Homo sapiens	GTRD	No	Mm:Q6P9Q3;Rn:D3ZG35	Dr:A2BF92	Dr:Q6DBT2;Dr:F1R2W1;Mm:Q5SS80	Rn:D3ZBC7
Q9HCK0	O95278	57684	7957	ZBTB26	EPM2A	chromatin immunoprecipitation assay	27924024	Homo sapiens	GTRD	No	Mm:Q6P9Q3;Rn:D3ZG35	Dr:A2BF92	Dr:E9QCC5;Mm:Q9WUA5;Rn:Q91XQ2	-
Q9HCK0	Q9Y600	57684	51380	ZBTB26	CSAD	chromatin immunoprecipitation assay	27924024	Homo sapiens	GTRD	No	Mm:Q6P9Q3;Rn:D3ZG35	Dr:A2BF92	Mm:Q9DBE0;Rn:Q64611	Dr:F1QG14
Q9HCK0	Q99700	57684	6311	ZBTB26	ATXN2	chromatin immunoprecipitation assay	27924024	Homo sapiens	GTRD	No	Mm:Q6P9Q3;Rn:D3ZG35	Dr:A2BF92	Ce:K8FDZ1;Dr:A2CF31;Mm:E9QM77;Rn:F1M049	-
Q9HCK0	Q70UQ0	57684	121457	ZBTB26	IKBIP	chromatin immunoprecipitation assay	27924024	Homo sapiens	GTRD	No	Mm:Q6P9Q3;Rn:D3ZG35	Dr:A2BF92	Rn:Q5EAJ6	Mm:E9QMH7
Q9HCK0	P13284	57684	10437	ZBTB26	IFI30	chromatin immunoprecipitation assay	27924024	Homo sapiens	GTRD	No	Mm:Q6P9Q3;Rn:D3ZG35	Dr:A2BF92	Ce:O17861;Rn:Q499T2	Dr:Q5XJN2
Q9HCK0	Q6QNY1	57684	282991	ZBTB26	BLOC1S2	chromatin immunoprecipitation assay	27924024	Homo sapiens	GTRD	No	Mm:Q6P9Q3;Rn:D3ZG35	Dr:A2BF92	Ce:Q95XD3;Dm:Q9VTE0;Mm:Q9CWG9	Rn:A0SXU1
Q9HCK0	Q14004	57684	8621	ZBTB26	CDK13	chromatin immunoprecipitation assay	27924024	Homo sapiens	GTRD	No	Mm:Q6P9Q3;Rn:D3ZG35	Dr:A2BF92	-	-
Q9HCK0	Q96BY2	57684	64112	ZBTB26	MOAP1	chromatin immunoprecipitation assay	27924024	Homo sapiens	GTRD	No	Mm:Q6P9Q3;Rn:D3ZG35	Dr:A2BF92	Mm:Q9ERH6;Rn:Q5BJV6	-
Q9HCK0	O60861	57684	8522	ZBTB26	GAS7	chromatin immunoprecipitation assay	27924024	Homo sapiens	GTRD	No	Mm:Q6P9Q3;Rn:D3ZG35	Dr:A2BF92	-	Dr:E7FA03;Mm:F6QB26;Rn:A0A0G2JT50
Q9HCK0	P21439	57684	5244	ZBTB26	ABCB4	chromatin immunoprecipitation assay	27924024	Homo sapiens	GTRD	No	Mm:Q6P9Q3;Rn:D3ZG35	Dr:A2BF92	Mm:P21440	Dm:Q5BI62
Q9HCK0	Q16762	57684	7263	ZBTB26	TST	chromatin immunoprecipitation assay	27924024	Homo sapiens	GTRD	No	Mm:Q6P9Q3;Rn:D3ZG35	Dr:A2BF92	Mm:P52196;Rn:P24329	-
Q9HCK0	Q96S06	57684	64788	ZBTB26	LMF1	chromatin immunoprecipitation assay	27924024	Homo sapiens	GTRD	No	Mm:Q6P9Q3;Rn:D3ZG35	Dr:A2BF92	Mm:Q3U3R4;Rn:D3ZF16	Dr:A0A0G2KGY7
Q9HCK0	P09104	57684	2026	ZBTB26	ENO2	chromatin immunoprecipitation assay	27924024	Homo sapiens	GTRD	No	Mm:Q6P9Q3;Rn:D3ZG35	Dr:A2BF92	Dr:Q6GQM9;Mm:P17183	Rn:P07323
Q9HCK0	Q9H040	57684	83932	ZBTB26	SPRTN	chromatin immunoprecipitation assay	27924024	Homo sapiens	GTRD	No	Mm:Q6P9Q3;Rn:D3ZG35	Dr:A2BF92	Mm:G3X912;Rn:D4AB73	-
Q9HCK0	Q9P2K5	57684	50804	ZBTB26	MYEF2	chromatin immunoprecipitation assay	27924024	Homo sapiens	GTRD	No	Mm:Q6P9Q3;Rn:D3ZG35	Dr:A2BF92	-	-
Q9HCK0	P33981	57684	7272	ZBTB26	TTK	chromatin immunoprecipitation assay	27924024	Homo sapiens	GTRD	No	Mm:Q6P9Q3;Rn:D3ZG35	Dr:A2BF92	Dr:F1R3H9;Mm:P35761;Rn:A0A0G2K2S5	-
Q9HCK0	Q9HAK2	57684	64641	ZBTB26	EBF2	chromatin immunoprecipitation assay	27924024	Homo sapiens	GTRD	No	Mm:Q6P9Q3;Rn:D3ZG35	Dr:A2BF92	Dr:X1WBX6;Dr:A2BIQ0;Mm:O08792;Rn:D3ZT68	-
Q9HCK0	P08579	57684	6629	ZBTB26	SNRPB2	chromatin immunoprecipitation assay	27924024	Homo sapiens	GTRD	No	Mm:Q6P9Q3;Rn:D3ZG35	Dr:A2BF92	Dr:R4GDR2;Mm:Q9CQI7;Rn:B5DEQ4	-
Q9HCK0	P23582	57684	4880	ZBTB26	NPPC	chromatin immunoprecipitation assay	27924024	Homo sapiens	GTRD	No	Mm:Q6P9Q3;Rn:D3ZG35	Dr:A2BF92	Mm:Q61839;Rn:P55207	Dr:A8E7F8
Q9HCK0	O60637	57684	10099	ZBTB26	TSPAN3	chromatin immunoprecipitation assay	27924024	Homo sapiens	GTRD	No	Mm:Q6P9Q3;Rn:D3ZG35	Dr:A2BF92	Dr:Q4V915;Mm:Q9QY33;Rn:Q66H06	-
Q9HCK0	P13798	57684	327	ZBTB26	APEH	chromatin immunoprecipitation assay	27924024	Homo sapiens	GTRD	No	Mm:Q6P9Q3;Rn:D3ZG35	Dr:A2BF92	-	-
Q9HCK0	Q8N5M4	57684	283237	ZBTB26	TTC9C	chromatin immunoprecipitation assay	27924024	Homo sapiens	GTRD	No	Mm:Q6P9Q3;Rn:D3ZG35	Dr:A2BF92	Dr:Q7ZUI3;Mm:Q810A3;Rn:Q6P5P3	-
Q9HCK0	Q96GZ6	57684	54946	ZBTB26	SLC41A3	chromatin immunoprecipitation assay	27924024	Homo sapiens	GTRD	No	Mm:Q6P9Q3;Rn:D3ZG35	Dr:A2BF92	Mm:Q921R8;Rn:Q3SWT5	-
Q9HCK0	Q68DC2	57684	203286	ZBTB26	ANKS6	chromatin immunoprecipitation assay	27924024	Homo sapiens	GTRD	No	Mm:Q6P9Q3;Rn:D3ZG35	Dr:A2BF92	Rn:A0A0G2JSX8	Mm:E9PUD3
Q9HCK0	P26641	57684	1937	ZBTB26	EEF1G	chromatin immunoprecipitation assay	27924024	Homo sapiens	GTRD	No	Mm:Q6P9Q3;Rn:D3ZG35	Dr:A2BF92	Ce:P54412;Dm:Q9NJH0;Dr:Q6PE25;Mm:Q9D8N0;Rn:Q68FR6;Sc:P36008;Sc:P29547	-
Q9HCK0	H7BZW1	57684	-	ZBTB26	CFAP298-TCP10L	chromatin immunoprecipitation assay	27924024	Homo sapiens	GTRD	No	Mm:Q6P9Q3;Rn:D3ZG35	Dr:A2BF92	-	-
Q9HCK0	O00203	57684	8546	ZBTB26	AP3B1	chromatin immunoprecipitation assay	27924024	Homo sapiens	GTRD	No	Mm:Q6P9Q3;Rn:D3ZG35	Dr:A2BF92	Mm:Q9Z1T1;Rn:A0A0G2JWD6;Sc:P46682	-
Q9HCK0	Q01082	57684	6711	ZBTB26	SPTBN1	chromatin immunoprecipitation assay	27924024	Homo sapiens	GTRD	No	Mm:Q6P9Q3;Rn:D3ZG35	Dr:A2BF92	-	-
Q9HCK0	Q9H1C4	57684	81622	ZBTB26	UNC93B1	chromatin immunoprecipitation assay	27924024	Homo sapiens	GTRD	No	Mm:Q6P9Q3;Rn:D3ZG35	Dr:A2BF92	Mm:E9PYK0;Rn:D3ZDJ4	Dr:F1QYA8
Q9HCK0	Q92913	57684	2258	ZBTB26	FGF13	chromatin immunoprecipitation assay	27924024	Homo sapiens	GTRD	No	Mm:Q6P9Q3;Rn:D3ZG35	Dr:A2BF92	Mm:P70377	Dr:Q5U3Q2;Rn:A0A0G2JZ77
Q9HCK0	Q86U44	57684	56339	ZBTB26	METTL3	chromatin immunoprecipitation assay	27924024	Homo sapiens	GTRD	No	Mm:Q6P9Q3;Rn:D3ZG35	Dr:A2BF92	Dr:F1R777;Mm:A0A0R4J041;Rn:Q4V8G6	-
Q9HCK0	P62136	57684	5499	ZBTB26	PPP1CA	chromatin immunoprecipitation assay	27924024	Homo sapiens	GTRD	No	Mm:Q6P9Q3;Rn:D3ZG35	Dr:A2BF92	Mm:P62137;Rn:P62138	-
Q9HCK0	Q8NC51	57684	26135	ZBTB26	SERBP1	chromatin immunoprecipitation assay	27924024	Homo sapiens	GTRD	No	Mm:Q6P9Q3;Rn:D3ZG35	Dr:A2BF92	Dm:Q9V426;Dr:F1Q5Q3;Mm:Q9CY58;Rn:Q6AXS5	-
Q9HCK0	Q13277	57684	6809	ZBTB26	STX3	chromatin immunoprecipitation assay	27924024	Homo sapiens	GTRD	No	Mm:Q6P9Q3;Rn:D3ZG35	Dr:A2BF92	-	-
Q9HCK0	B4E171	57684	-	ZBTB26	-	chromatin immunoprecipitation assay	27924024	Homo sapiens	GTRD	No	Mm:Q6P9Q3;Rn:D3ZG35	Dr:A2BF92	-	-
Q9HCK0	Q96FZ5	57684	112616	ZBTB26	CMTM7	chromatin immunoprecipitation assay	27924024	Homo sapiens	GTRD	No	Mm:Q6P9Q3;Rn:D3ZG35	Dr:A2BF92	Dr:F1RD97;Mm:Q9ESD6	Rn:D4A768
Q9HCK0	Q9H8G2	57684	79886	ZBTB26	CAAP1	chromatin immunoprecipitation assay	27924024	Homo sapiens	GTRD	No	Mm:Q6P9Q3;Rn:D3ZG35	Dr:A2BF92	Mm:Q8VDY9	-
Q9HCK0	Q16560	57684	11066	ZBTB26	SNRNP35	chromatin immunoprecipitation assay	27924024	Homo sapiens	GTRD	No	Mm:Q6P9Q3;Rn:D3ZG35	Dr:A2BF92	Dr:Q4KMD3;Mm:Q9D384;Rn:G3V639	-
Q9HCK0	Q96Q04	57684	-	ZBTB26	LMTK3	chromatin immunoprecipitation assay	27924024	Homo sapiens	GTRD	No	Mm:Q6P9Q3;Rn:D3ZG35	Dr:A2BF92	Mm:A0A0R4J0W7	-
Q9HCK0	A2RRP1	57684	51594	ZBTB26	NBAS	chromatin immunoprecipitation assay	27924024	Homo sapiens	GTRD	No	Mm:Q6P9Q3;Rn:D3ZG35	Dr:A2BF92	Mm:E9Q411;Rn:F1M0U5	-
Q9HCK0	Q86SQ9	57684	79947	ZBTB26	DHDDS	chromatin immunoprecipitation assay	27924024	Homo sapiens	GTRD	No	Mm:Q6P9Q3;Rn:D3ZG35	Dr:A2BF92	Ce:Q5FC21;Dm:Q9W3M6;Dr:F1R4X6;Mm:Q99KU1;Rn:Q5U2T2;Sc:P35196;Sc:Q03175	-
Q9HCK0	Q04756	57684	3083	ZBTB26	HGFAC	chromatin immunoprecipitation assay	27924024	Homo sapiens	GTRD	No	Mm:Q6P9Q3;Rn:D3ZG35	Dr:A2BF92	-	-
Q9HCK0	Q9NPH3	57684	3556	ZBTB26	IL1RAP	chromatin immunoprecipitation assay	27924024	Homo sapiens	GTRD	No	Mm:Q6P9Q3;Rn:D3ZG35	Dr:A2BF92	Mm:Q61730	Rn:F1M9B9
Q9HCK0	Q7L2Z9	57684	55166	ZBTB26	CENPQ	chromatin immunoprecipitation assay	27924024	Homo sapiens	GTRD	No	Mm:Q6P9Q3;Rn:D3ZG35	Dr:A2BF92	Mm:Q9CPQ5	Rn:A0A0G2K3W4
Q9HCK0	Q7Z3K3	57684	23126	ZBTB26	POGZ	chromatin immunoprecipitation assay	27924024	Homo sapiens	GTRD	No	Mm:Q6P9Q3;Rn:D3ZG35	Dr:A2BF92	Dr:F1R5F8;Mm:Q8BZH4;Rn:A0A0G2JY58	-
Q9HCK0	Q9H6D8	57684	64838	ZBTB26	FNDC4	chromatin immunoprecipitation assay	27924024	Homo sapiens	GTRD	No	Mm:Q6P9Q3;Rn:D3ZG35	Dr:A2BF92	Mm:Q3TR08	Dr:F1Q5A0
Q9HCK0	Q9H0C3	57684	84216	ZBTB26	TMEM117	chromatin immunoprecipitation assay	27924024	Homo sapiens	GTRD	No	Mm:Q6P9Q3;Rn:D3ZG35	Dr:A2BF92	Mm:Q8BH18	Rn:F1LWX9
Q9HCK0	Q6NY19	57684	256949	ZBTB26	KANK3	chromatin immunoprecipitation assay	27924024	Homo sapiens	GTRD	No	Mm:Q6P9Q3;Rn:D3ZG35	Dr:A2BF92	Mm:Q9Z1P7;Rn:B2RYN8	-
Q9HCK0	P45974	57684	8078	ZBTB26	USP5	chromatin immunoprecipitation assay	27924024	Homo sapiens	GTRD	No	Mm:Q6P9Q3;Rn:D3ZG35	Dr:A2BF92	Mm:P56399;Rn:D3ZVQ0	Dr:F8W4C4
Q9HCK0	Q5GFL6	57684	340706	ZBTB26	VWA2	chromatin immunoprecipitation assay	27924024	Homo sapiens	GTRD	No	Mm:Q6P9Q3;Rn:D3ZG35	Dr:A2BF92	Dr:U3JA51;Mm:Q70UZ7;Rn:D4A0J4	-
Q9HCK0	P28336	57684	4829	ZBTB26	NMBR	chromatin immunoprecipitation assay	27924024	Homo sapiens	GTRD	No	Mm:Q6P9Q3;Rn:D3ZG35	Dr:A2BF92	Mm:O54799;Rn:F1M5M1	Dr:A0A0A0MPI9
Q9HCK0	Q8NHV4	57684	121441	ZBTB26	NEDD1	chromatin immunoprecipitation assay	27924024	Homo sapiens	GTRD	No	Mm:Q6P9Q3;Rn:D3ZG35	Dr:A2BF92	Dm:Q9VJ57;Mm:P33215;Rn:D3ZAH3	-
Q9HCK0	Q8NB50	57684	643836	ZBTB26	ZFP62	chromatin immunoprecipitation assay	27924024	Homo sapiens	GTRD	No	Mm:Q6P9Q3;Rn:D3ZG35	Dr:A2BF92	Mm:Q8C827	Rn:A0A0G2K5I8
Q9HCK0	O15197	57684	2051	ZBTB26	EPHB6	chromatin immunoprecipitation assay	27924024	Homo sapiens	GTRD	No	Mm:Q6P9Q3;Rn:D3ZG35	Dr:A2BF92	-	-
Q9HCK0	Q8N9N7	57684	255252	ZBTB26	LRRC57	chromatin immunoprecipitation assay	27924024	Homo sapiens	GTRD	No	Mm:Q6P9Q3;Rn:D3ZG35	Dr:A2BF92	Dm:Q9W3T9;Mm:Q8JZX5	-
Q9HCK0	O96014	57684	7481	ZBTB26	WNT11	chromatin immunoprecipitation assay	27924024	Homo sapiens	GTRD	No	Mm:Q6P9Q3;Rn:D3ZG35	Dr:A2BF92	Dr:Q9I9I2;Mm:P48615;Rn:G3V819	-
Q9HCK0	Q9H3U1	57684	55898	ZBTB26	UNC45A	chromatin immunoprecipitation assay	27924024	Homo sapiens	GTRD	No	Mm:Q6P9Q3;Rn:D3ZG35	Dr:A2BF92	Dr:F1QU23;Mm:Q99KD5;Rn:Q32PZ3	-
Q9HCK0	Q9UM63	57684	5325	ZBTB26	PLAGL1	chromatin immunoprecipitation assay	27924024	Homo sapiens	GTRD	No	Mm:Q6P9Q3;Rn:D3ZG35	Dr:A2BF92	Mm:Q9JLQ4	Rn:P70616
Q9HCK0	P43115	57684	5733	ZBTB26	PTGER3	chromatin immunoprecipitation assay	27924024	Homo sapiens	GTRD	No	Mm:Q6P9Q3;Rn:D3ZG35	Dr:A2BF92	Rn:G3V7D9	Dr:E7FD73;Mm:G3UYL9
Q9HCK0	Q9UID3	57684	738	ZBTB26	VPS51	chromatin immunoprecipitation assay	27924024	Homo sapiens	GTRD	No	Mm:Q6P9Q3;Rn:D3ZG35	Dr:A2BF92	Ce:O01839;Dm:Q8MSY4;Dr:F1QLF1;Mm:Q3UVL4;Rn:F1M4I4	-
Q9HCK0	Q9NQW7	57684	7511	ZBTB26	XPNPEP1	chromatin immunoprecipitation assay	27924024	Homo sapiens	GTRD	No	Mm:Q6P9Q3;Rn:D3ZG35	Dr:A2BF92	Ce:O44750;Dm:Q9VJG0;Sc:Q07825	Mm:Q6P1B1;Rn:A0A0G2JV31
Q9HCK0	Q8IX21	57684	55719	ZBTB26	SLF2	chromatin immunoprecipitation assay	27924024	Homo sapiens	GTRD	No	Mm:Q6P9Q3;Rn:D3ZG35	Dr:A2BF92	Mm:E9Q839;Rn:A0A0G2JUU2	-
Q9HCK0	Q9UK39	57684	25819	ZBTB26	NOCT	chromatin immunoprecipitation assay	27924024	Homo sapiens	GTRD	No	Mm:Q6P9Q3;Rn:D3ZG35	Dr:A2BF92	Dm:A8JQX3;Dr:F1RDV7;Mm:O35710;Rn:Q9ET55	-
Q9HCK0	Q5T0F9	57684	200014	ZBTB26	CC2D1B	chromatin immunoprecipitation assay	27924024	Homo sapiens	GTRD	No	Mm:Q6P9Q3;Rn:D3ZG35	Dr:A2BF92	Dr:A0A0R4ILN1;Mm:Q8BRN9;Rn:Q5FVK6	-
Q9HCK0	Q9Y6N6	57684	10319	ZBTB26	LAMC3	chromatin immunoprecipitation assay	27924024	Homo sapiens	GTRD	No	Mm:Q6P9Q3;Rn:D3ZG35	Dr:A2BF92	Dm:P15215;Mm:Q9R0B6	Dr:F1QPJ1;Rn:A0A0G2K023
Q9HCK0	Q9GZM5	57684	25844	ZBTB26	YIPF3	chromatin immunoprecipitation assay	27924024	Homo sapiens	GTRD	No	Mm:Q6P9Q3;Rn:D3ZG35	Dr:A2BF92	Ce:O18212;Mm:Q3UDR8;Rn:Q6TUD4	Dr:Q803Z2
Q9HCK0	Q12933	57684	7186	ZBTB26	TRAF2	chromatin immunoprecipitation assay	27924024	Homo sapiens	GTRD	No	Mm:Q6P9Q3;Rn:D3ZG35	Dr:A2BF92	Dr:E7EXH5;Mm:P39429;Rn:B5DFH7	-
Q9HCK0	Q9H251	57684	64072	ZBTB26	CDH23	chromatin immunoprecipitation assay	27924024	Homo sapiens	GTRD	No	Mm:Q6P9Q3;Rn:D3ZG35	Dr:A2BF92	Mm:Q99PF4	Dr:F1QUS2;Rn:F1LPE5
Q9HCK0	Q9ULV1	57684	8322	ZBTB26	FZD4	chromatin immunoprecipitation assay	27924024	Homo sapiens	GTRD	No	Mm:Q6P9Q3;Rn:D3ZG35	Dr:A2BF92	Mm:Q61088;Rn:Q9QZH0	Dr:A0A0R4IVK2
Q9HCK0	P52888	57684	7064	ZBTB26	THOP1	chromatin immunoprecipitation assay	27924024	Homo sapiens	GTRD	No	Mm:Q6P9Q3;Rn:D3ZG35	Dr:A2BF92	Mm:A0A0R4IZY0;Rn:P24155	Dr:Q6DHR6
Q9HCK0	Q9HCL3	57684	57677	ZBTB26	ZFP14	chromatin immunoprecipitation assay	27924024	Homo sapiens	GTRD	No	Mm:Q6P9Q3;Rn:D3ZG35	Dr:A2BF92	Mm:P10755	Rn:A1A5R5;Rn:M0R7L4
Q9HCK0	O00515	57684	3898	ZBTB26	LAD1	chromatin immunoprecipitation assay	27924024	Homo sapiens	GTRD	No	Mm:Q6P9Q3;Rn:D3ZG35	Dr:A2BF92	-	-
Q9HCK0	Q96BW9	57684	132001	ZBTB26	TAMM41	chromatin immunoprecipitation assay	27924024	Homo sapiens	GTRD	No	Mm:Q6P9Q3;Rn:D3ZG35	Dr:A2BF92	Ce:Q9N4G7;Dm:Q8INF2;Dr:A0A0G2L7W1;Mm:G5E881;Rn:D3ZKT0	-
Q9HCK0	Q9UNE7	57684	10273	ZBTB26	STUB1	chromatin immunoprecipitation assay	27924024	Homo sapiens	GTRD	No	Mm:Q6P9Q3;Rn:D3ZG35	Dr:A2BF92	Ce:G5ECY6;Dm:Q9XYW6;Mm:Q9WUD1;Rn:D4A4T0	Dr:F1Q8K3
Q9HCK0	Q6B0B8	57684	220359	ZBTB26	TIGD3	chromatin immunoprecipitation assay	27924024	Homo sapiens	GTRD	No	Mm:Q6P9Q3;Rn:D3ZG35	Dr:A2BF92	Mm:Q7TM95;Rn:D3ZS21	-
Q9HCK0	Q9UHD2	57684	29110	ZBTB26	TBK1	chromatin immunoprecipitation assay	27924024	Homo sapiens	GTRD	No	Mm:Q6P9Q3;Rn:D3ZG35	Dr:A2BF92	Mm:Q9WUN2;Rn:D4A7D3	-
Q9HCK0	Q9NP77	57684	29101	ZBTB26	SSU72	chromatin immunoprecipitation assay	27924024	Homo sapiens	GTRD	No	Mm:Q6P9Q3;Rn:D3ZG35	Dr:A2BF92	Dr:Q6PC19;Mm:Q9CY97;Rn:Q4KLK9	-
Q9HCK0	Q16134	57684	2110	ZBTB26	ETFDH	chromatin immunoprecipitation assay	27924024	Homo sapiens	GTRD	No	Mm:Q6P9Q3;Rn:D3ZG35	Dr:A2BF92	Ce:Q11190;Dm:Q7JWF1;Mm:Q921G7;Rn:Q66HF3;Sc:Q08822	Dr:Q66I16
Q9HCK0	Q92610	57684	9640	ZBTB26	ZNF592	chromatin immunoprecipitation assay	27924024	Homo sapiens	GTRD	No	Mm:Q6P9Q3;Rn:D3ZG35	Dr:A2BF92	Dm:M9PGP7;Mm:Q8BHZ4;Rn:D3ZJG8	-
Q9HCK0	P55209	57684	4673	ZBTB26	NAP1L1	chromatin immunoprecipitation assay	27924024	Homo sapiens	GTRD	No	Mm:Q6P9Q3;Rn:D3ZG35	Dr:A2BF92	Mm:P28656;Rn:G3V6H9	-
Q9HCK0	P28749	57684	5933	ZBTB26	RBL1	chromatin immunoprecipitation assay	27924024	Homo sapiens	GTRD	No	Mm:Q6P9Q3;Rn:D3ZG35	Dr:A2BF92	Dr:F1QY31;Mm:Q64701	Rn:A0A573VVF2
Q9HCK0	Q14114	57684	7804	ZBTB26	LRP8	chromatin immunoprecipitation assay	27924024	Homo sapiens	GTRD	No	Mm:Q6P9Q3;Rn:D3ZG35	Dr:A2BF92	Dr:G9MDF3;Mm:Q924X6;Rn:D3ZE75	-
Q9HCK0	P41732	57684	7102	ZBTB26	TSPAN7	chromatin immunoprecipitation assay	27924024	Homo sapiens	GTRD	No	Mm:Q6P9Q3;Rn:D3ZG35	Dr:A2BF92	-	-
Q9HCK0	Q9Y5N5	57684	29104	ZBTB26	N6AMT1	chromatin immunoprecipitation assay	27924024	Homo sapiens	GTRD	No	Mm:Q6P9Q3;Rn:D3ZG35	Dr:A2BF92	Ce:O16582;Dm:Q9VQF8;Dr:A0A2R8QQN6;Mm:Q6SKR2;Rn:D4ACA2;Sc:Q03920	-
Q9HCK0	P50991	57684	10575	ZBTB26	CCT4	chromatin immunoprecipitation assay	27924024	Homo sapiens	GTRD	No	Mm:Q6P9Q3;Rn:D3ZG35	Dr:A2BF92	Ce:P47208;Dm:Q9VK69;Dr:Q6PH46;Mm:P80315;Rn:Q7TPB1;Sc:P39078	-
Q9HCK0	P31948	57684	10963	ZBTB26	STIP1	chromatin immunoprecipitation assay	27924024	Homo sapiens	GTRD	No	Mm:Q6P9Q3;Rn:D3ZG35	Dr:A2BF92	Dm:Q9VPN5;Dr:Q5RKM3;Mm:Q60864;Rn:O35814;Sc:P15705	-
Q9HCK0	A2RU14	57684	219854	ZBTB26	TMEM218	chromatin immunoprecipitation assay	27924024	Homo sapiens	GTRD	No	Mm:Q6P9Q3;Rn:D3ZG35	Dr:A2BF92	Dr:Q7SZ56;Mm:Q9CQ44;Rn:Q5U3Y9	-
Q9HCK0	Q69YU5	57684	728568	ZBTB26	BRAWNIN	chromatin immunoprecipitation assay	27924024	Homo sapiens	GTRD	No	Mm:Q6P9Q3;Rn:D3ZG35	Dr:A2BF92	Dr:E7EXZ6;Mm:Q8BTC1;Rn:D3ZZG3	-
Q9HCK0	Q8TDY8	57684	57722	ZBTB26	IGDCC4	chromatin immunoprecipitation assay	27924024	Homo sapiens	GTRD	No	Mm:Q6P9Q3;Rn:D3ZG35	Dr:A2BF92	Dr:F1Q4R3;Mm:Q9EQS9	Rn:F7EL93
Q9HCK0	Q08493	57684	5143	ZBTB26	PDE4C	chromatin immunoprecipitation assay	27924024	Homo sapiens	GTRD	No	Mm:Q6P9Q3;Rn:D3ZG35	Dr:A2BF92	-	-
Q9HCK0	Q9UKV0	57684	9734	ZBTB26	HDAC9	chromatin immunoprecipitation assay	27924024	Homo sapiens	GTRD	No	Mm:Q6P9Q3;Rn:D3ZG35	Dr:A2BF92	Mm:A0A1B0GSQ5	Rn:E5RQ38
Q9HCK0	Q9UK61	57684	23272	ZBTB26	TASOR	chromatin immunoprecipitation assay	27924024	Homo sapiens	GTRD	No	Mm:Q6P9Q3;Rn:D3ZG35	Dr:A2BF92	Mm:Q69ZR9;Rn:M0RAP6	Dr:E7F306;Dr:E9QCF9
Q9HCK0	P84550	57684	-	ZBTB26	SKOR1	chromatin immunoprecipitation assay	27924024	Homo sapiens	GTRD	No	Mm:Q6P9Q3;Rn:D3ZG35	Dr:A2BF92	Mm:Q8BX46	Dr:F1QQH2;Rn:P84551
Q9HCK0	P38432	57684	8161	ZBTB26	COIL	chromatin immunoprecipitation assay	27924024	Homo sapiens	GTRD	No	Mm:Q6P9Q3;Rn:D3ZG35	Dr:A2BF92	Dr:B0S7K8;Mm:E9Q284;Rn:E9PTJ1	-
Q9HCK0	A0AUZ9	57684	151050	ZBTB26	KANSL1L	chromatin immunoprecipitation assay	27924024	Homo sapiens	GTRD	No	Mm:Q6P9Q3;Rn:D3ZG35	Dr:A2BF92	Mm:Q5DTI6	Rn:D3ZZY7
Q9HCK0	Q9NZM3	57684	50618	ZBTB26	ITSN2	chromatin immunoprecipitation assay	27924024	Homo sapiens	GTRD	No	Mm:Q6P9Q3;Rn:D3ZG35	Dr:A2BF92	Dr:F1R0Z9;Dr:U3JA74;Mm:B2RR82;Rn:M0R7A6	-
Q9HCK0	Q8NE62	57684	55349	ZBTB26	CHDH	chromatin immunoprecipitation assay	27924024	Homo sapiens	GTRD	No	Mm:Q6P9Q3;Rn:D3ZG35	Dr:A2BF92	Ce:Q18429;Dr:E7EY13;Mm:Q8BJ64;Rn:Q6UPE0	-
Q9HCK0	Q5UAW9	57684	80045	ZBTB26	GPR157	chromatin immunoprecipitation assay	27924024	Homo sapiens	GTRD	No	Mm:Q6P9Q3;Rn:D3ZG35	Dr:A2BF92	Dr:F1Q6L7;Mm:Q8C206;Rn:Q5FVG1	-
Q9HCK0	P14209	57684	4267	ZBTB26	CD99	chromatin immunoprecipitation assay	27924024	Homo sapiens	GTRD	No	Mm:Q6P9Q3;Rn:D3ZG35	Dr:A2BF92	Rn:B4F7A5	Dr:B8A4U0
Q9HCK0	P23468	57684	5789	ZBTB26	PTPRD	chromatin immunoprecipitation assay	27924024	Homo sapiens	GTRD	No	Mm:Q6P9Q3;Rn:D3ZG35	Dr:A2BF92	Mm:Q64487;Rn:M0RB22	-
Q9HCK0	O43847	57684	4898	ZBTB26	NRDC	chromatin immunoprecipitation assay	27924024	Homo sapiens	GTRD	No	Mm:Q6P9Q3;Rn:D3ZG35	Dr:A2BF92	Dm:Q9VP94;Dm:Q9VYT3;Dr:B0S6B9;Mm:Q8BHG1;Rn:D3ZQ59	-
Q9HCK0	Q969S9	57684	84340	ZBTB26	GFM2	chromatin immunoprecipitation assay	27924024	Homo sapiens	GTRD	No	Mm:Q6P9Q3;Rn:D3ZG35	Dr:A2BF92	Ce:Q95Y73;Dm:Q9VCX4;Dr:A0JMI9;Mm:Q8R2Q4;Rn:F1LMZ4;Sc:P39677	-
Q9HCK0	Q96S15	57684	84219	ZBTB26	WDR24	chromatin immunoprecipitation assay	27924024	Homo sapiens	GTRD	No	Mm:Q6P9Q3;Rn:D3ZG35	Dr:A2BF92	Mm:Q8CFJ9;Rn:G3V8L0	Dm:Q86BR7
Q9HCK0	Q5NDL2	57684	285203	ZBTB26	EOGT	chromatin immunoprecipitation assay	27924024	Homo sapiens	GTRD	No	Mm:Q6P9Q3;Rn:D3ZG35	Dr:A2BF92	Ce:Q9XTX0;Dm:Q9VQB7;Mm:Q8BYW9	Dr:X1WGG5;Rn:A0A0G2K4R9
Q9HCK0	P08588	57684	153	ZBTB26	ADRB1	chromatin immunoprecipitation assay	27924024	Homo sapiens	GTRD	No	Mm:Q6P9Q3;Rn:D3ZG35	Dr:A2BF92	-	-
Q9HCK0	P48730	57684	1453	ZBTB26	CSNK1D	chromatin immunoprecipitation assay	27924024	Homo sapiens	GTRD	No	Mm:Q6P9Q3;Rn:D3ZG35	Dr:A2BF92	Mm:Q9DC28;Rn:Q06486	-
Q9HCK0	Q9NTX9	57684	63939	ZBTB26	FAM217B	chromatin immunoprecipitation assay	27924024	Homo sapiens	GTRD	No	Mm:Q6P9Q3;Rn:D3ZG35	Dr:A2BF92	Mm:A2AJW5;Rn:D3ZSF0	-
Q9HCK0	Q6NUQ4	57684	54867	ZBTB26	TMEM214	chromatin immunoprecipitation assay	27924024	Homo sapiens	GTRD	No	Mm:Q6P9Q3;Rn:D3ZG35	Dr:A2BF92	Dm:Q9VKM7;Dr:F1QEL0;Mm:Q8BM55;Rn:A1L1L2	-
Q9HCK0	P11172	57684	7372	ZBTB26	UMPS	chromatin immunoprecipitation assay	27924024	Homo sapiens	GTRD	No	Mm:Q6P9Q3;Rn:D3ZG35	Dr:A2BF92	Ce:G5EDZ2;Dm:Q01637;Mm:P13439;Rn:Q4QQS7	-
Q9HCK0	Q14527	57684	6596	ZBTB26	HLTF	chromatin immunoprecipitation assay	27924024	Homo sapiens	GTRD	No	Mm:Q6P9Q3;Rn:D3ZG35	Dr:A2BF92	Dr:B0V118;Mm:Q6PCN7;Rn:A0A0G2JVH5	-
Q9HCK0	Q9UH36	57684	402055	ZBTB26	SRRD	chromatin immunoprecipitation assay	27924024	Homo sapiens	GTRD	No	Mm:Q6P9Q3;Rn:D3ZG35	Dr:A2BF92	Dm:Q9VEB5;Mm:Q8K2M3;Rn:F1LTK4	-
Q9HCK0	Q13387	57684	23542	ZBTB26	MAPK8IP2	chromatin immunoprecipitation assay	27924024	Homo sapiens	GTRD	No	Mm:Q6P9Q3;Rn:D3ZG35	Dr:A2BF92	Dr:F1QF74;Mm:Q9ERE9;Rn:G3V9M2	-
Q9HCK0	Q02108	57684	2982	ZBTB26	GUCY1A1	chromatin immunoprecipitation assay	27924024	Homo sapiens	GTRD	No	Mm:Q6P9Q3;Rn:D3ZG35	Dr:A2BF92	Mm:Q9ERL9	Rn:Q5U330
Q9HCK0	P48506	57684	2729	ZBTB26	GCLC	chromatin immunoprecipitation assay	27924024	Homo sapiens	GTRD	No	Mm:Q6P9Q3;Rn:D3ZG35	Dr:A2BF92	Ce:Q20117;Dm:Q9W3K5;Dr:Q6NV35;Mm:P97494;Rn:P19468;Sc:P32477	-
Q9HCK0	Q96RQ3	57684	56922	ZBTB26	MCCC1	chromatin immunoprecipitation assay	27924024	Homo sapiens	GTRD	No	Mm:Q6P9Q3;Rn:D3ZG35	Dr:A2BF92	Ce:O45430;Dm:Q9V9T5;Dr:A0A0R4IH35;Mm:Q99MR8;Rn:F1LP30	-
Q9HCK0	Q8NB37	57684	347862	ZBTB26	GATD1	chromatin immunoprecipitation assay	27924024	Homo sapiens	GTRD	No	Mm:Q6P9Q3;Rn:D3ZG35	Dr:A2BF92	Dr:F1QPE9;Mm:Q8BFQ8	Rn:D3ZVI9
Q9HCK0	A8MT65	57684	101060200	ZBTB26	ZNF891	chromatin immunoprecipitation assay	27924024	Homo sapiens	GTRD	No	Mm:Q6P9Q3;Rn:D3ZG35	Dr:A2BF92	-	-
Q9HCK0	Q6P444	57684	113115	ZBTB26	MTFR2	chromatin immunoprecipitation assay	27924024	Homo sapiens	GTRD	No	Mm:Q6P9Q3;Rn:D3ZG35	Dr:A2BF92	Dr:Q08BD8;Mm:Q8VED8	-
Q9HCK0	P11686	57684	6440	ZBTB26	SFTPC	chromatin immunoprecipitation assay	27924024	Homo sapiens	GTRD	No	Mm:Q6P9Q3;Rn:D3ZG35	Dr:A2BF92	-	-
Q9HCK0	Q92922	57684	6599	ZBTB26	SMARCC1	chromatin immunoprecipitation assay	27924024	Homo sapiens	GTRD	No	Mm:Q6P9Q3;Rn:D3ZG35	Dr:A2BF92	Mm:P97496;Rn:A0A0G2K9D6	Dr:F1Q9K1
Q9HCK0	Q96JM4	57684	84125	ZBTB26	LRRIQ1	chromatin immunoprecipitation assay	27924024	Homo sapiens	GTRD	No	Mm:Q6P9Q3;Rn:D3ZG35	Dr:A2BF92	Dr:F1QXJ6;Mm:Q0P5X1	Rn:M0RDZ6
Q9HCK0	Q13286	57684	1201	ZBTB26	CLN3	chromatin immunoprecipitation assay	27924024	Homo sapiens	GTRD	No	Mm:Q6P9Q3;Rn:D3ZG35	Dr:A2BF92	-	-
Q9HCK0	Q6P2Q9	57684	10594	ZBTB26	PRPF8	chromatin immunoprecipitation assay	27924024	Homo sapiens	GTRD	No	Mm:Q6P9Q3;Rn:D3ZG35	Dr:A2BF92	Ce:P34369;Dm:A1Z8U0;Mm:Q99PV0;Rn:G3V6H2;Sc:P33334	-
Q9HCK0	Q8WYA1	57684	56938	ZBTB26	ARNTL2	chromatin immunoprecipitation assay	27924024	Homo sapiens	GTRD	No	Mm:Q6P9Q3;Rn:D3ZG35	Dr:A2BF92	Dr:A0A0R4IH97;Mm:Q2VPD4	Rn:A0A0G2K1T7
Q9HCK0	Q9P0L2	57684	4139	ZBTB26	MARK1	chromatin immunoprecipitation assay	27924024	Homo sapiens	GTRD	No	Mm:Q6P9Q3;Rn:D3ZG35	Dr:A2BF92	Ce:Q9TW45;Mm:Q8VHJ5;Rn:O08678	-
Q9HCK0	Q5T3J3	57684	55791	ZBTB26	LRIF1	chromatin immunoprecipitation assay	27924024	Homo sapiens	GTRD	No	Mm:Q6P9Q3;Rn:D3ZG35	Dr:A2BF92	Mm:Q8CDD9;Rn:F1LMD4	-
Q9HCK0	P12110	57684	1292	ZBTB26	COL6A2	chromatin immunoprecipitation assay	27924024	Homo sapiens	GTRD	No	Mm:Q6P9Q3;Rn:D3ZG35	Dr:A2BF92	Dr:E7FCV8;Rn:F1LNH3	Mm:D3Z7D5
Q9HCK0	Q8IY31	57684	90410	ZBTB26	IFT20	chromatin immunoprecipitation assay	27924024	Homo sapiens	GTRD	No	Mm:Q6P9Q3;Rn:D3ZG35	Dr:A2BF92	Ce:Q8TA52;Dm:A1Z6F0;Dr:A0A0R4I9H0;Mm:Q61025;Rn:D3ZSV1	-
Q9HCK0	Q8IYS0	57684	54762	ZBTB26	GRAMD1C	chromatin immunoprecipitation assay	27924024	Homo sapiens	GTRD	No	Mm:Q6P9Q3;Rn:D3ZG35	Dr:A2BF92	Dr:E7F236;Mm:Q8CI52;Rn:D4A135;Sc:P43560	-
Q9HCK0	P45983	57684	5599	ZBTB26	MAPK8	chromatin immunoprecipitation assay	27924024	Homo sapiens	GTRD	No	Mm:Q6P9Q3;Rn:D3ZG35	Dr:A2BF92	Dr:Q9DGD9;Rn:F1LP66	Dr:A8WG58;Mm:G3X8U9
Q9HCK0	Q8NHW3	57684	389692	ZBTB26	MAFA	chromatin immunoprecipitation assay	27924024	Homo sapiens	GTRD	No	Mm:Q6P9Q3;Rn:D3ZG35	Dr:A2BF92	Dr:A3KMR8;Mm:Q8CF90;Rn:D3ZNT6	-
Q9HCK0	Q9NWM0	57684	54498	ZBTB26	SMOX	chromatin immunoprecipitation assay	27924024	Homo sapiens	GTRD	No	Mm:Q6P9Q3;Rn:D3ZG35	Dr:A2BF92	Dr:B8A458;Mm:Q99K82;Rn:B1WBU6	-
Q9HCK0	O76064	57684	9025	ZBTB26	RNF8	chromatin immunoprecipitation assay	27924024	Homo sapiens	GTRD	No	Mm:Q6P9Q3;Rn:D3ZG35	Dr:A2BF92	Mm:Q8VC56;Mm:E0CXC2;Rn:Q4KLN8	Dr:F1Q974
Q9HCK0	Q9ULT8	57684	25831	ZBTB26	HECTD1	chromatin immunoprecipitation assay	27924024	Homo sapiens	GTRD	No	Mm:Q6P9Q3;Rn:D3ZG35	Dr:A2BF92	-	-
Q9HCK0	Q9UL49	57684	10732	ZBTB26	TCFL5	chromatin immunoprecipitation assay	27924024	Homo sapiens	GTRD	No	Mm:Q6P9Q3;Rn:D3ZG35	Dr:A2BF92	Mm:Q32NY8	Rn:A0A0G2JYQ8
Q9HCK0	Q13185	57684	11335	ZBTB26	CBX3	chromatin immunoprecipitation assay	27924024	Homo sapiens	GTRD	No	Mm:Q6P9Q3;Rn:D3ZG35	Dr:A2BF92	Dr:F1QNF2;Rn:Q5RJK5	Mm:Q9DCC5
Q9HCK0	Q86VD7	57684	284439	ZBTB26	SLC25A42	chromatin immunoprecipitation assay	27924024	Homo sapiens	GTRD	No	Mm:Q6P9Q3;Rn:D3ZG35	Dr:A2BF92	Ce:Q93717;Dr:A0A2R8RLB4;Mm:Q8R0Y8;Rn:B1H271	-
Q9HCK0	Q9BRL7	57684	9117	ZBTB26	SEC22C	chromatin immunoprecipitation assay	27924024	Homo sapiens	GTRD	No	Mm:Q6P9Q3;Rn:D3ZG35	Dr:A2BF92	Dr:E9QFN4;Mm:Q8BXT9;Rn:M0R3S2	-
Q9HCK0	Q9UHB9	57684	6730	ZBTB26	SRP68	chromatin immunoprecipitation assay	27924024	Homo sapiens	GTRD	No	Mm:Q6P9Q3;Rn:D3ZG35	Dr:A2BF92	Ce:Q20822;Dm:Q9VSS2;Mm:Q8BMA6;Sc:P38687	Dr:A0A2R8QMV9;Rn:B2RYI2
Q9HCK0	P49184	57684	1774	ZBTB26	DNASE1L1	chromatin immunoprecipitation assay	27924024	Homo sapiens	GTRD	No	Mm:Q6P9Q3;Rn:D3ZG35	Dr:A2BF92	Mm:Q9D7J6;Rn:Q2QDE7	-
Q9HCK0	O60343	57684	9882	ZBTB26	TBC1D4	chromatin immunoprecipitation assay	27924024	Homo sapiens	GTRD	No	Mm:Q6P9Q3;Rn:D3ZG35	Dr:A2BF92	Dr:F1QE75;Rn:D3ZGN0	Dm:A0A0B4KG76;Mm:E0CX53
Q9HCK0	Q9NQX6	57684	55422	ZBTB26	ZNF331	chromatin immunoprecipitation assay	27924024	Homo sapiens	GTRD	No	Mm:Q6P9Q3;Rn:D3ZG35	Dr:A2BF92	-	Dr:H0WEW6
Q9HCK0	Q9NQ87	57684	26508	ZBTB26	HEYL	chromatin immunoprecipitation assay	27924024	Homo sapiens	GTRD	No	Mm:Q6P9Q3;Rn:D3ZG35	Dr:A2BF92	Mm:Q9DBX7;Rn:D3ZIH3	-
Q9HCK0	Q8IX30	57684	222663	ZBTB26	SCUBE3	chromatin immunoprecipitation assay	27924024	Homo sapiens	GTRD	No	Mm:Q6P9Q3;Rn:D3ZG35	Dr:A2BF92	Mm:Q66PY1;Rn:F1LV96	-
Q9HCK0	Q86YV5	57684	157285	ZBTB26	PRAG1	chromatin immunoprecipitation assay	27924024	Homo sapiens	GTRD	No	Mm:Q6P9Q3;Rn:D3ZG35	Dr:A2BF92	Mm:Q571I4;Rn:D3ZMK9	-
Q9HCK0	Q86SU0	57684	286676	ZBTB26	ILDR1	chromatin immunoprecipitation assay	27924024	Homo sapiens	GTRD	No	Mm:Q6P9Q3;Rn:D3ZG35	Dr:A2BF92	Dr:F1QNR7;Mm:Q8CBR1;Rn:E9PSR6	-
Q9HCK0	Q14839	57684	1108	ZBTB26	CHD4	chromatin immunoprecipitation assay	27924024	Homo sapiens	GTRD	No	Mm:Q6P9Q3;Rn:D3ZG35	Dr:A2BF92	Dr:Q1LYP4	-
Q9HCK0	P56199	57684	3672	ZBTB26	ITGA1	chromatin immunoprecipitation assay	27924024	Homo sapiens	GTRD	No	Mm:Q6P9Q3;Rn:D3ZG35	Dr:A2BF92	Mm:Q3V3R4;Rn:P18614	-
Q9HCK0	Q9UKT7	57684	26224	ZBTB26	FBXL3	chromatin immunoprecipitation assay	27924024	Homo sapiens	GTRD	No	Mm:Q6P9Q3;Rn:D3ZG35	Dr:A2BF92	Dr:Q7T162;Mm:Q8C4V4;Rn:G3V9P4	-
Q9HCK0	H3BN98	57684	-	ZBTB26	-	chromatin immunoprecipitation assay	27924024	Homo sapiens	GTRD	No	Mm:Q6P9Q3;Rn:D3ZG35	Dr:A2BF92	-	-
Q9HCK0	Q13084	57684	10573	ZBTB26	MRPL28	chromatin immunoprecipitation assay	27924024	Homo sapiens	GTRD	No	Mm:Q6P9Q3;Rn:D3ZG35	Dr:A2BF92	Ce:O76606;Dm:Q9VMX0;Dr:F1RDR5;Mm:Q9D1B9;Rn:D3ZJY1	-
Q9HCK0	Q9BQL6	57684	55612	ZBTB26	FERMT1	chromatin immunoprecipitation assay	27924024	Homo sapiens	GTRD	No	Mm:Q6P9Q3;Rn:D3ZG35	Dr:A2BF92	Dr:E9QBZ4;Mm:P59113;Rn:D3ZTV0	-
Q9HCK0	O75821	57684	8666	ZBTB26	EIF3G	chromatin immunoprecipitation assay	27924024	Homo sapiens	GTRD	No	Mm:Q6P9Q3;Rn:D3ZG35	Dr:A2BF92	Ce:Q19706;Dm:Q9VDM6;Dm:Q9W4X7;Dr:Q6DRC4;Mm:Q9Z1D1;Rn:Q5RK09;Sc:Q04067	-
Q9HCK0	Q9H875	57684	79706	ZBTB26	PRKRIP1	chromatin immunoprecipitation assay	27924024	Homo sapiens	GTRD	No	Mm:Q6P9Q3;Rn:D3ZG35	Dr:A2BF92	Ce:P41880;Dr:Q568A0;Mm:Q9CWV6;Rn:B0BMS9	-
Q9HCK0	Q9H8W4	57684	79666	ZBTB26	PLEKHF2	chromatin immunoprecipitation assay	27924024	Homo sapiens	GTRD	No	Mm:Q6P9Q3;Rn:D3ZG35	Dr:A2BF92	Ce:P34657;Dm:O76902;Dr:Q7ZUV1;Mm:Q91WB4;Rn:B1WBV4	-
Q9HCK0	Q9ULW0	57684	22974	ZBTB26	TPX2	chromatin immunoprecipitation assay	27924024	Homo sapiens	GTRD	No	Mm:Q6P9Q3;Rn:D3ZG35	Dr:A2BF92	Dr:E9QE51;Mm:A2APB8;Rn:D3ZA78	-
Q9HCK0	P18583	57684	6651	ZBTB26	SON	chromatin immunoprecipitation assay	27924024	Homo sapiens	GTRD	No	Mm:Q6P9Q3;Rn:D3ZG35	Dr:A2BF92	Mm:Q9QX47;Rn:F1MAQ7	-
Q9HCK0	P07919	57684	7388	ZBTB26	UQCRH	chromatin immunoprecipitation assay	27924024	Homo sapiens	GTRD	No	Mm:Q6P9Q3;Rn:D3ZG35	Dr:A2BF92	-	-
Q9HCK0	Q8NET8	57684	162514	ZBTB26	TRPV3	chromatin immunoprecipitation assay	27924024	Homo sapiens	GTRD	No	Mm:Q6P9Q3;Rn:D3ZG35	Dr:A2BF92	Mm:Q8K424	Rn:E9PU00
Q9HCK0	Q5JUQ0	57684	286336	ZBTB26	FAM78A	chromatin immunoprecipitation assay	27924024	Homo sapiens	GTRD	No	Mm:Q6P9Q3;Rn:D3ZG35	Dr:A2BF92	Dr:A9JTH2;Mm:Q8C552;Rn:D3ZW92	-
Q9HCK0	Q02543	57684	6142	ZBTB26	RPL18A	chromatin immunoprecipitation assay	27924024	Homo sapiens	GTRD	No	Mm:Q6P9Q3;Rn:D3ZG35	Dr:A2BF92	Ce:O44480;Dm:P41093;Dr:Q7ZWJ4;Mm:P62717;Rn:P62718;Sc:P0CX23	-
Q9HCK0	Q9NTJ5	57684	22908	ZBTB26	SACM1L	chromatin immunoprecipitation assay	27924024	Homo sapiens	GTRD	No	Mm:Q6P9Q3;Rn:D3ZG35	Dr:A2BF92	Dm:Q9W0I6;Dr:F1QG78;Mm:Q9EP69;Rn:Q9ES21;Sc:P32368	Dr:A4VCH0
Q9HCK0	Q9HCM2	57684	91584	ZBTB26	PLXNA4	chromatin immunoprecipitation assay	27924024	Homo sapiens	GTRD	No	Mm:Q6P9Q3;Rn:D3ZG35	Dr:A2BF92	Mm:Q80UG2	Dr:T1ECS6;Rn:D3ZES7
Q9HCK0	P14543	57684	4811	ZBTB26	NID1	chromatin immunoprecipitation assay	27924024	Homo sapiens	GTRD	No	Mm:Q6P9Q3;Rn:D3ZG35	Dr:A2BF92	Dr:A0A0G2L836;Mm:P10493;Rn:F1LM84	-
Q9HCK0	Q96BX8	57684	126308	ZBTB26	MOB3A	chromatin immunoprecipitation assay	27924024	Homo sapiens	GTRD	No	Mm:Q6P9Q3;Rn:D3ZG35	Dr:A2BF92	Mm:Q8BSU7;Rn:B5DEX8	Dr:B0S6F6
Q9HCK0	Q9H4E5	57684	57381	ZBTB26	RHOJ	chromatin immunoprecipitation assay	27924024	Homo sapiens	GTRD	No	Mm:Q6P9Q3;Rn:D3ZG35	Dr:A2BF92	Dr:Q5TZD5;Mm:Q9ER71;Rn:Q5RJS2	-
Q9HCK0	Q6ZMK1	57684	50626	ZBTB26	CYHR1	chromatin immunoprecipitation assay	27924024	Homo sapiens	GTRD	No	Mm:Q6P9Q3;Rn:D3ZG35	Dr:A2BF92	-	-
Q9HCK0	O60242	57684	577	ZBTB26	ADGRB3	chromatin immunoprecipitation assay	27924024	Homo sapiens	GTRD	No	Mm:Q6P9Q3;Rn:D3ZG35	Dr:A2BF92	Mm:Q80ZF8;Rn:D4A831	Dr:B8JI55
Q9HCK0	Q16143	57684	6620	ZBTB26	SNCB	chromatin immunoprecipitation assay	27924024	Homo sapiens	GTRD	No	Mm:Q6P9Q3;Rn:D3ZG35	Dr:A2BF92	Dr:Q7SX92;Mm:Q91ZZ3;Rn:A0A0G2JSQ1	-
Q9HCK0	Q96GM1	57684	64748	ZBTB26	PLPPR2	chromatin immunoprecipitation assay	27924024	Homo sapiens	GTRD	No	Mm:Q6P9Q3;Rn:D3ZG35	Dr:A2BF92	Dr:Q7SY32;Mm:Q8VCY8	Rn:F1LR33
Q9HCK0	Q08379	57684	2801	ZBTB26	GOLGA2	chromatin immunoprecipitation assay	27924024	Homo sapiens	GTRD	No	Mm:Q6P9Q3;Rn:D3ZG35	Dr:A2BF92	Ce:Q19989;Rn:A0A0G2K977	Mm:E9PUQ5
Q9HCK0	Q8TBK2	57684	79918	ZBTB26	SETD6	chromatin immunoprecipitation assay	27924024	Homo sapiens	GTRD	No	Mm:Q6P9Q3;Rn:D3ZG35	Dr:A2BF92	Dr:F1QSN6;Mm:Q9CWY3;Rn:D3ZSK5	-
Q9HCK0	Q8IYB4	57684	51555	ZBTB26	PEX5L	chromatin immunoprecipitation assay	27924024	Homo sapiens	GTRD	No	Mm:Q6P9Q3;Rn:D3ZG35	Dr:A2BF92	Mm:Q8C437;Rn:F1LMT5	Dr:F1QM21
Q9HCK0	Q16881	57684	7296	ZBTB26	TXNRD1	chromatin immunoprecipitation assay	27924024	Homo sapiens	GTRD	No	Mm:Q6P9Q3;Rn:D3ZG35	Dr:A2BF92	-	-
Q9HCK0	Q96T25	57684	85416	ZBTB26	ZIC5	chromatin immunoprecipitation assay	27924024	Homo sapiens	GTRD	No	Mm:Q6P9Q3;Rn:D3ZG35	Dr:A2BF92	Dr:Q6VUB8;Mm:A0A0R4J0E2	-
Q9HCK0	P19622	57684	2020	ZBTB26	EN2	chromatin immunoprecipitation assay	27924024	Homo sapiens	GTRD	No	Mm:Q6P9Q3;Rn:D3ZG35	Dr:A2BF92	Dr:P09015;Mm:P09066	Rn:D3Z8B1
Q9HCK0	Q52LR7	57684	26122	ZBTB26	EPC2	chromatin immunoprecipitation assay	27924024	Homo sapiens	GTRD	No	Mm:Q6P9Q3;Rn:D3ZG35	Dr:A2BF92	Dr:F1RDZ9;Mm:Q8C0I4;Rn:D4ADG5	-
Q9HCK0	P07203	57684	2876	ZBTB26	GPX1	chromatin immunoprecipitation assay	27924024	Homo sapiens	GTRD	No	Mm:Q6P9Q3;Rn:D3ZG35	Dr:A2BF92	Mm:P11352;Rn:M0RAM5	Dr:B0V1T0
Q9HCK0	Q7Z6M4	57684	130916	ZBTB26	MTERF4	chromatin immunoprecipitation assay	27924024	Homo sapiens	GTRD	No	Mm:Q6P9Q3;Rn:D3ZG35	Dr:A2BF92	Dm:Q8SXK0;Dr:X1WDB2;Mm:Q8BVN4;Rn:Q4G078	-
Q9HCK0	Q9HBM1	57684	57405	ZBTB26	SPC25	chromatin immunoprecipitation assay	27924024	Homo sapiens	GTRD	No	Mm:Q6P9Q3;Rn:D3ZG35	Dr:A2BF92	Dr:B0UYS8;Mm:Q3UA16;Rn:Q5M856	-
Q9HCK0	O00423	57684	2009	ZBTB26	EML1	chromatin immunoprecipitation assay	27924024	Homo sapiens	GTRD	No	Mm:Q6P9Q3;Rn:D3ZG35	Dr:A2BF92	Mm:Q05BC3	Dr:E7EXY5;Rn:M0RDD8
Q9HCK0	Q9H9F9	57684	79913	ZBTB26	ACTR5	chromatin immunoprecipitation assay	27924024	Homo sapiens	GTRD	No	Mm:Q6P9Q3;Rn:D3ZG35	Dr:A2BF92	Dm:Q9VEC3;Mm:A0A0A0MQ89;Rn:D3ZAQ1;Sc:P53946	Dr:A0A0R4IDJ2
Q9HCK0	O14638	57684	5169	ZBTB26	ENPP3	chromatin immunoprecipitation assay	27924024	Homo sapiens	GTRD	No	Mm:Q6P9Q3;Rn:D3ZG35	Dr:A2BF92	Mm:Q6DYE8;Rn:P97675	-
Q9HCK0	Q8NEW0	57684	148867	ZBTB26	SLC30A7	chromatin immunoprecipitation assay	27924024	Homo sapiens	GTRD	No	Mm:Q6P9Q3;Rn:D3ZG35	Dr:A2BF92	Dm:Q9VGS1;Mm:Q9JKN1;Rn:Q5BJM8	Dr:A5PMX1
Q9HCK0	Q8NE71	57684	23	ZBTB26	ABCF1	chromatin immunoprecipitation assay	27924024	Homo sapiens	GTRD	No	Mm:Q6P9Q3;Rn:D3ZG35	Dr:A2BF92	Ce:Q19554;Dm:Q9VYW4;Dr:A3KPX2;Mm:Q6P542;Rn:Q6MG08	-
Q9HCK0	Q9UI46	57684	27019	ZBTB26	DNAI1	chromatin immunoprecipitation assay	27924024	Homo sapiens	GTRD	No	Mm:Q6P9Q3;Rn:D3ZG35	Dr:A2BF92	Dr:F1QBY7;Mm:Q8C0M8;Rn:Q5XIL8	Dm:Q8MSJ9
Q9HCK0	P03901	57684	4539	ZBTB26	MT-ND4L	chromatin immunoprecipitation assay	27924024	Homo sapiens	GTRD	No	Mm:Q6P9Q3;Rn:D3ZG35	Dr:A2BF92	Dm:P18934;Dr:Q9MIY2;Mm:P03903	Rn:P05507
Q9HCK0	Q8IZQ8	57684	93649	ZBTB26	MYOCD	chromatin immunoprecipitation assay	27924024	Homo sapiens	GTRD	No	Mm:Q6P9Q3;Rn:D3ZG35	Dr:A2BF92	Mm:Q8VIM5	Rn:A0A0G2K4C5
Q9HCK0	Q9NXK8	57684	54850	ZBTB26	FBXL12	chromatin immunoprecipitation assay	27924024	Homo sapiens	GTRD	No	Mm:Q6P9Q3;Rn:D3ZG35	Dr:A2BF92	Mm:Q9EPX5;Rn:Q4KM96	-
Q9HCK0	Q9Y2L9	57684	23143	ZBTB26	LRCH1	chromatin immunoprecipitation assay	27924024	Homo sapiens	GTRD	No	Mm:Q6P9Q3;Rn:D3ZG35	Dr:A2BF92	Mm:P62046;Rn:B2GV98	Dr:A0A0R4I9F0
Q9HCK0	Q5BN46	57684	138162	ZBTB26	C9orf116	chromatin immunoprecipitation assay	27924024	Homo sapiens	GTRD	No	Mm:Q6P9Q3;Rn:D3ZG35	Dr:A2BF92	Mm:Q5BN45;Rn:D3ZTM5	Dr:B0UXH9
Q9HCK0	Q9BVP2	57684	26354	ZBTB26	GNL3	chromatin immunoprecipitation assay	27924024	Homo sapiens	GTRD	No	Mm:Q6P9Q3;Rn:D3ZG35	Dr:A2BF92	Dr:F1QGN5;Mm:Q8CI11;Rn:Q811S9;Sc:P40010	-
Q9HCK0	P21580	57684	7128	ZBTB26	TNFAIP3	chromatin immunoprecipitation assay	27924024	Homo sapiens	GTRD	No	Mm:Q6P9Q3;Rn:D3ZG35	Dr:A2BF92	Mm:Q60769;Rn:M0R7V5	-
Q9HCK0	P10301	57684	6237	ZBTB26	RRAS	chromatin immunoprecipitation assay	27924024	Homo sapiens	GTRD	No	Mm:Q6P9Q3;Rn:D3ZG35	Dr:A2BF92	Dr:Q4V9D8;Mm:P10833;Rn:D3Z8L7	-
Q9HCK0	Q96KN4	57684	151354	ZBTB26	LRATD1	chromatin immunoprecipitation assay	27924024	Homo sapiens	GTRD	No	Mm:Q6P9Q3;Rn:D3ZG35	Dr:A2BF92	Dr:Q6PGW5;Mm:A0A0R4J012;Rn:G3V9V1	-
Q9HCK0	Q8N0Z9	57684	54621	ZBTB26	VSIG10	chromatin immunoprecipitation assay	27924024	Homo sapiens	GTRD	No	Mm:Q6P9Q3;Rn:D3ZG35	Dr:A2BF92	Mm:D3YX43;Rn:A0A0G2K994	Dr:A0A0R4IDV3
Q9HCK0	Q8NFF5	57684	80308	ZBTB26	FLAD1	chromatin immunoprecipitation assay	27924024	Homo sapiens	GTRD	No	Mm:Q6P9Q3;Rn:D3ZG35	Dr:A2BF92	Sc:Q03219	-
Q9HCK0	O94829	57684	9670	ZBTB26	IPO13	chromatin immunoprecipitation assay	27924024	Homo sapiens	GTRD	No	Mm:Q6P9Q3;Rn:D3ZG35	Dr:A2BF92	Dm:Q9VEC5;Dr:F1Q9F5;Mm:Q8K0C1;Rn:Q496Z3	-
Q9HCK0	Q8TBZ5	57684	91392	ZBTB26	ZNF502	chromatin immunoprecipitation assay	27924024	Homo sapiens	GTRD	No	Mm:Q6P9Q3;Rn:D3ZG35	Dr:A2BF92	-	-
Q9HCK0	Q8IYQ7	57684	79896	ZBTB26	THNSL1	chromatin immunoprecipitation assay	27924024	Homo sapiens	GTRD	No	Mm:Q6P9Q3;Rn:D3ZG35	Dr:A2BF92	Mm:Q8BH55;Rn:E9PTK4	-
Q9HCK0	Q8IY18	57684	23137	ZBTB26	SMC5	chromatin immunoprecipitation assay	27924024	Homo sapiens	GTRD	No	Mm:Q6P9Q3;Rn:D3ZG35	Dr:A2BF92	Ce:Q18237;Dm:Q8IPT2;Mm:Q8CG46;Rn:A0A0G2K4T5;Sc:Q08204	Dr:E9QDR4
Q9HCK0	A9YTQ3	57684	57491	ZBTB26	AHRR	chromatin immunoprecipitation assay	27924024	Homo sapiens	GTRD	No	Mm:Q6P9Q3;Rn:D3ZG35	Dr:A2BF92	-	-
Q9HCK0	Q93073	57684	9728	ZBTB26	SECISBP2L	chromatin immunoprecipitation assay	27924024	Homo sapiens	GTRD	No	Mm:Q6P9Q3;Rn:D3ZG35	Dr:A2BF92	Mm:A2AQE2;Rn:D4A7V0	-
Q9HCK0	Q8NB46	57684	283373	ZBTB26	ANKRD52	chromatin immunoprecipitation assay	27924024	Homo sapiens	GTRD	No	Mm:Q6P9Q3;Rn:D3ZG35	Dr:A2BF92	Dr:F1RC68;Mm:Q8BTI7;Rn:D4ACT4	-
Q9HCK0	P52594	57684	3267	ZBTB26	AGFG1	chromatin immunoprecipitation assay	27924024	Homo sapiens	GTRD	No	Mm:Q6P9Q3;Rn:D3ZG35	Dr:A2BF92	Dr:F1R9R7;Dr:B0UXL9;Mm:Q8K2K6;Rn:F1M9N7	-
Q9HCK0	P16260	57684	8034	ZBTB26	SLC25A16	chromatin immunoprecipitation assay	27924024	Homo sapiens	GTRD	No	Mm:Q6P9Q3;Rn:D3ZG35	Dr:A2BF92	Dr:B8A698;Mm:Q8C0K5	Rn:F1MA22
Q9HCK0	O00221	57684	4794	ZBTB26	NFKBIE	chromatin immunoprecipitation assay	27924024	Homo sapiens	GTRD	No	Mm:Q6P9Q3;Rn:D3ZG35	Dr:A2BF92	-	-
Q9HCK0	Q9BU02	57684	79178	ZBTB26	THTPA	chromatin immunoprecipitation assay	27924024	Homo sapiens	GTRD	No	Mm:Q6P9Q3;Rn:D3ZG35	Dr:A2BF92	Dr:F1QC87;Mm:Q8JZL3	Rn:A0A0G2JTF6
Q9HCK0	Q969W0	57684	171546	ZBTB26	SPTSSA	chromatin immunoprecipitation assay	27924024	Homo sapiens	GTRD	No	Mm:Q6P9Q3;Rn:D3ZG35	Dr:A2BF92	Dr:Q5BJC1;Mm:Q8R207;Rn:Q4G019	-
Q9HCK0	Q9Y6A1	57684	10585	ZBTB26	POMT1	chromatin immunoprecipitation assay	27924024	Homo sapiens	GTRD	No	Mm:Q6P9Q3;Rn:D3ZG35	Dr:A2BF92	Dm:Q9VTK2;Mm:Q8R2R1;Rn:Q99PR0;Sc:P46971	Dr:F1QF89
Q9HCK0	O94952	57684	23014	ZBTB26	FBXO21	chromatin immunoprecipitation assay	27924024	Homo sapiens	GTRD	No	Mm:Q6P9Q3;Rn:D3ZG35	Dr:A2BF92	Mm:Q8VDH1;Rn:F1M5Q6	Dr:E9QEU7
Q9HCK0	Q9NS98	57684	56920	ZBTB26	SEMA3G	chromatin immunoprecipitation assay	27924024	Homo sapiens	GTRD	No	Mm:Q6P9Q3;Rn:D3ZG35	Dr:A2BF92	Dr:M9MM97;Mm:Q4LFA9;Rn:F1LNH0	-
Q9HCK0	Q32MH5	57684	56204	ZBTB26	FAM214A	chromatin immunoprecipitation assay	27924024	Homo sapiens	GTRD	No	Mm:Q6P9Q3;Rn:D3ZG35	Dr:A2BF92	Mm:Q69ZK7;Rn:A0A0G2JXE4	Dr:A0A0A0MPN7
Q9HCK0	Q8IZ41	57684	158158	ZBTB26	RASEF	chromatin immunoprecipitation assay	27924024	Homo sapiens	GTRD	No	Mm:Q6P9Q3;Rn:D3ZG35	Dr:A2BF92	Ce:Q22908;Mm:Q5RI75	Dr:B8JLE6;Rn:F1LVA5
Q9HCK0	O75909	57684	8812	ZBTB26	CCNK	chromatin immunoprecipitation assay	27924024	Homo sapiens	GTRD	No	Mm:Q6P9Q3;Rn:D3ZG35	Dr:A2BF92	Mm:Q3U3M5;Rn:A1L1L5	-
Q9HCK0	S4R2X8	57684	-	ZBTB26	-	chromatin immunoprecipitation assay	27924024	Homo sapiens	GTRD	No	Mm:Q6P9Q3;Rn:D3ZG35	Dr:A2BF92	-	-
Q9HCK0	Q5TB30	57684	55635	ZBTB26	DEPDC1	chromatin immunoprecipitation assay	27924024	Homo sapiens	GTRD	No	Mm:Q6P9Q3;Rn:D3ZG35	Dr:A2BF92	Mm:Q8CIG0;Rn:D3ZGJ9	-
Q9HCK0	Q8IXQ6	57684	83666	ZBTB26	PARP9	chromatin immunoprecipitation assay	27924024	Homo sapiens	GTRD	No	Mm:Q6P9Q3;Rn:D3ZG35	Dr:A2BF92	Mm:Q8CAS9;Rn:A1A5Q1	Dr:B0UYL2
Q9HCK0	Q9NPJ1	57684	8195	ZBTB26	MKKS	chromatin immunoprecipitation assay	27924024	Homo sapiens	GTRD	No	Mm:Q6P9Q3;Rn:D3ZG35	Dr:A2BF92	Dr:F1QCQ8;Mm:Q9JI70;Rn:Q5XI30	-
Q9HCK0	P41214	57684	1939	ZBTB26	EIF2D	chromatin immunoprecipitation assay	27924024	Homo sapiens	GTRD	No	Mm:Q6P9Q3;Rn:D3ZG35	Dr:A2BF92	Ce:Q18186;Dm:Q9NG60;Dr:B0UYH2;Rn:Q5PPG7;Sc:Q04600	Mm:E9PUG7
Q9HCK0	Q9UJF2	57684	9462	ZBTB26	RASAL2	chromatin immunoprecipitation assay	27924024	Homo sapiens	GTRD	No	Mm:Q6P9Q3;Rn:D3ZG35	Dr:A2BF92	Mm:E9PW37;Rn:A0A0G2JTA7	-
Q9HCK0	Q6TDP4	57684	339451	ZBTB26	KLHL17	chromatin immunoprecipitation assay	27924024	Homo sapiens	GTRD	No	Mm:Q6P9Q3;Rn:D3ZG35	Dr:A2BF92	Dm:A0A0B4JD92;Dr:E7FB30;Mm:Q6TDP3;Rn:Q8K430	-
Q9HCK0	O94851	57684	9645	ZBTB26	MICAL2	chromatin immunoprecipitation assay	27924024	Homo sapiens	GTRD	No	Mm:Q6P9Q3;Rn:D3ZG35	Dr:A2BF92	-	-
Q9HCK0	Q92830	57684	2648	ZBTB26	KAT2A	chromatin immunoprecipitation assay	27924024	Homo sapiens	GTRD	No	Mm:Q6P9Q3;Rn:D3ZG35	Dr:A2BF92	Ce:Q9N3S7;Dr:A0A0R4IXF6;Mm:Q9JHD2;Rn:D4ACX5	-
Q9HCK0	O75808	57684	6650	ZBTB26	CAPN15	chromatin immunoprecipitation assay	27924024	Homo sapiens	GTRD	No	Mm:Q6P9Q3;Rn:D3ZG35	Dr:A2BF92	Mm:Q9JLG8;Rn:A0A0G2KAS0	Dr:E7FAX5
Q9HCK0	Q12929	57684	2059	ZBTB26	EPS8	chromatin immunoprecipitation assay	27924024	Homo sapiens	GTRD	No	Mm:Q6P9Q3;Rn:D3ZG35	Dr:A2BF92	Mm:Q08509	Dr:A0A0R4IID9;Rn:F1M3L7
Q9HCK0	Q9UL58	57684	7762	ZBTB26	ZNF215	chromatin immunoprecipitation assay	27924024	Homo sapiens	GTRD	No	Mm:Q6P9Q3;Rn:D3ZG35	Dr:A2BF92	-	-
Q9HCK0	P54289	57684	781	ZBTB26	CACNA2D1	chromatin immunoprecipitation assay	27924024	Homo sapiens	GTRD	No	Mm:Q6P9Q3;Rn:D3ZG35	Dr:A2BF92	Mm:O08532	Rn:Q9ERS3
Q9HCK0	P60033	57684	975	ZBTB26	CD81	chromatin immunoprecipitation assay	27924024	Homo sapiens	GTRD	No	Mm:Q6P9Q3;Rn:D3ZG35	Dr:A2BF92	Dr:Q6PFU1;Mm:P35762;Rn:Q6P9V1	-
Q9HCK0	P51512	57684	4325	ZBTB26	MMP16	chromatin immunoprecipitation assay	27924024	Homo sapiens	GTRD	No	Mm:Q6P9Q3;Rn:D3ZG35	Dr:A2BF92	Mm:Q9WTR0;Rn:F1M7F5	-
Q9HCK0	Q9UMX0	57684	29979	ZBTB26	UBQLN1	chromatin immunoprecipitation assay	27924024	Homo sapiens	GTRD	No	Mm:Q6P9Q3;Rn:D3ZG35	Dr:A2BF92	Mm:Q8R317;Rn:A0A140TAI1	-
Q9HCK0	A0A0A0MS02	57684	-	ZBTB26	TRGV1	chromatin immunoprecipitation assay	27924024	Homo sapiens	GTRD	No	Mm:Q6P9Q3;Rn:D3ZG35	Dr:A2BF92	-	-
Q9HCK0	P0DN25	57684	728819	ZBTB26	C1GALT1C1L	chromatin immunoprecipitation assay	27924024	Homo sapiens	GTRD	No	Mm:Q6P9Q3;Rn:D3ZG35	Dr:A2BF92	-	Ce:G5ECT3
Q9HCK0	O00634	57684	4917	ZBTB26	NTN3	chromatin immunoprecipitation assay	27924024	Homo sapiens	GTRD	No	Mm:Q6P9Q3;Rn:D3ZG35	Dr:A2BF92	Mm:Q9R1A3;Rn:G3V6X3	-
Q9HCK0	P86790	57684	221960;51622	ZBTB26	CCZ1B	chromatin immunoprecipitation assay	27924024	Homo sapiens	GTRD	No	Mm:Q6P9Q3;Rn:D3ZG35	Dr:A2BF92	-	-
Q9HCK0	Q9BY15	57684	84658	ZBTB26	ADGRE3	chromatin immunoprecipitation assay	27924024	Homo sapiens	GTRD	No	Mm:Q6P9Q3;Rn:D3ZG35	Dr:A2BF92	-	Dr:R4GDX1;Dr:R4GDV7
Q9HCK0	Q5RIA9	57684	220869	ZBTB26	CBWD5	chromatin immunoprecipitation assay	27924024	Homo sapiens	GTRD	No	Mm:Q6P9Q3;Rn:D3ZG35	Dr:A2BF92	-	-
Q9HCK0	Q70YC5	57684	22891	ZBTB26	ZNF365	chromatin immunoprecipitation assay	27924024	Homo sapiens	GTRD	No	Mm:Q6P9Q3;Rn:D3ZG35	Dr:A2BF92	-	-
Q9HCK0	Q99705	57684	2847	ZBTB26	MCHR1	chromatin immunoprecipitation assay	27924024	Homo sapiens	GTRD	No	Mm:Q6P9Q3;Rn:D3ZG35	Dr:A2BF92	Mm:Q8JZL2	Rn:P97639
Q9HCK0	Q9Y605	57684	93621	ZBTB26	MRFAP1	chromatin immunoprecipitation assay	27924024	Homo sapiens	GTRD	No	Mm:Q6P9Q3;Rn:D3ZG35	Dr:A2BF92	Mm:Q9CQL7	-
Q9HCK0	Q13093	57684	7941	ZBTB26	PLA2G7	chromatin immunoprecipitation assay	27924024	Homo sapiens	GTRD	No	Mm:Q6P9Q3;Rn:D3ZG35	Dr:A2BF92	Dr:Q5RHM0;Mm:Q60963	Rn:Q5M7T7
Q9HCK0	Q8IZC4	57684	219790	ZBTB26	RTKN2	chromatin immunoprecipitation assay	27924024	Homo sapiens	GTRD	No	Mm:Q6P9Q3;Rn:D3ZG35	Dr:A2BF92	Mm:Q14B46;Rn:A0A0G2K1Z6	Dr:E9QCU7
Q9HCK0	P67870	57684	1460	ZBTB26	CSNK2B	chromatin immunoprecipitation assay	27924024	Homo sapiens	GTRD	No	Mm:Q6P9Q3;Rn:D3ZG35	Dr:A2BF92	-	-
Q9HCK0	P50148	57684	2776	ZBTB26	GNAQ	chromatin immunoprecipitation assay	27924024	Homo sapiens	GTRD	No	Mm:Q6P9Q3;Rn:D3ZG35	Dr:A2BF92	Dr:B8JLJ7;Mm:P21279;Rn:D4AE68	-
Q9HCK0	Q71SY5	57684	81857	ZBTB26	MED25	chromatin immunoprecipitation assay	27924024	Homo sapiens	GTRD	No	Mm:Q6P9Q3;Rn:D3ZG35	Dr:A2BF92	Dm:Q9VDR1;Rn:D3ZJW8	Dr:I3ITN5;Mm:A0A140LHG7
Q9HCK0	O14972	57684	10311	ZBTB26	VPS26C	chromatin immunoprecipitation assay	27924024	Homo sapiens	GTRD	No	Mm:Q6P9Q3;Rn:D3ZG35	Dr:A2BF92	Dr:Q6DHL2;Mm:O35075;Rn:E9PU42	Dm:Q4V3Q0
Q9HCK0	Q9NZL9	57684	27430	ZBTB26	MAT2B	chromatin immunoprecipitation assay	27924024	Homo sapiens	GTRD	No	Mm:Q6P9Q3;Rn:D3ZG35	Dr:A2BF92	Mm:Q99LB6;Rn:Q5U2R0	Dr:F1RDD5
Q9HCK0	P35268	57684	6146	ZBTB26	RPL22	chromatin immunoprecipitation assay	27924024	Homo sapiens	GTRD	No	Mm:Q6P9Q3;Rn:D3ZG35	Dr:A2BF92	Mm:P67984;Rn:Q6PDV8	Dr:F1QG80
Q9HCK0	Q00532	57684	8814	ZBTB26	CDKL1	chromatin immunoprecipitation assay	27924024	Homo sapiens	GTRD	No	Mm:Q6P9Q3;Rn:D3ZG35	Dr:A2BF92	-	-
Q9HCK0	Q8WYQ3	57684	400916	ZBTB26	CHCHD10	chromatin immunoprecipitation assay	27924024	Homo sapiens	GTRD	No	Mm:Q6P9Q3;Rn:D3ZG35	Dr:A2BF92	Ce:Q09254;Dr:Q6PBP6;Mm:Q7TNL9	Rn:Q63ZY8
Q9HCK0	P02748	57684	735	ZBTB26	C9	chromatin immunoprecipitation assay	27924024	Homo sapiens	GTRD	No	Mm:Q6P9Q3;Rn:D3ZG35	Dr:A2BF92	Rn:F7F389	Dr:B8A565;Mm:P06683
Q9HCK0	Q9UJU5	57684	27022	ZBTB26	FOXD3	chromatin immunoprecipitation assay	27924024	Homo sapiens	GTRD	No	Mm:Q6P9Q3;Rn:D3ZG35	Dr:A2BF92	Dr:F1R5S7	Mm:A2BDY3
Q9HCK0	Q9Y5P3	57684	10742	ZBTB26	RAI2	chromatin immunoprecipitation assay	27924024	Homo sapiens	GTRD	No	Mm:Q6P9Q3;Rn:D3ZG35	Dr:A2BF92	Mm:Q9QVY8;Rn:D3ZGZ4	-
Q9HCK0	Q8NBF1	57684	148979	ZBTB26	GLIS1	chromatin immunoprecipitation assay	27924024	Homo sapiens	GTRD	No	Mm:Q6P9Q3;Rn:D3ZG35	Dr:A2BF92	-	-
Q9HCK0	Q16890	57684	7164	ZBTB26	TPD52L1	chromatin immunoprecipitation assay	27924024	Homo sapiens	GTRD	No	Mm:Q6P9Q3;Rn:D3ZG35	Dr:A2BF92	-	-
Q9HCK0	P11168	57684	6514	ZBTB26	SLC2A2	chromatin immunoprecipitation assay	27924024	Homo sapiens	GTRD	No	Mm:Q6P9Q3;Rn:D3ZG35	Dr:A2BF92	Ce:O44827;Mm:P14246;Rn:Q68FZ1	Dr:B0UY92
Q9HCK0	Q66LE6	57684	55844	ZBTB26	PPP2R2D	chromatin immunoprecipitation assay	27924024	Homo sapiens	GTRD	No	Mm:Q6P9Q3;Rn:D3ZG35	Dr:A2BF92	Mm:Q925E7;Rn:A0A0G2JSQ0	-
Q9HCK0	Q96EK6	57684	64841	ZBTB26	GNPNAT1	chromatin immunoprecipitation assay	27924024	Homo sapiens	GTRD	No	Mm:Q6P9Q3;Rn:D3ZG35	Dr:A2BF92	Ce:Q17427;Dr:Q4VBJ4;Mm:Q9JK38;Rn:B1H249;Sc:P43577	Dm:Q8IMK5
Q9HCK0	P22830	57684	2235	ZBTB26	FECH	chromatin immunoprecipitation assay	27924024	Homo sapiens	GTRD	No	Mm:Q6P9Q3;Rn:D3ZG35	Dr:A2BF92	Dm:Q9V9S8;Dr:F1R362;Mm:Q544X6;Rn:D3ZBM3;Sc:P16622	-
Q9HCK0	P16471	57684	5618	ZBTB26	PRLR	chromatin immunoprecipitation assay	27924024	Homo sapiens	GTRD	No	Mm:Q6P9Q3;Rn:D3ZG35	Dr:A2BF92	Mm:Q08501;Rn:A0A0G2K488	Dr:B3DI57
Q9HCK0	Q9UBQ6	57684	2135	ZBTB26	EXTL2	chromatin immunoprecipitation assay	27924024	Homo sapiens	GTRD	No	Mm:Q6P9Q3;Rn:D3ZG35	Dr:A2BF92	Dr:Q08C36;Mm:Q9ES89;Rn:B1WC59	-
Q9HCK0	Q9Y3M9	57684	26152	ZBTB26	ZNF337	chromatin immunoprecipitation assay	27924024	Homo sapiens	GTRD	No	Mm:Q6P9Q3;Rn:D3ZG35	Dr:A2BF92	-	-
Q9HCK0	P20810	57684	831	ZBTB26	CAST	chromatin immunoprecipitation assay	27924024	Homo sapiens	GTRD	No	Mm:Q6P9Q3;Rn:D3ZG35	Dr:A2BF92	Mm:P51125;Rn:F1LPH1	Dr:E9QHK0
Q9HCK0	Q6FIF0	57684	54469	ZBTB26	ZFAND6	chromatin immunoprecipitation assay	27924024	Homo sapiens	GTRD	No	Mm:Q6P9Q3;Rn:D3ZG35	Dr:A2BF92	Dr:Q6PH53;Mm:Q9DCH6;Rn:Q6DGF4	-
Q9HCK0	Q8N5M9	57684	84522	ZBTB26	JAGN1	chromatin immunoprecipitation assay	27924024	Homo sapiens	GTRD	No	Mm:Q6P9Q3;Rn:D3ZG35	Dr:A2BF92	Ce:Q9XUU9;Dm:Q7K1V5;Dr:Q1L864;Dr:Q5XJX0;Mm:Q5XKN4;Rn:Q4KM64	-
Q9HCK0	O60765	57684	6940	ZBTB26	ZNF354A	chromatin immunoprecipitation assay	27924024	Homo sapiens	GTRD	No	Mm:Q6P9Q3;Rn:D3ZG35	Dr:A2BF92	Mm:Q61751;Rn:Q02975	-
Q9HCK0	P02647	57684	335	ZBTB26	APOA1	chromatin immunoprecipitation assay	27924024	Homo sapiens	GTRD	No	Mm:Q6P9Q3;Rn:D3ZG35	Dr:A2BF92	Mm:Q00623;Rn:P04639	Dr:A0A0R4IKF0
Q9HCK0	Q16666	57684	3428	ZBTB26	IFI16	chromatin immunoprecipitation assay	27924024	Homo sapiens	GTRD	No	Mm:Q6P9Q3;Rn:D3ZG35	Dr:A2BF92	-	-
Q9HCK0	Q96RP9	57684	85476	ZBTB26	GFM1	chromatin immunoprecipitation assay	27924024	Homo sapiens	GTRD	No	Mm:Q6P9Q3;Rn:D3ZG35	Dr:A2BF92	Ce:Q9XV52;Dm:Q9VM33;Dr:Q08BB1;Mm:Q8K0D5;Rn:Q07803;Sc:P25039	-
Q9HCK0	O14647	57684	1106	ZBTB26	CHD2	chromatin immunoprecipitation assay	27924024	Homo sapiens	GTRD	No	Mm:Q6P9Q3;Rn:D3ZG35	Dr:A2BF92	Mm:E9PZM4	Dr:Q1LVN0;Rn:A0A0G2KA92
Q9HCK0	Q14031	57684	1288	ZBTB26	COL4A6	chromatin immunoprecipitation assay	27924024	Homo sapiens	GTRD	No	Mm:Q6P9Q3;Rn:D3ZG35	Dr:A2BF92	Mm:B1AVK5	Rn:A0A0G2K601
Q9HCK0	M0R129	57684	-	ZBTB26	-	chromatin immunoprecipitation assay	27924024	Homo sapiens	GTRD	No	Mm:Q6P9Q3;Rn:D3ZG35	Dr:A2BF92	-	-
Q9HCK0	Q4G0F5	57684	112936	ZBTB26	VPS26B	chromatin immunoprecipitation assay	27924024	Homo sapiens	GTRD	No	Mm:Q6P9Q3;Rn:D3ZG35	Dr:A2BF92	Dm:Q9W552;Mm:Q8C0E2;Rn:B1WBS4	Ce:L8E917;Dr:F1R4F5
Q9HCK0	O43865	57684	10768	ZBTB26	AHCYL1	chromatin immunoprecipitation assay	27924024	Homo sapiens	GTRD	No	Mm:Q6P9Q3;Rn:D3ZG35	Dr:A2BF92	Mm:Q80SW1;Rn:B5DFN2	Dr:A5PMG3
Q9HCK0	Q8WVN8	57684	92912	ZBTB26	UBE2Q2	chromatin immunoprecipitation assay	27924024	Homo sapiens	GTRD	No	Mm:Q6P9Q3;Rn:D3ZG35	Dr:A2BF92	Mm:Q8K2Z8;Rn:D4A1G2	Dr:A8KBW2;Dr:E7F1U7
Q9HCK0	Q53GL0	57684	51177	ZBTB26	PLEKHO1	chromatin immunoprecipitation assay	27924024	Homo sapiens	GTRD	No	Mm:Q6P9Q3;Rn:D3ZG35	Dr:A2BF92	Dr:E9QIX7;Mm:Q9JIY0;Rn:A0A0G2KBB3	-
Q9HCK0	Q969U7	57684	56984	ZBTB26	PSMG2	chromatin immunoprecipitation assay	27924024	Homo sapiens	GTRD	No	Mm:Q6P9Q3;Rn:D3ZG35	Dr:A2BF92	Dm:Q9VEC2;Dr:Q1LXS2;Mm:Q9EST4;Rn:D3ZAQ4	-
Q9HCK0	O14770	57684	4212	ZBTB26	MEIS2	chromatin immunoprecipitation assay	27924024	Homo sapiens	GTRD	No	Mm:Q6P9Q3;Rn:D3ZG35	Dr:A2BF92	Dr:A0A0H2UKR5;Mm:P97367;Rn:D4A2T5	-
Q9HCK0	Q9BZC1	57684	56853	ZBTB26	CELF4	chromatin immunoprecipitation assay	27924024	Homo sapiens	GTRD	No	Mm:Q6P9Q3;Rn:D3ZG35	Dr:A2BF92	Mm:Q7TSY6;Rn:F1M6I9	-
Q9HCK0	Q27J81	57684	64423	ZBTB26	INF2	chromatin immunoprecipitation assay	27924024	Homo sapiens	GTRD	No	Mm:Q6P9Q3;Rn:D3ZG35	Dr:A2BF92	Mm:E9QLA5	Rn:E9PT22
Q9HCK0	Q92918	57684	11184	ZBTB26	MAP4K1	chromatin immunoprecipitation assay	27924024	Homo sapiens	GTRD	No	Mm:Q6P9Q3;Rn:D3ZG35	Dr:A2BF92	Mm:P70218;Rn:D3Z8I4	-
Q9HCK0	Q86UT8	57684	338657	ZBTB26	CCDC84	chromatin immunoprecipitation assay	27924024	Homo sapiens	GTRD	No	Mm:Q6P9Q3;Rn:D3ZG35	Dr:A2BF92	Mm:Q4VA36;Rn:D4A553	-
Q9HCK0	P09131	57684	8273	ZBTB26	SLC10A3	chromatin immunoprecipitation assay	27924024	Homo sapiens	GTRD	No	Mm:Q6P9Q3;Rn:D3ZG35	Dr:A2BF92	Mm:P21129;Rn:Q5RJP6	-
Q9HCK0	Q9P2N2	57684	-	ZBTB26	ARHGAP28	chromatin immunoprecipitation assay	27924024	Homo sapiens	GTRD	No	Mm:Q6P9Q3;Rn:D3ZG35	Dr:A2BF92	Mm:Q8BN58;Rn:F1M332	-
Q9HCK0	Q8NC56	57684	221496	ZBTB26	LEMD2	chromatin immunoprecipitation assay	27924024	Homo sapiens	GTRD	No	Mm:Q6P9Q3;Rn:D3ZG35	Dr:A2BF92	Mm:Q6DVA0	-
Q9HCK0	Q53TQ3	57684	54891	ZBTB26	INO80D	chromatin immunoprecipitation assay	27924024	Homo sapiens	GTRD	No	Mm:Q6P9Q3;Rn:D3ZG35	Dr:A2BF92	Rn:D3ZTM2	Dr:A0A0R4INH3;Mm:Q66JY2
Q9HCK0	Q8WW12	57684	57092	ZBTB26	PCNP	chromatin immunoprecipitation assay	27924024	Homo sapiens	GTRD	No	Mm:Q6P9Q3;Rn:D3ZG35	Dr:A2BF92	Mm:Q6P8I4;Rn:A0A0H2UHW4	Dr:B8JKH9
Q9HCK0	A0FGR9	57684	83850	ZBTB26	ESYT3	chromatin immunoprecipitation assay	27924024	Homo sapiens	GTRD	No	Mm:Q6P9Q3;Rn:D3ZG35	Dr:A2BF92	Dr:B0UYL4;Mm:Q5DTI8;Rn:D3ZC04	-
Q9HCK0	Q6B9Z1	57684	444882	ZBTB26	IGFL4	chromatin immunoprecipitation assay	27924024	Homo sapiens	GTRD	No	Mm:Q6P9Q3;Rn:D3ZG35	Dr:A2BF92	-	-
Q9HCK0	P62879	57684	2783	ZBTB26	GNB2	chromatin immunoprecipitation assay	27924024	Homo sapiens	GTRD	No	Mm:Q6P9Q3;Rn:D3ZG35	Dr:A2BF92	Dr:Q5BJ11;Rn:P54313	Mm:D3YZX3
Q9HCK0	Q9P0K8	57684	55810	ZBTB26	FOXJ2	chromatin immunoprecipitation assay	27924024	Homo sapiens	GTRD	No	Mm:Q6P9Q3;Rn:D3ZG35	Dr:A2BF92	Mm:Q9ES18;Rn:A0A0G2JW18	-
Q9HCK0	Q9C0H2	57684	80727	ZBTB26	TTYH3	chromatin immunoprecipitation assay	27924024	Homo sapiens	GTRD	No	Mm:Q6P9Q3;Rn:D3ZG35	Dr:A2BF92	Dr:F1QCC2;Dr:E7F5H4;Mm:Q6P5F7;Rn:A0A0G2K0W3	-
Q9HCK0	Q86XF7	57684	284346	ZBTB26	ZNF575	chromatin immunoprecipitation assay	27924024	Homo sapiens	GTRD	No	Mm:Q6P9Q3;Rn:D3ZG35	Dr:A2BF92	-	-
Q9HCK0	P84243	57684	3020;3021	ZBTB26	H3-3A;H3-3B	chromatin immunoprecipitation assay	27924024	Homo sapiens	GTRD	No	Mm:Q6P9Q3;Rn:D3ZG35	Dr:A2BF92	-	-
Q9HCK0	Q8WUN7	57684	92181	ZBTB26	UBTD2	chromatin immunoprecipitation assay	27924024	Homo sapiens	GTRD	No	Mm:Q6P9Q3;Rn:D3ZG35	Dr:A2BF92	Dr:F1QPG5;Mm:Q6PGH0;Rn:F1LVF9	-
Q9HCK0	Q8NFG4	57684	201163	ZBTB26	FLCN	chromatin immunoprecipitation assay	27924024	Homo sapiens	GTRD	No	Mm:Q6P9Q3;Rn:D3ZG35	Dr:A2BF92	Dm:Q9VS33;Dr:F1R3E5;Mm:Q8QZS3;Rn:Q76JQ2	-
Q9HCK0	Q9H0C8	57684	80895	ZBTB26	ILKAP	chromatin immunoprecipitation assay	27924024	Homo sapiens	GTRD	No	Mm:Q6P9Q3;Rn:D3ZG35	Dr:A2BF92	Ce:G5EDI3;Dr:E7EY20;Mm:Q8R0F6;Rn:A0A0G2JSS1	-
Q9HCK0	Q8IYR6	57684	100526694;8577	ZBTB26	TMEFF1	chromatin immunoprecipitation assay	27924024	Homo sapiens	GTRD	No	Mm:Q6P9Q3;Rn:D3ZG35	Dr:A2BF92	-	-
Q9HCK0	Q92817	57684	2125	ZBTB26	EVPL	chromatin immunoprecipitation assay	27924024	Homo sapiens	GTRD	No	Mm:Q6P9Q3;Rn:D3ZG35	Dr:A2BF92	Mm:Q9D952;Rn:G3V765	Dr:F1Q4X8;Dr:A0A0R4ID71
Q9HCK0	Q9NWL6	57684	54529	ZBTB26	ASNSD1	chromatin immunoprecipitation assay	27924024	Homo sapiens	GTRD	No	Mm:Q6P9Q3;Rn:D3ZG35	Dr:A2BF92	Ce:Q21555;Dm:Q5LJP9;Dr:B0V348;Mm:Q8BFS9;Sc:Q04489	Rn:D3ZWR3
Q9HCK0	Q96NA2	57684	83547	ZBTB26	RILP	chromatin immunoprecipitation assay	27924024	Homo sapiens	GTRD	No	Mm:Q6P9Q3;Rn:D3ZG35	Dr:A2BF92	Mm:Q5ND29;Rn:D3ZGA5	-
Q9HCK0	P50583	57684	318	ZBTB26	NUDT2	chromatin immunoprecipitation assay	27924024	Homo sapiens	GTRD	No	Mm:Q6P9Q3;Rn:D3ZG35	Dr:A2BF92	Ce:Q9U2M7;Dm:Q4V6M1;Dr:Q6DG97;Mm:P56380;Rn:Q6PEC0	Rn:A0A0G2K7J8;Rn:D3ZH27
Q9HCK0	O60563	57684	904	ZBTB26	CCNT1	chromatin immunoprecipitation assay	27924024	Homo sapiens	GTRD	No	Mm:Q6P9Q3;Rn:D3ZG35	Dr:A2BF92	Dr:B8A521;Mm:Q9QWV9;Rn:D3ZC98	Rn:A0A0G2JXM2
Q9HCK0	O96019	57684	86	ZBTB26	ACTL6A	chromatin immunoprecipitation assay	27924024	Homo sapiens	GTRD	No	Mm:Q6P9Q3;Rn:D3ZG35	Dr:A2BF92	Dr:F1R473;Mm:Q9Z2N8;Rn:Q4KM87	-
Q9HCK0	Q14444	57684	4076	ZBTB26	CAPRIN1	chromatin immunoprecipitation assay	27924024	Homo sapiens	GTRD	No	Mm:Q6P9Q3;Rn:D3ZG35	Dr:A2BF92	Dr:A5WVQ1;Mm:Q60865	Rn:A0A0G2K8H0
Q9HCK0	P18065	57684	3485	ZBTB26	IGFBP2	chromatin immunoprecipitation assay	27924024	Homo sapiens	GTRD	No	Mm:Q6P9Q3;Rn:D3ZG35	Dr:A2BF92	Dr:M9MM96;Mm:P47877;Rn:P12843	Dr:Q9PTH3
Q9HCK0	Q00005	57684	5521	ZBTB26	PPP2R2B	chromatin immunoprecipitation assay	27924024	Homo sapiens	GTRD	No	Mm:Q6P9Q3;Rn:D3ZG35	Dr:A2BF92	Mm:Q6ZWR4	Dr:A0A0R4IEA6;Rn:A0A0G2K165
Q9HCK0	P23284	57684	5479	ZBTB26	PPIB	chromatin immunoprecipitation assay	27924024	Homo sapiens	GTRD	No	Mm:Q6P9Q3;Rn:D3ZG35	Dr:A2BF92	Ce:P52013;Dm:Q9W227;Dr:F6NLI6;Mm:P24369;Rn:P24368	-
Q9HCK0	O43663	57684	9055	ZBTB26	PRC1	chromatin immunoprecipitation assay	27924024	Homo sapiens	GTRD	No	Mm:Q6P9Q3;Rn:D3ZG35	Dr:A2BF92	Ce:G5ED58;Dm:Q9VZ62;Dm:Q9VZ61;Dr:F1Q733;Rn:D3ZES9	Mm:G3UW86
Q9HCK0	P57682	57684	51274	ZBTB26	KLF3	chromatin immunoprecipitation assay	27924024	Homo sapiens	GTRD	No	Mm:Q6P9Q3;Rn:D3ZG35	Dr:A2BF92	Mm:Q60980;Rn:D4A4V3	-
Q9HCK0	P47898	57684	3361	ZBTB26	HTR5A	chromatin immunoprecipitation assay	27924024	Homo sapiens	GTRD	No	Mm:Q6P9Q3;Rn:D3ZG35	Dr:A2BF92	Mm:P30966;Rn:P35364	Dr:A3KPY3;Dr:Q7ZZ32
Q9HCK0	Q6ECI4	57684	388566	ZBTB26	ZNF470	chromatin immunoprecipitation assay	27924024	Homo sapiens	GTRD	No	Mm:Q6P9Q3;Rn:D3ZG35	Dr:A2BF92	-	-
Q9HCK0	Q96HL8	57684	26751	ZBTB26	SH3YL1	chromatin immunoprecipitation assay	27924024	Homo sapiens	GTRD	No	Mm:Q6P9Q3;Rn:D3ZG35	Dr:A2BF92	Mm:O08641;Rn:B0BNA1;Sc:P43603;Sc:P32793	Dr:X1WFC4
Q9HCK0	P09544	57684	7472	ZBTB26	WNT2	chromatin immunoprecipitation assay	27924024	Homo sapiens	GTRD	No	Mm:Q6P9Q3;Rn:D3ZG35	Dr:A2BF92	Mm:P21552;Rn:Q2IBD1	-
Q9HCK0	P43243	57684	9782	ZBTB26	MATR3	chromatin immunoprecipitation assay	27924024	Homo sapiens	GTRD	No	Mm:Q6P9Q3;Rn:D3ZG35	Dr:A2BF92	-	-
Q9HCK0	P41223	57684	8896	ZBTB26	BUD31	chromatin immunoprecipitation assay	27924024	Homo sapiens	GTRD	No	Mm:Q6P9Q3;Rn:D3ZG35	Dr:A2BF92	Ce:P34313;Dm:O97454;Dr:A0A0R4I9A3;Mm:Q6PGH1;Rn:O70454;Sc:P25337	-
Q9HCK0	O00744	57684	7480	ZBTB26	WNT10B	chromatin immunoprecipitation assay	27924024	Homo sapiens	GTRD	No	Mm:Q6P9Q3;Rn:D3ZG35	Dr:A2BF92	Dr:B3DG58;Mm:P48614;Rn:A0A0G2K6Q8	-
Q9HCK0	Q8WU10	57684	79912	ZBTB26	PYROXD1	chromatin immunoprecipitation assay	27924024	Homo sapiens	GTRD	No	Mm:Q6P9Q3;Rn:D3ZG35	Dr:A2BF92	Ce:Q18213;Dm:Q9VIP2;Mm:Q3TMV7;Rn:F1LR31	-
Q9HCK0	Q9UJG1	57684	56180	ZBTB26	MOSPD1	chromatin immunoprecipitation assay	27924024	Homo sapiens	GTRD	No	Mm:Q6P9Q3;Rn:D3ZG35	Dr:A2BF92	Dr:F1R9R3;Mm:Q8VEL0	Rn:Q5RJS6
Q9HCK0	O60462	57684	8828	ZBTB26	NRP2	chromatin immunoprecipitation assay	27924024	Homo sapiens	GTRD	No	Mm:Q6P9Q3;Rn:D3ZG35	Dr:A2BF92	Dr:F1QN93;Dr:B0S6D0;Mm:O35375;Rn:O35276	-
Q9HCK0	O43439	57684	9139	ZBTB26	CBFA2T2	chromatin immunoprecipitation assay	27924024	Homo sapiens	GTRD	No	Mm:Q6P9Q3;Rn:D3ZG35	Dr:A2BF92	Mm:O70374;Rn:F1M659	-
Q9HCK0	M0R2D5	57684	-	ZBTB26	-	chromatin immunoprecipitation assay	27924024	Homo sapiens	GTRD	No	Mm:Q6P9Q3;Rn:D3ZG35	Dr:A2BF92	-	-
Q9HCK0	Q16363	57684	3910	ZBTB26	LAMA4	chromatin immunoprecipitation assay	27924024	Homo sapiens	GTRD	No	Mm:Q6P9Q3;Rn:D3ZG35	Dr:A2BF92	-	-
Q9HCK0	O75817	57684	10248	ZBTB26	POP7	chromatin immunoprecipitation assay	27924024	Homo sapiens	GTRD	No	Mm:Q6P9Q3;Rn:D3ZG35	Dr:A2BF92	Ce:Q9U1X8;Dr:Q5XJ22;Mm:Q9DCH2;Rn:D3ZQJ2	-
Q9HCK0	O76082	57684	6584	ZBTB26	SLC22A5	chromatin immunoprecipitation assay	27924024	Homo sapiens	GTRD	No	Mm:Q6P9Q3;Rn:D3ZG35	Dr:A2BF92	Mm:Q9Z0E8;Rn:O70594	-
Q9HCK0	P22303	57684	43	ZBTB26	ACHE	chromatin immunoprecipitation assay	27924024	Homo sapiens	GTRD	No	Mm:Q6P9Q3;Rn:D3ZG35	Dr:A2BF92	Dr:Q9DDE3;Mm:P21836;Rn:A0A0G2K6V0	-
Q9HCK0	Q8N300	57684	374969	ZBTB26	SVBP	chromatin immunoprecipitation assay	27924024	Homo sapiens	GTRD	No	Mm:Q6P9Q3;Rn:D3ZG35	Dr:A2BF92	Dr:P0C8M3;Mm:Q99LQ4	Rn:G3V6X9
Q9HCK0	Q86VF5	57684	346606	ZBTB26	MOGAT3	chromatin immunoprecipitation assay	27924024	Homo sapiens	GTRD	No	Mm:Q6P9Q3;Rn:D3ZG35	Dr:A2BF92	-	Dr:A2BHM7
Q9HCK0	O60238	57684	665	ZBTB26	BNIP3L	chromatin immunoprecipitation assay	27924024	Homo sapiens	GTRD	No	Mm:Q6P9Q3;Rn:D3ZG35	Dr:A2BF92	Dr:A2BG79;Dr:Q5VK49;Mm:Q9Z2F7;Rn:Q4G086	-
Q9HCK0	Q92615	57684	23185	ZBTB26	LARP4B	chromatin immunoprecipitation assay	27924024	Homo sapiens	GTRD	No	Mm:Q6P9Q3;Rn:D3ZG35	Dr:A2BF92	Dr:Q05AJ1;Mm:Q6A0A2	Rn:D3ZF45
Q9HCK0	Q9UIG0	57684	9031	ZBTB26	BAZ1B	chromatin immunoprecipitation assay	27924024	Homo sapiens	GTRD	No	Mm:Q6P9Q3;Rn:D3ZG35	Dr:A2BF92	Dr:A0A0R4IGK1;Mm:Q9Z277;Rn:G3V661	-
Q9HCK0	Q8NBD8	57684	161145	ZBTB26	TMEM229B	chromatin immunoprecipitation assay	27924024	Homo sapiens	GTRD	No	Mm:Q6P9Q3;Rn:D3ZG35	Dr:A2BF92	Mm:Q8BFQ2;Rn:D4ACC3	Dr:X1WD70
Q9HCK0	Q6NXT4	57684	55676	ZBTB26	SLC30A6	chromatin immunoprecipitation assay	27924024	Homo sapiens	GTRD	No	Mm:Q6P9Q3;Rn:D3ZG35	Dr:A2BF92	Ce:Q45EL5;Mm:Q8BJM5;Rn:B2RZA8	-
Q9HCK0	Q6NX45	57684	342132	ZBTB26	ZNF774	chromatin immunoprecipitation assay	27924024	Homo sapiens	GTRD	No	Mm:Q6P9Q3;Rn:D3ZG35	Dr:A2BF92	-	-
Q9HCK0	Q96N06	57684	124045	ZBTB26	SPATA33	chromatin immunoprecipitation assay	27924024	Homo sapiens	GTRD	No	Mm:Q6P9Q3;Rn:D3ZG35	Dr:A2BF92	Mm:Q8C624;Rn:D3Z8L2	-
Q9HCK0	O75716	57684	8576	ZBTB26	STK16	chromatin immunoprecipitation assay	27924024	Homo sapiens	GTRD	No	Mm:Q6P9Q3;Rn:D3ZG35	Dr:A2BF92	Dm:Q9VI84;Mm:O88697;Rn:P57760;Sc:Q12003	Dr:A2CEW6
Q9HCK0	Q969G3	57684	6605	ZBTB26	SMARCE1	chromatin immunoprecipitation assay	27924024	Homo sapiens	GTRD	No	Mm:Q6P9Q3;Rn:D3ZG35	Dr:A2BF92	Ce:Q9BL39;Dr:Q803S1;Mm:O54941;Rn:E9PU44	-
Q9HCK0	Q9H1U4	57684	1955	ZBTB26	MEGF9	chromatin immunoprecipitation assay	27924024	Homo sapiens	GTRD	No	Mm:Q6P9Q3;Rn:D3ZG35	Dr:A2BF92	Dr:F1REG9;Mm:Q8BH27;Rn:D4A3L3	Dr:A2CEV2
Q9HCK0	Q9UEU0	57684	10490	ZBTB26	VTI1B	chromatin immunoprecipitation assay	27924024	Homo sapiens	GTRD	No	Mm:Q6P9Q3;Rn:D3ZG35	Dr:A2BF92	Dr:Q7SY45;Mm:Q91XH6;Rn:F1LNC4	-
Q9HCK0	Q8N8Q3	57684	284131	ZBTB26	ENDOV	chromatin immunoprecipitation assay	27924024	Homo sapiens	GTRD	No	Mm:Q6P9Q3;Rn:D3ZG35	Dr:A2BF92	Rn:A0A0G2K5U3	-
Q9HCK0	Q9HBL7	57684	55848	ZBTB26	PLGRKT	chromatin immunoprecipitation assay	27924024	Homo sapiens	GTRD	No	Mm:Q6P9Q3;Rn:D3ZG35	Dr:A2BF92	Dm:Q9VY41;Mm:Q9D3P8;Rn:D4ACN8	Dr:Q499A2
Q9HCK0	O14981	57684	9044	ZBTB26	BTAF1	chromatin immunoprecipitation assay	27924024	Homo sapiens	GTRD	No	Mm:Q6P9Q3;Rn:D3ZG35	Dr:A2BF92	Ce:G5EF07;Dm:Q9VF02;Dr:B8A5E7;Mm:E9QAE3;Rn:F1LW16;Sc:P32333	-
Q9HCK0	Q14980	57684	4926	ZBTB26	NUMA1	chromatin immunoprecipitation assay	27924024	Homo sapiens	GTRD	No	Mm:Q6P9Q3;Rn:D3ZG35	Dr:A2BF92	Dr:A0A0R4IH76;Mm:E9Q7G0;Rn:F7FF45	-
Q9HCK0	P98155	57684	7436	ZBTB26	VLDLR	chromatin immunoprecipitation assay	27924024	Homo sapiens	GTRD	No	Mm:Q6P9Q3;Rn:D3ZG35	Dr:A2BF92	Mm:P98156;Rn:F1LPV2	Dr:E9QBA5
Q9HCK0	P50895	57684	4059	ZBTB26	BCAM	chromatin immunoprecipitation assay	27924024	Homo sapiens	GTRD	No	Mm:Q6P9Q3;Rn:D3ZG35	Dr:A2BF92	Mm:Q9R069;Rn:Q9ESS6	Dr:F1QVA6
Q9HCK0	O60260	57684	5071	ZBTB26	PRKN	chromatin immunoprecipitation assay	27924024	Homo sapiens	GTRD	No	Mm:Q6P9Q3;Rn:D3ZG35	Dr:A2BF92	Ce:Q9XUS3;Dm:Q7KTX7;Mm:Q9WVS6	Dr:A5WUG4;Rn:A0A0G2K9U8
Q9HCK0	O43237	57684	1783	ZBTB26	DYNC1LI2	chromatin immunoprecipitation assay	27924024	Homo sapiens	GTRD	No	Mm:Q6P9Q3;Rn:D3ZG35	Dr:A2BF92	Dr:F1RB89;Mm:Q6PDL0;Rn:Q62698	-
Q9HCK0	P63000	57684	5879	ZBTB26	RAC1	chromatin immunoprecipitation assay	27924024	Homo sapiens	GTRD	No	Mm:Q6P9Q3;Rn:D3ZG35	Dr:A2BF92	Dm:P48554;Dr:Q7ZSZ9;Dr:Q29RC5	Mm:Q3TLP8;Rn:A0A0G2K0X4
Q9HCK0	Q86X83	57684	51122	ZBTB26	COMMD2	chromatin immunoprecipitation assay	27924024	Homo sapiens	GTRD	No	Mm:Q6P9Q3;Rn:D3ZG35	Dr:A2BF92	Dm:Q9VEB2;Dr:Q6DH33;Mm:Q8BXC6;Rn:D3ZLN7	-
Q9HCK0	Q5PSV4	57684	84312	ZBTB26	BRMS1L	chromatin immunoprecipitation assay	27924024	Homo sapiens	GTRD	No	Mm:Q6P9Q3;Rn:D3ZG35	Dr:A2BF92	Mm:Q3U1T3;Rn:B1WC78	Rn:A0A0G2K4G6
Q9HCK0	O14757	57684	1111	ZBTB26	CHEK1	chromatin immunoprecipitation assay	27924024	Homo sapiens	GTRD	No	Mm:Q6P9Q3;Rn:D3ZG35	Dr:A2BF92	Ce:Q9N3Z3;Dm:O61661;Mm:O35280	-
Q9HCK0	Q14141	57684	23157	ZBTB26	SEPTIN6	chromatin immunoprecipitation assay	27924024	Homo sapiens	GTRD	No	Mm:Q6P9Q3;Rn:D3ZG35	Dr:A2BF92	Ce:Q8I4C9;Dr:F1R3Q3;Mm:Q9R1T4	Rn:A0A0U1RRT8
Q9HCK0	Q9H0U3	57684	84061	ZBTB26	MAGT1	chromatin immunoprecipitation assay	27924024	Homo sapiens	GTRD	No	Mm:Q6P9Q3;Rn:D3ZG35	Dr:A2BF92	-	-
Q9HCK0	Q8IYD2	57684	55220	ZBTB26	KLHDC8A	chromatin immunoprecipitation assay	27924024	Homo sapiens	GTRD	No	Mm:Q6P9Q3;Rn:D3ZG35	Dr:A2BF92	Mm:Q91XA8;Rn:F2Z3R0	Dr:E7FFI7
Q9HCK0	Q7Z5L9	57684	359948	ZBTB26	IRF2BP2	chromatin immunoprecipitation assay	27924024	Homo sapiens	GTRD	No	Mm:Q6P9Q3;Rn:D3ZG35	Dr:A2BF92	Dr:A0A0R4ITA7;Mm:E9Q1P8;Rn:M0R9Z5	-
Q9HCK0	P48735	57684	3418	ZBTB26	IDH2	chromatin immunoprecipitation assay	27924024	Homo sapiens	GTRD	No	Mm:Q6P9Q3;Rn:D3ZG35	Dr:A2BF92	Ce:O17643;Mm:P54071;Rn:P56574	-
Q9HCK0	P46100	57684	546	ZBTB26	ATRX	chromatin immunoprecipitation assay	27924024	Homo sapiens	GTRD	No	Mm:Q6P9Q3;Rn:D3ZG35	Dr:A2BF92	-	-
Q9HCK0	O14880	57684	4259	ZBTB26	MGST3	chromatin immunoprecipitation assay	27924024	Homo sapiens	GTRD	No	Mm:Q6P9Q3;Rn:D3ZG35	Dr:A2BF92	-	-
Q9HCK0	A0A087WVB3	57684	100529251	ZBTB26	CKLF-CMTM1	chromatin immunoprecipitation assay	27924024	Homo sapiens	GTRD	No	Mm:Q6P9Q3;Rn:D3ZG35	Dr:A2BF92	-	-
Q9HCK0	P11177	57684	5162	ZBTB26	PDHB	chromatin immunoprecipitation assay	27924024	Homo sapiens	GTRD	No	Mm:Q6P9Q3;Rn:D3ZG35	Dr:A2BF92	Ce:O44451;Dm:Q7K5K3;Dr:Q7T368;Mm:Q9D051;Sc:P32473	Rn:A0A0G2KAM3
Q9HCK0	Q9H792	57684	79834	ZBTB26	PEAK1	chromatin immunoprecipitation assay	27924024	Homo sapiens	GTRD	No	Mm:Q6P9Q3;Rn:D3ZG35	Dr:A2BF92	Mm:Q69Z38;Rn:D4A563	-
Q9HCK0	Q9UBR5	57684	51192	ZBTB26	CKLF	chromatin immunoprecipitation assay	27924024	Homo sapiens	GTRD	No	Mm:Q6P9Q3;Rn:D3ZG35	Dr:A2BF92	Mm:Q9DAS1;Rn:Q9JK79	-
Q9HCK0	Q2I0M5	57684	343637	ZBTB26	RSPO4	chromatin immunoprecipitation assay	27924024	Homo sapiens	GTRD	No	Mm:Q6P9Q3;Rn:D3ZG35	Dr:A2BF92	Mm:Q8BJ73;Rn:D4ACX0	Dr:F8W4P8
Q9HCK0	O14656	57684	1861	ZBTB26	TOR1A	chromatin immunoprecipitation assay	27924024	Homo sapiens	GTRD	No	Mm:Q6P9Q3;Rn:D3ZG35	Dr:A2BF92	Mm:Q9ER39;Rn:Q68G38	Dr:E9QG29;Dr:E7FDJ9
Q9HCK0	Q9NZ01	57684	9524	ZBTB26	TECR	chromatin immunoprecipitation assay	27924024	Homo sapiens	GTRD	No	Mm:Q6P9Q3;Rn:D3ZG35	Dr:A2BF92	Ce:Q9N5Y2;Dm:Q9VZL3;Dr:Q7T390;Mm:Q9CY27;Rn:Q64232	-
Q9HCK0	Q86SF2	57684	51809	ZBTB26	GALNT7	chromatin immunoprecipitation assay	27924024	Homo sapiens	GTRD	No	Mm:Q6P9Q3;Rn:D3ZG35	Dr:A2BF92	Ce:O61397;Dm:Q8MV48;Dr:A0A286YBK3;Rn:Q9R0C5	-
Q9HCK0	O00217	57684	4728	ZBTB26	NDUFS8	chromatin immunoprecipitation assay	27924024	Homo sapiens	GTRD	No	Mm:Q6P9Q3;Rn:D3ZG35	Dr:A2BF92	Ce:Q22619;Dm:Q9VF27;Dr:Q6P0T0;Mm:Q8K3J1;Rn:B0BNE6	-
Q9HCK0	P48634	57684	7916	ZBTB26	PRRC2A	chromatin immunoprecipitation assay	27924024	Homo sapiens	GTRD	No	Mm:Q6P9Q3;Rn:D3ZG35	Dr:A2BF92	Mm:Q7TSC1	Dr:Q1LWP7;Rn:A0A0U1RRZ5
Q9HCK0	Q969V6	57684	57591	ZBTB26	MRTFA	chromatin immunoprecipitation assay	27924024	Homo sapiens	GTRD	No	Mm:Q6P9Q3;Rn:D3ZG35	Dr:A2BF92	-	-
Q9HCK0	Q14CZ7	57684	79072	ZBTB26	FASTKD3	chromatin immunoprecipitation assay	27924024	Homo sapiens	GTRD	No	Mm:Q6P9Q3;Rn:D3ZG35	Dr:A2BF92	Mm:Q8BSN9;Rn:Q68FN9	Dr:A0A0R4IJX1
Q9HCK0	Q8IZS6	57684	6991	ZBTB26	TCTE3	chromatin immunoprecipitation assay	27924024	Homo sapiens	GTRD	No	Mm:Q6P9Q3;Rn:D3ZG35	Dr:A2BF92	Rn:A0A0G2K5Q6	Mm:A0A0R4J284
Q9HCK0	A8MU93	57684	388327	ZBTB26	C17orf100	chromatin immunoprecipitation assay	27924024	Homo sapiens	GTRD	No	Mm:Q6P9Q3;Rn:D3ZG35	Dr:A2BF92	Rn:F1M532	Mm:Q8BGJ3
Q9HCK0	O60673	57684	5980	ZBTB26	REV3L	chromatin immunoprecipitation assay	27924024	Homo sapiens	GTRD	No	Mm:Q6P9Q3;Rn:D3ZG35	Dr:A2BF92	Mm:Q61493;Rn:F1M8G6	Dr:F1QSQ9
Q9HCK0	P57054	57684	51227	ZBTB26	PIGP	chromatin immunoprecipitation assay	27924024	Homo sapiens	GTRD	No	Mm:Q6P9Q3;Rn:D3ZG35	Dr:A2BF92	-	-
Q9HCK0	Q86V81	57684	10189	ZBTB26	ALYREF	chromatin immunoprecipitation assay	27924024	Homo sapiens	GTRD	No	Mm:Q6P9Q3;Rn:D3ZG35	Dr:A2BF92	-	-
Q9HCK0	Q14554	57684	10954	ZBTB26	PDIA5	chromatin immunoprecipitation assay	27924024	Homo sapiens	GTRD	No	Mm:Q6P9Q3;Rn:D3ZG35	Dr:A2BF92	Dm:Q9VJZ1;Dr:B0S5S6;Mm:Q921X9	Rn:Q5I0H9
Q9HCK0	Q9BXA6	57684	83983	ZBTB26	TSSK6	chromatin immunoprecipitation assay	27924024	Homo sapiens	GTRD	No	Mm:Q6P9Q3;Rn:D3ZG35	Dr:A2BF92	Mm:Q925K9;Rn:D3ZEK4	Ce:Q23128;Dr:Q1LVI1
Q9HCK0	Q8WYA6	57684	56259	ZBTB26	CTNNBL1	chromatin immunoprecipitation assay	27924024	Homo sapiens	GTRD	No	Mm:Q6P9Q3;Rn:D3ZG35	Dr:A2BF92	Ce:P91401;Dm:Q9VHJ7;Mm:Q9CWL8;Rn:Q4V8K2	-
Q9HCK0	P62888	57684	6156	ZBTB26	RPL30	chromatin immunoprecipitation assay	27924024	Homo sapiens	GTRD	No	Mm:Q6P9Q3;Rn:D3ZG35	Dr:A2BF92	Ce:Q9XWS4;Dm:Q9VJ19;Dr:Q7ZUG6;Mm:P62889;Rn:P62890;Sc:P14120	-
Q9HCK0	P62273	57684	6235	ZBTB26	RPS29	chromatin immunoprecipitation assay	27924024	Homo sapiens	GTRD	No	Mm:Q6P9Q3;Rn:D3ZG35	Dr:A2BF92	Ce:P90983;Dm:Q9VH69;Dr:Q6Q419;Mm:P62274;Rn:P62275;Sc:P41058;Sc:P41057	-
Q9HCK0	Q9H467	57684	79004	ZBTB26	CUEDC2	chromatin immunoprecipitation assay	27924024	Homo sapiens	GTRD	No	Mm:Q6P9Q3;Rn:D3ZG35	Dr:A2BF92	Dm:Q95T08;Dr:Q6TLH3;Mm:Q9CXX9;Rn:A1L131	-
Q9HCK0	Q9C0I1	57684	54545	ZBTB26	MTMR12	chromatin immunoprecipitation assay	27924024	Homo sapiens	GTRD	No	Mm:Q6P9Q3;Rn:D3ZG35	Dr:A2BF92	Dr:A2BGG1;Mm:Q80TA6;Rn:Q5FVM6	-
Q9HCK0	P24534	57684	1933	ZBTB26	EEF1B2	chromatin immunoprecipitation assay	27924024	Homo sapiens	GTRD	No	Mm:Q6P9Q3;Rn:D3ZG35	Dr:A2BF92	Ce:P34460;Dm:O96827;Mm:O70251;Rn:B5DEN5;Sc:P32471	Dr:Q6IQE2
Q9HCK0	Q9UHV2	57684	29950	ZBTB26	SERTAD1	chromatin immunoprecipitation assay	27924024	Homo sapiens	GTRD	No	Mm:Q6P9Q3;Rn:D3ZG35	Dr:A2BF92	Mm:Q9JL10;Rn:Q6P771	-
Q9HCK0	Q9NPI7	57684	51315	ZBTB26	KRCC1	chromatin immunoprecipitation assay	27924024	Homo sapiens	GTRD	No	Mm:Q6P9Q3;Rn:D3ZG35	Dr:A2BF92	Mm:Q99JT5;Rn:Q5PPL1	-
Q9HCK0	Q8N511	57684	147007	ZBTB26	TMEM199	chromatin immunoprecipitation assay	27924024	Homo sapiens	GTRD	No	Mm:Q6P9Q3;Rn:D3ZG35	Dr:A2BF92	Mm:Q5SYH2;Rn:Q5BK13	Dr:X1WFW8
Q9HCK0	O00116	57684	8540	ZBTB26	AGPS	chromatin immunoprecipitation assay	27924024	Homo sapiens	GTRD	No	Mm:Q6P9Q3;Rn:D3ZG35	Dr:A2BF92	Ce:O45218;Dm:Q9V778;Mm:A2AL50;Rn:F1M9Q8	Dr:B0V3G4
Q9HCK0	Q8NFH3	57684	348995	ZBTB26	NUP43	chromatin immunoprecipitation assay	27924024	Homo sapiens	GTRD	No	Mm:Q6P9Q3;Rn:D3ZG35	Dr:A2BF92	Dm:Q9VE85;Dr:Q5RFW3;Mm:P59235;Rn:B0BNB5	-
Q9HCK0	Q8IYS5	57684	126014	ZBTB26	OSCAR	chromatin immunoprecipitation assay	27924024	Homo sapiens	GTRD	No	Mm:Q6P9Q3;Rn:D3ZG35	Dr:A2BF92	-	-
Q9HCK0	Q92826	57684	10481	ZBTB26	HOXB13	chromatin immunoprecipitation assay	27924024	Homo sapiens	GTRD	No	Mm:Q6P9Q3;Rn:D3ZG35	Dr:A2BF92	Dr:Q1ECY2;Mm:P70321;Rn:D3ZWL5	-
Q9HCK0	A2RUC4	57684	129450	ZBTB26	TYW5	chromatin immunoprecipitation assay	27924024	Homo sapiens	GTRD	No	Mm:Q6P9Q3;Rn:D3ZG35	Dr:A2BF92	Dr:F1Q971;Mm:A2RSX7;Rn:D3ZY75	-
Q9HCK0	Q9BU20	57684	79363	ZBTB26	CPLANE2	chromatin immunoprecipitation assay	27924024	Homo sapiens	GTRD	No	Mm:Q6P9Q3;Rn:D3ZG35	Dr:A2BF92	Mm:A2A825;Rn:A0A0G2K9E9	Dr:F1RBX6
Q9HCK0	O96028	57684	7468	ZBTB26	NSD2	chromatin immunoprecipitation assay	27924024	Homo sapiens	GTRD	No	Mm:Q6P9Q3;Rn:D3ZG35	Dr:A2BF92	Mm:Q8BVE8	Rn:D4A9J4
Q9HCK0	Q96J02	57684	83737	ZBTB26	ITCH	chromatin immunoprecipitation assay	27924024	Homo sapiens	GTRD	No	Mm:Q6P9Q3;Rn:D3ZG35	Dr:A2BF92	Dr:U6C7X6;Mm:Q8C863	Rn:A0A0G2K9T1
Q9HCK0	P49189	57684	223	ZBTB26	ALDH9A1	chromatin immunoprecipitation assay	27924024	Homo sapiens	GTRD	No	Mm:Q6P9Q3;Rn:D3ZG35	Dr:A2BF92	Ce:Q20352;Ce:Q7Z1Q3;Mm:Q3U367;Rn:A0A0G2JSI1	Dr:B0S7W5;Dr:B0S7W3
Q9HCK0	O75312	57684	8882	ZBTB26	ZPR1	chromatin immunoprecipitation assay	27924024	Homo sapiens	GTRD	No	Mm:Q6P9Q3;Rn:D3ZG35	Dr:A2BF92	Ce:O16999;Dm:Q9W379;Dr:Q1LY31;Mm:Q62384;Rn:D3ZWN1;Sc:P53303	-
Q9HCK0	P51508	57684	347344	ZBTB26	ZNF81	chromatin immunoprecipitation assay	27924024	Homo sapiens	GTRD	No	Mm:Q6P9Q3;Rn:D3ZG35	Dr:A2BF92	-	Rn:A0A0G2JY97
Q9HCK0	P22413	57684	5167	ZBTB26	ENPP1	chromatin immunoprecipitation assay	27924024	Homo sapiens	GTRD	No	Mm:Q6P9Q3;Rn:D3ZG35	Dr:A2BF92	Mm:A0A0R4J1Q7;Rn:G3V7V4	-
Q9HCK0	Q86WG5	57684	81846	ZBTB26	SBF2	chromatin immunoprecipitation assay	27924024	Homo sapiens	GTRD	No	Mm:Q6P9Q3;Rn:D3ZG35	Dr:A2BF92	Dr:E7F4G2;Mm:E9PXF8;Rn:B5DEJ9	-
Q9HCK0	P14649	57684	140465	ZBTB26	MYL6B	chromatin immunoprecipitation assay	27924024	Homo sapiens	GTRD	No	Mm:Q6P9Q3;Rn:D3ZG35	Dr:A2BF92	Mm:Q8CI43	Rn:D3ZHA7
Q9HCK0	Q05932	57684	2356	ZBTB26	FPGS	chromatin immunoprecipitation assay	27924024	Homo sapiens	GTRD	No	Mm:Q6P9Q3;Rn:D3ZG35	Dr:A2BF92	Ce:Q09509;Dr:F1Q7N0;Mm:P48760;Sc:Q08645	Dm:X2JDF2;Rn:M0R401
Q9HCK0	Q5TYM5	57684	729533	ZBTB26	FAM72A	chromatin immunoprecipitation assay	27924024	Homo sapiens	GTRD	No	Mm:Q6P9Q3;Rn:D3ZG35	Dr:A2BF92	-	-
Q9HCK0	Q9NVM4	57684	54496	ZBTB26	PRMT7	chromatin immunoprecipitation assay	27924024	Homo sapiens	GTRD	No	Mm:Q6P9Q3;Rn:D3ZG35	Dr:A2BF92	Dm:Q9W1V1;Dr:A2AV36;Mm:Q922X9;Rn:Q5U4E8	Ce:Q9XW42
Q9HCK0	Q8NAV2	57684	541565	ZBTB26	C8orf58	chromatin immunoprecipitation assay	27924024	Homo sapiens	GTRD	No	Mm:Q6P9Q3;Rn:D3ZG35	Dr:A2BF92	Mm:Q66JV7;Rn:D4A3I2	-
Q9HCK0	G9CGD6	57684	-	ZBTB26	CNK3/IPCEF1	chromatin immunoprecipitation assay	27924024	Homo sapiens	GTRD	No	Mm:Q6P9Q3;Rn:D3ZG35	Dr:A2BF92	-	-
Q9HCK0	Q9H6H4	57684	80346	ZBTB26	REEP4	chromatin immunoprecipitation assay	27924024	Homo sapiens	GTRD	No	Mm:Q6P9Q3;Rn:D3ZG35	Dr:A2BF92	-	-
Q9HCK0	H3BMM0	57684	-	ZBTB26	-	chromatin immunoprecipitation assay	27924024	Homo sapiens	GTRD	No	Mm:Q6P9Q3;Rn:D3ZG35	Dr:A2BF92	-	-
Q9HCK0	P63211	57684	2792	ZBTB26	GNGT1	chromatin immunoprecipitation assay	27924024	Homo sapiens	GTRD	No	Mm:Q6P9Q3;Rn:D3ZG35	Dr:A2BF92	Mm:Q61012;Rn:D4AAI1	-
Q9HCK0	Q5TF39	57684	91749	ZBTB26	MFSD4B	chromatin immunoprecipitation assay	27924024	Homo sapiens	GTRD	No	Mm:Q6P9Q3;Rn:D3ZG35	Dr:A2BF92	Dr:F1R9M5;Mm:J3QNS5;Mm:Q8VCV9;Rn:F1LTM4;Rn:D3Z9X5	Rn:M0RAV5
Q9HCK0	P41970	57684	2004	ZBTB26	ELK3	chromatin immunoprecipitation assay	27924024	Homo sapiens	GTRD	No	Mm:Q6P9Q3;Rn:D3ZG35	Dr:A2BF92	Dr:F1QIB0;Mm:P41971;Rn:D4A9V6	-
Q9HCK0	Q9ULW5	57684	25837	ZBTB26	RAB26	chromatin immunoprecipitation assay	27924024	Homo sapiens	GTRD	No	Mm:Q6P9Q3;Rn:D3ZG35	Dr:A2BF92	Ce:G5EFA6;Mm:Q504M8;Rn:P51156	-
Q9HCK0	Q9HCM7	57684	57666	ZBTB26	FBRSL1	chromatin immunoprecipitation assay	27924024	Homo sapiens	GTRD	No	Mm:Q6P9Q3;Rn:D3ZG35	Dr:A2BF92	Dr:A5WW09;Mm:E9Q9T0	Rn:F1M3A0
Q9HCK0	P46926	57684	10007	ZBTB26	GNPDA1	chromatin immunoprecipitation assay	27924024	Homo sapiens	GTRD	No	Mm:Q6P9Q3;Rn:D3ZG35	Dr:A2BF92	Dr:Q567X3;Mm:O88958	Rn:M0RCH5
Q9HCK0	Q4VXA5	57684	80759	ZBTB26	KHDC1	chromatin immunoprecipitation assay	27924024	Homo sapiens	GTRD	No	Mm:Q6P9Q3;Rn:D3ZG35	Dr:A2BF92	-	-
Q9HCK0	Q92624	57684	10513	ZBTB26	APPBP2	chromatin immunoprecipitation assay	27924024	Homo sapiens	GTRD	No	Mm:Q6P9Q3;Rn:D3ZG35	Dr:A2BF92	Dr:Q6NY32;Mm:Q9DAX9;Rn:A5HK05	Dm:M9PGT5
Q9HCK0	P51530	57684	1763	ZBTB26	DNA2	chromatin immunoprecipitation assay	27924024	Homo sapiens	GTRD	No	Mm:Q6P9Q3;Rn:D3ZG35	Dr:A2BF92	Dr:B8A5D8;Mm:Q6ZQJ5;Sc:P38859	Dm:Q9W2Z4
Q9HCK0	Q9NUM3	57684	55334	ZBTB26	SLC39A9	chromatin immunoprecipitation assay	27924024	Homo sapiens	GTRD	No	Mm:Q6P9Q3;Rn:D3ZG35	Dr:A2BF92	Ce:Q9XVJ5;Dm:Q9V4C6;Dr:Q5BL29;Mm:Q8BFU1;Sc:Q12067	Rn:A0A0G2KAR8
Q9HCK0	P05412	57684	3725	ZBTB26	JUN	chromatin immunoprecipitation assay	27924024	Homo sapiens	GTRD	No	Mm:Q6P9Q3;Rn:D3ZG35	Dr:A2BF92	Dr:Q6NZT5;Mm:P05627;Rn:P17325	-
Q9HCK0	Q59H18	57684	100526835;51086	ZBTB26	TNNI3K	chromatin immunoprecipitation assay	27924024	Homo sapiens	GTRD	No	Mm:Q6P9Q3;Rn:D3ZG35	Dr:A2BF92	-	-
Q9HCK0	Q5SVS4	57684	253512	ZBTB26	SLC25A30	chromatin immunoprecipitation assay	27924024	Homo sapiens	GTRD	No	Mm:Q6P9Q3;Rn:D3ZG35	Dr:A2BF92	Mm:Q9CR58;Rn:F1LR53	-
Q9HCK0	O43347	57684	4440	ZBTB26	MSI1	chromatin immunoprecipitation assay	27924024	Homo sapiens	GTRD	No	Mm:Q6P9Q3;Rn:D3ZG35	Dr:A2BF92	Mm:Q61474;Rn:F1LRH1	-
Q9HCK0	O14867	57684	571	ZBTB26	BACH1	chromatin immunoprecipitation assay	27924024	Homo sapiens	GTRD	No	Mm:Q6P9Q3;Rn:D3ZG35	Dr:A2BF92	Mm:P97302	Rn:D4ACD2
Q9HCK0	O75110	57684	10079	ZBTB26	ATP9A	chromatin immunoprecipitation assay	27924024	Homo sapiens	GTRD	No	Mm:Q6P9Q3;Rn:D3ZG35	Dr:A2BF92	-	Mm:B2FDH4;Rn:M0R6E0
Q9HCK0	Q9BUA3	57684	144097	ZBTB26	SPINDOC	chromatin immunoprecipitation assay	27924024	Homo sapiens	GTRD	No	Mm:Q6P9Q3;Rn:D3ZG35	Dr:A2BF92	Mm:Q05AH6;Rn:D4AED1	-
Q9HCK0	Q9UKW4	57684	10451	ZBTB26	VAV3	chromatin immunoprecipitation assay	27924024	Homo sapiens	GTRD	No	Mm:Q6P9Q3;Rn:D3ZG35	Dr:A2BF92	Mm:Q9R0C8;Rn:F1LWB1	Dr:B0S6C8
Q9HCK0	Q02447	57684	6670	ZBTB26	SP3	chromatin immunoprecipitation assay	27924024	Homo sapiens	GTRD	No	Mm:Q6P9Q3;Rn:D3ZG35	Dr:A2BF92	Mm:O70494;Rn:A0A0G2K5M1	Dr:B0R082
Q9HCK0	Q8N823	57684	81856	ZBTB26	ZNF611	chromatin immunoprecipitation assay	27924024	Homo sapiens	GTRD	No	Mm:Q6P9Q3;Rn:D3ZG35	Dr:A2BF92	-	-
Q9HCK0	Q9BWP8	57684	78989	ZBTB26	COLEC11	chromatin immunoprecipitation assay	27924024	Homo sapiens	GTRD	No	Mm:Q6P9Q3;Rn:D3ZG35	Dr:A2BF92	Rn:F1LSS7	Dr:F1RCL0;Mm:A0A1Y7VKG6
Q9HCK0	A4QMS1	57684	-	ZBTB26	LOC441493	chromatin immunoprecipitation assay	27924024	Homo sapiens	GTRD	No	Mm:Q6P9Q3;Rn:D3ZG35	Dr:A2BF92	-	-
Q9HCK0	Q8IVS2	57684	27349	ZBTB26	MCAT	chromatin immunoprecipitation assay	27924024	Homo sapiens	GTRD	No	Mm:Q6P9Q3;Rn:D3ZG35	Dr:A2BF92	Dm:Q8T3L6;Mm:Q8R3F5;Rn:D3ZPF2	Ce:Q8ITY6;Dr:Q5RGV8
Q9HCK0	Q92523	57684	1375	ZBTB26	CPT1B	chromatin immunoprecipitation assay	27924024	Homo sapiens	GTRD	No	Mm:Q6P9Q3;Rn:D3ZG35	Dr:A2BF92	Mm:Q924X2	Rn:Q63704
Q9HCK0	Q8TAK6	57684	116448	ZBTB26	OLIG1	chromatin immunoprecipitation assay	27924024	Homo sapiens	GTRD	No	Mm:Q6P9Q3;Rn:D3ZG35	Dr:A2BF92	Mm:Q9JKN5;Rn:A0A0H2UHA2	-
Q9HCK0	O60884	57684	10294	ZBTB26	DNAJA2	chromatin immunoprecipitation assay	27924024	Homo sapiens	GTRD	No	Mm:Q6P9Q3;Rn:D3ZG35	Dr:A2BF92	Ce:O16303;Mm:Q9QYJ0;Rn:Q5M9H7	Dr:A0A0R4IH71
Q9HCK0	P02766	57684	7276	ZBTB26	TTR	chromatin immunoprecipitation assay	27924024	Homo sapiens	GTRD	No	Mm:Q6P9Q3;Rn:D3ZG35	Dr:A2BF92	Dr:B8JLL8;Mm:P07309;Rn:P02767	-
Q9HCK0	P61604	57684	3336	ZBTB26	HSPE1	chromatin immunoprecipitation assay	27924024	Homo sapiens	GTRD	No	Mm:Q6P9Q3;Rn:D3ZG35	Dr:A2BF92	Ce:Q965Q1;Dm:Q9VU35;Dr:Q6IQI7;Mm:Q64433;Rn:A0A0G2JTG1;Sc:P38910	Mm:Q9JI95
Q9HCK0	Q14765	57684	6775	ZBTB26	STAT4	chromatin immunoprecipitation assay	27924024	Homo sapiens	GTRD	No	Mm:Q6P9Q3;Rn:D3ZG35	Dr:A2BF92	Rn:Q66HB2	Dr:B0S790;Mm:Q3V157
Q9HCK0	Q8WUA2	57684	85313	ZBTB26	PPIL4	chromatin immunoprecipitation assay	27924024	Homo sapiens	GTRD	No	Mm:Q6P9Q3;Rn:D3ZG35	Dr:A2BF92	Ce:G5EEW6;Mm:Q9CXG3;Rn:D4AEG3	Dr:A5PM92
Q9HCK0	Q9H063	57684	84232	ZBTB26	MAF1	chromatin immunoprecipitation assay	27924024	Homo sapiens	GTRD	No	Mm:Q6P9Q3;Rn:D3ZG35	Dr:A2BF92	-	-
Q9HCK0	Q9UPX8	57684	22941	ZBTB26	SHANK2	chromatin immunoprecipitation assay	27924024	Homo sapiens	GTRD	No	Mm:Q6P9Q3;Rn:D3ZG35	Dr:A2BF92	-	Dr:A2AV32;Mm:D3Z5K8;Rn:M0R805;Rn:M0R5T5
Q9HCK0	O00327	57684	406	ZBTB26	ARNTL	chromatin immunoprecipitation assay	27924024	Homo sapiens	GTRD	No	Mm:Q6P9Q3;Rn:D3ZG35	Dr:A2BF92	Dr:Q9I879;Mm:Q9WTL8;Rn:D3ZT62	-
Q9HCK0	Q96T52	57684	83943	ZBTB26	IMMP2L	chromatin immunoprecipitation assay	27924024	Homo sapiens	GTRD	No	Mm:Q6P9Q3;Rn:D3ZG35	Dr:A2BF92	Ce:Q9N371;Dm:Q4QQ12;Mm:Q8BPT6;Sc:P46972	Dr:Q6AZD4
Q9HCK0	Q6UX52	57684	100141515	ZBTB26	C17orf99	chromatin immunoprecipitation assay	27924024	Homo sapiens	GTRD	No	Mm:Q6P9Q3;Rn:D3ZG35	Dr:A2BF92	Mm:Q9CX63	Rn:M0RB05
Q9HCK0	Q8NDW4	57684	57209	ZBTB26	ZNF248	chromatin immunoprecipitation assay	27924024	Homo sapiens	GTRD	No	Mm:Q6P9Q3;Rn:D3ZG35	Dr:A2BF92	Mm:Q640N4;Rn:A0A096MKA8	-
Q9HCK0	Q9UBS4	57684	51726	ZBTB26	DNAJB11	chromatin immunoprecipitation assay	27924024	Homo sapiens	GTRD	No	Mm:Q6P9Q3;Rn:D3ZG35	Dr:A2BF92	Ce:Q8MPX3;Dm:Q9VPQ2;Dr:Q6NYZ0;Mm:Q99KV1;Rn:Q6TUG0	-
Q9HCK0	Q8IWB7	57684	57590	ZBTB26	WDFY1	chromatin immunoprecipitation assay	27924024	Homo sapiens	GTRD	No	Mm:Q6P9Q3;Rn:D3ZG35	Dr:A2BF92	Dr:Q4VBV0;Mm:E9Q4P1;Rn:A0A0G2K3L8	-
Q9HCK0	Q9H3H1	57684	54802	ZBTB26	TRIT1	chromatin immunoprecipitation assay	27924024	Homo sapiens	GTRD	No	Mm:Q6P9Q3;Rn:D3ZG35	Dr:A2BF92	Dm:Q8IMV0;Mm:Q80UN9;Rn:D4A175;Sc:P07884	Ce:G5EBS1;Dr:A4IGE5
Q9HCK0	O60783	57684	63931	ZBTB26	MRPS14	chromatin immunoprecipitation assay	27924024	Homo sapiens	GTRD	No	Mm:Q6P9Q3;Rn:D3ZG35	Dr:A2BF92	Dm:Q9VWI3;Mm:Q9CR88;Rn:B2RYT4	Dr:B0S6K4
Q9HCK0	P17405	57684	6609	ZBTB26	SMPD1	chromatin immunoprecipitation assay	27924024	Homo sapiens	GTRD	No	Mm:Q6P9Q3;Rn:D3ZG35	Dr:A2BF92	Ce:Q23498;Dr:F8W546;Mm:Q04519;Rn:Q5XIA6	Dm:Q8MLP3
Q9HCK0	Q8N6R0	57684	51603	ZBTB26	EEF1AKNMT	chromatin immunoprecipitation assay	27924024	Homo sapiens	GTRD	No	Mm:Q6P9Q3;Rn:D3ZG35	Dr:A2BF92	Dm:Q9VIK9;Dr:G1K2I9;Mm:Q91YR5	Ce:Q17539
Q9HCK0	P50579	57684	10988	ZBTB26	METAP2	chromatin immunoprecipitation assay	27924024	Homo sapiens	GTRD	No	Mm:Q6P9Q3;Rn:D3ZG35	Dr:A2BF92	Ce:H1UBK1;Dm:Q9VL89;Dr:A0A0R4IUB7;Mm:O08663;Rn:F1LRI8;Sc:P38174	Dr:A5WVX8
Q9HCK0	P48643	57684	22948	ZBTB26	CCT5	chromatin immunoprecipitation assay	27924024	Homo sapiens	GTRD	No	Mm:Q6P9Q3;Rn:D3ZG35	Dr:A2BF92	Ce:P47209;Dm:Q7KKI0;Dr:Q6NVI6;Mm:P80316;Rn:Q68FQ0;Sc:P40413	-
Q9HCK0	Q8WV07	57684	220064	ZBTB26	LTO1	chromatin immunoprecipitation assay	27924024	Homo sapiens	GTRD	No	Mm:Q6P9Q3;Rn:D3ZG35	Dr:A2BF92	Dr:A4FVI3;Rn:D4A8F6	Mm:Q3TF33
Q9HCK0	Q8N8A6	57684	317781	ZBTB26	DDX51	chromatin immunoprecipitation assay	27924024	Homo sapiens	GTRD	No	Mm:Q6P9Q3;Rn:D3ZG35	Dr:A2BF92	Dm:P26802;Mm:Q6P9R1	Dr:F1R9W2;Rn:A0A0G2K4S4
Q9HCK0	Q96JN8	57684	84461	ZBTB26	NEURL4	chromatin immunoprecipitation assay	27924024	Homo sapiens	GTRD	No	Mm:Q6P9Q3;Rn:D3ZG35	Dr:A2BF92	Dm:A0A1L4AAD6;Dr:E7FDT2;Mm:Q5NCX5;Rn:D4A198	-
Q9HCK0	Q96DM3	57684	29919	ZBTB26	RMC1	chromatin immunoprecipitation assay	27924024	Homo sapiens	GTRD	No	Mm:Q6P9Q3;Rn:D3ZG35	Dr:A2BF92	Ce:Q95Y58;Dm:Q9VRX1;Mm:Q8VC42;Rn:Q5PPI8	-
Q9HCK0	Q9H2H0	57684	-	ZBTB26	CXXC4	chromatin immunoprecipitation assay	27924024	Homo sapiens	GTRD	No	Mm:Q6P9Q3;Rn:D3ZG35	Dr:A2BF92	-	-
Q9HCK0	O60682	57684	9242	ZBTB26	MSC	chromatin immunoprecipitation assay	27924024	Homo sapiens	GTRD	No	Mm:Q6P9Q3;Rn:D3ZG35	Dr:A2BF92	Mm:O88940;Rn:D3ZWP1	-
Q9HCK0	P57678	57684	50628	ZBTB26	GEMIN4	chromatin immunoprecipitation assay	27924024	Homo sapiens	GTRD	No	Mm:Q6P9Q3;Rn:D3ZG35	Dr:A2BF92	Dr:F1R759;Mm:Q6P6L6;Rn:F1LWL5	-
Q9HCK0	Q8NEF9	57684	153443	ZBTB26	SRFBP1	chromatin immunoprecipitation assay	27924024	Homo sapiens	GTRD	No	Mm:Q6P9Q3;Rn:D3ZG35	Dr:A2BF92	Mm:Q9CZ91;Rn:Q66H19	-
Q9HCK0	Q96K12	57684	55711	ZBTB26	FAR2	chromatin immunoprecipitation assay	27924024	Homo sapiens	GTRD	No	Mm:Q6P9Q3;Rn:D3ZG35	Dr:A2BF92	Mm:Q7TNT2	Rn:D4A9Z0
Q9HCK0	Q9BXB5	57684	114884	ZBTB26	OSBPL10	chromatin immunoprecipitation assay	27924024	Homo sapiens	GTRD	No	Mm:Q6P9Q3;Rn:D3ZG35	Dr:A2BF92	Dr:E7FE64;Mm:S4R1M9	Dr:A0A0G2KSQ8;Rn:F1LWM8
Q9HCK0	Q9BRA0	57684	84316	ZBTB26	NAA38	chromatin immunoprecipitation assay	27924024	Homo sapiens	GTRD	No	Mm:Q6P9Q3;Rn:D3ZG35	Dr:A2BF92	-	-
Q9HCK0	Q8WYB5	57684	23522	ZBTB26	KAT6B	chromatin immunoprecipitation assay	27924024	Homo sapiens	GTRD	No	Mm:Q6P9Q3;Rn:D3ZG35	Dr:A2BF92	Dr:B7ZD46	Mm:A0A5F8MQ39;Rn:M0R4T9
Q9HCK0	P51003	57684	10914	ZBTB26	PAPOLA	chromatin immunoprecipitation assay	27924024	Homo sapiens	GTRD	No	Mm:Q6P9Q3;Rn:D3ZG35	Dr:A2BF92	Mm:Q61183	Dr:Q5SNY2;Rn:A0A0G2K0C9
Q9HCK0	Q9P0M6	57684	55506	ZBTB26	MACROH2A2	chromatin immunoprecipitation assay	27924024	Homo sapiens	GTRD	No	Mm:Q6P9Q3;Rn:D3ZG35	Dr:A2BF92	Mm:Q8CCK0;Rn:B1WC28	-
Q9HCK0	Q9NPJ6	57684	29079	ZBTB26	MED4	chromatin immunoprecipitation assay	27924024	Homo sapiens	GTRD	No	Mm:Q6P9Q3;Rn:D3ZG35	Dr:A2BF92	Dm:Q9VS38;Dr:F1R739;Mm:Q9CQA5;Rn:Q561Q8	-
Q9HCK0	P41219	57684	5630	ZBTB26	PRPH	chromatin immunoprecipitation assay	27924024	Homo sapiens	GTRD	No	Mm:Q6P9Q3;Rn:D3ZG35	Dr:A2BF92	Dr:Q502Q7;Mm:G3X981	Rn:F1M7P4
Q9HCK0	O94856	57684	23114	ZBTB26	NFASC	chromatin immunoprecipitation assay	27924024	Homo sapiens	GTRD	No	Mm:Q6P9Q3;Rn:D3ZG35	Dr:A2BF92	-	Dr:E7F1Y1;Mm:A0A087WPX3;Rn:D3ZNW5
Q9HCK0	Q8IY45	57684	196394	ZBTB26	AMN1	chromatin immunoprecipitation assay	27924024	Homo sapiens	GTRD	No	Mm:Q6P9Q3;Rn:D3ZG35	Dr:A2BF92	Dr:Q0P4D1;Mm:B8JKV0;Rn:Q5U201	-
Q9HCK0	Q8IYT4	57684	83473	ZBTB26	KATNAL2	chromatin immunoprecipitation assay	27924024	Homo sapiens	GTRD	No	Mm:Q6P9Q3;Rn:D3ZG35	Dr:A2BF92	Dm:Q9V3N5;Dr:F1QSI7;Mm:Q9D3R6;Rn:F1M5A4	-
Q9HCK0	Q96NC0	57684	153527	ZBTB26	ZMAT2	chromatin immunoprecipitation assay	27924024	Homo sapiens	GTRD	No	Mm:Q6P9Q3;Rn:D3ZG35	Dr:A2BF92	Ce:P34670;Dm:Q9VZF0;Dr:Q6TLH9;Mm:Q9CPW7;Rn:D4AD01	-
Q9HCK0	Q6UXD5	57684	26470	ZBTB26	SEZ6L2	chromatin immunoprecipitation assay	27924024	Homo sapiens	GTRD	No	Mm:Q6P9Q3;Rn:D3ZG35	Dr:A2BF92	-	-
Q9HCK0	A8MTZ0	57684	92482	ZBTB26	BBIP1	chromatin immunoprecipitation assay	27924024	Homo sapiens	GTRD	No	Mm:Q6P9Q3;Rn:D3ZG35	Dr:A2BF92	Dr:Q1L8Y6;Mm:J3QMK2	Rn:A0A0G2JT03
Q9HCK0	Q8NDF8	57684	64282	ZBTB26	TENT4B	chromatin immunoprecipitation assay	27924024	Homo sapiens	GTRD	No	Mm:Q6P9Q3;Rn:D3ZG35	Dr:A2BF92	-	-
Q9HCK0	P61916	57684	10577	ZBTB26	NPC2	chromatin immunoprecipitation assay	27924024	Homo sapiens	GTRD	No	Mm:Q6P9Q3;Rn:D3ZG35	Dr:A2BF92	-	-
Q9HCK0	P19838	57684	4790	ZBTB26	NFKB1	chromatin immunoprecipitation assay	27924024	Homo sapiens	GTRD	No	Mm:Q6P9Q3;Rn:D3ZG35	Dr:A2BF92	Dm:Q94527;Mm:P25799;Rn:F1LQH2	-
Q9HCK0	Q96JQ0	57684	8642	ZBTB26	DCHS1	chromatin immunoprecipitation assay	27924024	Homo sapiens	GTRD	No	Mm:Q6P9Q3;Rn:D3ZG35	Dr:A2BF92	Dr:F1QGX1;Dr:X1WDW2;Mm:E9PVD3;Rn:D4ACX8	Dm:X2J8E9
Q9HCK0	O75936	57684	8424	ZBTB26	BBOX1	chromatin immunoprecipitation assay	27924024	Homo sapiens	GTRD	No	Mm:Q6P9Q3;Rn:D3ZG35	Dr:A2BF92	Ce:Q19000;Dm:Q7K4A8;Dm:C1C5A2;Dm:Q9VY24;Dr:A0A1D5NSC9;Mm:Q924Y0;Rn:A0A0G2K5N7	-
Q9HCK0	P28482	57684	5594	ZBTB26	MAPK1	chromatin immunoprecipitation assay	27924024	Homo sapiens	GTRD	No	Mm:Q6P9Q3;Rn:D3ZG35	Dr:A2BF92	Ce:P39745;Mm:P63085;Rn:P63086	Dr:Q6P023
Q9HCK0	Q9UMX5	57684	29937	ZBTB26	NENF	chromatin immunoprecipitation assay	27924024	Homo sapiens	GTRD	No	Mm:Q6P9Q3;Rn:D3ZG35	Dr:A2BF92	Mm:Q9CQ45;Rn:Q6IUR5	Dr:F1R378
Q9HCK0	Q6QEF8	57684	84940	ZBTB26	CORO6	chromatin immunoprecipitation assay	27924024	Homo sapiens	GTRD	No	Mm:Q6P9Q3;Rn:D3ZG35	Dr:A2BF92	Dr:Q7SZ58;Mm:Q920M5;Rn:Q920J3;Sc:Q06440	-
Q9HCK0	Q09019	57684	1762	ZBTB26	DMWD	chromatin immunoprecipitation assay	27924024	Homo sapiens	GTRD	No	Mm:Q6P9Q3;Rn:D3ZG35	Dr:A2BF92	Dr:E7F1C9;Mm:Q08274;Rn:F1M3D2	-
Q9HCK0	P11498	57684	5091	ZBTB26	PC	chromatin immunoprecipitation assay	27924024	Homo sapiens	GTRD	No	Mm:Q6P9Q3;Rn:D3ZG35	Dr:A2BF92	-	Dr:B0S5R6
Q9HCK0	Q86YW9	57684	116931	ZBTB26	MED12L	chromatin immunoprecipitation assay	27924024	Homo sapiens	GTRD	No	Mm:Q6P9Q3;Rn:D3ZG35	Dr:A2BF92	-	Mm:A0A0G2JET8;Rn:A0A0G2JV69
Q9HCK0	Q92734	57684	10342	ZBTB26	TFG	chromatin immunoprecipitation assay	27924024	Homo sapiens	GTRD	No	Mm:Q6P9Q3;Rn:D3ZG35	Dr:A2BF92	Mm:Q9Z1A1	Dr:Q6P0G5;Rn:Q6AYR1
Q9HCK0	Q96BM1	57684	122416	ZBTB26	ANKRD9	chromatin immunoprecipitation assay	27924024	Homo sapiens	GTRD	No	Mm:Q6P9Q3;Rn:D3ZG35	Dr:A2BF92	Dr:Q5U3A5;Mm:Q8BH83;Rn:Q6P755	-
Q9HCK0	Q9NVN3	57684	55188	ZBTB26	RIC8B	chromatin immunoprecipitation assay	27924024	Homo sapiens	GTRD	No	Mm:Q6P9Q3;Rn:D3ZG35	Dr:A2BF92	-	-
Q9HCK0	Q969F9	57684	84343	ZBTB26	HPS3	chromatin immunoprecipitation assay	27924024	Homo sapiens	GTRD	No	Mm:Q6P9Q3;Rn:D3ZG35	Dr:A2BF92	Mm:Q91VB4;Rn:D3ZGG8	-
Q9HCK0	Q9UET6	57684	24140	ZBTB26	FTSJ1	chromatin immunoprecipitation assay	27924024	Homo sapiens	GTRD	No	Mm:Q6P9Q3;Rn:D3ZG35	Dr:A2BF92	Ce:Q22031;Dm:Q9VEP1;Mm:Q8CBC7;Rn:D3ZZA1;Sc:P38238	-
Q9HCK0	Q13098	57684	2873	ZBTB26	GPS1	chromatin immunoprecipitation assay	27924024	Homo sapiens	GTRD	No	Mm:Q6P9Q3;Rn:D3ZG35	Dr:A2BF92	Ce:Q9GS00;Dm:Q9VVU5;Dr:A0AUR9;Rn:A0A0G2JT06	Mm:G3UXW9
Q9HCK0	P25098	57684	156	ZBTB26	GRK2	chromatin immunoprecipitation assay	27924024	Homo sapiens	GTRD	No	Mm:Q6P9Q3;Rn:D3ZG35	Dr:A2BF92	Mm:Q99MK8	Rn:F1LMA4
Q9HCK0	P63220	57684	6227	ZBTB26	RPS21	chromatin immunoprecipitation assay	27924024	Homo sapiens	GTRD	No	Mm:Q6P9Q3;Rn:D3ZG35	Dr:A2BF92	Ce:P49197;Dm:O76927;Mm:Q9CQR2;Rn:A0A0G2JXC3;Sc:Q3E754;Sc:P0C0V8	Dr:Q7ZUG5;Rn:D3ZSE0
Q9HCK0	O14977	57684	51582	ZBTB26	AZIN1	chromatin immunoprecipitation assay	27924024	Homo sapiens	GTRD	No	Mm:Q6P9Q3;Rn:D3ZG35	Dr:A2BF92	Mm:O35484;Rn:Q6P7R3	Dr:E9QIJ8
Q9HCK0	Q7Z7N9	57684	374395	ZBTB26	TMEM179B	chromatin immunoprecipitation assay	27924024	Homo sapiens	GTRD	No	Mm:Q6P9Q3;Rn:D3ZG35	Dr:A2BF92	Dr:E7F498;Dr:Q7T392;Mm:Q9CY24;Rn:D3ZRN1	-
Q9HCK0	Q00537	57684	5128	ZBTB26	CDK17	chromatin immunoprecipitation assay	27924024	Homo sapiens	GTRD	No	Mm:Q6P9Q3;Rn:D3ZG35	Dr:A2BF92	Dr:Q5RHX9;Mm:Q8K0D0;Rn:G3V6J5	-
Q9HCK0	P20916	57684	4099	ZBTB26	MAG	chromatin immunoprecipitation assay	27924024	Homo sapiens	GTRD	No	Mm:Q6P9Q3;Rn:D3ZG35	Dr:A2BF92	Mm:P20917;Rn:P07722	Dr:A0A0R4IQ16
Q9HCK0	P21796	57684	7416	ZBTB26	VDAC1	chromatin immunoprecipitation assay	27924024	Homo sapiens	GTRD	No	Mm:Q6P9Q3;Rn:D3ZG35	Dr:A2BF92	Dr:Q6NWC1;Mm:Q60932;Rn:Q9Z2L0	-
Q9HCK0	O60256	57684	5636	ZBTB26	PRPSAP2	chromatin immunoprecipitation assay	27924024	Homo sapiens	GTRD	No	Mm:Q6P9Q3;Rn:D3ZG35	Dr:A2BF92	Dr:Q803V2;Mm:Q8R574;Rn:O08618	Dm:A0A0B4KHW7
Q9HCK0	Q9UBE0	57684	10055	ZBTB26	SAE1	chromatin immunoprecipitation assay	27924024	Homo sapiens	GTRD	No	Mm:Q6P9Q3;Rn:D3ZG35	Dr:A2BF92	Dm:Q7KSM5;Dr:Q6IQS6;Mm:Q9R1T2;Rn:Q6AXQ0;Sc:Q06624	Ce:Q17820
Q9HCK0	Q9Y3A3	57684	25843	ZBTB26	MOB4	chromatin immunoprecipitation assay	27924024	Homo sapiens	GTRD	No	Mm:Q6P9Q3;Rn:D3ZG35	Dr:A2BF92	-	-
Q9HCK0	Q92633	57684	1902	ZBTB26	LPAR1	chromatin immunoprecipitation assay	27924024	Homo sapiens	GTRD	No	Mm:Q6P9Q3;Rn:D3ZG35	Dr:A2BF92	Dr:Q6DHQ8;Mm:P61793;Rn:P61794	-
Q9HCK0	Q96GN5	57684	55536	ZBTB26	CDCA7L	chromatin immunoprecipitation assay	27924024	Homo sapiens	GTRD	No	Mm:Q6P9Q3;Rn:D3ZG35	Dr:A2BF92	Mm:Q922M5;Rn:Q4G059	-
Q9HCK0	Q14137	57684	23246	ZBTB26	BOP1	chromatin immunoprecipitation assay	27924024	Homo sapiens	GTRD	No	Mm:Q6P9Q3;Rn:D3ZG35	Dr:A2BF92	Ce:Q9U2A9;Dm:Q7K0Y1;Dr:G3N3Y4;Mm:P97452;Rn:Q562C2;Sc:Q04660	-
Q9HCK0	Q9Y5P8	57684	28227	ZBTB26	PPP2R3B	chromatin immunoprecipitation assay	27924024	Homo sapiens	GTRD	No	Mm:Q6P9Q3;Rn:D3ZG35	Dr:A2BF92	Ce:H8W3X6;Rn:B1WBU2	Dr:B0S5T5
Q9HCK0	Q9BY42	57684	51507	ZBTB26	RTF2	chromatin immunoprecipitation assay	27924024	Homo sapiens	GTRD	No	Mm:Q6P9Q3;Rn:D3ZG35	Dr:A2BF92	Ce:O02209;Dm:Q9VKR2;Dr:A0A0R4IT16;Mm:Q99K95;Rn:Q3T1J8	-
Q9HCK0	Q9BYT1	57684	63910	ZBTB26	SLC17A9	chromatin immunoprecipitation assay	27924024	Homo sapiens	GTRD	No	Mm:Q6P9Q3;Rn:D3ZG35	Dr:A2BF92	Ce:O45678;Dm:Q9VQZ7;Dr:Q6DHM5;Mm:Q8VCL5;Rn:D3ZUN1	-
Q9HCK0	P0DPD7	57684	110599564	ZBTB26	EEF1AKMT4	chromatin immunoprecipitation assay	27924024	Homo sapiens	GTRD	No	Mm:Q6P9Q3;Rn:D3ZG35	Dr:A2BF92	Ce:Q564W8;Mm:P0DPE0;Rn:D4ADU7	Dr:B0V122
Q9HCK0	Q07021	57684	708	ZBTB26	C1QBP	chromatin immunoprecipitation assay	27924024	Homo sapiens	GTRD	No	Mm:Q6P9Q3;Rn:D3ZG35	Dr:A2BF92	Ce:Q21018;Dm:Q7JXC4;Dr:F1R3F7;Mm:Q8R5L1;Rn:O35796	-
Q9HCK0	Q8NBF6	57684	23080	ZBTB26	AVL9	chromatin immunoprecipitation assay	27924024	Homo sapiens	GTRD	No	Mm:Q6P9Q3;Rn:D3ZG35	Dr:A2BF92	Dm:Q9VYB2;Dr:A0A0R4IRC7;Mm:Q80U56;Rn:D3ZVU6;Sc:Q12500	Ce:Q22794
Q9HCK0	A4D2P6	57684	392862	ZBTB26	GRID2IP	chromatin immunoprecipitation assay	27924024	Homo sapiens	GTRD	No	Mm:Q6P9Q3;Rn:D3ZG35	Dr:A2BF92	Dr:Q6ZM86;Mm:Q0QWG9;Rn:F1LU68	-
Q9HCK0	Q96NR3	57684	139411	ZBTB26	PTCHD1	chromatin immunoprecipitation assay	27924024	Homo sapiens	GTRD	No	Mm:Q6P9Q3;Rn:D3ZG35	Dr:A2BF92	Mm:Q14B62	Dr:K7DYL5;Rn:D3ZX73
Q9HCK0	P19021	57684	5066	ZBTB26	PAM	chromatin immunoprecipitation assay	27924024	Homo sapiens	GTRD	No	Mm:Q6P9Q3;Rn:D3ZG35	Dr:A2BF92	Ce:P83388;Dr:A0A0R4IIV2;Mm:P97467;Rn:P14925	-
Q9HCK0	Q9H788	57684	63898	ZBTB26	SH2D4A	chromatin immunoprecipitation assay	27924024	Homo sapiens	GTRD	No	Mm:Q6P9Q3;Rn:D3ZG35	Dr:A2BF92	Mm:Q9D7V1;Rn:Q6AYC8	-
Q9HCK0	Q9H7X7	57684	64792	ZBTB26	IFT22	chromatin immunoprecipitation assay	27924024	Homo sapiens	GTRD	No	Mm:Q6P9Q3;Rn:D3ZG35	Dr:A2BF92	Dr:Q567Y6;Mm:Q9DAI2;Rn:Q5FVJ7	Ce:Q9XUC2
Q9HCK0	Q9H173	57684	64374	ZBTB26	SIL1	chromatin immunoprecipitation assay	27924024	Homo sapiens	GTRD	No	Mm:Q6P9Q3;Rn:D3ZG35	Dr:A2BF92	Dm:Q9VBV5;Dr:A0A0G2KDW7;Mm:Q9EPK6;Rn:Q6P6S4	-
Q9HCK0	Q5T6L9	57684	55780	ZBTB26	ERMARD	chromatin immunoprecipitation assay	27924024	Homo sapiens	GTRD	No	Mm:Q6P9Q3;Rn:D3ZG35	Dr:A2BF92	Mm:E9Q048;Rn:Q3B8R1	-
Q9HCK0	Q08ER8	57684	125919	ZBTB26	ZNF543	chromatin immunoprecipitation assay	27924024	Homo sapiens	GTRD	No	Mm:Q6P9Q3;Rn:D3ZG35	Dr:A2BF92	-	-
Q9HCK0	P24855	57684	1773	ZBTB26	DNASE1	chromatin immunoprecipitation assay	27924024	Homo sapiens	GTRD	No	Mm:Q6P9Q3;Rn:D3ZG35	Dr:A2BF92	Mm:P49183	Dr:Q6DG72;Rn:P21704
Q9HCK0	Q99732	57684	9516	ZBTB26	LITAF	chromatin immunoprecipitation assay	27924024	Homo sapiens	GTRD	No	Mm:Q6P9Q3;Rn:D3ZG35	Dr:A2BF92	Dm:Q8IRE5;Mm:Q9JLJ0;Rn:P0C0T0	Dr:Q6GMG8
Q9HCK0	F5H4A9	57684	401097	ZBTB26	C3orf80	chromatin immunoprecipitation assay	27924024	Homo sapiens	GTRD	No	Mm:Q6P9Q3;Rn:D3ZG35	Dr:A2BF92	Mm:E9Q0B3;Rn:F1MA06	-
Q9HCK0	Q2QD12	57684	729020	ZBTB26	RPEL1	chromatin immunoprecipitation assay	27924024	Homo sapiens	GTRD	No	Mm:Q6P9Q3;Rn:D3ZG35	Dr:A2BF92	-	-
Q9HCK0	Q5TAB7	57684	134701	ZBTB26	RIPPLY2	chromatin immunoprecipitation assay	27924024	Homo sapiens	GTRD	No	Mm:Q6P9Q3;Rn:D3ZG35	Dr:A2BF92	Mm:Q2WG76;Rn:D3ZRE0	-
Q9HCK0	Q8IV42	57684	118672	ZBTB26	PSTK	chromatin immunoprecipitation assay	27924024	Homo sapiens	GTRD	No	Mm:Q6P9Q3;Rn:D3ZG35	Dr:A2BF92	-	-
Q9HCK0	Q5VWP2	57684	54855	ZBTB26	TENT5C	chromatin immunoprecipitation assay	27924024	Homo sapiens	GTRD	No	Mm:Q6P9Q3;Rn:D3ZG35	Dr:A2BF92	Dr:B0V2X8;Mm:Q5SSF7;Rn:Q5XIV0	-
Q9HCK0	Q96FN4	57684	221184	ZBTB26	CPNE2	chromatin immunoprecipitation assay	27924024	Homo sapiens	GTRD	No	Mm:Q6P9Q3;Rn:D3ZG35	Dr:A2BF92	Dr:Q1LX40;Mm:P59108	Rn:F1M1L9
Q9HCK0	O00560	57684	6386	ZBTB26	SDCBP	chromatin immunoprecipitation assay	27924024	Homo sapiens	GTRD	No	Mm:Q6P9Q3;Rn:D3ZG35	Dr:A2BF92	Dr:Q803J6;Dr:F1QFG9;Mm:O08992;Rn:Q9JI92	-
Q9HCK0	Q8TAL5	57684	257169	ZBTB26	C9orf43	chromatin immunoprecipitation assay	27924024	Homo sapiens	GTRD	No	Mm:Q6P9Q3;Rn:D3ZG35	Dr:A2BF92	Mm:Q8BHW4;Rn:E9PT13	-
Q9HCK0	Q8N608	57684	57628	ZBTB26	DPP10	chromatin immunoprecipitation assay	27924024	Homo sapiens	GTRD	No	Mm:Q6P9Q3;Rn:D3ZG35	Dr:A2BF92	Mm:E9QN98	Rn:F1LPW1
Q9HCK0	Q8WY41	57684	340719	ZBTB26	NANOS1	chromatin immunoprecipitation assay	27924024	Homo sapiens	GTRD	No	Mm:Q6P9Q3;Rn:D3ZG35	Dr:A2BF92	Mm:Q80WY3;Rn:D4A1F8	-
Q9HCK0	O43255	57684	6478	ZBTB26	SIAH2	chromatin immunoprecipitation assay	27924024	Homo sapiens	GTRD	No	Mm:Q6P9Q3;Rn:D3ZG35	Dr:A2BF92	Dr:G8JL17;Mm:Q06986;Rn:Q8R4T2	-
Q9HCK0	O14775	57684	10681	ZBTB26	GNB5	chromatin immunoprecipitation assay	27924024	Homo sapiens	GTRD	No	Mm:Q6P9Q3;Rn:D3ZG35	Dr:A2BF92	Ce:Q20636;Dm:Q9W3J1;Dr:A1L271;Mm:P62881;Rn:D3ZZ54	-
Q9HCK0	Q504Y2	57684	91461	ZBTB26	PKDCC	chromatin immunoprecipitation assay	27924024	Homo sapiens	GTRD	No	Mm:Q6P9Q3;Rn:D3ZG35	Dr:A2BF92	Dr:F1QBU5;Mm:Q5RJI4	-
Q9HCK0	Q9UJX2	57684	8697	ZBTB26	CDC23	chromatin immunoprecipitation assay	27924024	Homo sapiens	GTRD	No	Mm:Q6P9Q3;Rn:D3ZG35	Dr:A2BF92	Dr:Q7ZVH3;Mm:A0A0R4J1W7;Rn:F1LRQ6;Sc:P16522	Dm:Q9I7L8
Q9HCK0	Q9UJ83	57684	26061	ZBTB26	HACL1	chromatin immunoprecipitation assay	27924024	Homo sapiens	GTRD	No	Mm:Q6P9Q3;Rn:D3ZG35	Dr:A2BF92	Ce:Q17474;Dm:Q7K3B7;Dr:F1RB36;Mm:Q9QXE0;Rn:Q8CHM7	Sc:P39994
Q9HCK0	Q5H9R7	57684	55291	ZBTB26	PPP6R3	chromatin immunoprecipitation assay	27924024	Homo sapiens	GTRD	No	Mm:Q6P9Q3;Rn:D3ZG35	Dr:A2BF92	Rn:F1MAH5	Dr:X1WD74;Mm:G5E8R4
Q9HCK0	A6NGB0	57684	645426	ZBTB26	TMEM191C	chromatin immunoprecipitation assay	27924024	Homo sapiens	GTRD	No	Mm:Q6P9Q3;Rn:D3ZG35	Dr:A2BF92	-	-
Q9HCK0	O60669	57684	9194	ZBTB26	SLC16A7	chromatin immunoprecipitation assay	27924024	Homo sapiens	GTRD	No	Mm:Q6P9Q3;Rn:D3ZG35	Dr:A2BF92	Mm:O70451;Rn:Q66HS9	-
Q9HCK0	Q70EL4	57684	124739	ZBTB26	USP43	chromatin immunoprecipitation assay	27924024	Homo sapiens	GTRD	No	Mm:Q6P9Q3;Rn:D3ZG35	Dr:A2BF92	Mm:Q8BUM9;Rn:D3ZED6	-
Q9HCK0	P09874	57684	142	ZBTB26	PARP1	chromatin immunoprecipitation assay	27924024	Homo sapiens	GTRD	No	Mm:Q6P9Q3;Rn:D3ZG35	Dr:A2BF92	Ce:Q9N4H4;Dm:P35875;Dr:Q5RHR0;Rn:P27008	Mm:Q921K2
Q9HCK0	P62269	57684	6222	ZBTB26	RPS18	chromatin immunoprecipitation assay	27924024	Homo sapiens	GTRD	No	Mm:Q6P9Q3;Rn:D3ZG35	Dr:A2BF92	Ce:O18240;Dm:P41094;Dr:Q8JGS9;Mm:F6YVP7;Mm:P62270;Rn:P62271;Sc:P0CX55	Mm:A0A1Y7VKY1;Rn:M0R5K9;Rn:D3ZM33
Q9HCK0	Q56NI9	57684	157570	ZBTB26	ESCO2	chromatin immunoprecipitation assay	27924024	Homo sapiens	GTRD	No	Mm:Q6P9Q3;Rn:D3ZG35	Dr:A2BF92	Mm:Q8CIB9;Rn:A0A096MJS9	-
Q9HCK0	Q96RS6	57684	84955	ZBTB26	NUDCD1	chromatin immunoprecipitation assay	27924024	Homo sapiens	GTRD	No	Mm:Q6P9Q3;Rn:D3ZG35	Dr:A2BF92	Dm:Q9VYT5;Dr:A8E7L6;Mm:Q6PIP5;Rn:F7F163	Ce:A6PVA1
Q9HCK0	Q9BYC5	57684	2530	ZBTB26	FUT8	chromatin immunoprecipitation assay	27924024	Homo sapiens	GTRD	No	Mm:Q6P9Q3;Rn:D3ZG35	Dr:A2BF92	Ce:G5EFE7;Dm:Q9VYV5;Mm:Q9WTS2;Rn:D4IGX4	Dr:F1QW63
Q9HCK0	Q6NXE6	57684	93436	ZBTB26	ARMC6	chromatin immunoprecipitation assay	27924024	Homo sapiens	GTRD	No	Mm:Q6P9Q3;Rn:D3ZG35	Dr:A2BF92	Dm:Q7K486;Mm:Q8BNU0;Rn:B2RYL4	-
Q9HCK0	P40189	57684	3572	ZBTB26	IL6ST	chromatin immunoprecipitation assay	27924024	Homo sapiens	GTRD	No	Mm:Q6P9Q3;Rn:D3ZG35	Dr:A2BF92	Mm:Q00560;Rn:F1LPK1	Dr:F1RCZ2
Q9HCK0	Q7L211	57684	84945	ZBTB26	ABHD13	chromatin immunoprecipitation assay	27924024	Homo sapiens	GTRD	No	Mm:Q6P9Q3;Rn:D3ZG35	Dr:A2BF92	Dm:O76462;Dr:Q32LS6;Mm:Q80UX8;Rn:D4A1B6;Sc:P42840	-
Q9HCK0	O94966	57684	10869	ZBTB26	USP19	chromatin immunoprecipitation assay	27924024	Homo sapiens	GTRD	No	Mm:Q6P9Q3;Rn:D3ZG35	Dr:A2BF92	Mm:Q3UJD6;Rn:M0RDN9	Dr:B7ZDA8
Q9HCK0	Q92945	57684	8570	ZBTB26	KHSRP	chromatin immunoprecipitation assay	27924024	Homo sapiens	GTRD	No	Mm:Q6P9Q3;Rn:D3ZG35	Dr:A2BF92	Dr:F1QXP8;Mm:Q3U0V1;Rn:A0A0G2K2B3	-
Q9HCK0	Q14449	57684	2888	ZBTB26	GRB14	chromatin immunoprecipitation assay	27924024	Homo sapiens	GTRD	No	Mm:Q6P9Q3;Rn:D3ZG35	Dr:A2BF92	Mm:Q9JLM9;Rn:A0A0G2K3B0	-
Q9HCK0	Q6UW60	57684	54760	ZBTB26	PCSK4	chromatin immunoprecipitation assay	27924024	Homo sapiens	GTRD	No	Mm:Q6P9Q3;Rn:D3ZG35	Dr:A2BF92	Ce:P51559;Mm:P29121;Rn:D3ZKU8	-
Q9HCK0	Q9Y2P5	57684	10998	ZBTB26	SLC27A5	chromatin immunoprecipitation assay	27924024	Homo sapiens	GTRD	No	Mm:Q6P9Q3;Rn:D3ZG35	Dr:A2BF92	Mm:Q4LDG0;Rn:Q9ES38	-
Q9HCK0	Q96K21	57684	84936	ZBTB26	ZFYVE19	chromatin immunoprecipitation assay	27924024	Homo sapiens	GTRD	No	Mm:Q6P9Q3;Rn:D3ZG35	Dr:A2BF92	Ce:Q21938;Dm:Q4QQ70;Mm:Q9DAZ9;Rn:Q499R6	-
Q9HCK0	Q6PL18	57684	29028	ZBTB26	ATAD2	chromatin immunoprecipitation assay	27924024	Homo sapiens	GTRD	No	Mm:Q6P9Q3;Rn:D3ZG35	Dr:A2BF92	Dr:E7EXJ5;Rn:D3ZJD2	Mm:G3X963
Q9HCK0	O75431	57684	10651	ZBTB26	MTX2	chromatin immunoprecipitation assay	27924024	Homo sapiens	GTRD	No	Mm:Q6P9Q3;Rn:D3ZG35	Dr:A2BF92	Dm:Q9VW58;Mm:O88441;Rn:Q5U1Z9	Dr:Q6WFZ4
Q9HCK0	Q5BJF2	57684	27346	ZBTB26	TMEM97	chromatin immunoprecipitation assay	27924024	Homo sapiens	GTRD	No	Mm:Q6P9Q3;Rn:D3ZG35	Dr:A2BF92	Mm:Q8VD00;Rn:Q5U3Y7	-
Q9HCK0	P26572	57684	4245	ZBTB26	MGAT1	chromatin immunoprecipitation assay	27924024	Homo sapiens	GTRD	No	Mm:Q6P9Q3;Rn:D3ZG35	Dr:A2BF92	Ce:Q11068;Dm:Q60GL7;Dr:A3KQ03;Mm:P27808;Rn:Q09325	Ce:G5EFK6
Q9HCK0	Q9UNY5	57684	7775	ZBTB26	ZNF232	chromatin immunoprecipitation assay	27924024	Homo sapiens	GTRD	No	Mm:Q6P9Q3;Rn:D3ZG35	Dr:A2BF92	-	-
Q9HCK0	Q02153	57684	2983	ZBTB26	GUCY1B1	chromatin immunoprecipitation assay	27924024	Homo sapiens	GTRD	No	Mm:Q6P9Q3;Rn:D3ZG35	Dr:A2BF92	Dm:Q9VA09;Dr:F1QNR4;Mm:O54865;Rn:P20595	-
Q9HCK0	Q9BZR9	57684	81603	ZBTB26	TRIM8	chromatin immunoprecipitation assay	27924024	Homo sapiens	GTRD	No	Mm:Q6P9Q3;Rn:D3ZG35	Dr:A2BF92	-	-
Q9HCK0	P48551	57684	3455	ZBTB26	IFNAR2	chromatin immunoprecipitation assay	27924024	Homo sapiens	GTRD	No	Mm:Q6P9Q3;Rn:D3ZG35	Dr:A2BF92	-	-
Q9HCK0	Q6AHZ1	57684	9849	ZBTB26	ZNF518A	chromatin immunoprecipitation assay	27924024	Homo sapiens	GTRD	No	Mm:Q6P9Q3;Rn:D3ZG35	Dr:A2BF92	Dr:U3JAE4;Mm:B2RRF6;Rn:Q499R0	-
Q9HCK0	O43791	57684	8405	ZBTB26	SPOP	chromatin immunoprecipitation assay	27924024	Homo sapiens	GTRD	No	Mm:Q6P9Q3;Rn:D3ZG35	Dr:A2BF92	Mm:Q6ZWS8;Rn:B2RYD9	Dr:Q7T330
Q9HCK0	P46531	57684	4851	ZBTB26	NOTCH1	chromatin immunoprecipitation assay	27924024	Homo sapiens	GTRD	No	Mm:Q6P9Q3;Rn:D3ZG35	Dr:A2BF92	Mm:Q01705;Rn:Q07008	-
Q9HCK0	Q9H0F5	57684	152006	ZBTB26	RNF38	chromatin immunoprecipitation assay	27924024	Homo sapiens	GTRD	No	Mm:Q6P9Q3;Rn:D3ZG35	Dr:A2BF92	Dr:E7FDX7;Mm:Q8BI21;Rn:Q5XIX1	-
Q9HCK0	Q86T75	57684	200030	ZBTB26	NBPF11	chromatin immunoprecipitation assay	27924024	Homo sapiens	GTRD	No	Mm:Q6P9Q3;Rn:D3ZG35	Dr:A2BF92	-	-
Q9HCK0	Q6UB99	57684	29123	ZBTB26	ANKRD11	chromatin immunoprecipitation assay	27924024	Homo sapiens	GTRD	No	Mm:Q6P9Q3;Rn:D3ZG35	Dr:A2BF92	Dr:E7F5R3;Mm:E9Q4F7	Rn:D3ZSU6
Q9HCK0	Q5XKK7	57684	57184	ZBTB26	FAM219B	chromatin immunoprecipitation assay	27924024	Homo sapiens	GTRD	No	Mm:Q6P9Q3;Rn:D3ZG35	Dr:A2BF92	Mm:Q14DQ1;Rn:A0A0G2JWV6	Dr:Q58EI9
Q9HCK0	Q8NHY6	57684	140612	ZBTB26	ZFP28	chromatin immunoprecipitation assay	27924024	Homo sapiens	GTRD	No	Mm:Q6P9Q3;Rn:D3ZG35	Dr:A2BF92	Mm:P10078	Rn:D3ZVD4
Q9HCK0	Q8N3P4	57684	23355	ZBTB26	VPS8	chromatin immunoprecipitation assay	27924024	Homo sapiens	GTRD	No	Mm:Q6P9Q3;Rn:D3ZG35	Dr:A2BF92	Ce:A3QMB3;Dm:Q9VRX2;Mm:Q0P5W1	Dr:F1QQ05;Rn:D4A5F7
Q9HCK0	Q8IUC4	57684	85415	ZBTB26	RHPN2	chromatin immunoprecipitation assay	27924024	Homo sapiens	GTRD	No	Mm:Q6P9Q3;Rn:D3ZG35	Dr:A2BF92	Dr:F1QEF4;Mm:Q8BWR8;Rn:D4A8N7	-
Q9HCK0	P56706	57684	7477	ZBTB26	WNT7B	chromatin immunoprecipitation assay	27924024	Homo sapiens	GTRD	No	Mm:Q6P9Q3;Rn:D3ZG35	Dr:A2BF92	Dr:X1WEJ5;Mm:P28047;Rn:A0A0G2K3B7	-
Q9HCK0	O43567	57684	11342	ZBTB26	RNF13	chromatin immunoprecipitation assay	27924024	Homo sapiens	GTRD	No	Mm:Q6P9Q3;Rn:D3ZG35	Dr:A2BF92	Dr:Q6P0H4;Mm:O54965;Rn:Q66HG0	-
Q9HCK0	P61925	57684	5569	ZBTB26	PKIA	chromatin immunoprecipitation assay	27924024	Homo sapiens	GTRD	No	Mm:Q6P9Q3;Rn:D3ZG35	Dr:A2BF92	Mm:P63248;Rn:P63249	-
Q9HCK0	O75330	57684	3161	ZBTB26	HMMR	chromatin immunoprecipitation assay	27924024	Homo sapiens	GTRD	No	Mm:Q6P9Q3;Rn:D3ZG35	Dr:A2BF92	Dr:E7EYJ3;Mm:Q00547;Rn:A0A0G2JXY1	Ce:Q8IA98
Q9HCK0	Q6FI81	57684	57019	ZBTB26	CIAPIN1	chromatin immunoprecipitation assay	27924024	Homo sapiens	GTRD	No	Mm:Q6P9Q3;Rn:D3ZG35	Dr:A2BF92	Dm:Q9V3Y2;Mm:Q8WTY4;Rn:Q5XID1	-
Q9HCK0	Q9H999	57684	79646	ZBTB26	PANK3	chromatin immunoprecipitation assay	27924024	Homo sapiens	GTRD	No	Mm:Q6P9Q3;Rn:D3ZG35	Dr:A2BF92	Mm:Q8R2W9;Rn:D3ZUQ7	-
Q9HCK0	Q9UMY4	57684	29934	ZBTB26	SNX12	chromatin immunoprecipitation assay	27924024	Homo sapiens	GTRD	No	Mm:Q6P9Q3;Rn:D3ZG35	Dr:A2BF92	Dm:Q9VG51;Dr:Q6TNQ4;Rn:D4A719	Mm:Q6ZWQ5
Q9HCK0	Q99943	57684	10554	ZBTB26	AGPAT1	chromatin immunoprecipitation assay	27924024	Homo sapiens	GTRD	No	Mm:Q6P9Q3;Rn:D3ZG35	Dr:A2BF92	Ce:Q93841;Dm:Q9VYJ4;Mm:A0A0R4J263;Rn:Q6MG85	-
Q9HCK0	Q86WI3	57684	84166	ZBTB26	NLRC5	chromatin immunoprecipitation assay	27924024	Homo sapiens	GTRD	No	Mm:Q6P9Q3;Rn:D3ZG35	Dr:A2BF92	Dr:K7DYB6;Mm:C3VPR6	Rn:M0R4M1
Q9HCK0	Q8NEJ0	57684	150290	ZBTB26	DUSP18	chromatin immunoprecipitation assay	27924024	Homo sapiens	GTRD	No	Mm:Q6P9Q3;Rn:D3ZG35	Dr:A2BF92	Dm:Q9VAB0;Mm:Q8VE01;Rn:F1LN58	-
Q9HCK0	P21291	57684	1465	ZBTB26	CSRP1	chromatin immunoprecipitation assay	27924024	Homo sapiens	GTRD	No	Mm:Q6P9Q3;Rn:D3ZG35	Dr:A2BF92	Mm:P97315;Rn:P47875	Dr:Q6NZV4;Dr:F1QMH0
Q9HCK0	Q09028	57684	5928	ZBTB26	RBBP4	chromatin immunoprecipitation assay	27924024	Homo sapiens	GTRD	No	Mm:Q6P9Q3;Rn:D3ZG35	Dr:A2BF92	Dm:Q24572;Dr:Q1LXD4;Mm:Q60972;Rn:B5DFB2	-
Q9HCK0	Q14247	57684	2017	ZBTB26	CTTN	chromatin immunoprecipitation assay	27924024	Homo sapiens	GTRD	No	Mm:Q6P9Q3;Rn:D3ZG35	Dr:A2BF92	Dm:Q9VDF4;Mm:Q60598	Rn:D3ZGE6
Q9HCK0	Q02790	57684	2288	ZBTB26	FKBP4	chromatin immunoprecipitation assay	27924024	Homo sapiens	GTRD	No	Mm:Q6P9Q3;Rn:D3ZG35	Dr:A2BF92	Ce:O45418;Dm:Q9VL78;Mm:P30416;Rn:Q9QVC8	Dr:F1RCG7
Q9HCK0	Q9H1U9	57684	92014	ZBTB26	SLC25A51	chromatin immunoprecipitation assay	27924024	Homo sapiens	GTRD	No	Mm:Q6P9Q3;Rn:D3ZG35	Dr:A2BF92	Rn:Q52KK3	-
Q9HCK0	P41250	57684	2617	ZBTB26	GARS1	chromatin immunoprecipitation assay	27924024	Homo sapiens	GTRD	No	Mm:Q6P9Q3;Rn:D3ZG35	Dr:A2BF92	Ce:Q10039;Dr:F1QUV7;Mm:Q9CZD3;Sc:P38088;Sc:Q06817	Dm:Q961R8;Rn:Q5I0G4
Q9HCK0	Q9Y619	57684	10166	ZBTB26	SLC25A15	chromatin immunoprecipitation assay	27924024	Homo sapiens	GTRD	No	Mm:Q6P9Q3;Rn:D3ZG35	Dr:A2BF92	Mm:Q9WVD5	Rn:Q7TPA1
Q9HCK0	Q99719	57684	5413	ZBTB26	SEPTIN5	chromatin immunoprecipitation assay	27924024	Homo sapiens	GTRD	No	Mm:Q6P9Q3;Rn:D3ZG35	Dr:A2BF92	-	-
Q9HCK0	Q8N819	57684	147699	ZBTB26	PPM1N	chromatin immunoprecipitation assay	27924024	Homo sapiens	GTRD	No	Mm:Q6P9Q3;Rn:D3ZG35	Dr:A2BF92	Mm:Q8BGL1	Dm:Q9W0Q0;Rn:D3ZP99
Q9HCK0	O15511	57684	10092	ZBTB26	ARPC5	chromatin immunoprecipitation assay	27924024	Homo sapiens	GTRD	No	Mm:Q6P9Q3;Rn:D3ZG35	Dr:A2BF92	Dr:Q7ZWH4;Dr:Q803M7;Mm:Q9CPW4;Rn:Q4KLF8	-
Q9HCK0	Q6UWE3	57684	389383	ZBTB26	CLPSL2	chromatin immunoprecipitation assay	27924024	Homo sapiens	GTRD	No	Mm:Q6P9Q3;Rn:D3ZG35	Dr:A2BF92	Mm:Q3UW21	Rn:D3ZVN1
Q9HCK0	P00966	57684	445	ZBTB26	ASS1	chromatin immunoprecipitation assay	27924024	Homo sapiens	GTRD	No	Mm:Q6P9Q3;Rn:D3ZG35	Dr:A2BF92	Dm:O97069;Mm:P16460;Rn:P09034;Sc:P22768	-
Q9HCK0	O75844	57684	10269	ZBTB26	ZMPSTE24	chromatin immunoprecipitation assay	27924024	Homo sapiens	GTRD	No	Mm:Q6P9Q3;Rn:D3ZG35	Dr:A2BF92	Ce:Q9XVE5;Dm:Q7K172;Dr:F1QX19;Mm:Q80W54;Rn:D4A5K6;Sc:P47154	-
Q9HCK0	O14986	57684	8395	ZBTB26	PIP5K1B	chromatin immunoprecipitation assay	27924024	Homo sapiens	GTRD	No	Mm:Q6P9Q3;Rn:D3ZG35	Dr:A2BF92	Mm:P70181;Rn:Q5CZZ9	-
Q9HCK0	Q12965	57684	4643	ZBTB26	MYO1E	chromatin immunoprecipitation assay	27924024	Homo sapiens	GTRD	No	Mm:Q6P9Q3;Rn:D3ZG35	Dr:A2BF92	Ce:Q19901;Dr:E7FDV0;Mm:E9Q634;Rn:A0A0G2K9E8	-
Q9HCK0	Q92519	57684	28951	ZBTB26	TRIB2	chromatin immunoprecipitation assay	27924024	Homo sapiens	GTRD	No	Mm:Q6P9Q3;Rn:D3ZG35	Dr:A2BF92	Mm:Q8K4K3	-
Q9HCK0	Q5T7M9	57684	388650	ZBTB26	DIPK1A	chromatin immunoprecipitation assay	27924024	Homo sapiens	GTRD	No	Mm:Q6P9Q3;Rn:D3ZG35	Dr:A2BF92	Dr:Q1RLQ5;Mm:Q9D6I7;Rn:F1LML6	Dr:E7FCF0
Q9HCK0	Q5W5W9	57684	389075	ZBTB26	RESP18	chromatin immunoprecipitation assay	27924024	Homo sapiens	GTRD	No	Mm:Q6P9Q3;Rn:D3ZG35	Dr:A2BF92	Mm:P47939	Rn:A0A0G2JZD6
Q9HCK0	O95803	57684	9348	ZBTB26	NDST3	chromatin immunoprecipitation assay	27924024	Homo sapiens	GTRD	No	Mm:Q6P9Q3;Rn:D3ZG35	Dr:A2BF92	-	Mm:E9PZJ4;Rn:D4ABE3
Q9HCK0	Q9NYA1	57684	8877	ZBTB26	SPHK1	chromatin immunoprecipitation assay	27924024	Homo sapiens	GTRD	No	Mm:Q6P9Q3;Rn:D3ZG35	Dr:A2BF92	Ce:Q18425;Mm:Q8CI15;Rn:A0A0G2K373	Dr:A0A0G2KKM6
Q9HCK0	P82663	57684	64432	ZBTB26	MRPS25	chromatin immunoprecipitation assay	27924024	Homo sapiens	GTRD	No	Mm:Q6P9Q3;Rn:D3ZG35	Dr:A2BF92	Ce:Q9N361;Dm:Q9VY28;Dr:Q567W4;Mm:Q9D125;Rn:Q4QR80	-
Q9HCK0	Q7L523	57684	10670	ZBTB26	RRAGA	chromatin immunoprecipitation assay	27924024	Homo sapiens	GTRD	No	Mm:Q6P9Q3;Rn:D3ZG35	Dr:A2BF92	Mm:Q80X95;Rn:Q63486	-
Q9HCK0	Q9Y3B2	57684	51013	ZBTB26	EXOSC1	chromatin immunoprecipitation assay	27924024	Homo sapiens	GTRD	No	Mm:Q6P9Q3;Rn:D3ZG35	Dr:A2BF92	Ce:Q9XXD2;Dm:Q9VKJ4;Mm:Q9DAA6;Rn:M0RDC9	Dr:B8A4H5
Q9HCK0	Q14146	57684	9816	ZBTB26	URB2	chromatin immunoprecipitation assay	27924024	Homo sapiens	GTRD	No	Mm:Q6P9Q3;Rn:D3ZG35	Dr:A2BF92	Dr:B0V0U5;Mm:E9Q7L1	Rn:D4AAN0
Q9HCK0	Q8NFY4	57684	80031	ZBTB26	SEMA6D	chromatin immunoprecipitation assay	27924024	Homo sapiens	GTRD	No	Mm:Q6P9Q3;Rn:D3ZG35	Dr:A2BF92	Dr:A3KPS3;Mm:Q76KF0	Rn:A0A0G2JZC4
Q9HCK0	Q9UJV9	57684	51428	ZBTB26	DDX41	chromatin immunoprecipitation assay	27924024	Homo sapiens	GTRD	No	Mm:Q6P9Q3;Rn:D3ZG35	Dr:A2BF92	Dm:Q9V3C0;Mm:Q91VN6;Rn:B2RYL8	Ce:Q9N5K1
Q9HCK0	Q99618	57684	83461	ZBTB26	CDCA3	chromatin immunoprecipitation assay	27924024	Homo sapiens	GTRD	No	Mm:Q6P9Q3;Rn:D3ZG35	Dr:A2BF92	Mm:Q99M54;Rn:Q68FW2	-
Q9HCK0	Q2TAY7	57684	55234	ZBTB26	SMU1	chromatin immunoprecipitation assay	27924024	Homo sapiens	GTRD	No	Mm:Q6P9Q3;Rn:D3ZG35	Dr:A2BF92	Ce:G5EEG7;Dm:Q9VE18;Dr:F1QKC0;Mm:Q3UKJ7;Rn:G3V702	-
Q9HCK0	P17010	57684	7543	ZBTB26	ZFX	chromatin immunoprecipitation assay	27924024	Homo sapiens	GTRD	No	Mm:Q6P9Q3;Rn:D3ZG35	Dr:A2BF92	Dr:E7F557;Mm:P17012;Rn:A0A096MJV6	-
Q9HCK0	Q8IUR7	57684	25852	ZBTB26	ARMC8	chromatin immunoprecipitation assay	27924024	Homo sapiens	GTRD	No	Mm:Q6P9Q3;Rn:D3ZG35	Dr:A2BF92	Dr:A8WHX1;Rn:F1M943	Mm:G3X920
Q9HCK0	P24864	57684	898	ZBTB26	CCNE1	chromatin immunoprecipitation assay	27924024	Homo sapiens	GTRD	No	Mm:Q6P9Q3;Rn:D3ZG35	Dr:A2BF92	Dr:A0A0R4IZF8;Mm:Q61457;Rn:B1WC54	-
Q9HCK0	Q99741	57684	990	ZBTB26	CDC6	chromatin immunoprecipitation assay	27924024	Homo sapiens	GTRD	No	Mm:Q6P9Q3;Rn:D3ZG35	Dr:A2BF92	Ce:P91155;Dr:F1R1N7;Rn:D3ZRK7;Sc:P09119	Mm:A0A0R4J145
Q9HCK0	Q8N841	57684	284076	ZBTB26	TTLL6	chromatin immunoprecipitation assay	27924024	Homo sapiens	GTRD	No	Mm:Q6P9Q3;Rn:D3ZG35	Dr:A2BF92	-	-
Q9HCK0	Q96JA3	57684	84725	ZBTB26	PLEKHA8	chromatin immunoprecipitation assay	27924024	Homo sapiens	GTRD	No	Mm:Q6P9Q3;Rn:D3ZG35	Dr:A2BF92	Dr:F1QQ57;Mm:Q80W71;Rn:D3ZY60	-
Q9HCK0	Q9BW27	57684	79902	ZBTB26	NUP85	chromatin immunoprecipitation assay	27924024	Homo sapiens	GTRD	No	Mm:Q6P9Q3;Rn:D3ZG35	Dr:A2BF92	Ce:Q22078;Dm:A1YK02;Mm:Q8R480;Rn:Q4QQS8	Dr:A0A0R4IZD5
Q9HCK0	Q2VY69	57684	342909	ZBTB26	ZNF284	chromatin immunoprecipitation assay	27924024	Homo sapiens	GTRD	No	Mm:Q6P9Q3;Rn:D3ZG35	Dr:A2BF92	-	-
Q9HCK0	O60779	57684	10560	ZBTB26	SLC19A2	chromatin immunoprecipitation assay	27924024	Homo sapiens	GTRD	No	Mm:Q6P9Q3;Rn:D3ZG35	Dr:A2BF92	Dr:E7F340;Mm:Q9EQN9;Rn:F1LNC9	-
Q9HCK0	P04066	57684	2517	ZBTB26	FUCA1	chromatin immunoprecipitation assay	27924024	Homo sapiens	GTRD	No	Mm:Q6P9Q3;Rn:D3ZG35	Dr:A2BF92	Dr:Q1LUJ4;Mm:Q99LJ1;Rn:A0A0G2JSJ8	Dr:Q6NY93
Q9HCK0	Q9Y2B1	57684	10329	ZBTB26	RXYLT1	chromatin immunoprecipitation assay	27924024	Homo sapiens	GTRD	No	Mm:Q6P9Q3;Rn:D3ZG35	Dr:A2BF92	Mm:Q8VDX6;Rn:F7EM09	Dr:Q08CD5
Q9HCK0	Q6N043	57684	54816	ZBTB26	ZNF280D	chromatin immunoprecipitation assay	27924024	Homo sapiens	GTRD	No	Mm:Q6P9Q3;Rn:D3ZG35	Dr:A2BF92	-	-
Q9HCK0	Q8N4B1	57684	144717	ZBTB26	PHETA1	chromatin immunoprecipitation assay	27924024	Homo sapiens	GTRD	No	Mm:Q6P9Q3;Rn:D3ZG35	Dr:A2BF92	Mm:Q8BH49	Rn:D3ZL52
Q9HCK0	P28065	57684	5698	ZBTB26	PSMB9	chromatin immunoprecipitation assay	27924024	Homo sapiens	GTRD	No	Mm:Q6P9Q3;Rn:D3ZG35	Dr:A2BF92	Mm:A0A0R4J256;Rn:Q6MGA6	Dr:Q9PUS3
Q9HCK0	P98182	57684	7752	ZBTB26	ZNF200	chromatin immunoprecipitation assay	27924024	Homo sapiens	GTRD	No	Mm:Q6P9Q3;Rn:D3ZG35	Dr:A2BF92	Dm:Q9VI24;Dm:P07664	-
Q9HCK0	S4R3N1	57684	100529241	ZBTB26	HSPE1-MOB4	chromatin immunoprecipitation assay	27924024	Homo sapiens	GTRD	No	Mm:Q6P9Q3;Rn:D3ZG35	Dr:A2BF92	-	-
Q9HCK0	Q96M32	57684	122481	ZBTB26	AK7	chromatin immunoprecipitation assay	27924024	Homo sapiens	GTRD	No	Mm:Q6P9Q3;Rn:D3ZG35	Dr:A2BF92	Mm:F8WIC0;Rn:A0A0G2JZ71	Dr:F1QF80;Dr:F1QYK4
Q9HCK0	P19544	57684	7490	ZBTB26	WT1	chromatin immunoprecipitation assay	27924024	Homo sapiens	GTRD	No	Mm:Q6P9Q3;Rn:D3ZG35	Dr:A2BF92	Rn:D3ZJ55	Dr:Q9PUT7;Mm:F6Y2T6
Q9HCK0	P55263	57684	132	ZBTB26	ADK	chromatin immunoprecipitation assay	27924024	Homo sapiens	GTRD	No	Mm:Q6P9Q3;Rn:D3ZG35	Dr:A2BF92	Ce:Q93934;Mm:P55264;Rn:A0A0G2K6X9;Sc:P47143	Dm:Q9VU39;Dr:A0A0R4IIH9;Dr:A0A0R4IYX1
Q9HCK0	Q9BTC0	57684	11083	ZBTB26	DIDO1	chromatin immunoprecipitation assay	27924024	Homo sapiens	GTRD	No	Mm:Q6P9Q3;Rn:D3ZG35	Dr:A2BF92	Dr:E7FB55;Mm:Q8C9B9;Rn:D3ZWL9	-
Q9HCK0	Q9H6Y5	57684	79917	ZBTB26	MAGIX	chromatin immunoprecipitation assay	27924024	Homo sapiens	GTRD	No	Mm:Q6P9Q3;Rn:D3ZG35	Dr:A2BF92	Mm:Q4KL35	Rn:Q6AYQ0
Q9HCK0	Q9H081	57684	79003	ZBTB26	MIS12	chromatin immunoprecipitation assay	27924024	Homo sapiens	GTRD	No	Mm:Q6P9Q3;Rn:D3ZG35	Dr:A2BF92	Dr:F1QY72;Mm:Q9CY25	Rn:F2Z3S0
Q9HCK0	Q9UPZ6	57684	221981	ZBTB26	THSD7A	chromatin immunoprecipitation assay	27924024	Homo sapiens	GTRD	No	Mm:Q6P9Q3;Rn:D3ZG35	Dr:A2BF92	Mm:E9QNR5;Rn:F1MA97	-
Q9HCK0	P49902	57684	22978	ZBTB26	NT5C2	chromatin immunoprecipitation assay	27924024	Homo sapiens	GTRD	No	Mm:Q6P9Q3;Rn:D3ZG35	Dr:A2BF92	-	-
Q9HCK0	Q99640	57684	9088	ZBTB26	PKMYT1	chromatin immunoprecipitation assay	27924024	Homo sapiens	GTRD	No	Mm:Q6P9Q3;Rn:D3ZG35	Dr:A2BF92	Dr:B1H1M4;Mm:Q9ESG9;Rn:G3V6G8	-
Q9HCK0	Q86TI0	57684	23216	ZBTB26	TBC1D1	chromatin immunoprecipitation assay	27924024	Homo sapiens	GTRD	No	Mm:Q6P9Q3;Rn:D3ZG35	Dr:A2BF92	Dr:F1R309;Mm:Q60949;Rn:D4AC16	-
Q9HCK0	Q6ZQN7	57684	353189	ZBTB26	SLCO4C1	chromatin immunoprecipitation assay	27924024	Homo sapiens	GTRD	No	Mm:Q6P9Q3;Rn:D3ZG35	Dr:A2BF92	Mm:Q8BGD4;Rn:F1LRH8	-
Q9HCK0	Q9ULH7	57684	57496	ZBTB26	MRTFB	chromatin immunoprecipitation assay	27924024	Homo sapiens	GTRD	No	Mm:Q6P9Q3;Rn:D3ZG35	Dr:A2BF92	Dr:U3JAU7	Dr:E7F442;Mm:G3X8R8
Q9HCK0	O60678	57684	10196	ZBTB26	PRMT3	chromatin immunoprecipitation assay	27924024	Homo sapiens	GTRD	No	Mm:Q6P9Q3;Rn:D3ZG35	Dr:A2BF92	Mm:Q922H1	Dr:B0V0W5;Rn:A0A0G2JW52
Q9HCK0	P42702	57684	3977	ZBTB26	LIFR	chromatin immunoprecipitation assay	27924024	Homo sapiens	GTRD	No	Mm:Q6P9Q3;Rn:D3ZG35	Dr:A2BF92	Mm:P42703;Rn:G3V7K2	-
Q9HCK0	Q86V86	57684	415116	ZBTB26	PIM3	chromatin immunoprecipitation assay	27924024	Homo sapiens	GTRD	No	Mm:Q6P9Q3;Rn:D3ZG35	Dr:A2BF92	Dr:E7FB10;Mm:P58750;Rn:A0A0G2K399	-
Q9HCK0	P55039	57684	1819	ZBTB26	DRG2	chromatin immunoprecipitation assay	27924024	Homo sapiens	GTRD	No	Mm:Q6P9Q3;Rn:D3ZG35	Dr:A2BF92	Dm:Q9VDV2;Dr:Q6TH20;Mm:Q9QXB9;Rn:A0A0G2KAI8;Sc:P53295	Ce:P34280
Q9HCK0	Q502W7	57684	120935	ZBTB26	CCDC38	chromatin immunoprecipitation assay	27924024	Homo sapiens	GTRD	No	Mm:Q6P9Q3;Rn:D3ZG35	Dr:A2BF92	Mm:Q8CDN8;Rn:F1LUB9	-
Q9HCK0	Q6ZVC0	57684	222950	ZBTB26	NYAP1	chromatin immunoprecipitation assay	27924024	Homo sapiens	GTRD	No	Mm:Q6P9Q3;Rn:D3ZG35	Dr:A2BF92	Mm:Q6PFX7	Rn:D3ZTR6;Rn:D3ZDP7
Q9HCK0	Q9UHV7	57684	9969	ZBTB26	MED13	chromatin immunoprecipitation assay	27924024	Homo sapiens	GTRD	No	Mm:Q6P9Q3;Rn:D3ZG35	Dr:A2BF92	Mm:Q5SWW4;Rn:F1LXU0	Dr:E9QD13
Q9HCK0	P24539	57684	515	ZBTB26	ATP5PB	chromatin immunoprecipitation assay	27924024	Homo sapiens	GTRD	No	Mm:Q6P9Q3;Rn:D3ZG35	Dr:A2BF92	Ce:Q20053;Ce:Q19126;Dm:Q94516;Dr:B8JIS1;Mm:Q9CQQ7;Sc:P05626	Rn:P19511
Q9HCK0	Q9Y316	57684	51072	ZBTB26	MEMO1	chromatin immunoprecipitation assay	27924024	Homo sapiens	GTRD	No	Mm:Q6P9Q3;Rn:D3ZG35	Dr:A2BF92	Ce:Q22915;Dm:Q9VG04;Dr:A9JTC4;Mm:Q91VH6;Sc:P47085	Rn:F1LNE5
Q9HCK0	Q8NFH8	57684	9185	ZBTB26	REPS2	chromatin immunoprecipitation assay	27924024	Homo sapiens	GTRD	No	Mm:Q6P9Q3;Rn:D3ZG35	Dr:A2BF92	Mm:B9EI38;Rn:A0A0G2K1L4	-
Q9HCK0	P80217	57684	3430	ZBTB26	IFI35	chromatin immunoprecipitation assay	27924024	Homo sapiens	GTRD	No	Mm:Q6P9Q3;Rn:D3ZG35	Dr:A2BF92	Mm:Q9D8C4	Rn:Q5M849
Q9HCK0	O75541	57684	55565	ZBTB26	ZNF821	chromatin immunoprecipitation assay	27924024	Homo sapiens	GTRD	No	Mm:Q6P9Q3;Rn:D3ZG35	Dr:A2BF92	Mm:Q6PD05;Rn:D3ZEI3	Dr:A0A286YB49
Q9HCK0	O14683	57684	9537	ZBTB26	TP53I11	chromatin immunoprecipitation assay	27924024	Homo sapiens	GTRD	No	Mm:Q6P9Q3;Rn:D3ZG35	Dr:A2BF92	Mm:Q4QQM4;Rn:B3DMA0	Dr:F6NXK9
Q9HCK0	Q02878	57684	6128	ZBTB26	RPL6	chromatin immunoprecipitation assay	27924024	Homo sapiens	GTRD	No	Mm:Q6P9Q3;Rn:D3ZG35	Dr:A2BF92	Mm:P47911;Rn:P21533	Dm:Q9V9W2;Dr:Q567N5;Rn:F1LQS3
Q9HCK0	Q93096	57684	7803	ZBTB26	PTP4A1	chromatin immunoprecipitation assay	27924024	Homo sapiens	GTRD	No	Mm:Q6P9Q3;Rn:D3ZG35	Dr:A2BF92	Mm:Q63739;Rn:Q78EG7	Dr:A0A140LFR6
Q9HCK0	Q96HA1	57684	9883	ZBTB26	POM121	chromatin immunoprecipitation assay	27924024	Homo sapiens	GTRD	No	Mm:Q6P9Q3;Rn:D3ZG35	Dr:A2BF92	-	-
Q9HCK0	O00244	57684	475	ZBTB26	ATOX1	chromatin immunoprecipitation assay	27924024	Homo sapiens	GTRD	No	Mm:Q6P9Q3;Rn:D3ZG35	Dr:A2BF92	Dr:E7FEZ9;Mm:O08997;Rn:Q9WUC4	Dm:Q95RR1
Q9HCK0	Q9BUR4	57684	55135	ZBTB26	WRAP53	chromatin immunoprecipitation assay	27924024	Homo sapiens	GTRD	No	Mm:Q6P9Q3;Rn:D3ZG35	Dr:A2BF92	Ce:Q8WQB4;Dm:Q6NL34;Dr:E7F3D5;Mm:Q8VC51;Rn:Q5XII5	-
Q9HCK0	O95500	57684	23562	ZBTB26	CLDN14	chromatin immunoprecipitation assay	27924024	Homo sapiens	GTRD	No	Mm:Q6P9Q3;Rn:D3ZG35	Dr:A2BF92	Mm:Q9Z0S3;Rn:Q5BJQ1	-
Q9HCK0	P00439	57684	5053	ZBTB26	PAH	chromatin immunoprecipitation assay	27924024	Homo sapiens	GTRD	No	Mm:Q6P9Q3;Rn:D3ZG35	Dr:A2BF92	Ce:P90925;Dr:Q7SYH6;Mm:P16331;Rn:Q6AYW2	Dm:Q59E23
Q9HCK0	O75317	57684	219333	ZBTB26	USP12	chromatin immunoprecipitation assay	27924024	Homo sapiens	GTRD	No	Mm:Q6P9Q3;Rn:D3ZG35	Dr:A2BF92	Dr:A4FUN7;Mm:Q9D9M2	Rn:A0A0G2QC35;Rn:F1LSW9
Q9HCK0	Q9NX04	57684	54955	ZBTB26	C1orf109	chromatin immunoprecipitation assay	27924024	Homo sapiens	GTRD	No	Mm:Q6P9Q3;Rn:D3ZG35	Dr:A2BF92	Mm:Q499E6;Rn:D4AB92	Dr:A0A0R4INT1
Q9HCK0	Q5MNZ6	57684	56270	ZBTB26	WDR45B	chromatin immunoprecipitation assay	27924024	Homo sapiens	GTRD	No	Mm:Q6P9Q3;Rn:D3ZG35	Dr:A2BF92	Dm:Q9VHJ2;Dr:A8KC31;Mm:Q9CR39;Rn:Q2MCP5	-
Q9HCK0	O43677	57684	4717	ZBTB26	NDUFC1	chromatin immunoprecipitation assay	27924024	Homo sapiens	GTRD	No	Mm:Q6P9Q3;Rn:D3ZG35	Dr:A2BF92	Mm:Q9CQY9;Rn:D3ZS75	-
Q9HCK0	P57081	57684	10785	ZBTB26	WDR4	chromatin immunoprecipitation assay	27924024	Homo sapiens	GTRD	No	Mm:Q6P9Q3;Rn:D3ZG35	Dr:A2BF92	Dr:E7EZ59;Mm:E9Q156;Rn:D4A0Q3	-
Q9HCK0	Q96QT4	57684	54822	ZBTB26	TRPM7	chromatin immunoprecipitation assay	27924024	Homo sapiens	GTRD	No	Mm:Q6P9Q3;Rn:D3ZG35	Dr:A2BF92	Mm:Q923J1	-
Q9HCK0	Q96Q45	57684	65062	ZBTB26	TMEM237	chromatin immunoprecipitation assay	27924024	Homo sapiens	GTRD	No	Mm:Q6P9Q3;Rn:D3ZG35	Dr:A2BF92	Dr:F1Q930;Mm:Q3V0J1;Rn:A0A0G2K7G5	-
Q9HCK0	Q7Z7A4	57684	54899	ZBTB26	PXK	chromatin immunoprecipitation assay	27924024	Homo sapiens	GTRD	No	Mm:Q6P9Q3;Rn:D3ZG35	Dr:A2BF92	Rn:A0A140TAA2	Dm:Q8MQL4;Mm:A0A2C9F2B5
Q9HCK0	Q96K30	57684	84934	ZBTB26	RITA1	chromatin immunoprecipitation assay	27924024	Homo sapiens	GTRD	No	Mm:Q6P9Q3;Rn:D3ZG35	Dr:A2BF92	-	-
Q9HCK0	P55061	57684	7009	ZBTB26	TMBIM6	chromatin immunoprecipitation assay	27924024	Homo sapiens	GTRD	No	Mm:Q6P9Q3;Rn:D3ZG35	Dr:A2BF92	Dm:Q9VSH3;Mm:Q9D2C7	-
Q9HCK0	P53041	57684	5536	ZBTB26	PPP5C	chromatin immunoprecipitation assay	27924024	Homo sapiens	GTRD	No	Mm:Q6P9Q3;Rn:D3ZG35	Dr:A2BF92	Ce:Q9NES8;Dm:Q9VH81;Mm:Q60676;Rn:P53042;Sc:P53043	-
Q9HCK0	Q9NVM9	57684	55726	ZBTB26	INTS13	chromatin immunoprecipitation assay	27924024	Homo sapiens	GTRD	No	Mm:Q6P9Q3;Rn:D3ZG35	Dr:A2BF92	Ce:O44500;Dm:Q9VEX5;Mm:Q8QZV7;Rn:D4A6N9	-
Q9HCK0	Q0VAQ4	57684	57228	ZBTB26	SMAGP	chromatin immunoprecipitation assay	27924024	Homo sapiens	GTRD	No	Mm:Q6P9Q3;Rn:D3ZG35	Dr:A2BF92	Mm:Q99KC7;Rn:Q7TPF1	-
Q9HCK0	P12757	57684	6498	ZBTB26	SKIL	chromatin immunoprecipitation assay	27924024	Homo sapiens	GTRD	No	Mm:Q6P9Q3;Rn:D3ZG35	Dr:A2BF92	Mm:Q60665;Rn:D3ZWL1	-
Q9HCK0	O60476	57684	10905	ZBTB26	MAN1A2	chromatin immunoprecipitation assay	27924024	Homo sapiens	GTRD	No	Mm:Q6P9Q3;Rn:D3ZG35	Dr:A2BF92	Dr:B0V2X9;Mm:P39098;Rn:D3ZR49	-
Q9HCK0	H3BMM5	57684	-	ZBTB26	-	chromatin immunoprecipitation assay	27924024	Homo sapiens	GTRD	No	Mm:Q6P9Q3;Rn:D3ZG35	Dr:A2BF92	-	-
Q9HCK0	O94874	57684	23376	ZBTB26	UFL1	chromatin immunoprecipitation assay	27924024	Homo sapiens	GTRD	No	Mm:Q6P9Q3;Rn:D3ZG35	Dr:A2BF92	Dm:Q9VI55;Dr:F1Q9C7;Mm:Q8CCJ3;Rn:B2GV24	Ce:Q17750
Q9HCK0	Q8IY63	57684	154810	ZBTB26	AMOTL1	chromatin immunoprecipitation assay	27924024	Homo sapiens	GTRD	No	Mm:Q6P9Q3;Rn:D3ZG35	Dr:A2BF92	Mm:Q9D4H4;Rn:F1LZQ6	-
Q9HCK0	P00338	57684	3939	ZBTB26	LDHA	chromatin immunoprecipitation assay	27924024	Homo sapiens	GTRD	No	Mm:Q6P9Q3;Rn:D3ZG35	Dr:A2BF92	Mm:P06151;Rn:P04642	-
Q9HCK0	Q7L9B9	57684	80820	ZBTB26	EEPD1	chromatin immunoprecipitation assay	27924024	Homo sapiens	GTRD	No	Mm:Q6P9Q3;Rn:D3ZG35	Dr:A2BF92	Dr:F1Q8T0;Mm:Q3TGW2;Rn:Q5XI74	-
Q9HCK0	Q99829	57684	8904	ZBTB26	CPNE1	chromatin immunoprecipitation assay	27924024	Homo sapiens	GTRD	No	Mm:Q6P9Q3;Rn:D3ZG35	Dr:A2BF92	Mm:Q8C166	Dr:F1QNY5;Rn:D4A1R8
Q9HCK0	Q8TDN6	57684	55299	ZBTB26	BRIX1	chromatin immunoprecipitation assay	27924024	Homo sapiens	GTRD	No	Mm:Q6P9Q3;Rn:D3ZG35	Dr:A2BF92	Dr:A0A0R4IBJ2;Mm:Q9DCA5;Rn:G3V8B4;Sc:Q08235	-
Q9HCK0	Q8N9R8	57684	286205	ZBTB26	SCAI	chromatin immunoprecipitation assay	27924024	Homo sapiens	GTRD	No	Mm:Q6P9Q3;Rn:D3ZG35	Dr:A2BF92	Dr:A2CF54;Mm:Q8C8N2;Rn:F1M3P6	Dm:M9PEA7
Q9HCK0	Q8NDH6	57684	130026	ZBTB26	ICA1L	chromatin immunoprecipitation assay	27924024	Homo sapiens	GTRD	No	Mm:Q6P9Q3;Rn:D3ZG35	Dr:A2BF92	Ce:P91124;Mm:Q3TY65	Rn:A0A0H2UHX6
Q9HCK0	Q96P44	57684	81578	ZBTB26	COL21A1	chromatin immunoprecipitation assay	27924024	Homo sapiens	GTRD	No	Mm:Q6P9Q3;Rn:D3ZG35	Dr:A2BF92	-	-
Q9HCK0	O75954	57684	10867	ZBTB26	TSPAN9	chromatin immunoprecipitation assay	27924024	Homo sapiens	GTRD	No	Mm:Q6P9Q3;Rn:D3ZG35	Dr:A2BF92	Dr:Q6GMK6;Mm:Q8BJU2;Rn:D4AAV9	Dm:Q9W441;Dr:F1QIF8
Q9HCK0	Q8WXD2	57684	29106	ZBTB26	SCG3	chromatin immunoprecipitation assay	27924024	Homo sapiens	GTRD	No	Mm:Q6P9Q3;Rn:D3ZG35	Dr:A2BF92	Dr:A3KQQ9;Mm:P47867;Rn:F1M7L6	-
Q9HCK0	Q99952	57684	26469	ZBTB26	PTPN18	chromatin immunoprecipitation assay	27924024	Homo sapiens	GTRD	No	Mm:Q6P9Q3;Rn:D3ZG35	Dr:A2BF92	Dr:B0UYE7;Mm:Q61152;Rn:F1M8E7	-
Q9HCK0	P07437	57684	203068	ZBTB26	TUBB	chromatin immunoprecipitation assay	27924024	Homo sapiens	GTRD	No	Mm:Q6P9Q3;Rn:D3ZG35	Dr:A2BF92	Mm:P99024;Rn:P69897	Dr:F1R4K1
Q9HCK0	P50395	57684	2665	ZBTB26	GDI2	chromatin immunoprecipitation assay	27924024	Homo sapiens	GTRD	No	Mm:Q6P9Q3;Rn:D3ZG35	Dr:A2BF92	Dr:Q6TNT9;Mm:Q61598;Rn:P50399	-
Q9HCK0	Q8WTR2	57684	142679	ZBTB26	DUSP19	chromatin immunoprecipitation assay	27924024	Homo sapiens	GTRD	No	Mm:Q6P9Q3;Rn:D3ZG35	Dr:A2BF92	Ce:Q95XK5;Dm:Q9NGL1;Mm:Q99N12;Rn:D4A8F3	Dr:B0S6R2
Q9HCK0	P10636	57684	4137	ZBTB26	MAPT	chromatin immunoprecipitation assay	27924024	Homo sapiens	GTRD	No	Mm:Q6P9Q3;Rn:D3ZG35	Dr:A2BF92	-	-
Q9HCK0	Q9Y4C2	57684	9747	ZBTB26	TCAF1	chromatin immunoprecipitation assay	27924024	Homo sapiens	GTRD	No	Mm:Q6P9Q3;Rn:D3ZG35	Dr:A2BF92	Mm:Q8BNE1;Rn:D3Z8A4	-
Q9HCK0	Q96HP4	57684	92106	ZBTB26	OXNAD1	chromatin immunoprecipitation assay	27924024	Homo sapiens	GTRD	No	Mm:Q6P9Q3;Rn:D3ZG35	Dr:A2BF92	Dr:I3ISI1;Mm:Q8VE38;Rn:D4A0Y4	-
Q9HCK0	Q9NVP1	57684	8886	ZBTB26	DDX18	chromatin immunoprecipitation assay	27924024	Homo sapiens	GTRD	No	Mm:Q6P9Q3;Rn:D3ZG35	Dr:A2BF92	Dm:Q9VD51;Mm:Q8K363;Rn:Q5XHY0;Sc:Q03532	Ce:O61815;Dr:F1QLW8
Q9HCK0	Q9H1V8	57684	388662	ZBTB26	SLC6A17	chromatin immunoprecipitation assay	27924024	Homo sapiens	GTRD	No	Mm:Q6P9Q3;Rn:D3ZG35	Dr:A2BF92	Dr:X1WEE1;Rn:P31662	Mm:A0A0R4J087
Q9HCK0	Q99728	57684	580	ZBTB26	BARD1	chromatin immunoprecipitation assay	27924024	Homo sapiens	GTRD	No	Mm:Q6P9Q3;Rn:D3ZG35	Dr:A2BF92	Ce:Q21209;Mm:O70445;Rn:A0A0G2K9Y6	-
Q9HCK0	Q8N8R7	57684	120534	ZBTB26	ARL14EP	chromatin immunoprecipitation assay	27924024	Homo sapiens	GTRD	No	Mm:Q6P9Q3;Rn:D3ZG35	Dr:A2BF92	Mm:Q8BIX3;Rn:Q5FVK8	-
Q9HCK0	Q8IV38	57684	57037	ZBTB26	ANKMY2	chromatin immunoprecipitation assay	27924024	Homo sapiens	GTRD	No	Mm:Q6P9Q3;Rn:D3ZG35	Dr:A2BF92	Ce:Q9N3Q8;Dm:Q9VTB0;Dr:F1QE34;Mm:Q3TPE9;Rn:A0A0G2K8N6	-
Q9HCK0	Q12974	57684	8073	ZBTB26	PTP4A2	chromatin immunoprecipitation assay	27924024	Homo sapiens	GTRD	No	Mm:Q6P9Q3;Rn:D3ZG35	Dr:A2BF92	Mm:O70274;Rn:Q6P9X4	-
Q9HCK0	Q9BXS6	57684	51203	ZBTB26	NUSAP1	chromatin immunoprecipitation assay	27924024	Homo sapiens	GTRD	No	Mm:Q6P9Q3;Rn:D3ZG35	Dr:A2BF92	-	-
Q9HCK0	Q9Y3C1	57684	51491	ZBTB26	NOP16	chromatin immunoprecipitation assay	27924024	Homo sapiens	GTRD	No	Mm:Q6P9Q3;Rn:D3ZG35	Dr:A2BF92	Ce:Q94402;Dm:Q9V9U9;Dr:Q6DGI3;Mm:Q9CPT5;Rn:Q1RP77	-
Q9HCK0	Q14155	57684	8874	ZBTB26	ARHGEF7	chromatin immunoprecipitation assay	27924024	Homo sapiens	GTRD	No	Mm:Q6P9Q3;Rn:D3ZG35	Dr:A2BF92	-	-
Q9HCK0	Q8WUA7	57684	25771	ZBTB26	TBC1D22A	chromatin immunoprecipitation assay	27924024	Homo sapiens	GTRD	No	Mm:Q6P9Q3;Rn:D3ZG35	Dr:A2BF92	Mm:Q8R5A6;Rn:D3Z994	Dr:F1REP0
Q9HCK0	Q9UJW8	57684	7733	ZBTB26	ZNF180	chromatin immunoprecipitation assay	27924024	Homo sapiens	GTRD	No	Mm:Q6P9Q3;Rn:D3ZG35	Dr:A2BF92	-	-
Q9HCK0	Q99627	57684	10920	ZBTB26	COPS8	chromatin immunoprecipitation assay	27924024	Homo sapiens	GTRD	No	Mm:Q6P9Q3;Rn:D3ZG35	Dr:A2BF92	Dm:Q7KTH8;Dr:Q7ZUZ0;Mm:Q8VBV7;Rn:Q6P4Z9	-
Q9HCK0	Q8N112	57684	132228	ZBTB26	LSMEM2	chromatin immunoprecipitation assay	27924024	Homo sapiens	GTRD	No	Mm:Q6P9Q3;Rn:D3ZG35	Dr:A2BF92	Rn:A0A0G2KAD9	Mm:A0A571BE98
Q9HCK0	Q8N1Q1	57684	377677	ZBTB26	CA13	chromatin immunoprecipitation assay	27924024	Homo sapiens	GTRD	No	Mm:Q6P9Q3;Rn:D3ZG35	Dr:A2BF92	Dr:F1R454;Mm:Q9D6N1	Rn:B5DFG6
Q9HCK0	Q07654	57684	7033	ZBTB26	TFF3	chromatin immunoprecipitation assay	27924024	Homo sapiens	GTRD	No	Mm:Q6P9Q3;Rn:D3ZG35	Dr:A2BF92	Mm:Q62395;Rn:A0A0G2JSY6	-
Q9HCK0	O75752	57684	8706	ZBTB26	B3GALNT1	chromatin immunoprecipitation assay	27924024	Homo sapiens	GTRD	No	Mm:Q6P9Q3;Rn:D3ZG35	Dr:A2BF92	Mm:Q920V1;Rn:Q6AY39	-
Q9HCK0	Q12873	57684	1107	ZBTB26	CHD3	chromatin immunoprecipitation assay	27924024	Homo sapiens	GTRD	No	Mm:Q6P9Q3;Rn:D3ZG35	Dr:A2BF92	Mm:B1AR17;Rn:F1LPP8	-
Q9HCK0	P51948	57684	4331	ZBTB26	MNAT1	chromatin immunoprecipitation assay	27924024	Homo sapiens	GTRD	No	Mm:Q6P9Q3;Rn:D3ZG35	Dr:A2BF92	Ce:O17245;Dm:Q7KPG8;Dr:B8A5G8;Mm:P51949;Rn:Q8CIR5	-
Q9HCK0	Q9H1Y0	57684	9474	ZBTB26	ATG5	chromatin immunoprecipitation assay	27924024	Homo sapiens	GTRD	No	Mm:Q6P9Q3;Rn:D3ZG35	Dr:A2BF92	Dm:Q9W3R7;Dr:F1RDC0;Mm:Q99J83;Sc:Q12380	Ce:Q3V5I7;Rn:A0A0G2KAB9
Q9HCK0	Q9UKZ1	57684	55571	ZBTB26	CNOT11	chromatin immunoprecipitation assay	27924024	Homo sapiens	GTRD	No	Mm:Q6P9Q3;Rn:D3ZG35	Dr:A2BF92	Dr:A4QP78;Mm:Q9CWN7;Rn:B0BNA9	-
Q9HCK0	Q9UBS9	57684	51430	ZBTB26	SUCO	chromatin immunoprecipitation assay	27924024	Homo sapiens	GTRD	No	Mm:Q6P9Q3;Rn:D3ZG35	Dr:A2BF92	Dr:A0A0R4IAV9;Mm:Q8C341;Rn:A0A0G2KAG1	-
Q9HCK0	P04075	57684	226	ZBTB26	ALDOA	chromatin immunoprecipitation assay	27924024	Homo sapiens	GTRD	No	Mm:Q6P9Q3;Rn:D3ZG35	Dr:A2BF92	Ce:P46563;Dm:P07764;Dr:Q803Q7;Mm:P05064;Rn:P05065	Dr:Q6P043
Q9HCK0	O75528	57684	10474	ZBTB26	TADA3	chromatin immunoprecipitation assay	27924024	Homo sapiens	GTRD	No	Mm:Q6P9Q3;Rn:D3ZG35	Dr:A2BF92	Dm:M9PHZ1;Dr:F1RDF0;Mm:Q8R0L9;Rn:Q4V8F5	-
Q9HCK0	Q14669	57684	9320	ZBTB26	TRIP12	chromatin immunoprecipitation assay	27924024	Homo sapiens	GTRD	No	Mm:Q6P9Q3;Rn:D3ZG35	Dr:A2BF92	-	-
Q9HCK0	P28074	57684	5693	ZBTB26	PSMB5	chromatin immunoprecipitation assay	27924024	Homo sapiens	GTRD	No	Mm:Q6P9Q3;Rn:D3ZG35	Dr:A2BF92	Dm:Q7K148;Dr:B0R028;Mm:O55234;Rn:G3V7Q6;Sc:P30656	-
Q9HCK0	Q8NEZ2	57684	137492	ZBTB26	VPS37A	chromatin immunoprecipitation assay	27924024	Homo sapiens	GTRD	No	Mm:Q6P9Q3;Rn:D3ZG35	Dr:A2BF92	Dr:Q6PBU2;Mm:Q8CHS8;Rn:Q4V794	-
Q9HCK0	Q96QF0	57684	117177	ZBTB26	RAB3IP	chromatin immunoprecipitation assay	27924024	Homo sapiens	GTRD	No	Mm:Q6P9Q3;Rn:D3ZG35	Dr:A2BF92	-	Dr:A0A2R8Q2W8;Mm:A0A1W2P7K6;Rn:Q62739
Q9HCK0	Q86SG6	57684	284086	ZBTB26	NEK8	chromatin immunoprecipitation assay	27924024	Homo sapiens	GTRD	No	Mm:Q6P9Q3;Rn:D3ZG35	Dr:A2BF92	-	-
Q9HCK0	Q5I0X7	57684	130502	ZBTB26	TTC32	chromatin immunoprecipitation assay	27924024	Homo sapiens	GTRD	No	Mm:Q6P9Q3;Rn:D3ZG35	Dr:A2BF92	Dr:Q5TYX3;Mm:Q9DAC7;Rn:M0RDE8	-
Q9HCK0	Q6PHR2	57684	25989	ZBTB26	ULK3	chromatin immunoprecipitation assay	27924024	Homo sapiens	GTRD	No	Mm:Q6P9Q3;Rn:D3ZG35	Dr:A2BF92	Mm:Q3U3Q1;Rn:D3ZHP7	Dm:Q8T0L6
Q9HCK0	Q9BZE4	57684	23560	ZBTB26	GTPBP4	chromatin immunoprecipitation assay	27924024	Homo sapiens	GTRD	No	Mm:Q6P9Q3;Rn:D3ZG35	Dr:A2BF92	Ce:O44411;Dm:Q9V411;Dr:Q6DRI5;Mm:Q99ME9;Rn:M0R623;Sc:Q02892	-
Q9HCK0	Q12772	57684	6721	ZBTB26	SREBF2	chromatin immunoprecipitation assay	27924024	Homo sapiens	GTRD	No	Mm:Q6P9Q3;Rn:D3ZG35	Dr:A2BF92	Dr:F1RC21;Mm:Q3U1N2;Rn:F1MA23	-
Q9HCK0	Q9H6Z4	57684	8498	ZBTB26	RANBP3	chromatin immunoprecipitation assay	27924024	Homo sapiens	GTRD	No	Mm:Q6P9Q3;Rn:D3ZG35	Dr:A2BF92	Dr:Q6PCR4;Rn:M0RD63	Dm:A0A0B4KGQ0;Mm:A0A3B2WCL5
Q9HCK0	Q6UW56	57684	51374	ZBTB26	ATRAID	chromatin immunoprecipitation assay	27924024	Homo sapiens	GTRD	No	Mm:Q6P9Q3;Rn:D3ZG35	Dr:A2BF92	Dr:A3KNS9;Mm:Q6PGD0;Rn:B2RYU3	-
Q9HCK0	Q9P2P5	57684	57520	ZBTB26	HECW2	chromatin immunoprecipitation assay	27924024	Homo sapiens	GTRD	No	Mm:Q6P9Q3;Rn:D3ZG35	Dr:A2BF92	Mm:Q6I6G8;Rn:D4ADD3	-
Q9HCK0	Q9P206	57684	57648	ZBTB26	KIAA1522	chromatin immunoprecipitation assay	27924024	Homo sapiens	GTRD	No	Mm:Q6P9Q3;Rn:D3ZG35	Dr:A2BF92	Mm:A2A7S8;Rn:D3ZQK5	Dr:Q1LWM5
Q9HCK0	A0A1B0GVJ0	57684	-	ZBTB26	-	chromatin immunoprecipitation assay	27924024	Homo sapiens	GTRD	No	Mm:Q6P9Q3;Rn:D3ZG35	Dr:A2BF92	-	-
Q9HCK0	P05114	57684	3150	ZBTB26	HMGN1	chromatin immunoprecipitation assay	27924024	Homo sapiens	GTRD	No	Mm:Q6P9Q3;Rn:D3ZG35	Dr:A2BF92	Mm:P18608	Rn:Q5U1W8
Q9HCK0	Q9HAP2	57684	22877	ZBTB26	MLXIP	chromatin immunoprecipitation assay	27924024	Homo sapiens	GTRD	No	Mm:Q6P9Q3;Rn:D3ZG35	Dr:A2BF92	Mm:G5E8D8;Rn:F1M051	Dr:F1Q8E5
Q9HCK0	P14373	57684	5987	ZBTB26	TRIM27	chromatin immunoprecipitation assay	27924024	Homo sapiens	GTRD	No	Mm:Q6P9Q3;Rn:D3ZG35	Dr:A2BF92	Mm:Q62158;Rn:B5DFI5	-
Q9HCK0	Q9BVS4	57684	55781	ZBTB26	RIOK2	chromatin immunoprecipitation assay	27924024	Homo sapiens	GTRD	No	Mm:Q6P9Q3;Rn:D3ZG35	Dr:A2BF92	Dr:A5WUT7;Mm:Q9CQS5;Rn:Q5I0I1	-
Q9HCK0	Q9BV35	57684	79085	ZBTB26	SLC25A23	chromatin immunoprecipitation assay	27924024	Homo sapiens	GTRD	No	Mm:Q6P9Q3;Rn:D3ZG35	Dr:A2BF92	Mm:Q6GQS1;Rn:M0R4V4	-
Q9HCK0	Q8WW35	57684	255758	ZBTB26	TCTEX1D2	chromatin immunoprecipitation assay	27924024	Homo sapiens	GTRD	No	Mm:Q6P9Q3;Rn:D3ZG35	Dr:A2BF92	Dm:Q7KUM9;Dm:Q9VH45;Dr:F1QMY1	-
Q9HCK0	Q7L945	57684	199692	ZBTB26	ZNF627	chromatin immunoprecipitation assay	27924024	Homo sapiens	GTRD	No	Mm:Q6P9Q3;Rn:D3ZG35	Dr:A2BF92	-	-
Q9HCK0	Q6P5X5	57684	128977	ZBTB26	C22orf39	chromatin immunoprecipitation assay	27924024	Homo sapiens	GTRD	No	Mm:Q6P9Q3;Rn:D3ZG35	Dr:A2BF92	-	-
Q9HCK0	P27708	57684	790	ZBTB26	CAD	chromatin immunoprecipitation assay	27924024	Homo sapiens	GTRD	No	Mm:Q6P9Q3;Rn:D3ZG35	Dr:A2BF92	Ce:Q18990;Dm:P05990;Mm:B2RQC6;Rn:D4A8A0	-
Q9HCK0	P53990	57684	9798	ZBTB26	IST1	chromatin immunoprecipitation assay	27924024	Homo sapiens	GTRD	No	Mm:Q6P9Q3;Rn:D3ZG35	Dr:A2BF92	-	-
Q9HCK0	Q96K17	57684	91408	ZBTB26	BTF3L4	chromatin immunoprecipitation assay	27924024	Homo sapiens	GTRD	No	Mm:Q6P9Q3;Rn:D3ZG35	Dr:A2BF92	Dm:Q7KM15;Mm:Q9CQH7;Rn:D4A3I4	Dr:Q6PC91;Rn:A0A0G2K4W2
Q9HCK0	Q96EP1	57684	55743	ZBTB26	CHFR	chromatin immunoprecipitation assay	27924024	Homo sapiens	GTRD	No	Mm:Q6P9Q3;Rn:D3ZG35	Dr:A2BF92	Dr:A5WW08;Mm:Q810L3;Rn:Q5PQJ8	-
Q9HCK0	O75427	57684	4034	ZBTB26	LRCH4	chromatin immunoprecipitation assay	27924024	Homo sapiens	GTRD	No	Mm:Q6P9Q3;Rn:D3ZG35	Dr:A2BF92	Ce:Q17989;Mm:Q921G6;Rn:E9PSW6	Dr:F1Q4Q9
Q9HCK0	O14569	57684	11068	ZBTB26	CYB561D2	chromatin immunoprecipitation assay	27924024	Homo sapiens	GTRD	No	Mm:Q6P9Q3;Rn:D3ZG35	Dr:A2BF92	Dr:Q1LXB7;Mm:Q9WUE3;Rn:Q641Y1	-
Q9HCK0	P34947	57684	2869	ZBTB26	GRK5	chromatin immunoprecipitation assay	27924024	Homo sapiens	GTRD	No	Mm:Q6P9Q3;Rn:D3ZG35	Dr:A2BF92	Dm:P32866;Mm:Q8VEB1;Rn:Q66HL7	-
Q9HCK0	Q8IWE4	57684	123879	ZBTB26	DCUN1D3	chromatin immunoprecipitation assay	27924024	Homo sapiens	GTRD	No	Mm:Q6P9Q3;Rn:D3ZG35	Dr:A2BF92	Dr:A7MD57;Mm:Q8K0V2;Rn:Q4V8B2	-
Q9HCK0	Q9H9L3	57684	81875	ZBTB26	ISG20L2	chromatin immunoprecipitation assay	27924024	Homo sapiens	GTRD	No	Mm:Q6P9Q3;Rn:D3ZG35	Dr:A2BF92	Mm:A0A0R4J0R3;Rn:Q6AXU3	-
Q9HCK0	Q15831	57684	6794	ZBTB26	STK11	chromatin immunoprecipitation assay	27924024	Homo sapiens	GTRD	No	Mm:Q6P9Q3;Rn:D3ZG35	Dr:A2BF92	Mm:Q9WTK7	Rn:D4AE59
Q9HCK0	Q09472	57684	2033	ZBTB26	EP300	chromatin immunoprecipitation assay	27924024	Homo sapiens	GTRD	No	Mm:Q6P9Q3;Rn:D3ZG35	Dr:A2BF92	Dr:X1WG57;Mm:B2RWS6	-
Q9HCK0	P48547	57684	3746	ZBTB26	KCNC1	chromatin immunoprecipitation assay	27924024	Homo sapiens	GTRD	No	Mm:Q6P9Q3;Rn:D3ZG35	Dr:A2BF92	Mm:P15388;Rn:P25122	Dr:E0R7P6
Q9HCK0	O43172	57684	9128	ZBTB26	PRPF4	chromatin immunoprecipitation assay	27924024	Homo sapiens	GTRD	No	Mm:Q6P9Q3;Rn:D3ZG35	Dr:A2BF92	Ce:Q93339;Dm:Q9VVI0;Dr:Q6PH45;Mm:Q9DAW6;Rn:D4A7J8;Sc:P20053	-
Q9HCK0	P46527	57684	1027	ZBTB26	CDKN1B	chromatin immunoprecipitation assay	27924024	Homo sapiens	GTRD	No	Mm:Q6P9Q3;Rn:D3ZG35	Dr:A2BF92	Mm:P46414;Rn:O08769	Ce:U4PBK8
Q9HCK0	P10109	57684	2230	ZBTB26	FDX1	chromatin immunoprecipitation assay	27924024	Homo sapiens	GTRD	No	Mm:Q6P9Q3;Rn:D3ZG35	Dr:A2BF92	Dm:Q8SZA8;Mm:P46656;Rn:G3V7L0	-
Q9HCK0	P55786	57684	9520	ZBTB26	NPEPPS	chromatin immunoprecipitation assay	27924024	Homo sapiens	GTRD	No	Mm:Q6P9Q3;Rn:D3ZG35	Dr:A2BF92	Ce:Q4TT88;Dr:F1QRM9;Mm:Q11011;Rn:F1M9V7	-
Q9HCK0	Q14691	57684	9837	ZBTB26	GINS1	chromatin immunoprecipitation assay	27924024	Homo sapiens	GTRD	No	Mm:Q6P9Q3;Rn:D3ZG35	Dr:A2BF92	Ce:Q22019;Dm:Q9W0I7;Mm:Q9CZ15;Rn:B2RZ16;Sc:Q12488	Dr:F1RAD9
Q9HCK0	Q5TC63	57684	79774	ZBTB26	GRTP1	chromatin immunoprecipitation assay	27924024	Homo sapiens	GTRD	No	Mm:Q6P9Q3;Rn:D3ZG35	Dr:A2BF92	Ce:Q09445;Dm:Q9VEY4;Dr:A0A0R4ICC5;Mm:Q9D3N8	-
Q9HCK0	P09668	57684	1512	ZBTB26	CTSH	chromatin immunoprecipitation assay	27924024	Homo sapiens	GTRD	No	Mm:Q6P9Q3;Rn:D3ZG35	Dr:A2BF92	Dr:F1R4G6;Mm:P49935;Rn:A0A0G2K8H6	-
Q9HCK0	A0A0A6YYC7	57684	-	ZBTB26	ZFP91-CNTF	chromatin immunoprecipitation assay	27924024	Homo sapiens	GTRD	No	Mm:Q6P9Q3;Rn:D3ZG35	Dr:A2BF92	-	-
Q9HCK0	P49810	57684	5664	ZBTB26	PSEN2	chromatin immunoprecipitation assay	27924024	Homo sapiens	GTRD	No	Mm:Q6P9Q3;Rn:D3ZG35	Dr:A2BF92	-	-
Q9HCK0	P58107	57684	83481	ZBTB26	EPPK1	chromatin immunoprecipitation assay	27924024	Homo sapiens	GTRD	No	Mm:Q6P9Q3;Rn:D3ZG35	Dr:A2BF92	-	Mm:A0A2I3BRT4
Q9HCK0	Q2NL98	57684	400673	ZBTB26	VMAC	chromatin immunoprecipitation assay	27924024	Homo sapiens	GTRD	No	Mm:Q6P9Q3;Rn:D3ZG35	Dr:A2BF92	Mm:Q8BP01;Rn:Q6QZQ4	Dr:A0A2R8QC89
Q9HCK0	Q6NT55	57684	126410	ZBTB26	CYP4F22	chromatin immunoprecipitation assay	27924024	Homo sapiens	GTRD	No	Mm:Q6P9Q3;Rn:D3ZG35	Dr:A2BF92	Mm:Q8BGU0;Rn:D4A1H9	-
Q9HCK0	Q92963	57684	6016	ZBTB26	RIT1	chromatin immunoprecipitation assay	27924024	Homo sapiens	GTRD	No	Mm:Q6P9Q3;Rn:D3ZG35	Dr:A2BF92	-	-
Q9HCK0	O75326	57684	8482	ZBTB26	SEMA7A	chromatin immunoprecipitation assay	27924024	Homo sapiens	GTRD	No	Mm:Q6P9Q3;Rn:D3ZG35	Dr:A2BF92	Ce:Q9TYS4;Dr:E7FBE1;Mm:Q9QUR8;Rn:D3ZQP6	-
Q9HCK0	P43490	57684	10135	ZBTB26	NAMPT	chromatin immunoprecipitation assay	27924024	Homo sapiens	GTRD	No	Mm:Q6P9Q3;Rn:D3ZG35	Dr:A2BF92	Dr:E7F8T6;Mm:Q99KQ4;Rn:Q80Z29	-
Q9HCK0	Q9Y224	57684	51637	ZBTB26	RTRAF	chromatin immunoprecipitation assay	27924024	Homo sapiens	GTRD	No	Mm:Q6P9Q3;Rn:D3ZG35	Dr:A2BF92	Dm:Q9VEG8;Mm:Q9CQE8;Rn:Q6QI16	Ce:Q09526;Dr:F1QKI4
Q9HCK0	Q8IVE3	57684	130271	ZBTB26	PLEKHH2	chromatin immunoprecipitation assay	27924024	Homo sapiens	GTRD	No	Mm:Q6P9Q3;Rn:D3ZG35	Dr:A2BF92	Mm:Q8C115	Rn:A0A0G2K246
Q9HCK0	Q14590	57684	9310	ZBTB26	ZNF235	chromatin immunoprecipitation assay	27924024	Homo sapiens	GTRD	No	Mm:Q6P9Q3;Rn:D3ZG35	Dr:A2BF92	Mm:Q499D5	Rn:G3V9G6
Q9HCK0	Q9H4Z2	57684	63925	ZBTB26	ZNF335	chromatin immunoprecipitation assay	27924024	Homo sapiens	GTRD	No	Mm:Q6P9Q3;Rn:D3ZG35	Dr:A2BF92	Mm:A2A5K6;Rn:A0A140TAC9	Dr:A0A2R8RSH0
Q9HCK0	P15311	57684	7430	ZBTB26	EZR	chromatin immunoprecipitation assay	27924024	Homo sapiens	GTRD	No	Mm:Q6P9Q3;Rn:D3ZG35	Dr:A2BF92	Mm:P26040	Dr:Q503E6;Rn:P31977
Q9HCK0	Q8TF20	57684	170960	ZBTB26	ZNF721	chromatin immunoprecipitation assay	27924024	Homo sapiens	GTRD	No	Mm:Q6P9Q3;Rn:D3ZG35	Dr:A2BF92	-	-
Q9HCK0	Q86XK2	57684	80204	ZBTB26	FBXO11	chromatin immunoprecipitation assay	27924024	Homo sapiens	GTRD	No	Mm:Q6P9Q3;Rn:D3ZG35	Dr:A2BF92	Dm:Q9VH60;Mm:Q7TPD1	Ce:A0A0K3AS68;Dr:A0A0R4IJR2;Rn:Q7TSL3
Q9HCK0	O00767	57684	6319	ZBTB26	SCD	chromatin immunoprecipitation assay	27924024	Homo sapiens	GTRD	No	Mm:Q6P9Q3;Rn:D3ZG35	Dr:A2BF92	Mm:Q99PL7;Mm:P13011;Mm:P13516;Rn:M0RDU8;Rn:P07308	-
Q9HCK0	Q15506	57684	53340	ZBTB26	SPA17	chromatin immunoprecipitation assay	27924024	Homo sapiens	GTRD	No	Mm:Q6P9Q3;Rn:D3ZG35	Dr:A2BF92	Mm:Q62252;Rn:Q9Z1K2	-
Q9HCK0	P10746	57684	7390	ZBTB26	UROS	chromatin immunoprecipitation assay	27924024	Homo sapiens	GTRD	No	Mm:Q6P9Q3;Rn:D3ZG35	Dr:A2BF92	Dm:Q9VF38;Dm:Q9W3B3;Dr:Q800W7;Mm:P51163;Rn:Q5XIF2;Sc:P06174	-
Q9HCK0	Q9H0H3	57684	64410	ZBTB26	KLHL25	chromatin immunoprecipitation assay	27924024	Homo sapiens	GTRD	No	Mm:Q6P9Q3;Rn:D3ZG35	Dr:A2BF92	Mm:Q8R2P1;Rn:Q4KLM4	-
Q9HCK0	Q6P3X3	57684	55622	ZBTB26	TTC27	chromatin immunoprecipitation assay	27924024	Homo sapiens	GTRD	No	Mm:Q6P9Q3;Rn:D3ZG35	Dr:A2BF92	Ce:P41842;Dm:Q9VVM8;Dr:K7DY99;Mm:Q8CD92;Rn:D3ZTG2;Sc:P42842	-
Q9HCK0	Q96I15	57684	51540	ZBTB26	SCLY	chromatin immunoprecipitation assay	27924024	Homo sapiens	GTRD	No	Mm:Q6P9Q3;Rn:D3ZG35	Dr:A2BF92	-	-
Q9HCK0	Q96C00	57684	221504	ZBTB26	ZBTB9	chromatin immunoprecipitation assay	27924024	Homo sapiens	GTRD	No	Mm:Q6P9Q3;Rn:D3ZG35	Dr:A2BF92	Mm:Q8CDC7;Rn:Q6MGD2	-
Q9HCK0	Q9ULX9	57684	23764	ZBTB26	MAFF	chromatin immunoprecipitation assay	27924024	Homo sapiens	GTRD	No	Mm:Q6P9Q3;Rn:D3ZG35	Dr:A2BF92	Mm:O54791;Rn:D3ZC87	-
Q9HCK0	Q9BR09	57684	140825	ZBTB26	NEURL2	chromatin immunoprecipitation assay	27924024	Homo sapiens	GTRD	No	Mm:Q6P9Q3;Rn:D3ZG35	Dr:A2BF92	Dm:Q9W112;Mm:A2A5J5;Rn:B0BMZ0	Dr:F1R8J5
Q9HCK0	Q9C099	57684	85444	ZBTB26	LRRCC1	chromatin immunoprecipitation assay	27924024	Homo sapiens	GTRD	No	Mm:Q6P9Q3;Rn:D3ZG35	Dr:A2BF92	Mm:G5E8Y2;Rn:E9PTY0	Dr:F1R597
Q9HCK0	Q96P53	57684	115825	ZBTB26	WDFY2	chromatin immunoprecipitation assay	27924024	Homo sapiens	GTRD	No	Mm:Q6P9Q3;Rn:D3ZG35	Dr:A2BF92	Mm:Q8BUB4;Rn:A0A0G2K8S4	Dr:Q6TLF1
Q9HCK0	O14490	57684	9229	ZBTB26	DLGAP1	chromatin immunoprecipitation assay	27924024	Homo sapiens	GTRD	No	Mm:Q6P9Q3;Rn:D3ZG35	Dr:A2BF92	Mm:Q9D415	Dr:T1ECU0;Rn:G3V849
Q9HCK0	Q8WXE1	57684	84126	ZBTB26	ATRIP	chromatin immunoprecipitation assay	27924024	Homo sapiens	GTRD	No	Mm:Q6P9Q3;Rn:D3ZG35	Dr:A2BF92	Dr:Q1LXB1;Mm:Q8BMG1	Rn:D4A4M3
Q9HCK0	Q99961	57684	6455	ZBTB26	SH3GL1	chromatin immunoprecipitation assay	27924024	Homo sapiens	GTRD	No	Mm:Q6P9Q3;Rn:D3ZG35	Dr:A2BF92	Mm:Q62419;Rn:O35964	Dr:A0A0R4IGE6
Q9HCK0	P41145	57684	4986	ZBTB26	OPRK1	chromatin immunoprecipitation assay	27924024	Homo sapiens	GTRD	No	Mm:Q6P9Q3;Rn:D3ZG35	Dr:A2BF92	Mm:P33534;Rn:P34975	Dr:B3DGN0
Q9HCK0	Q9HD15	57684	10011	ZBTB26	SRA1	chromatin immunoprecipitation assay	27924024	Homo sapiens	GTRD	No	Mm:Q6P9Q3;Rn:D3ZG35	Dr:A2BF92	Dr:F1QPE4;Mm:Q80VJ2	Rn:G3V8C6
Q9HCK0	O95922	57684	25809	ZBTB26	TTLL1	chromatin immunoprecipitation assay	27924024	Homo sapiens	GTRD	No	Mm:Q6P9Q3;Rn:D3ZG35	Dr:A2BF92	Dm:Q9VZ97;Dr:F8W385;Mm:Q91V51;Rn:Q5PPI9	-
Q9HCK0	Q8WTS1	57684	51099	ZBTB26	ABHD5	chromatin immunoprecipitation assay	27924024	Homo sapiens	GTRD	No	Mm:Q6P9Q3;Rn:D3ZG35	Dr:A2BF92	Ce:O02218;Mm:Q9DBL9;Rn:Q6QA69;Sc:Q04623	-
Q9HCK0	Q9Y4D1	57684	23002	ZBTB26	DAAM1	chromatin immunoprecipitation assay	27924024	Homo sapiens	GTRD	No	Mm:Q6P9Q3;Rn:D3ZG35	Dr:A2BF92	Mm:Q8BPM0;Rn:D4ABM3	Dr:Q5RHJ3
Q9HCK0	O94782	57684	7398	ZBTB26	USP1	chromatin immunoprecipitation assay	27924024	Homo sapiens	GTRD	No	Mm:Q6P9Q3;Rn:D3ZG35	Dr:A2BF92	Dm:Q8I077;Mm:Q8BJQ2;Rn:Q569C3	Dr:F1QNF4
Q9HCK0	Q8IXW0	57684	256329	ZBTB26	LMNTD2	chromatin immunoprecipitation assay	27924024	Homo sapiens	GTRD	No	Mm:Q6P9Q3;Rn:D3ZG35	Dr:A2BF92	Mm:Q0VET5;Rn:B1WC94	-
Q9HCK0	Q9BUB7	57684	54968	ZBTB26	TMEM70	chromatin immunoprecipitation assay	27924024	Homo sapiens	GTRD	No	Mm:Q6P9Q3;Rn:D3ZG35	Dr:A2BF92	Dm:Q95SS8;Dr:E7FGK5;Rn:D3Z946	Mm:A0A0R4J272
Q9HCK0	Q969I6	57684	55089	ZBTB26	SLC38A4	chromatin immunoprecipitation assay	27924024	Homo sapiens	GTRD	No	Mm:Q6P9Q3;Rn:D3ZG35	Dr:A2BF92	Dr:Q5SPB0;Mm:Q8R1S9;Rn:Q9EQ25	-
Q9HCK0	Q9BQP7	57684	92667	ZBTB26	MGME1	chromatin immunoprecipitation assay	27924024	Homo sapiens	GTRD	No	Mm:Q6P9Q3;Rn:D3ZG35	Dr:A2BF92	Dr:B8A4D5;Mm:Q9CXC3;Rn:Q5PPI6	-
Q9HCK0	Q9GZR5	57684	6785	ZBTB26	ELOVL4	chromatin immunoprecipitation assay	27924024	Homo sapiens	GTRD	No	Mm:Q6P9Q3;Rn:D3ZG35	Dr:A2BF92	Dm:A8JNR0;Dm:Q5JZZ4;Mm:Q9EQC4;Rn:D4ACH5	Dr:Q6PBM2
Q9HCK0	Q9Y2A7	57684	10787	ZBTB26	NCKAP1	chromatin immunoprecipitation assay	27924024	Homo sapiens	GTRD	No	Mm:Q6P9Q3;Rn:D3ZG35	Dr:A2BF92	Dm:P55162;Mm:P28660;Rn:F1LSM5	Dr:B0S6R1
Q9HCK0	Q12983	57684	664	ZBTB26	BNIP3	chromatin immunoprecipitation assay	27924024	Homo sapiens	GTRD	No	Mm:Q6P9Q3;Rn:D3ZG35	Dr:A2BF92	Mm:O55003;Rn:Q9ET45	-
Q9HCK0	Q92537	57684	9766	ZBTB26	SUSD6	chromatin immunoprecipitation assay	27924024	Homo sapiens	GTRD	No	Mm:Q6P9Q3;Rn:D3ZG35	Dr:A2BF92	Mm:Q8BGE4;Rn:M0R5N9	Dr:Q5SPG9
Q9HCK0	Q96FN9	57684	112487	ZBTB26	DTD2	chromatin immunoprecipitation assay	27924024	Homo sapiens	GTRD	No	Mm:Q6P9Q3;Rn:D3ZG35	Dr:A2BF92	Dr:F1QCP5;Mm:Q8BHA3;Rn:B0K034	-
Q9HCK0	Q8N960	57684	153241	ZBTB26	CEP120	chromatin immunoprecipitation assay	27924024	Homo sapiens	GTRD	No	Mm:Q6P9Q3;Rn:D3ZG35	Dr:A2BF92	Mm:Q7TSG1;Rn:D4A3J3	-
Q9HCK0	Q96KC2	57684	221079	ZBTB26	ARL5B	chromatin immunoprecipitation assay	27924024	Homo sapiens	GTRD	No	Mm:Q6P9Q3;Rn:D3ZG35	Dr:A2BF92	Dr:Q6ZM32;Rn:G3V9B1	Mm:Q9D4P0
Q9HCK0	Q9BX46	57684	221662	ZBTB26	RBM24	chromatin immunoprecipitation assay	27924024	Homo sapiens	GTRD	No	Mm:Q6P9Q3;Rn:D3ZG35	Dr:A2BF92	Mm:D3Z4I3	Dr:E9QCG4;Rn:M0R7T6
Q9HCK0	Q9Y3D0	57684	51647	ZBTB26	CIAO2B	chromatin immunoprecipitation assay	27924024	Homo sapiens	GTRD	No	Mm:Q6P9Q3;Rn:D3ZG35	Dr:A2BF92	Ce:O62252;Dm:Q9VTC4;Mm:Q9D187;Rn:D3Z8Q7	Dr:A0A2R8RVQ7
Q9HCK0	Q16799	57684	6252	ZBTB26	RTN1	chromatin immunoprecipitation assay	27924024	Homo sapiens	GTRD	No	Mm:Q6P9Q3;Rn:D3ZG35	Dr:A2BF92	-	Dr:Q5TZI1;Mm:Q7M6W1
Q9HCK0	Q8N5D0	57684	23038	ZBTB26	WDTC1	chromatin immunoprecipitation assay	27924024	Homo sapiens	GTRD	No	Mm:Q6P9Q3;Rn:D3ZG35	Dr:A2BF92	Ce:Q4W5Q8;Dm:Q7K7W5;Mm:Q80ZK9;Rn:D4A7Z0	Dr:B3DJF2
Q9HCK0	Q96MR7	57684	-	ZBTB26	OBSCN-AS1	chromatin immunoprecipitation assay	27924024	Homo sapiens	GTRD	No	Mm:Q6P9Q3;Rn:D3ZG35	Dr:A2BF92	-	-
Q9HCK0	A8MSI8	57684	201229	ZBTB26	LYRM9	chromatin immunoprecipitation assay	27924024	Homo sapiens	GTRD	No	Mm:Q6P9Q3;Rn:D3ZG35	Dr:A2BF92	Dr:B3DFV0;Mm:Q3UN90;Rn:B2RZD7	-
Q9HCK0	Q9HAN9	57684	64802	ZBTB26	NMNAT1	chromatin immunoprecipitation assay	27924024	Homo sapiens	GTRD	No	Mm:Q6P9Q3;Rn:D3ZG35	Dr:A2BF92	Ce:P91851;Dr:E9QH56;Mm:Q9EPA7;Rn:A0JPJ0	Ce:Q9XXM2
Q9HCK0	P20719	57684	3202	ZBTB26	HOXA5	chromatin immunoprecipitation assay	27924024	Homo sapiens	GTRD	No	Mm:Q6P9Q3;Rn:D3ZG35	Dr:A2BF92	Dr:Q9YGT6;Mm:P09021	Rn:G3V6T2
Q9HCK0	Q8NBI3	57684	374946	ZBTB26	DRAXIN	chromatin immunoprecipitation assay	27924024	Homo sapiens	GTRD	No	Mm:Q6P9Q3;Rn:D3ZG35	Dr:A2BF92	Mm:Q6PAL1;Rn:D3ZDG4	-
Q9HCK0	Q96T66	57684	349565	ZBTB26	NMNAT3	chromatin immunoprecipitation assay	27924024	Homo sapiens	GTRD	No	Mm:Q6P9Q3;Rn:D3ZG35	Dr:A2BF92	-	-
Q9HCK0	Q4KMZ8	57684	79570	ZBTB26	NKAIN1	chromatin immunoprecipitation assay	27924024	Homo sapiens	GTRD	No	Mm:Q6P9Q3;Rn:D3ZG35	Dr:A2BF92	Dr:Q6PHL4;Mm:Q9D035	Rn:F1LZF8
Q9HCK0	Q12882	57684	1806	ZBTB26	DPYD	chromatin immunoprecipitation assay	27924024	Homo sapiens	GTRD	No	Mm:Q6P9Q3;Rn:D3ZG35	Dr:A2BF92	Ce:Q18164;Dm:Q9W374;Dr:A0A0R4IXT5;Mm:Q8CHR6	Dr:F1QUE6
Q9HCK0	Q96EN8	57684	55034	ZBTB26	MOCOS	chromatin immunoprecipitation assay	27924024	Homo sapiens	GTRD	No	Mm:Q6P9Q3;Rn:D3ZG35	Dr:A2BF92	Ce:Q21657;Dm:Q9VRA2;Mm:Q14CH1	Rn:D4A1G3
Q9HCK0	P51957	57684	6787	ZBTB26	NEK4	chromatin immunoprecipitation assay	27924024	Homo sapiens	GTRD	No	Mm:Q6P9Q3;Rn:D3ZG35	Dr:A2BF92	Dm:Q0KHT7	Mm:Q6GTE9
Q9HCK0	Q15818	57684	4884	ZBTB26	NPTX1	chromatin immunoprecipitation assay	27924024	Homo sapiens	GTRD	No	Mm:Q6P9Q3;Rn:D3ZG35	Dr:A2BF92	Mm:Q62443;Rn:A0A0H2UHC1	Dr:Q6NW91
Q9HCK0	O15204	57684	27299	ZBTB26	ADAMDEC1	chromatin immunoprecipitation assay	27924024	Homo sapiens	GTRD	No	Mm:Q6P9Q3;Rn:D3ZG35	Dr:A2BF92	Mm:Q9R0X2;Rn:D3ZW34	-
Q9HCK0	Q6GMR7	57684	158584	ZBTB26	FAAH2	chromatin immunoprecipitation assay	27924024	Homo sapiens	GTRD	No	Mm:Q6P9Q3;Rn:D3ZG35	Dr:A2BF92	Dm:Q7K2E1;Dr:Q6DH69	Ce:Q9NAB7;Dr:F1QM44
Q9HCK0	O43159	57684	23378	ZBTB26	RRP8	chromatin immunoprecipitation assay	27924024	Homo sapiens	GTRD	No	Mm:Q6P9Q3;Rn:D3ZG35	Dr:A2BF92	Mm:Q9DB85;Rn:Q5U4F0	-
Q9HCK0	P02679	57684	2266	ZBTB26	FGG	chromatin immunoprecipitation assay	27924024	Homo sapiens	GTRD	No	Mm:Q6P9Q3;Rn:D3ZG35	Dr:A2BF92	Mm:Q8VCM7;Rn:P02680	Dr:Q7ZVG7
Q9HCK0	Q14678	57684	23189	ZBTB26	KANK1	chromatin immunoprecipitation assay	27924024	Homo sapiens	GTRD	No	Mm:Q6P9Q3;Rn:D3ZG35	Dr:A2BF92	Dr:E9QCJ6;Mm:E9Q238	Rn:D4AE58
Q9HCK0	P28698	57684	7593	ZBTB26	MZF1	chromatin immunoprecipitation assay	27924024	Homo sapiens	GTRD	No	Mm:Q6P9Q3;Rn:D3ZG35	Dr:A2BF92	Rn:D3ZF35	-
Q9HCK0	Q8N6S4	57684	81573	ZBTB26	ANKRD13C	chromatin immunoprecipitation assay	27924024	Homo sapiens	GTRD	No	Mm:Q6P9Q3;Rn:D3ZG35	Dr:A2BF92	Ce:Q17555;Dr:A0A0R4ITK5;Mm:Q3UX43;Rn:D3ZMJ4	Dm:Q7K3G2
Q9HCK0	P20618	57684	5689	ZBTB26	PSMB1	chromatin immunoprecipitation assay	27924024	Homo sapiens	GTRD	No	Mm:Q6P9Q3;Rn:D3ZG35	Dr:A2BF92	Ce:P34286;Dm:P40304;Dr:Q6DRF3;Mm:O09061;Rn:Q6PDW4;Sc:P23724	-
Q9HCK0	O43897	57684	7092	ZBTB26	TLL1	chromatin immunoprecipitation assay	27924024	Homo sapiens	GTRD	No	Mm:Q6P9Q3;Rn:D3ZG35	Dr:A2BF92	-	-
Q9HCK0	Q9BZF3	57684	114880	ZBTB26	OSBPL6	chromatin immunoprecipitation assay	27924024	Homo sapiens	GTRD	No	Mm:Q6P9Q3;Rn:D3ZG35	Dr:A2BF92	Rn:A0A0G2JZR1	Dr:E7F2M8;Mm:F8WIZ7
Q9HCK0	Q9P215	57684	57645	ZBTB26	POGK	chromatin immunoprecipitation assay	27924024	Homo sapiens	GTRD	No	Mm:Q6P9Q3;Rn:D3ZG35	Dr:A2BF92	Mm:E9Q3B2;Rn:D3ZV46	Dr:A0A0G2KDY1
Q9HCK0	Q9BV44	57684	25917	ZBTB26	THUMPD3	chromatin immunoprecipitation assay	27924024	Homo sapiens	GTRD	No	Mm:Q6P9Q3;Rn:D3ZG35	Dr:A2BF92	Ce:Q21503;Mm:P97770;Rn:D3ZSV7	-
Q9HCK0	Q15717	57684	1994	ZBTB26	ELAVL1	chromatin immunoprecipitation assay	27924024	Homo sapiens	GTRD	No	Mm:Q6P9Q3;Rn:D3ZG35	Dr:A2BF92	Mm:P70372;Rn:B5DF91	Dr:Q9PTK4;Dr:Q7ZTS8
Q9HCK0	Q15102	57684	5050	ZBTB26	PAFAH1B3	chromatin immunoprecipitation assay	27924024	Homo sapiens	GTRD	No	Mm:Q6P9Q3;Rn:D3ZG35	Dr:A2BF92	Dr:Q7ZTU4;Mm:Q61205;Rn:O35263	Dr:E9QE47
Q9HCK0	P29122	57684	5046	ZBTB26	PCSK6	chromatin immunoprecipitation assay	27924024	Homo sapiens	GTRD	No	Mm:Q6P9Q3;Rn:D3ZG35	Dr:A2BF92	Mm:F6XJP7;Rn:F1LNB4	-
Q9HCK0	P00558	57684	5230	ZBTB26	PGK1	chromatin immunoprecipitation assay	27924024	Homo sapiens	GTRD	No	Mm:Q6P9Q3;Rn:D3ZG35	Dr:A2BF92	Mm:P09411;Rn:P16617	Dr:F1QXV8
Q9HCK0	P19338	57684	4691	ZBTB26	NCL	chromatin immunoprecipitation assay	27924024	Homo sapiens	GTRD	No	Mm:Q6P9Q3;Rn:D3ZG35	Dr:A2BF92	-	-
Q9HCK0	Q96E11	57684	92399	ZBTB26	MRRF	chromatin immunoprecipitation assay	27924024	Homo sapiens	GTRD	No	Mm:Q6P9Q3;Rn:D3ZG35	Dr:A2BF92	Dm:Q9VSW4;Dr:F1QJ48;Mm:Q9D6S7;Rn:Q5RKI9	-
Q9HCK0	Q96EQ0	57684	54557	ZBTB26	SGTB	chromatin immunoprecipitation assay	27924024	Homo sapiens	GTRD	No	Mm:Q6P9Q3;Rn:D3ZG35	Dr:A2BF92	Mm:Q8VD33;Rn:Q80W98	-
Q9HCK0	O75436	57684	9559	ZBTB26	VPS26A	chromatin immunoprecipitation assay	27924024	Homo sapiens	GTRD	No	Mm:Q6P9Q3;Rn:D3ZG35	Dr:A2BF92	Dr:Q6TNP8;Mm:P40336;Rn:Q6AY86	-
Q9HCK0	O14578	57684	11113	ZBTB26	CIT	chromatin immunoprecipitation assay	27924024	Homo sapiens	GTRD	No	Mm:Q6P9Q3;Rn:D3ZG35	Dr:A2BF92	-	-
Q9HCK0	Q9BXC9	57684	583	ZBTB26	BBS2	chromatin immunoprecipitation assay	27924024	Homo sapiens	GTRD	No	Mm:Q6P9Q3;Rn:D3ZG35	Dr:A2BF92	-	-
Q9HCK0	P32321	57684	1635	ZBTB26	DCTD	chromatin immunoprecipitation assay	27924024	Homo sapiens	GTRD	No	Mm:Q6P9Q3;Rn:D3ZG35	Dr:A2BF92	-	-
Q9HCK0	P24557	57684	6916	ZBTB26	TBXAS1	chromatin immunoprecipitation assay	27924024	Homo sapiens	GTRD	No	Mm:Q6P9Q3;Rn:D3ZG35	Dr:A2BF92	Dr:Q1LUX9;Mm:P36423;Rn:P49430	-
Q9HCK0	Q9Y334	57684	80737	ZBTB26	VWA7	chromatin immunoprecipitation assay	27924024	Homo sapiens	GTRD	No	Mm:Q6P9Q3;Rn:D3ZG35	Dr:A2BF92	Mm:Q9JHA8;Rn:Q6MG64	Dr:Q1L860
Q9HCK0	P58340	57684	4291	ZBTB26	MLF1	chromatin immunoprecipitation assay	27924024	Homo sapiens	GTRD	No	Mm:Q6P9Q3;Rn:D3ZG35	Dr:A2BF92	-	-
Q9HCK0	Q8N5S3	57684	129852	ZBTB26	C2orf73	chromatin immunoprecipitation assay	27924024	Homo sapiens	GTRD	No	Mm:Q6P9Q3;Rn:D3ZG35	Dr:A2BF92	Mm:Q5SPV6;Rn:D4A4P5	-
Q9HCK0	O00139	57684	3796	ZBTB26	KIF2A	chromatin immunoprecipitation assay	27924024	Homo sapiens	GTRD	No	Mm:Q6P9Q3;Rn:D3ZG35	Dr:A2BF92	Mm:P28740;Rn:F1M8L1	-
Q9HCK0	P48556	57684	5714	ZBTB26	PSMD8	chromatin immunoprecipitation assay	27924024	Homo sapiens	GTRD	No	Mm:Q6P9Q3;Rn:D3ZG35	Dr:A2BF92	Dm:Q9V436;Mm:Q9CX56;Rn:F1LMQ3	-
Q9HCK0	Q96RV3	57684	22990	ZBTB26	PCNX1	chromatin immunoprecipitation assay	27924024	Homo sapiens	GTRD	No	Mm:Q6P9Q3;Rn:D3ZG35	Dr:A2BF92	Mm:Q9QYC1	Rn:E9PSU6
Q9HCK0	Q9Y5B9	57684	11198	ZBTB26	SUPT16H	chromatin immunoprecipitation assay	27924024	Homo sapiens	GTRD	No	Mm:Q6P9Q3;Rn:D3ZG35	Dr:A2BF92	Ce:Q9N5R9;Dm:Q8IRG6;Mm:G3X956;Rn:D4A4J0;Sc:P32558	-
Q9HCK0	Q8IYU8	57684	221154	ZBTB26	MICU2	chromatin immunoprecipitation assay	27924024	Homo sapiens	GTRD	No	Mm:Q6P9Q3;Rn:D3ZG35	Dr:A2BF92	Dr:Q1LYC5;Mm:Q8CD10;Rn:F1LMJ8	-
Q9HCK0	Q9Y6E2	57684	28969	ZBTB26	BZW2	chromatin immunoprecipitation assay	27924024	Homo sapiens	GTRD	No	Mm:Q6P9Q3;Rn:D3ZG35	Dr:A2BF92	Mm:Q91VK1;Rn:Q9WTT7	Dr:Q1LUC1
Q9HCK0	O94993	57684	11063	ZBTB26	SOX30	chromatin immunoprecipitation assay	27924024	Homo sapiens	GTRD	No	Mm:Q6P9Q3;Rn:D3ZG35	Dr:A2BF92	Mm:Q8CGW4	Rn:F1M453
Q9HCK0	Q8TCA0	57684	55222	ZBTB26	LRRC20	chromatin immunoprecipitation assay	27924024	Homo sapiens	GTRD	No	Mm:Q6P9Q3;Rn:D3ZG35	Dr:A2BF92	Ce:Q21347;Dr:A0A0R4IPB8;Mm:Q8CI70;Rn:F1LUD9	Dm:C0PV74
Q9HCK0	Q8N8E2	57684	130557	ZBTB26	ZNF513	chromatin immunoprecipitation assay	27924024	Homo sapiens	GTRD	No	Mm:Q6P9Q3;Rn:D3ZG35	Dr:A2BF92	Mm:Q6PD29;Rn:Q5FWU5	Dr:A0A0G2KXF2
Q9HCK0	O75335	57684	8497	ZBTB26	PPFIA4	chromatin immunoprecipitation assay	27924024	Homo sapiens	GTRD	No	Mm:Q6P9Q3;Rn:D3ZG35	Dr:A2BF92	-	-
Q9HCK0	Q9NXR1	57684	54820	ZBTB26	NDE1	chromatin immunoprecipitation assay	27924024	Homo sapiens	GTRD	No	Mm:Q6P9Q3;Rn:D3ZG35	Dr:A2BF92	Dr:A0A0R4IFA2;Mm:Q9CZA6	Rn:Q9ES39
Q9HCK0	Q9Y233	57684	10846	ZBTB26	PDE10A	chromatin immunoprecipitation assay	27924024	Homo sapiens	GTRD	No	Mm:Q6P9Q3;Rn:D3ZG35	Dr:A2BF92	-	-
Q9HCK0	Q9Y2S2	57684	51084	ZBTB26	CRYL1	chromatin immunoprecipitation assay	27924024	Homo sapiens	GTRD	No	Mm:Q6P9Q3;Rn:D3ZG35	Dr:A2BF92	Ce:C0VXV5;Dm:Q9VXI1;Mm:Q99KP3;Rn:Q811X6	-
Q9HCK0	Q9H8M1	57684	80219	ZBTB26	COQ10B	chromatin immunoprecipitation assay	27924024	Homo sapiens	GTRD	No	Mm:Q6P9Q3;Rn:D3ZG35	Dr:A2BF92	Rn:A0A0G2JSW8	Mm:G5E8J7
Q9HCK0	Q7L014	57684	9879	ZBTB26	DDX46	chromatin immunoprecipitation assay	27924024	Homo sapiens	GTRD	No	Mm:Q6P9Q3;Rn:D3ZG35	Dr:A2BF92	-	-
Q9HCK0	Q6PL45	57684	283870	ZBTB26	BRICD5	chromatin immunoprecipitation assay	27924024	Homo sapiens	GTRD	No	Mm:Q6P9Q3;Rn:D3ZG35	Dr:A2BF92	Mm:Q8BV89;Rn:D3ZD16	Dr:F1R3F8
Q9HCK0	Q24JQ0	57684	85019	ZBTB26	TMEM241	chromatin immunoprecipitation assay	27924024	Homo sapiens	GTRD	No	Mm:Q6P9Q3;Rn:D3ZG35	Dr:A2BF92	Mm:Q3UME2;Rn:D4A9Q0	Dr:X1WGD1
Q9HCK0	P51654	57684	2719	ZBTB26	GPC3	chromatin immunoprecipitation assay	27924024	Homo sapiens	GTRD	No	Mm:Q6P9Q3;Rn:D3ZG35	Dr:A2BF92	Dr:Q6V9Y8;Mm:Q8CFZ4	Rn:A0A0G2KBA2
Q9HCK0	M0R082	57684	-	ZBTB26	-	chromatin immunoprecipitation assay	27924024	Homo sapiens	GTRD	No	Mm:Q6P9Q3;Rn:D3ZG35	Dr:A2BF92	-	-
Q9HCK0	O00161	57684	8773	ZBTB26	SNAP23	chromatin immunoprecipitation assay	27924024	Homo sapiens	GTRD	No	Mm:Q6P9Q3;Rn:D3ZG35	Dr:A2BF92	Mm:O09044	Dr:E9QI05;Rn:M0R4V3
Q9HCK0	O15516	57684	9575	ZBTB26	CLOCK	chromatin immunoprecipitation assay	27924024	Homo sapiens	GTRD	No	Mm:Q6P9Q3;Rn:D3ZG35	Dr:A2BF92	Dr:Q5RIV1;Mm:O08785;Rn:G3V697	-
Q9HCK0	Q9H0I2	57684	84080	ZBTB26	ENKD1	chromatin immunoprecipitation assay	27924024	Homo sapiens	GTRD	No	Mm:Q6P9Q3;Rn:D3ZG35	Dr:A2BF92	Mm:Q7TSV9;Rn:D4A243	Dr:B0R196
Q9HCK0	O94892	57684	9668	ZBTB26	ZNF432	chromatin immunoprecipitation assay	27924024	Homo sapiens	GTRD	No	Mm:Q6P9Q3;Rn:D3ZG35	Dr:A2BF92	-	-
Q9HCK0	Q92871	57684	5372	ZBTB26	PMM1	chromatin immunoprecipitation assay	27924024	Homo sapiens	GTRD	No	Mm:Q6P9Q3;Rn:D3ZG35	Dr:A2BF92	Mm:O35621;Rn:Q5RK25	-
Q9HCK0	Q96I24	57684	8939	ZBTB26	FUBP3	chromatin immunoprecipitation assay	27924024	Homo sapiens	GTRD	No	Mm:Q6P9Q3;Rn:D3ZG35	Dr:A2BF92	Rn:G3V829	Mm:A2AJ72
Q9HCK0	Q86TZ1	57684	-	ZBTB26	TTC6	chromatin immunoprecipitation assay	27924024	Homo sapiens	GTRD	No	Mm:Q6P9Q3;Rn:D3ZG35	Dr:A2BF92	-	-
Q9HCK0	Q6RUI8	57684	84798	ZBTB26	C19orf48	chromatin immunoprecipitation assay	27924024	Homo sapiens	GTRD	No	Mm:Q6P9Q3;Rn:D3ZG35	Dr:A2BF92	-	-
Q9HCK0	P58753	57684	114609	ZBTB26	TIRAP	chromatin immunoprecipitation assay	27924024	Homo sapiens	GTRD	No	Mm:Q6P9Q3;Rn:D3ZG35	Dr:A2BF92	Mm:H3BKL1	Rn:D3ZXA5
Q9HCK0	Q8IUF1	57684	150472	ZBTB26	CBWD2	chromatin immunoprecipitation assay	27924024	Homo sapiens	GTRD	No	Mm:Q6P9Q3;Rn:D3ZG35	Dr:A2BF92	-	-
Q9HCK0	R4GMX3	57684	100532731	ZBTB26	COMMD3-BMI1	chromatin immunoprecipitation assay	27924024	Homo sapiens	GTRD	No	Mm:Q6P9Q3;Rn:D3ZG35	Dr:A2BF92	-	-
Q9HCK0	Q6UXH1	57684	79174	ZBTB26	CRELD2	chromatin immunoprecipitation assay	27924024	Homo sapiens	GTRD	No	Mm:Q6P9Q3;Rn:D3ZG35	Dr:A2BF92	Ce:Q19267;Dr:Q7SXF6;Mm:Q9CYA0;Rn:Q4G063	-
Q9HCK0	P61952	57684	2791	ZBTB26	GNG11	chromatin immunoprecipitation assay	27924024	Homo sapiens	GTRD	No	Mm:Q6P9Q3;Rn:D3ZG35	Dr:A2BF92	Mm:P61953	Rn:P61954
Q9HCK0	Q9Y3B7	57684	65003	ZBTB26	MRPL11	chromatin immunoprecipitation assay	27924024	Homo sapiens	GTRD	No	Mm:Q6P9Q3;Rn:D3ZG35	Dr:A2BF92	Ce:P34264;Dm:Q9VFJ2;Dr:F1Q685;Mm:Q9CQF0;Rn:Q5XIE3;Sc:P53875	-
Q9HCK0	Q01814	57684	491	ZBTB26	ATP2B2	chromatin immunoprecipitation assay	27924024	Homo sapiens	GTRD	No	Mm:Q6P9Q3;Rn:D3ZG35	Dr:A2BF92	Mm:Q9R0K7	Rn:D4A8B3
Q9HCK0	P51553	57684	3421	ZBTB26	IDH3G	chromatin immunoprecipitation assay	27924024	Homo sapiens	GTRD	No	Mm:Q6P9Q3;Rn:D3ZG35	Dr:A2BF92	Ce:Q95YD8;Ce:Q20049;Dm:A8JRB8;Mm:P70404;Rn:Q5XIJ3	-
Q9HCK0	Q8NFY9	57684	84541	ZBTB26	KBTBD8	chromatin immunoprecipitation assay	27924024	Homo sapiens	GTRD	No	Mm:Q6P9Q3;Rn:D3ZG35	Dr:A2BF92	Dr:F1QMY7;Mm:Q3UQV5	Rn:F8WFZ9
Q9HCK0	Q96RE7	57684	112939	ZBTB26	NACC1	chromatin immunoprecipitation assay	27924024	Homo sapiens	GTRD	No	Mm:Q6P9Q3;Rn:D3ZG35	Dr:A2BF92	Mm:Q7TSZ8;Rn:O35260	-
Q9HCK0	O95931	57684	23492	ZBTB26	CBX7	chromatin immunoprecipitation assay	27924024	Homo sapiens	GTRD	No	Mm:Q6P9Q3;Rn:D3ZG35	Dr:A2BF92	Rn:P60889	Mm:F8WHN2
Q9HCK0	Q68D85	57684	374383	ZBTB26	NCR3LG1	chromatin immunoprecipitation assay	27924024	Homo sapiens	GTRD	No	Mm:Q6P9Q3;Rn:D3ZG35	Dr:A2BF92	-	-
Q9HCK0	Q8N1P7	57684	55057	ZBTB26	CRYBG2	chromatin immunoprecipitation assay	27924024	Homo sapiens	GTRD	No	Mm:Q6P9Q3;Rn:D3ZG35	Dr:A2BF92	-	-
Q9HCK0	Q8N108	57684	57708	ZBTB26	MIER1	chromatin immunoprecipitation assay	27924024	Homo sapiens	GTRD	No	Mm:Q6P9Q3;Rn:D3ZG35	Dr:A2BF92	Dm:A1Z6Z7;Dr:E9QHV5;Mm:Q5UAK0;Rn:A0A0G2KA91	-
Q9HCK0	J3QL48	57684	-	ZBTB26	-	chromatin immunoprecipitation assay	27924024	Homo sapiens	GTRD	No	Mm:Q6P9Q3;Rn:D3ZG35	Dr:A2BF92	-	-
Q9HCK0	Q6Y288	57684	145173	ZBTB26	B3GLCT	chromatin immunoprecipitation assay	27924024	Homo sapiens	GTRD	No	Mm:Q6P9Q3;Rn:D3ZG35	Dr:A2BF92	Ce:O01878;Dr:A0A068F9P7;Mm:Q8BHT6	Dm:Q9VMJ0;Rn:A0A0G2JUT7
Q9HCK0	Q8WVC6	57684	79877	ZBTB26	DCAKD	chromatin immunoprecipitation assay	27924024	Homo sapiens	GTRD	No	Mm:Q6P9Q3;Rn:D3ZG35	Dr:A2BF92	Dm:Q9VI57;Mm:Q8BHC4;Rn:Q6AY55;Sc:Q03941	Ce:E5QCF8;Dr:F1QN99
Q9HCK0	Q9UKY7	57684	55573	ZBTB26	CDV3	chromatin immunoprecipitation assay	27924024	Homo sapiens	GTRD	No	Mm:Q6P9Q3;Rn:D3ZG35	Dr:A2BF92	Dr:Q7T370;Mm:Q4VAA2	Dm:A0A0B4LGI9;Rn:A0A0G2K0B0
Q9HCK0	Q9Y646	57684	10404	ZBTB26	CPQ	chromatin immunoprecipitation assay	27924024	Homo sapiens	GTRD	No	Mm:Q6P9Q3;Rn:D3ZG35	Dr:A2BF92	Mm:Q9WVJ3;Rn:Q6IRK9	-
Q9HCK0	P22234	57684	10606	ZBTB26	PAICS	chromatin immunoprecipitation assay	27924024	Homo sapiens	GTRD	No	Mm:Q6P9Q3;Rn:D3ZG35	Dr:A2BF92	Ce:Q10457;Mm:Q9DCL9;Rn:P51583	Dm:F0JAN1;Rn:F8WFR8;Rn:A0A0G2K5S4
Q9HCK0	O95707	57684	10775	ZBTB26	POP4	chromatin immunoprecipitation assay	27924024	Homo sapiens	GTRD	No	Mm:Q6P9Q3;Rn:D3ZG35	Dr:A2BF92	Ce:Q9XVT1;Dm:Q9VSC6;Dr:A0A0R4ITA6;Mm:Q9CR08;Rn:Q5M882	-
Q9HCK0	O43493	57684	10618	ZBTB26	TGOLN2	chromatin immunoprecipitation assay	27924024	Homo sapiens	GTRD	No	Mm:Q6P9Q3;Rn:D3ZG35	Dr:A2BF92	Ce:Q23330;Dr:A0A0R4IJR7;Sc:P32583	-
Q9HCK0	Q8IV56	57684	222171	ZBTB26	PRR15	chromatin immunoprecipitation assay	27924024	Homo sapiens	GTRD	No	Mm:Q6P9Q3;Rn:D3ZG35	Dr:A2BF92	Mm:Q9D1T5;Rn:A0JPP6	-
Q9HCK0	Q92546	57684	9827	ZBTB26	RGP1	chromatin immunoprecipitation assay	27924024	Homo sapiens	GTRD	No	Mm:Q6P9Q3;Rn:D3ZG35	Dr:A2BF92	Ce:Q7YWW8;Dm:Q9VN84;Dr:Q6DHI8;Mm:Q8BHT7;Rn:D4A196	-
Q9HCK0	P51452	57684	1845	ZBTB26	DUSP3	chromatin immunoprecipitation assay	27924024	Homo sapiens	GTRD	No	Mm:Q6P9Q3;Rn:D3ZG35	Dr:A2BF92	Dr:E7EXY0	Mm:Q3V2Y9;Rn:A0A0G2K3I9
Q9HCK0	Q8NEY8	57684	51535	ZBTB26	PPHLN1	chromatin immunoprecipitation assay	27924024	Homo sapiens	GTRD	No	Mm:Q6P9Q3;Rn:D3ZG35	Dr:A2BF92	-	-
Q9HCK0	Q4V328	57684	56850	ZBTB26	GRIPAP1	chromatin immunoprecipitation assay	27924024	Homo sapiens	GTRD	No	Mm:Q6P9Q3;Rn:D3ZG35	Dr:A2BF92	Ce:Q20298;Dr:B0UYE9;Rn:Q9JHZ4	Mm:A2AEW8
Q9HCK0	Q9HC23	57684	60675	ZBTB26	PROK2	chromatin immunoprecipitation assay	27924024	Homo sapiens	GTRD	No	Mm:Q6P9Q3;Rn:D3ZG35	Dr:A2BF92	Mm:Q9QXU7	Rn:Q6V8J7
Q9HCK0	P31269	57684	3205	ZBTB26	HOXA9	chromatin immunoprecipitation assay	27924024	Homo sapiens	GTRD	No	Mm:Q6P9Q3;Rn:D3ZG35	Dr:A2BF92	Mm:P09631	Rn:D3ZSU5
Q9HCK0	Q6ZS17	57684	79567	ZBTB26	RIPOR1	chromatin immunoprecipitation assay	27924024	Homo sapiens	GTRD	No	Mm:Q6P9Q3;Rn:D3ZG35	Dr:A2BF92	-	-
Q9HCK0	P48029	57684	6535	ZBTB26	SLC6A8	chromatin immunoprecipitation assay	27924024	Homo sapiens	GTRD	No	Mm:Q6P9Q3;Rn:D3ZG35	Dr:A2BF92	Mm:Q8VBW1;Rn:P28570	-
Q9HCK0	O60292	57684	23094	ZBTB26	SIPA1L3	chromatin immunoprecipitation assay	27924024	Homo sapiens	GTRD	No	Mm:Q6P9Q3;Rn:D3ZG35	Dr:A2BF92	Dr:F1QTH7;Mm:G3X9J0;Rn:F1LYG2	-
Q9HCK0	P55268	57684	3913	ZBTB26	LAMB2	chromatin immunoprecipitation assay	27924024	Homo sapiens	GTRD	No	Mm:Q6P9Q3;Rn:D3ZG35	Dr:A2BF92	Dr:B7ZDA6;Mm:Q61292;Rn:M0R6K0	-
Q9HCK0	A0A1B0GUI7	57684	-	ZBTB26	BRD3OS	chromatin immunoprecipitation assay	27924024	Homo sapiens	GTRD	No	Mm:Q6P9Q3;Rn:D3ZG35	Dr:A2BF92	Dr:A0A1D5NSK8	Mm:A0A1B0GRB6
Q9HCK0	Q12768	57684	9897	ZBTB26	WASHC5	chromatin immunoprecipitation assay	27924024	Homo sapiens	GTRD	No	Mm:Q6P9Q3;Rn:D3ZG35	Dr:A2BF92	Dm:Q9VUY8;Mm:Q8C2E7;Rn:F1M1B3	Ce:O01858;Dr:A0A0R4IF25
Q9HCK0	Q5JS37	57684	387921	ZBTB26	NHLRC3	chromatin immunoprecipitation assay	27924024	Homo sapiens	GTRD	No	Mm:Q6P9Q3;Rn:D3ZG35	Dr:A2BF92	Mm:Q8CCH2;Rn:D4A2F6	-
Q9HCK0	Q8TB03	57684	159013	ZBTB26	CXorf38	chromatin immunoprecipitation assay	27924024	Homo sapiens	GTRD	No	Mm:Q6P9Q3;Rn:D3ZG35	Dr:A2BF92	Mm:Q8C5K5;Rn:B1WBZ6	-
Q9HCK0	P16389	57684	3737	ZBTB26	KCNA2	chromatin immunoprecipitation assay	27924024	Homo sapiens	GTRD	No	Mm:Q6P9Q3;Rn:D3ZG35	Dr:A2BF92	Mm:P63141;Rn:P63142	Dr:A9JTD2
Q9HCK0	Q12891	57684	8692	ZBTB26	HYAL2	chromatin immunoprecipitation assay	27924024	Homo sapiens	GTRD	No	Mm:Q6P9Q3;Rn:D3ZG35	Dr:A2BF92	Dr:E7F701;Mm:O35632;Rn:G3V7P9	Dr:Q1LXC3
Q9HCK0	P13612	57684	3676	ZBTB26	ITGA4	chromatin immunoprecipitation assay	27924024	Homo sapiens	GTRD	No	Mm:Q6P9Q3;Rn:D3ZG35	Dr:A2BF92	Dr:A0A0R4ICS1;Mm:Q792F9;Rn:D3ZMQ3	-
Q9HCK0	Q9NYP9	57684	54069	ZBTB26	MIS18A	chromatin immunoprecipitation assay	27924024	Homo sapiens	GTRD	No	Mm:Q6P9Q3;Rn:D3ZG35	Dr:A2BF92	Dr:F1RC19;Mm:Q9CZJ6;Rn:A0A0H2UHV5	-
Q9HCK0	Q9UBU7	57684	10926	ZBTB26	DBF4	chromatin immunoprecipitation assay	27924024	Homo sapiens	GTRD	No	Mm:Q6P9Q3;Rn:D3ZG35	Dr:A2BF92	Mm:Q9QZ41	Rn:M0R8P0
Q9HCK0	Q6ZRQ5	57684	253714	ZBTB26	MMS22L	chromatin immunoprecipitation assay	27924024	Homo sapiens	GTRD	No	Mm:Q6P9Q3;Rn:D3ZG35	Dr:A2BF92	Dm:O46089;Dr:F1Q905;Mm:B1AUR6;Rn:D3ZS39	-
Q9HCK0	Q9UGJ0	57684	51422	ZBTB26	PRKAG2	chromatin immunoprecipitation assay	27924024	Homo sapiens	GTRD	No	Mm:Q6P9Q3;Rn:D3ZG35	Dr:A2BF92	Mm:Q91WG5;Rn:A0A140UHX4	-
Q9HCK0	Q8TEB1	57684	80344	ZBTB26	DCAF11	chromatin immunoprecipitation assay	27924024	Homo sapiens	GTRD	No	Mm:Q6P9Q3;Rn:D3ZG35	Dr:A2BF92	Ce:P90794;Dm:Q7JYQ4;Mm:Q91VU6;Rn:Q5M9G8	Dr:Q499B0
Q9HCK0	Q6PGQ7	57684	79866	ZBTB26	BORA	chromatin immunoprecipitation assay	27924024	Homo sapiens	GTRD	No	Mm:Q6P9Q3;Rn:D3ZG35	Dr:A2BF92	Dr:F1QD62;Mm:Q8BS90;Rn:Q5M864	-
Q9HCK0	Q14687	57684	23199	ZBTB26	GSE1	chromatin immunoprecipitation assay	27924024	Homo sapiens	GTRD	No	Mm:Q6P9Q3;Rn:D3ZG35	Dr:A2BF92	Dr:Q1LWL6;Mm:Q3U3C9;Rn:F1M4A7	-
Q9HCK0	Q9BYD9	57684	84517	ZBTB26	ACTRT3	chromatin immunoprecipitation assay	27924024	Homo sapiens	GTRD	No	Mm:Q6P9Q3;Rn:D3ZG35	Dr:A2BF92	Mm:Q8BXF8;Rn:D4ABA6	-
Q9HCK0	Q9BSC4	57684	79954	ZBTB26	NOL10	chromatin immunoprecipitation assay	27924024	Homo sapiens	GTRD	No	Mm:Q6P9Q3;Rn:D3ZG35	Dr:A2BF92	Ce:Q19974;Dm:Q9V3P2;Dr:F1QFR4;Mm:Q5RJG1;Rn:Q66H99;Sc:P48234	-
Q9HCK0	P15408	57684	2355	ZBTB26	FOSL2	chromatin immunoprecipitation assay	27924024	Homo sapiens	GTRD	No	Mm:Q6P9Q3;Rn:D3ZG35	Dr:A2BF92	Dr:A2RUX8;Mm:P47930;Rn:A0A0G2JZA4	-
Q9HCK0	Q8N6T3	57684	55738	ZBTB26	ARFGAP1	chromatin immunoprecipitation assay	27924024	Homo sapiens	GTRD	No	Mm:Q6P9Q3;Rn:D3ZG35	Dr:A2BF92	Dm:Q9VTX5;Mm:Q9EPJ9;Sc:P35197	Rn:Q3S4A4
Q9HCK0	P48051	57684	3763	ZBTB26	KCNJ6	chromatin immunoprecipitation assay	27924024	Homo sapiens	GTRD	No	Mm:Q6P9Q3;Rn:D3ZG35	Dr:A2BF92	Dr:F1R1B8;Mm:Q0VB45	Rn:F1LS53
Q9HCK0	O43291	57684	10653	ZBTB26	SPINT2	chromatin immunoprecipitation assay	27924024	Homo sapiens	GTRD	No	Mm:Q6P9Q3;Rn:D3ZG35	Dr:A2BF92	Mm:Q9WU03;Rn:G3V8S0	-
Q9HCK0	Q9Y6C9	57684	23788	ZBTB26	MTCH2	chromatin immunoprecipitation assay	27924024	Homo sapiens	GTRD	No	Mm:Q6P9Q3;Rn:D3ZG35	Dr:A2BF92	Dr:Q9PUL9;Mm:Q791V5;Rn:A0A0G2K459	-
Q9HCK0	Q8IZ69	57684	27037	ZBTB26	TRMT2A	chromatin immunoprecipitation assay	27924024	Homo sapiens	GTRD	No	Mm:Q6P9Q3;Rn:D3ZG35	Dr:A2BF92	-	-
Q9HCK0	Q92959	57684	6578	ZBTB26	SLCO2A1	chromatin immunoprecipitation assay	27924024	Homo sapiens	GTRD	No	Mm:Q6P9Q3;Rn:D3ZG35	Dr:A2BF92	Dr:F1Q9B1;Mm:Q9EPT5;Rn:A0A0G2JV79	-
Q9HCK0	P15531	57684	4830	ZBTB26	NME1	chromatin immunoprecipitation assay	27924024	Homo sapiens	GTRD	No	Mm:Q6P9Q3;Rn:D3ZG35	Dr:A2BF92	-	-
Q9HCK0	Q9P2R3	57684	51479	ZBTB26	ANKFY1	chromatin immunoprecipitation assay	27924024	Homo sapiens	GTRD	No	Mm:Q6P9Q3;Rn:D3ZG35	Dr:A2BF92	Ce:O45398;Mm:Q810B6;Rn:D4A1J6	Dr:A0A0R4IK06
Q9HCK0	Q9NX09	57684	54541	ZBTB26	DDIT4	chromatin immunoprecipitation assay	27924024	Homo sapiens	GTRD	No	Mm:Q6P9Q3;Rn:D3ZG35	Dr:A2BF92	Dm:Q9VTH4;Dr:Q7T346;Mm:Q9D3F7;Rn:G3V620	-
Q9HCK0	Q9Y2Q9	57684	28957	ZBTB26	MRPS28	chromatin immunoprecipitation assay	27924024	Homo sapiens	GTRD	No	Mm:Q6P9Q3;Rn:D3ZG35	Dr:A2BF92	Dr:A5PMP2;Mm:Q9CY16	Rn:A0A0G2K8L9
Q9HCK0	Q8IVD9	57684	23386	ZBTB26	NUDCD3	chromatin immunoprecipitation assay	27924024	Homo sapiens	GTRD	No	Mm:Q6P9Q3;Rn:D3ZG35	Dr:A2BF92	Dm:Q8IN95;Dr:A0A0R4IY34;Mm:Q8R1N4	-
Q9HCK0	Q15111	57684	5334	ZBTB26	PLCL1	chromatin immunoprecipitation assay	27924024	Homo sapiens	GTRD	No	Mm:Q6P9Q3;Rn:D3ZG35	Dr:A2BF92	Mm:Q3USB7;Rn:F1LP62	-
Q9HCK0	Q9ULK4	57684	9439	ZBTB26	MED23	chromatin immunoprecipitation assay	27924024	Homo sapiens	GTRD	No	Mm:Q6P9Q3;Rn:D3ZG35	Dr:A2BF92	Ce:Q10669;Dm:Q9W1X7;Rn:A0A0H2UHV2	Mm:E9QNV2
Q9HCK0	P57086	57684	51282	ZBTB26	SCAND1	chromatin immunoprecipitation assay	27924024	Homo sapiens	GTRD	No	Mm:Q6P9Q3;Rn:D3ZG35	Dr:A2BF92	Mm:Q2M4I6;Rn:D4A6K0	-
Q9HCK0	Q14586	57684	10308	ZBTB26	ZNF267	chromatin immunoprecipitation assay	27924024	Homo sapiens	GTRD	No	Mm:Q6P9Q3;Rn:D3ZG35	Dr:A2BF92	-	-
Q9HCK0	Q0D2K0	57684	348938	ZBTB26	NIPAL4	chromatin immunoprecipitation assay	27924024	Homo sapiens	GTRD	No	Mm:Q6P9Q3;Rn:D3ZG35	Dr:A2BF92	Dr:F1QHP8;Mm:Q8BZF2	Rn:D3ZA72
Q9HCK0	Q9Y343	57684	28966	ZBTB26	SNX24	chromatin immunoprecipitation assay	27924024	Homo sapiens	GTRD	No	Mm:Q6P9Q3;Rn:D3ZG35	Dr:A2BF92	Mm:Q9CRB0;Rn:Q5U2S5	Dr:F1QPU0
Q9HCK0	Q8N543	57684	55239	ZBTB26	OGFOD1	chromatin immunoprecipitation assay	27924024	Homo sapiens	GTRD	No	Mm:Q6P9Q3;Rn:D3ZG35	Dr:A2BF92	Ce:Q09973;Dm:Q9I7H9;Dr:F1QTC6;Mm:Q3U0K8;Rn:D4ACB4	-
Q9HCK0	Q8N5T2	57684	55296	ZBTB26	TBC1D19	chromatin immunoprecipitation assay	27924024	Homo sapiens	GTRD	No	Mm:Q6P9Q3;Rn:D3ZG35	Dr:A2BF92	Dr:F1QYM1;Mm:Q8VDV7;Rn:B2GV89	Dm:X2J8N3
Q9HCK0	O00148	57684	10212	ZBTB26	DDX39A	chromatin immunoprecipitation assay	27924024	Homo sapiens	GTRD	No	Mm:Q6P9Q3;Rn:D3ZG35	Dr:A2BF92	Dr:A2AWA1;Dr:Q803W0;Mm:Q8VDW0;Rn:Q5U216	-
Q9HCK0	Q92858	57684	474	ZBTB26	ATOH1	chromatin immunoprecipitation assay	27924024	Homo sapiens	GTRD	No	Mm:Q6P9Q3;Rn:D3ZG35	Dr:A2BF92	Dr:B0R059;Mm:P48985;Rn:D3ZQL9	-
Q9HCK0	Q8N1B3	57684	92002	ZBTB26	CCNQ	chromatin immunoprecipitation assay	27924024	Homo sapiens	GTRD	No	Mm:Q6P9Q3;Rn:D3ZG35	Dr:A2BF92	Dm:Q9VE72;Mm:Q8QZR8;Rn:Q4QQW5	Dr:F1RCE1
Q9HCK0	Q2TAK8	57684	84939	ZBTB26	PWWP3A	chromatin immunoprecipitation assay	27924024	Homo sapiens	GTRD	No	Mm:Q6P9Q3;Rn:D3ZG35	Dr:A2BF92	Mm:Q6DID5;Rn:B1H224	-
Q9HCK0	Q9NW08	57684	55703	ZBTB26	POLR3B	chromatin immunoprecipitation assay	27924024	Homo sapiens	GTRD	No	Mm:Q6P9Q3;Rn:D3ZG35	Dr:A2BF92	Ce:Q27492;Dm:P25167;Dr:F1QQA2;Mm:P59470;Rn:D3ZV30;Sc:P22276	-
Q9HCK0	Q6PCB0	57684	64856	ZBTB26	VWA1	chromatin immunoprecipitation assay	27924024	Homo sapiens	GTRD	No	Mm:Q6P9Q3;Rn:D3ZG35	Dr:A2BF92	Mm:Q8R2Z5	Dr:E7FF10;Rn:Q642A6
Q9HCK0	P12270	57684	7175	ZBTB26	TPR	chromatin immunoprecipitation assay	27924024	Homo sapiens	GTRD	No	Mm:Q6P9Q3;Rn:D3ZG35	Dr:A2BF92	Dm:A1Z8P9;Dr:Q5RI09;Mm:F6ZDS4;Rn:F1MA98;Sc:Q02455	-
Q9HCK0	Q6ZV29	57684	375775	ZBTB26	PNPLA7	chromatin immunoprecipitation assay	27924024	Homo sapiens	GTRD	No	Mm:Q6P9Q3;Rn:D3ZG35	Dr:A2BF92	Dr:E7F4S2;Dr:B0S7I0;Mm:A2AJ88;Rn:G3V745	-
Q9HCK0	Q9UKK3	57684	143	ZBTB26	PARP4	chromatin immunoprecipitation assay	27924024	Homo sapiens	GTRD	No	Mm:Q6P9Q3;Rn:D3ZG35	Dr:A2BF92	Mm:E9PYK3	Dr:F1QHW9
Q9HCK0	Q9Y6F1	57684	10039	ZBTB26	PARP3	chromatin immunoprecipitation assay	27924024	Homo sapiens	GTRD	No	Mm:Q6P9Q3;Rn:D3ZG35	Dr:A2BF92	Mm:Q3ULW8;Rn:Q5U2U3	Dr:F1QSK1
Q9HCK0	Q96JS3	57684	84547	ZBTB26	PGBD1	chromatin immunoprecipitation assay	27924024	Homo sapiens	GTRD	No	Mm:Q6P9Q3;Rn:D3ZG35	Dr:A2BF92	-	-
Q9HCK0	Q9NX31	57684	51526	ZBTB26	OSER1	chromatin immunoprecipitation assay	27924024	Homo sapiens	GTRD	No	Mm:Q6P9Q3;Rn:D3ZG35	Dr:A2BF92	Mm:Q9D722;Rn:Q703I1	Dr:F1QQE1
Q9HCK0	Q9Y242	57684	6941	ZBTB26	TCF19	chromatin immunoprecipitation assay	27924024	Homo sapiens	GTRD	No	Mm:Q6P9Q3;Rn:D3ZG35	Dr:A2BF92	Mm:G3XA31	Dr:E7FD52
Q9HCK0	Q9Y2T1	57684	8313	ZBTB26	AXIN2	chromatin immunoprecipitation assay	27924024	Homo sapiens	GTRD	No	Mm:Q6P9Q3;Rn:D3ZG35	Dr:A2BF92	-	-
Q9HCK0	Q8N442	57684	60558	ZBTB26	GUF1	chromatin immunoprecipitation assay	27924024	Homo sapiens	GTRD	No	Mm:Q6P9Q3;Rn:D3ZG35	Dr:A2BF92	Ce:P34617;Dm:Q9VRH6;Dr:E7FFK6;Mm:Q8C3X4;Rn:D3ZHF8;Sc:P46943	-
Q9HCK0	Q8WTR7	57684	25888	ZBTB26	ZNF473	chromatin immunoprecipitation assay	27924024	Homo sapiens	GTRD	No	Mm:Q6P9Q3;Rn:D3ZG35	Dr:A2BF92	Mm:Q8BI67	Rn:F1LTH0
Q9HCK0	Q9UIH9	57684	28999	ZBTB26	KLF15	chromatin immunoprecipitation assay	27924024	Homo sapiens	GTRD	No	Mm:Q6P9Q3;Rn:D3ZG35	Dr:A2BF92	Dr:Q6YLV7;Mm:Q9EPW2;Rn:Q5FVT6	-
Q9HCK0	Q6XYB7	57684	85474	ZBTB26	LBX2	chromatin immunoprecipitation assay	27924024	Homo sapiens	GTRD	No	Mm:Q6P9Q3;Rn:D3ZG35	Dr:A2BF92	Mm:Q9WUN8	Rn:D4A7L0
Q9HCK0	Q86XM0	57684	257062	ZBTB26	CATSPERD	chromatin immunoprecipitation assay	27924024	Homo sapiens	GTRD	No	Mm:Q6P9Q3;Rn:D3ZG35	Dr:A2BF92	Mm:E9Q9F6;Rn:A0A0H2UI41	-
Q9HCK0	O00170	57684	9049	ZBTB26	AIP	chromatin immunoprecipitation assay	27924024	Homo sapiens	GTRD	No	Mm:Q6P9Q3;Rn:D3ZG35	Dr:A2BF92	-	-
Q9HCK0	Q8N2Q7	57684	22871	ZBTB26	NLGN1	chromatin immunoprecipitation assay	27924024	Homo sapiens	GTRD	No	Mm:Q6P9Q3;Rn:D3ZG35	Dr:A2BF92	Mm:Q99K10;Rn:Q62765	-
Q9HCK0	O15525	57684	4097	ZBTB26	MAFG	chromatin immunoprecipitation assay	27924024	Homo sapiens	GTRD	No	Mm:Q6P9Q3;Rn:D3ZG35	Dr:A2BF92	Mm:O54790;Rn:Q76MX4	-
Q9HCK0	Q9Y5F0	57684	56123	ZBTB26	PCDHB13	chromatin immunoprecipitation assay	27924024	Homo sapiens	GTRD	No	Mm:Q6P9Q3;Rn:D3ZG35	Dr:A2BF92	-	-
Q9HCK0	Q7Z5A7	57684	25817	ZBTB26	TAFA5	chromatin immunoprecipitation assay	27924024	Homo sapiens	GTRD	No	Mm:Q6P9Q3;Rn:D3ZG35	Dr:A2BF92	Dr:E7EZE0;Mm:Q91WE9;Rn:M0R7X9	-
Q9HCK0	Q6L9W6	57684	283358	ZBTB26	B4GALNT3	chromatin immunoprecipitation assay	27924024	Homo sapiens	GTRD	No	Mm:Q6P9Q3;Rn:D3ZG35	Dr:A2BF92	Dr:F1QYH1;Mm:Q6L8S8;Rn:F1M021	-
Q9HCK0	Q14999	57684	9820	ZBTB26	CUL7	chromatin immunoprecipitation assay	27924024	Homo sapiens	GTRD	No	Mm:Q6P9Q3;Rn:D3ZG35	Dr:A2BF92	Mm:Q8VE73;Rn:A0A0H2UHP4	-
Q9HCK0	Q12979	57684	29	ZBTB26	ABR	chromatin immunoprecipitation assay	27924024	Homo sapiens	GTRD	No	Mm:Q6P9Q3;Rn:D3ZG35	Dr:A2BF92	Mm:Q5SSL4	Rn:A0A4X0W8E9
Q9HCK0	O95817	57684	9531	ZBTB26	BAG3	chromatin immunoprecipitation assay	27924024	Homo sapiens	GTRD	No	Mm:Q6P9Q3;Rn:D3ZG35	Dr:A2BF92	Dr:F1Q9J0;Mm:Q9JLV1;Rn:Q5U2U8	-
Q9HCK0	Q9BRR6	57684	83440	ZBTB26	ADPGK	chromatin immunoprecipitation assay	27924024	Homo sapiens	GTRD	No	Mm:Q6P9Q3;Rn:D3ZG35	Dr:A2BF92	Mm:A0A1L1SSF2;Rn:G3V784	Ce:Q86S40;Dr:A0A286YBG9
Q9HCK0	O95202	57684	3954	ZBTB26	LETM1	chromatin immunoprecipitation assay	27924024	Homo sapiens	GTRD	No	Mm:Q6P9Q3;Rn:D3ZG35	Dr:A2BF92	Ce:Q9XVM0;Mm:Q9Z2I0;Rn:Q5XIN6	-
Q9HCK0	Q6ZMN8	57684	645121	ZBTB26	CCNI2	chromatin immunoprecipitation assay	27924024	Homo sapiens	GTRD	No	Mm:Q6P9Q3;Rn:D3ZG35	Dr:A2BF92	Dr:E7EXT9	-
Q9HCK0	O60279	57684	26032	ZBTB26	SUSD5	chromatin immunoprecipitation assay	27924024	Homo sapiens	GTRD	No	Mm:Q6P9Q3;Rn:D3ZG35	Dr:A2BF92	Mm:G3UW60;Rn:D3ZSC1	-
Q9HCK0	Q96P71	57684	63941	ZBTB26	NECAB3	chromatin immunoprecipitation assay	27924024	Homo sapiens	GTRD	No	Mm:Q6P9Q3;Rn:D3ZG35	Dr:A2BF92	Dr:X1WBS8;Mm:Q9D6J4	-
Q9HCK0	P19883	57684	10468	ZBTB26	FST	chromatin immunoprecipitation assay	27924024	Homo sapiens	GTRD	No	Mm:Q6P9Q3;Rn:D3ZG35	Dr:A2BF92	Dr:Q9YHV4;Mm:P47931;Rn:P21674	-
Q9HCK0	Q9Y3C6	57684	51645	ZBTB26	PPIL1	chromatin immunoprecipitation assay	27924024	Homo sapiens	GTRD	No	Mm:Q6P9Q3;Rn:D3ZG35	Dr:A2BF92	Ce:Q18445;Dm:Q9W0Q2;Dr:Q3KR14;Mm:Q9D0W5;Rn:Q4KLI4	-
Q9HCK0	Q5TGY3	57684	27245	ZBTB26	AHDC1	chromatin immunoprecipitation assay	27924024	Homo sapiens	GTRD	No	Mm:Q6P9Q3;Rn:D3ZG35	Dr:A2BF92	Mm:Q6PAL7;Rn:D4A5R3	-
Q9HCK0	P53582	57684	23173	ZBTB26	METAP1	chromatin immunoprecipitation assay	27924024	Homo sapiens	GTRD	No	Mm:Q6P9Q3;Rn:D3ZG35	Dr:A2BF92	Ce:Q965Y1;Dm:Q9VC48;Mm:Q8BP48;Rn:D3ZE72;Sc:Q01662	-
Q9HCK0	Q8N5C6	57684	55133	ZBTB26	SRBD1	chromatin immunoprecipitation assay	27924024	Homo sapiens	GTRD	No	Mm:Q6P9Q3;Rn:D3ZG35	Dr:A2BF92	Ce:Q9N4L5;Dm:Q9VCX7;Mm:F8WGW3;Rn:D4A9B0	Dr:A8E7H1
Q9HCK0	Q8NFZ8	57684	199731	ZBTB26	CADM4	chromatin immunoprecipitation assay	27924024	Homo sapiens	GTRD	No	Mm:Q6P9Q3;Rn:D3ZG35	Dr:A2BF92	Mm:Q8R464;Rn:F1M7V6	Dr:F1QF23
Q9HCK0	P32519	57684	1997	ZBTB26	ELF1	chromatin immunoprecipitation assay	27924024	Homo sapiens	GTRD	No	Mm:Q6P9Q3;Rn:D3ZG35	Dr:A2BF92	Dr:E7F1J0;Mm:Q60775	Rn:G3V9V2
Q9HCK0	Q9HD33	57684	57129	ZBTB26	MRPL47	chromatin immunoprecipitation assay	27924024	Homo sapiens	GTRD	No	Mm:Q6P9Q3;Rn:D3ZG35	Dr:A2BF92	Dm:Q8T3V6;Dr:E7F6A5;Mm:Q8K2Y7;Rn:Q3B8R7	-
Q9HCK0	Q9P1A6	57684	-	ZBTB26	DLGAP2	chromatin immunoprecipitation assay	27924024	Homo sapiens	GTRD	No	Mm:Q6P9Q3;Rn:D3ZG35	Dr:A2BF92	-	-
Q9HCK0	O43379	57684	284403	ZBTB26	WDR62	chromatin immunoprecipitation assay	27924024	Homo sapiens	GTRD	No	Mm:Q6P9Q3;Rn:D3ZG35	Dr:A2BF92	Mm:E9QK36	Rn:F1M5K2;Rn:F1LRR4
Q9HCK0	Q05639	57684	1917	ZBTB26	EEF1A2	chromatin immunoprecipitation assay	27924024	Homo sapiens	GTRD	No	Mm:Q6P9Q3;Rn:D3ZG35	Dr:A2BF92	Ce:P53013;Mm:P62631	Dr:Q6DHT2;Rn:P62632
Q9HCK0	Q96HS1	57684	192111	ZBTB26	PGAM5	chromatin immunoprecipitation assay	27924024	Homo sapiens	GTRD	No	Mm:Q6P9Q3;Rn:D3ZG35	Dr:A2BF92	Ce:Q09422;Dm:O46084;Dr:Q502L2;Mm:Q8BX10;Rn:G3V9N1	Dm:Q9W173
Q9HCK0	Q8WVD5	57684	50862	ZBTB26	RNF141	chromatin immunoprecipitation assay	27924024	Homo sapiens	GTRD	No	Mm:Q6P9Q3;Rn:D3ZG35	Dr:A2BF92	Ce:Q20737;Mm:Q99MB7;Rn:Q6IV57	Dr:A3KQA8
Q9HCK0	P30622	57684	6249	ZBTB26	CLIP1	chromatin immunoprecipitation assay	27924024	Homo sapiens	GTRD	No	Mm:Q6P9Q3;Rn:D3ZG35	Dr:A2BF92	Sc:P43597	Dr:E7F2X0;Mm:F8WIA1;Rn:A0A0G2K681
Q9HCK0	Q99755	57684	8394	ZBTB26	PIP5K1A	chromatin immunoprecipitation assay	27924024	Homo sapiens	GTRD	No	Mm:Q6P9Q3;Rn:D3ZG35	Dr:A2BF92	Mm:P70182;Rn:D3ZSI8	Dr:F1QTD5
Q9HCK0	Q9HB09	57684	83596	ZBTB26	BCL2L12	chromatin immunoprecipitation assay	27924024	Homo sapiens	GTRD	No	Mm:Q6P9Q3;Rn:D3ZG35	Dr:A2BF92	Mm:Q9D3J3;Rn:D3Z9I2	-
Q9HCK0	O95716	57684	9545	ZBTB26	RAB3D	chromatin immunoprecipitation assay	27924024	Homo sapiens	GTRD	No	Mm:Q6P9Q3;Rn:D3ZG35	Dr:A2BF92	Dr:F6NMA7;Mm:P35276;Rn:Q63942	Dr:Q6DI07
Q9HCK0	Q9GZT3	57684	81892	ZBTB26	SLIRP	chromatin immunoprecipitation assay	27924024	Homo sapiens	GTRD	No	Mm:Q6P9Q3;Rn:D3ZG35	Dr:A2BF92	-	-
Q9HCK0	O75880	57684	6341	ZBTB26	SCO1	chromatin immunoprecipitation assay	27924024	Homo sapiens	GTRD	No	Mm:Q6P9Q3;Rn:D3ZG35	Dr:A2BF92	Ce:Q17557;Dm:Q9VMX4;Dr:E7FD19;Mm:Q5SUC9;Rn:G3V985	-
Q9HCK0	P98196	57684	23250	ZBTB26	ATP11A	chromatin immunoprecipitation assay	27924024	Homo sapiens	GTRD	No	Mm:Q6P9Q3;Rn:D3ZG35	Dr:A2BF92	Mm:P98197;Rn:D4A7K5	Dr:B7ZDE2
Q9HCK0	P32418	57684	6546	ZBTB26	SLC8A1	chromatin immunoprecipitation assay	27924024	Homo sapiens	GTRD	No	Mm:Q6P9Q3;Rn:D3ZG35	Dr:A2BF92	Rn:Q01728	Dr:B2CZC2;Mm:G5E8Y0
Q9HCK0	Q8WY64	57684	29116	ZBTB26	MYLIP	chromatin immunoprecipitation assay	27924024	Homo sapiens	GTRD	No	Mm:Q6P9Q3;Rn:D3ZG35	Dr:A2BF92	Dm:A0A0B4KFY0;Dr:Q6TEM9;Mm:Q8BM54;Rn:D3ZDI6	-
Q9HCK0	Q15937	57684	7633	ZBTB26	ZNF79	chromatin immunoprecipitation assay	27924024	Homo sapiens	GTRD	No	Mm:Q6P9Q3;Rn:D3ZG35	Dr:A2BF92	-	-
Q9HCK0	Q9UHK0	57684	26747	ZBTB26	NUFIP1	chromatin immunoprecipitation assay	27924024	Homo sapiens	GTRD	No	Mm:Q6P9Q3;Rn:D3ZG35	Dr:A2BF92	Mm:Q9QXX8;Rn:Q641W3	-
Q9HCK0	O43278	57684	6692	ZBTB26	SPINT1	chromatin immunoprecipitation assay	27924024	Homo sapiens	GTRD	No	Mm:Q6P9Q3;Rn:D3ZG35	Dr:A2BF92	Mm:Q9R097;Rn:Q4V8Q2	-
Q9HCK0	O14798	57684	8794	ZBTB26	TNFRSF10C	chromatin immunoprecipitation assay	27924024	Homo sapiens	GTRD	No	Mm:Q6P9Q3;Rn:D3ZG35	Dr:A2BF92	-	-
Q9HCK0	Q9BZE9	57684	79058	ZBTB26	ASPSCR1	chromatin immunoprecipitation assay	27924024	Homo sapiens	GTRD	No	Mm:Q6P9Q3;Rn:D3ZG35	Dr:A2BF92	Dm:Q6NL44;Mm:Q8VBT9;Rn:F1LR71	Ce:Q17425
Q9HCK0	Q03518	57684	6890	ZBTB26	TAP1	chromatin immunoprecipitation assay	27924024	Homo sapiens	GTRD	No	Mm:Q6P9Q3;Rn:D3ZG35	Dr:A2BF92	Dr:E7F8A9;Mm:P21958;Rn:P97949	-
Q9HCK0	Q8WUD4	57684	151903	ZBTB26	CCDC12	chromatin immunoprecipitation assay	27924024	Homo sapiens	GTRD	No	Mm:Q6P9Q3;Rn:D3ZG35	Dr:A2BF92	-	-
Q9HCK0	Q9H6Z9	57684	112399	ZBTB26	EGLN3	chromatin immunoprecipitation assay	27924024	Homo sapiens	GTRD	No	Mm:Q6P9Q3;Rn:D3ZG35	Dr:A2BF92	Dr:F8W5S7;Mm:A0A0R4J0H9;Rn:G3V6N9	Dm:Q9VN98
Q9HCK0	P49916	57684	3980	ZBTB26	LIG3	chromatin immunoprecipitation assay	27924024	Homo sapiens	GTRD	No	Mm:Q6P9Q3;Rn:D3ZG35	Dr:A2BF92	Mm:Q80ZH7;Rn:A0A096MKE9	-
Q9HCK0	Q53H12	57684	55750	ZBTB26	AGK	chromatin immunoprecipitation assay	27924024	Homo sapiens	GTRD	No	Mm:Q6P9Q3;Rn:D3ZG35	Dr:A2BF92	Dm:Q9VL10;Dr:Q7ZW00;Mm:Q9ESW4;Rn:D3Z9L0	-
Q9HCK0	Q7L3S4	57684	51333	ZBTB26	ZNF771	chromatin immunoprecipitation assay	27924024	Homo sapiens	GTRD	No	Mm:Q6P9Q3;Rn:D3ZG35	Dr:A2BF92	Mm:Q8BJ90;Rn:F1M1R7	-
Q9HCK0	V9GYD0	57684	-	ZBTB26	ARL2-SNX15	chromatin immunoprecipitation assay	27924024	Homo sapiens	GTRD	No	Mm:Q6P9Q3;Rn:D3ZG35	Dr:A2BF92	Mm:Q9D0J4	-
Q9HCK0	Q8NDZ6	57684	153396	ZBTB26	TMEM161B	chromatin immunoprecipitation assay	27924024	Homo sapiens	GTRD	No	Mm:Q6P9Q3;Rn:D3ZG35	Dr:A2BF92	Dm:Q9VTF5;Mm:Q8C2L6;Rn:F1LX74	Dr:Q7SY10
Q9HCK0	Q6WCQ1	57684	23164	ZBTB26	MPRIP	chromatin immunoprecipitation assay	27924024	Homo sapiens	GTRD	No	Mm:Q6P9Q3;Rn:D3ZG35	Dr:A2BF92	-	-
Q9HCK0	O00482	57684	2494	ZBTB26	NR5A2	chromatin immunoprecipitation assay	27924024	Homo sapiens	GTRD	No	Mm:Q6P9Q3;Rn:D3ZG35	Dr:A2BF92	Rn:Q9QWM1	Mm:A0A0A6YY04
Q9HCK0	Q17R31	57684	128387	ZBTB26	TATDN3	chromatin immunoprecipitation assay	27924024	Homo sapiens	GTRD	No	Mm:Q6P9Q3;Rn:D3ZG35	Dr:A2BF92	Ce:P90989;Dr:F1QWD1	Mm:E9QL22;Rn:M0R5U3
Q9HCK0	Q15836	57684	9341	ZBTB26	VAMP3	chromatin immunoprecipitation assay	27924024	Homo sapiens	GTRD	No	Mm:Q6P9Q3;Rn:D3ZG35	Dr:A2BF92	Mm:P63024;Rn:P63025	Dr:Q7SZZ5;Dr:A0A0R4IJN3
Q9HCK0	Q96LT4	57684	142891	ZBTB26	SAMD8	chromatin immunoprecipitation assay	27924024	Homo sapiens	GTRD	No	Mm:Q6P9Q3;Rn:D3ZG35	Dr:A2BF92	-	-
Q9HCK0	A6NJV1	57684	339778	ZBTB26	FAM166C	chromatin immunoprecipitation assay	27924024	Homo sapiens	GTRD	No	Mm:Q6P9Q3;Rn:D3ZG35	Dr:A2BF92	Dr:E7FGC3;Mm:Q9DAS2;Rn:D3ZW52	-
Q9HCK0	Q14696	57684	23184	ZBTB26	MESD	chromatin immunoprecipitation assay	27924024	Homo sapiens	GTRD	No	Mm:Q6P9Q3;Rn:D3ZG35	Dr:A2BF92	Ce:Q8IG33;Mm:Q9ERE7;Rn:Q5U2R7	Dr:A1L243
Q9HCK0	Q9NZ42	57684	55851	ZBTB26	PSENEN	chromatin immunoprecipitation assay	27924024	Homo sapiens	GTRD	No	Mm:Q6P9Q3;Rn:D3ZG35	Dr:A2BF92	Ce:Q9U357;Dm:Q86BE9;Dr:Q8JHF0;Mm:Q9CQR7;Rn:Q6QI68	-
Q9HCK0	P49815	57684	7249	ZBTB26	TSC2	chromatin immunoprecipitation assay	27924024	Homo sapiens	GTRD	No	Mm:Q6P9Q3;Rn:D3ZG35	Dr:A2BF92	Mm:Q7TT21;Rn:A0A0G2JSL4	Dm:M9PD17
Q9HCK0	Q8N653	57684	8216	ZBTB26	LZTR1	chromatin immunoprecipitation assay	27924024	Homo sapiens	GTRD	No	Mm:Q6P9Q3;Rn:D3ZG35	Dr:A2BF92	Dm:Q9V410;Mm:Q9CQ33;Rn:B5DFI4	Dr:F1R533
Q9HCK0	O00258	57684	7485	ZBTB26	GET1	chromatin immunoprecipitation assay	27924024	Homo sapiens	GTRD	No	Mm:Q6P9Q3;Rn:D3ZG35	Dr:A2BF92	-	-
Q9HCK0	Q53GQ0	57684	51144	ZBTB26	HSD17B12	chromatin immunoprecipitation assay	27924024	Homo sapiens	GTRD	No	Mm:Q6P9Q3;Rn:D3ZG35	Dr:A2BF92	Dm:Q9W3N1;Dr:Q6P3L6;Dr:Q6QA33;Mm:O70503;Rn:Q6P7R8	-
Q9HCK0	Q9H1H9	57684	63971	ZBTB26	KIF13A	chromatin immunoprecipitation assay	27924024	Homo sapiens	GTRD	No	Mm:Q6P9Q3;Rn:D3ZG35	Dr:A2BF92	Mm:F8VQ75;Rn:D3ZM20	Dm:A1ZA18;Dr:E7F985
Q9HCK0	Q92968	57684	5194	ZBTB26	PEX13	chromatin immunoprecipitation assay	27924024	Homo sapiens	GTRD	No	Mm:Q6P9Q3;Rn:D3ZG35	Dr:A2BF92	Ce:Q19951;Dm:Q7JRD4;Dr:Q6PFQ3;Mm:Q9D0K1;Rn:D4A2Y9;Sc:P80667	-
Q9HCK0	Q8N2C3	57684	120863	ZBTB26	DEPDC4	chromatin immunoprecipitation assay	27924024	Homo sapiens	GTRD	No	Mm:Q6P9Q3;Rn:D3ZG35	Dr:A2BF92	-	-
Q9HCK0	A6NHS7	57684	100287284	ZBTB26	MANSC4	chromatin immunoprecipitation assay	27924024	Homo sapiens	GTRD	No	Mm:Q6P9Q3;Rn:D3ZG35	Dr:A2BF92	Mm:Q3UU94	Rn:D4ADQ5
Q9HCK0	Q96DP5	57684	123263	ZBTB26	MTFMT	chromatin immunoprecipitation assay	27924024	Homo sapiens	GTRD	No	Mm:Q6P9Q3;Rn:D3ZG35	Dr:A2BF92	Dm:Q9V9Z0;Mm:Q9D799;Rn:Q5I0C5	Dr:F1QJ58
Q9HCK0	Q9BQA9	57684	79415	ZBTB26	CYBC1	chromatin immunoprecipitation assay	27924024	Homo sapiens	GTRD	No	Mm:Q6P9Q3;Rn:D3ZG35	Dr:A2BF92	Dr:Q6DGA7;Mm:Q3TYS2;Rn:Q6AYA6	-
Q9HCK0	Q9P2S2	57684	9379	ZBTB26	NRXN2	chromatin immunoprecipitation assay	27924024	Homo sapiens	GTRD	No	Mm:Q6P9Q3;Rn:D3ZG35	Dr:A2BF92	Mm:E9Q7X7	Dr:B7ZD56;Rn:D3ZAD6
Q9HCK0	Q9NX18	57684	54949	ZBTB26	SDHAF2	chromatin immunoprecipitation assay	27924024	Homo sapiens	GTRD	No	Mm:Q6P9Q3;Rn:D3ZG35	Dr:A2BF92	-	-
Q9HCK0	Q9NRP2	57684	56942	ZBTB26	CMC2	chromatin immunoprecipitation assay	27924024	Homo sapiens	GTRD	No	Mm:Q6P9Q3;Rn:D3ZG35	Dr:A2BF92	Dm:B7Z0J4;Dr:Q6DHJ6;Mm:Q8K199	Rn:D4A471
Q9HCK0	P05141	57684	292	ZBTB26	SLC25A5	chromatin immunoprecipitation assay	27924024	Homo sapiens	GTRD	No	Mm:Q6P9Q3;Rn:D3ZG35	Dr:A2BF92	Ce:O45865;Dr:Q8JHI0;Mm:P51881;Rn:Q09073	-
Q9HCK0	Q8WW62	57684	146456	ZBTB26	TMED6	chromatin immunoprecipitation assay	27924024	Homo sapiens	GTRD	No	Mm:Q6P9Q3;Rn:D3ZG35	Dr:A2BF92	Dm:Q9VRU2	Dr:E7F154
Q9HCK0	Q9H2K2	57684	80351	ZBTB26	TNKS2	chromatin immunoprecipitation assay	27924024	Homo sapiens	GTRD	No	Mm:Q6P9Q3;Rn:D3ZG35	Dr:A2BF92	Mm:Q3UES3	Rn:D3ZRP5
Q9HCK0	Q15120	57684	5165	ZBTB26	PDK3	chromatin immunoprecipitation assay	27924024	Homo sapiens	GTRD	No	Mm:Q6P9Q3;Rn:D3ZG35	Dr:A2BF92	Dm:P91622;Mm:Q922H2;Rn:B5DFI9	Dr:A0A0R4IR80;Dr:E9QGW0
Q9HCK0	O15121	57684	8560	ZBTB26	DEGS1	chromatin immunoprecipitation assay	27924024	Homo sapiens	GTRD	No	Mm:Q6P9Q3;Rn:D3ZG35	Dr:A2BF92	Dm:Q94515;Dr:B8A4A2;Mm:O09005;Rn:Q5XIF5	-
Q9HCK0	Q96QU8	57684	23214	ZBTB26	XPO6	chromatin immunoprecipitation assay	27924024	Homo sapiens	GTRD	No	Mm:Q6P9Q3;Rn:D3ZG35	Dr:A2BF92	Dm:X2J9Y4;Dr:E9QHL9;Mm:Q924Z6;Rn:G3V858	-
Q9HCK0	P25100	57684	146	ZBTB26	ADRA1D	chromatin immunoprecipitation assay	27924024	Homo sapiens	GTRD	No	Mm:Q6P9Q3;Rn:D3ZG35	Dr:A2BF92	Mm:A2ANQ2;Rn:G3V8W0	-
Q9HCK0	Q9P0P8	57684	51250	ZBTB26	MTRES1	chromatin immunoprecipitation assay	27924024	Homo sapiens	GTRD	No	Mm:Q6P9Q3;Rn:D3ZG35	Dr:A2BF92	Mm:Q9CQF4;Rn:M0R7R2	-
Q9HCK0	Q7Z309	57684	159090	ZBTB26	FAM122B	chromatin immunoprecipitation assay	27924024	Homo sapiens	GTRD	No	Mm:Q6P9Q3;Rn:D3ZG35	Dr:A2BF92	-	-
Q9HCK0	Q6P3X8	57684	267002	ZBTB26	PGBD2	chromatin immunoprecipitation assay	27924024	Homo sapiens	GTRD	No	Mm:Q6P9Q3;Rn:D3ZG35	Dr:A2BF92	-	-
Q9HCK0	O94888	57684	26043	ZBTB26	UBXN7	chromatin immunoprecipitation assay	27924024	Homo sapiens	GTRD	No	Mm:Q6P9Q3;Rn:D3ZG35	Dr:A2BF92	Dm:Q7K4I5;Mm:G5E8R8;Rn:M0R9B9	Dr:F6NPG5;Rn:A0A0G2K3V1
Q9HCK0	Q96IQ9	57684	84330	ZBTB26	ZNF414	chromatin immunoprecipitation assay	27924024	Homo sapiens	GTRD	No	Mm:Q6P9Q3;Rn:D3ZG35	Dr:A2BF92	Dr:B0S8G9;Mm:Q9DCK4;Rn:Q5PPH4	-
Q9HCK0	Q5VTR2	57684	56254	ZBTB26	RNF20	chromatin immunoprecipitation assay	27924024	Homo sapiens	GTRD	No	Mm:Q6P9Q3;Rn:D3ZG35	Dr:A2BF92	Dr:F1R926;Mm:Q5DTM8;Rn:D3ZYQ9	-
Q9HCK0	V9GY34	57684	-	ZBTB26	-	chromatin immunoprecipitation assay	27924024	Homo sapiens	GTRD	No	Mm:Q6P9Q3;Rn:D3ZG35	Dr:A2BF92	-	-
Q9HCK0	Q9BUV0	57684	57035	ZBTB26	RSRP1	chromatin immunoprecipitation assay	27924024	Homo sapiens	GTRD	No	Mm:Q6P9Q3;Rn:D3ZG35	Dr:A2BF92	Dr:B8A501;Mm:Q3UC65;Rn:Q5U2S0	-
Q9HCK0	Q9BU61	57684	25915	ZBTB26	NDUFAF3	chromatin immunoprecipitation assay	27924024	Homo sapiens	GTRD	No	Mm:Q6P9Q3;Rn:D3ZG35	Dr:A2BF92	Dm:Q9W1H9;Mm:Q9JKL4;Rn:O08776	-
Q9HCK0	Q8N328	57684	267004	ZBTB26	PGBD3	chromatin immunoprecipitation assay	27924024	Homo sapiens	GTRD	No	Mm:Q6P9Q3;Rn:D3ZG35	Dr:A2BF92	-	-
Q9HCK0	Q9H1K1	57684	23479	ZBTB26	ISCU	chromatin immunoprecipitation assay	27924024	Homo sapiens	GTRD	No	Mm:Q6P9Q3;Rn:D3ZG35	Dr:A2BF92	Ce:O45948;Dm:Q9VHK6;Dr:Q6ZM53;Dr:F1QM53;Mm:Q9D7P6;Rn:B2RZ79;Sc:Q12056;Sc:Q03020	-
Q9HCK0	P54709	57684	483	ZBTB26	ATP1B3	chromatin immunoprecipitation assay	27924024	Homo sapiens	GTRD	No	Mm:Q6P9Q3;Rn:D3ZG35	Dr:A2BF92	Dr:Q9DGI4;Dr:Q8QHI1;Mm:P97370	Rn:Q63377
Q9HCK0	Q13614	57684	8898	ZBTB26	MTMR2	chromatin immunoprecipitation assay	27924024	Homo sapiens	GTRD	No	Mm:Q6P9Q3;Rn:D3ZG35	Dr:A2BF92	Dm:Q9VMI9;Dr:A0JMK5;Mm:Q9Z2D1;Rn:D3ZA31	-
Q9HCK0	Q0VDD7	57684	79173	ZBTB26	C19orf57	chromatin immunoprecipitation assay	27924024	Homo sapiens	GTRD	No	Mm:Q6P9Q3;Rn:D3ZG35	Dr:A2BF92	Rn:F1M7E8	Mm:Q6DIA7
Q9HCK0	Q92990	57684	11146	ZBTB26	GLMN	chromatin immunoprecipitation assay	27924024	Homo sapiens	GTRD	No	Mm:Q6P9Q3;Rn:D3ZG35	Dr:A2BF92	Dm:Q7JRC9;Dr:B0UYH7;Mm:Q8BZM1;Rn:D3ZKQ3	-
Q9HCK0	Q7Z6B7	57684	57522	ZBTB26	SRGAP1	chromatin immunoprecipitation assay	27924024	Homo sapiens	GTRD	No	Mm:Q6P9Q3;Rn:D3ZG35	Dr:A2BF92	Dr:F1Q4Y5;Rn:F1M287	Mm:D3YZW1
Q9HCK0	Q14494	57684	4779	ZBTB26	NFE2L1	chromatin immunoprecipitation assay	27924024	Homo sapiens	GTRD	No	Mm:Q6P9Q3;Rn:D3ZG35	Dr:A2BF92	Dr:U3JAR7;Mm:Q61985;Rn:D4A349	-
Q9HCK0	O14495	57684	8613	ZBTB26	PLPP3	chromatin immunoprecipitation assay	27924024	Homo sapiens	GTRD	No	Mm:Q6P9Q3;Rn:D3ZG35	Dr:A2BF92	Ce:Q10022	-
Q9HCK0	Q9NX40	57684	54940	ZBTB26	OCIAD1	chromatin immunoprecipitation assay	27924024	Homo sapiens	GTRD	No	Mm:Q6P9Q3;Rn:D3ZG35	Dr:A2BF92	Dm:Q9W1X9;Dr:Q6NYD7;Mm:Q9CRD0;Rn:Q5XIG4	-
Q9HCK0	Q5T2N8	57684	219293	ZBTB26	ATAD3C	chromatin immunoprecipitation assay	27924024	Homo sapiens	GTRD	No	Mm:Q6P9Q3;Rn:D3ZG35	Dr:A2BF92	-	-
Q9HCK0	Q7L4E1	57684	84895	ZBTB26	MIGA2	chromatin immunoprecipitation assay	27924024	Homo sapiens	GTRD	No	Mm:Q6P9Q3;Rn:D3ZG35	Dr:A2BF92	Dm:Q9W3F7;Mm:Q8BK03;Rn:A0A0G2KAE6	-
Q9HCK0	Q99966	57684	4435	ZBTB26	CITED1	chromatin immunoprecipitation assay	27924024	Homo sapiens	GTRD	No	Mm:Q6P9Q3;Rn:D3ZG35	Dr:A2BF92	-	-
Q9HCK0	Q9Y251	57684	10855	ZBTB26	HPSE	chromatin immunoprecipitation assay	27924024	Homo sapiens	GTRD	No	Mm:Q6P9Q3;Rn:D3ZG35	Dr:A2BF92	Dr:Q1LVP9;Mm:Q6YGZ1	Rn:F1M581
Q9HCK0	Q86WK6	57684	57463	ZBTB26	AMIGO1	chromatin immunoprecipitation assay	27924024	Homo sapiens	GTRD	No	Mm:Q6P9Q3;Rn:D3ZG35	Dr:A2BF92	Dr:A8BAW4;Mm:Q80ZD8;Rn:Q80ZD7	-
Q9HCK0	Q8WTS6	57684	80854	ZBTB26	SETD7	chromatin immunoprecipitation assay	27924024	Homo sapiens	GTRD	No	Mm:Q6P9Q3;Rn:D3ZG35	Dr:A2BF92	Dr:F1QXL2;Mm:Q8VHL1;Rn:D4ADE5	-
Q9HCK0	Q8IXW5	57684	79871	ZBTB26	RPAP2	chromatin immunoprecipitation assay	27924024	Homo sapiens	GTRD	No	Mm:Q6P9Q3;Rn:D3ZG35	Dr:A2BF92	Dr:B0UYH6;Mm:Q8VC34;Rn:Q5I0E6	-
Q9HCK0	Q92766	57684	6239	ZBTB26	RREB1	chromatin immunoprecipitation assay	27924024	Homo sapiens	GTRD	No	Mm:Q6P9Q3;Rn:D3ZG35	Dr:A2BF92	Dm:Q9W4J1;Dr:F1R609;Mm:Q3UH06;Rn:A0A0G2K4K0	-
Q9HCK0	O75129	57684	23245	ZBTB26	ASTN2	chromatin immunoprecipitation assay	27924024	Homo sapiens	GTRD	No	Mm:Q6P9Q3;Rn:D3ZG35	Dr:A2BF92	Mm:Q80Z10	Rn:A0A0G2JYU3
Q9HCK0	P41273	57684	8744	ZBTB26	TNFSF9	chromatin immunoprecipitation assay	27924024	Homo sapiens	GTRD	No	Mm:Q6P9Q3;Rn:D3ZG35	Dr:A2BF92	Mm:P41274;Rn:Q80WE6	-
Q9HCK0	Q9H6L5	57684	54463	ZBTB26	RETREG1	chromatin immunoprecipitation assay	27924024	Homo sapiens	GTRD	No	Mm:Q6P9Q3;Rn:D3ZG35	Dr:A2BF92	Mm:Q8VE91;Rn:Q5FVM3	Dr:E7F444;Rn:A0A0G2JUQ3
Q9HCK0	O15534	57684	5187	ZBTB26	PER1	chromatin immunoprecipitation assay	27924024	Homo sapiens	GTRD	No	Mm:Q6P9Q3;Rn:D3ZG35	Dr:A2BF92	Dr:A0A0R4ICG0;Dr:B3DK47;Mm:O35973;Rn:A0A0H2UHZ7	-
Q9HCK0	Q9UPM6	57684	26468	ZBTB26	LHX6	chromatin immunoprecipitation assay	27924024	Homo sapiens	GTRD	No	Mm:Q6P9Q3;Rn:D3ZG35	Dr:A2BF92	Dr:Q6BDC4;Mm:Q9R1R0;Rn:D3ZDG6	-
Q9HCK0	P63252	57684	3759	ZBTB26	KCNJ2	chromatin immunoprecipitation assay	27924024	Homo sapiens	GTRD	No	Mm:Q6P9Q3;Rn:D3ZG35	Dr:A2BF92	Mm:P35561;Rn:Q64273	Dr:E7FGH1
Q9HCK0	Q96IT1	57684	84838	ZBTB26	ZNF496	chromatin immunoprecipitation assay	27924024	Homo sapiens	GTRD	No	Mm:Q6P9Q3;Rn:D3ZG35	Dr:A2BF92	Mm:Q5SXI5;Rn:F1LVS9	-
Q9HCK0	Q9HAB3	57684	79581	ZBTB26	SLC52A2	chromatin immunoprecipitation assay	27924024	Homo sapiens	GTRD	No	Mm:Q6P9Q3;Rn:D3ZG35	Dr:A2BF92	Dr:F1QAE4;Mm:Q9D8F3;Rn:B5MEV3	-
Q9HCK0	P00374	57684	1719	ZBTB26	DHFR	chromatin immunoprecipitation assay	27924024	Homo sapiens	GTRD	No	Mm:Q6P9Q3;Rn:D3ZG35	Dr:A2BF92	Sc:P07807	-
Q9HCK0	Q14393	57684	2621	ZBTB26	GAS6	chromatin immunoprecipitation assay	27924024	Homo sapiens	GTRD	No	Mm:Q6P9Q3;Rn:D3ZG35	Dr:A2BF92	Dr:F1QGG9;Mm:Q61592;Rn:Q63772	-
Q9HCK0	F8W1U5	57684	-	ZBTB26	-	chromatin immunoprecipitation assay	27924024	Homo sapiens	GTRD	No	Mm:Q6P9Q3;Rn:D3ZG35	Dr:A2BF92	-	-
Q9HCK0	Q495A1	57684	201633	ZBTB26	TIGIT	chromatin immunoprecipitation assay	27924024	Homo sapiens	GTRD	No	Mm:Q6P9Q3;Rn:D3ZG35	Dr:A2BF92	Mm:A0A0B4J1G6	-
Q9HCK0	Q8TDR2	57684	140901	ZBTB26	STK35	chromatin immunoprecipitation assay	27924024	Homo sapiens	GTRD	No	Mm:Q6P9Q3;Rn:D3ZG35	Dr:A2BF92	Dr:F1QQ86;Dr:Q5PRB1;Mm:Q80ZW0	Rn:D3ZKU3
Q9HCK0	Q8TD23	57684	171392	ZBTB26	ZNF675	chromatin immunoprecipitation assay	27924024	Homo sapiens	GTRD	No	Mm:Q6P9Q3;Rn:D3ZG35	Dr:A2BF92	-	-
Q9HCK0	Q9UHI7	57684	9963	ZBTB26	SLC23A1	chromatin immunoprecipitation assay	27924024	Homo sapiens	GTRD	No	Mm:Q6P9Q3;Rn:D3ZG35	Dr:A2BF92	-	-
Q9HCK0	Q6P1X6	57684	414919	ZBTB26	C8orf82	chromatin immunoprecipitation assay	27924024	Homo sapiens	GTRD	No	Mm:Q6P9Q3;Rn:D3ZG35	Dr:A2BF92	Dm:Q8MKL1;Dr:B8JMG6;Mm:Q8VE95;Rn:Q642A4	-
Q9HCK0	P61970	57684	10204	ZBTB26	NUTF2	chromatin immunoprecipitation assay	27924024	Homo sapiens	GTRD	No	Mm:Q6P9Q3;Rn:D3ZG35	Dr:A2BF92	Ce:Q21735;Dm:Q9VJ85;Dr:Q1LUT0;Mm:P61971;Rn:P61972;Sc:P33331	Dm:A8JUT4
Q9HCK0	Q92665	57684	10240	ZBTB26	MRPS31	chromatin immunoprecipitation assay	27924024	Homo sapiens	GTRD	No	Mm:Q6P9Q3;Rn:D3ZG35	Dr:A2BF92	Dr:A2BEP0;Mm:Q61733;Rn:B0BN56	-
Q9HCK0	P51571	57684	6748	ZBTB26	SSR4	chromatin immunoprecipitation assay	27924024	Homo sapiens	GTRD	No	Mm:Q6P9Q3;Rn:D3ZG35	Dr:A2BF92	Ce:Q9U238;Dm:Q7KLX3;Dr:F1QXF8;Rn:Q07984	Mm:Q9D8L3
Q9HCK0	P09493	57684	7168	ZBTB26	TPM1	chromatin immunoprecipitation assay	27924024	Homo sapiens	GTRD	No	Mm:Q6P9Q3;Rn:D3ZG35	Dr:A2BF92	-	-
Q9HCK0	Q2T9K0	57684	93109	ZBTB26	TMEM44	chromatin immunoprecipitation assay	27924024	Homo sapiens	GTRD	No	Mm:Q6P9Q3;Rn:D3ZG35	Dr:A2BF92	Dr:F6P1P1;Mm:E9Q4M0;Rn:D4ADT4	-
Q9HCK0	Q9HD42	57684	5119	ZBTB26	CHMP1A	chromatin immunoprecipitation assay	27924024	Homo sapiens	GTRD	No	Mm:Q6P9Q3;Rn:D3ZG35	Dr:A2BF92	Mm:Q921W0;Rn:D4AE79	Dr:A0A0R4IC92
Q9HCK0	Q5BKZ1	57684	284695	ZBTB26	ZNF326	chromatin immunoprecipitation assay	27924024	Homo sapiens	GTRD	No	Mm:Q6P9Q3;Rn:D3ZG35	Dr:A2BF92	Mm:A0A0R4J098;Rn:A0A0G2K9Y9	Dr:A2CEZ5
Q9HCK0	Q8WZ74	57684	83992	ZBTB26	CTTNBP2	chromatin immunoprecipitation assay	27924024	Homo sapiens	GTRD	No	Mm:Q6P9Q3;Rn:D3ZG35	Dr:A2BF92	Mm:B9EJA2;Rn:Q2IBD4	Dr:F1QFV1
Q9HCK0	Q6ZNR0	57684	641649	ZBTB26	TMEM91	chromatin immunoprecipitation assay	27924024	Homo sapiens	GTRD	No	Mm:Q6P9Q3;Rn:D3ZG35	Dr:A2BF92	Mm:Q8C581	Rn:D4A8D1
Q9HCK0	P63151	57684	5520	ZBTB26	PPP2R2A	chromatin immunoprecipitation assay	27924024	Homo sapiens	GTRD	No	Mm:Q6P9Q3;Rn:D3ZG35	Dr:A2BF92	Dr:A2BG80;Mm:Q6P1F6;Rn:P36876	-
Q9HCK0	P0C7U1	57684	653308	ZBTB26	ASAH2B	chromatin immunoprecipitation assay	27924024	Homo sapiens	GTRD	No	Mm:Q6P9Q3;Rn:D3ZG35	Dr:A2BF92	-	-
Q9HCK0	Q6Q0C0	57684	84231	ZBTB26	TRAF7	chromatin immunoprecipitation assay	27924024	Homo sapiens	GTRD	No	Mm:Q6P9Q3;Rn:D3ZG35	Dr:A2BF92	Dr:A1L1U9;Mm:F8WJF7;Rn:B1WBW7	-
Q9HCK0	Q03013	57684	2948	ZBTB26	GSTM4	chromatin immunoprecipitation assay	27924024	Homo sapiens	GTRD	No	Mm:Q6P9Q3;Rn:D3ZG35	Dr:A2BF92	Mm:Q8R5I6;Rn:Q5BK56	-
Q9HCK0	P53367	57684	27236	ZBTB26	ARFIP1	chromatin immunoprecipitation assay	27924024	Homo sapiens	GTRD	No	Mm:Q6P9Q3;Rn:D3ZG35	Dr:A2BF92	Ce:P34445;Mm:G5E8V9;Mm:E9QAY5	Rn:A0A0G2JYA2
Q9HCK0	Q12887	57684	1352	ZBTB26	COX10	chromatin immunoprecipitation assay	27924024	Homo sapiens	GTRD	No	Mm:Q6P9Q3;Rn:D3ZG35	Dr:A2BF92	Dm:Q9VKZ1;Dr:F1QL30;Mm:Q8CFY5;Rn:F1LVF4	-
Q9HCK0	Q9H1Z4	57684	64743	ZBTB26	WDR13	chromatin immunoprecipitation assay	27924024	Homo sapiens	GTRD	No	Mm:Q6P9Q3;Rn:D3ZG35	Dr:A2BF92	-	-
Q9HCK0	P49411	57684	7284	ZBTB26	TUFM	chromatin immunoprecipitation assay	27924024	Homo sapiens	GTRD	No	Mm:Q6P9Q3;Rn:D3ZG35	Dr:A2BF92	-	-
Q9HCK0	Q9Y664	57684	11133	ZBTB26	KPTN	chromatin immunoprecipitation assay	27924024	Homo sapiens	GTRD	No	Mm:Q6P9Q3;Rn:D3ZG35	Dr:A2BF92	Mm:G3X8R1;Rn:B2RYG4	-
Q9HCK0	O00469	57684	5352	ZBTB26	PLOD2	chromatin immunoprecipitation assay	27924024	Homo sapiens	GTRD	No	Mm:Q6P9Q3;Rn:D3ZG35	Dr:A2BF92	Dr:A4U7F9;Mm:Q9R0B9;Rn:D3ZQR7	-
Q9HCK0	Q15208	57684	11329	ZBTB26	STK38	chromatin immunoprecipitation assay	27924024	Homo sapiens	GTRD	No	Mm:Q6P9Q3;Rn:D3ZG35	Dr:A2BF92	Mm:Q91VJ4;Rn:G3V9Q4	Dr:Q803L5
Q9HCK0	Q6PJ61	57684	23403	ZBTB26	FBXO46	chromatin immunoprecipitation assay	27924024	Homo sapiens	GTRD	No	Mm:Q6P9Q3;Rn:D3ZG35	Dr:A2BF92	Dr:Q1L8N6;Mm:Q8BG80;Rn:Q4KLY2	-
Q9HCK0	Q9Y2D4	57684	23233	ZBTB26	EXOC6B	chromatin immunoprecipitation assay	27924024	Homo sapiens	GTRD	No	Mm:Q6P9Q3;Rn:D3ZG35	Dr:A2BF92	Mm:A6H5Z3;Rn:A0A0G2JYR1	Dr:A0A0R4ILM6
Q9HCK0	Q8TEA7	57684	93627	ZBTB26	TBCK	chromatin immunoprecipitation assay	27924024	Homo sapiens	GTRD	No	Mm:Q6P9Q3;Rn:D3ZG35	Dr:A2BF92	Dm:Q9W4F8;Mm:E9Q1W7;Rn:A0A0G2K9Q0	-
Q9HCK0	Q92564	57684	23142	ZBTB26	DCUN1D4	chromatin immunoprecipitation assay	27924024	Homo sapiens	GTRD	No	Mm:Q6P9Q3;Rn:D3ZG35	Dr:A2BF92	Mm:Q8CCA0;Rn:A0A0G2JUZ4	Dr:Q5RHX5
Q9HCK0	Q9HCT0	57684	27006	ZBTB26	FGF22	chromatin immunoprecipitation assay	27924024	Homo sapiens	GTRD	No	Mm:Q6P9Q3;Rn:D3ZG35	Dr:A2BF92	Mm:Q9ESS2;Rn:Q8VI79	Dr:Q1XG76
Q9HCK0	Q9BX73	57684	83877	ZBTB26	TM2D2	chromatin immunoprecipitation assay	27924024	Homo sapiens	GTRD	No	Mm:Q6P9Q3;Rn:D3ZG35	Dr:A2BF92	Mm:Q8R0I4;Rn:Q566R2	Ce:P61228;Dr:Q6DHN3
Q9HCK0	Q68CZ1	57684	23322	ZBTB26	RPGRIP1L	chromatin immunoprecipitation assay	27924024	Homo sapiens	GTRD	No	Mm:Q6P9Q3;Rn:D3ZG35	Dr:A2BF92	Dr:E7F4E7;Mm:Q8CG73;Rn:D3Z8G3	-
Q9HCK0	P29966	57684	4082	ZBTB26	MARCKS	chromatin immunoprecipitation assay	27924024	Homo sapiens	GTRD	No	Mm:Q6P9Q3;Rn:D3ZG35	Dr:A2BF92	Ce:Q9GZF7;Ce:Q9U3J8;Dr:F1Q7Q6;Mm:P26645;Rn:F1LMW7	-
Q9HCK0	P48047	57684	539	ZBTB26	ATP5PO	chromatin immunoprecipitation assay	27924024	Homo sapiens	GTRD	No	Mm:Q6P9Q3;Rn:D3ZG35	Dr:A2BF92	Ce:Q7JNG1;Dm:Q24439;Dr:Q6DRD1;Mm:Q9DB20;Rn:Q06647;Sc:P09457	-
Q9HCK0	Q7Z3B4	57684	53371	ZBTB26	NUP54	chromatin immunoprecipitation assay	27924024	Homo sapiens	GTRD	No	Mm:Q6P9Q3;Rn:D3ZG35	Dr:A2BF92	Dm:Q9V6B9;Mm:Q8BTS4;Rn:P70582	Ce:Q21295
Q9HCK0	P25311	57684	563	ZBTB26	AZGP1	chromatin immunoprecipitation assay	27924024	Homo sapiens	GTRD	No	Mm:Q6P9Q3;Rn:D3ZG35	Dr:A2BF92	Mm:Q64726;Rn:Q3B8R6	Dr:F1R6J5
Q9HCK0	O75665	57684	8481	ZBTB26	OFD1	chromatin immunoprecipitation assay	27924024	Homo sapiens	GTRD	No	Mm:Q6P9Q3;Rn:D3ZG35	Dr:A2BF92	Mm:A2AEG2;Rn:D3ZUD5	-
Q9HCK0	Q14191	57684	7486	ZBTB26	WRN	chromatin immunoprecipitation assay	27924024	Homo sapiens	GTRD	No	Mm:Q6P9Q3;Rn:D3ZG35	Dr:A2BF92	Mm:O09053;Rn:F1LTH9	Dr:A0A0R4IHR6
Q9HCK0	Q9BTE3	57684	79892	ZBTB26	MCMBP	chromatin immunoprecipitation assay	27924024	Homo sapiens	GTRD	No	Mm:Q6P9Q3;Rn:D3ZG35	Dr:A2BF92	Dm:Q9VM60;Mm:Q8R3C0;Rn:B1H268	-
Q9HCK0	P30530	57684	558	ZBTB26	AXL	chromatin immunoprecipitation assay	27924024	Homo sapiens	GTRD	No	Mm:Q6P9Q3;Rn:D3ZG35	Dr:A2BF92	Mm:Q00993;Rn:E9PSY0	-
Q9HCK0	Q5H9U9	57684	91351	ZBTB26	DDX60L	chromatin immunoprecipitation assay	27924024	Homo sapiens	GTRD	No	Mm:Q6P9Q3;Rn:D3ZG35	Dr:A2BF92	-	-
Q9HCK0	Q9BVT8	57684	83590	ZBTB26	TMUB1	chromatin immunoprecipitation assay	27924024	Homo sapiens	GTRD	No	Mm:Q6P9Q3;Rn:D3ZG35	Dr:A2BF92	-	-
Q9HCK0	Q8NHM5	57684	84678	ZBTB26	KDM2B	chromatin immunoprecipitation assay	27924024	Homo sapiens	GTRD	No	Mm:Q6P9Q3;Rn:D3ZG35	Dr:A2BF92	Dr:F6P9Q3;Mm:Q6P1G2	Rn:F1LLW9
Q9HCK0	Q96E16	57684	114926	ZBTB26	SMIM19	chromatin immunoprecipitation assay	27924024	Homo sapiens	GTRD	No	Mm:Q6P9Q3;Rn:D3ZG35	Dr:A2BF92	Dr:Q4V921;Rn:F1LVG4	Mm:E9PUT6
Q9HCK0	Q99439	57684	1265	ZBTB26	CNN2	chromatin immunoprecipitation assay	27924024	Homo sapiens	GTRD	No	Mm:Q6P9Q3;Rn:D3ZG35	Dr:A2BF92	-	-
Q9HCK0	Q9BW72	57684	192286	ZBTB26	HIGD2A	chromatin immunoprecipitation assay	27924024	Homo sapiens	GTRD	No	Mm:Q6P9Q3;Rn:D3ZG35	Dr:A2BF92	Mm:Q9CQJ1;Rn:B2GV65	Rn:D3ZU87
Q9HCK0	Q8N539	57684	84929	ZBTB26	FIBCD1	chromatin immunoprecipitation assay	27924024	Homo sapiens	GTRD	No	Mm:Q6P9Q3;Rn:D3ZG35	Dr:A2BF92	Mm:A2AV25	Dr:A5PMA3;Rn:D4ADA1
Q9HCK0	K7EQS6	57684	-	ZBTB26	-	chromatin immunoprecipitation assay	27924024	Homo sapiens	GTRD	No	Mm:Q6P9Q3;Rn:D3ZG35	Dr:A2BF92	-	-
Q9HCK0	O15231	57684	7739	ZBTB26	ZNF185	chromatin immunoprecipitation assay	27924024	Homo sapiens	GTRD	No	Mm:Q6P9Q3;Rn:D3ZG35	Dr:A2BF92	Mm:G5E8W8	Rn:A0A0G2JUQ6
Q9HCK0	Q9HDC5	57684	56704	ZBTB26	JPH1	chromatin immunoprecipitation assay	27924024	Homo sapiens	GTRD	No	Mm:Q6P9Q3;Rn:D3ZG35	Dr:A2BF92	Dr:Q1ECU7;Mm:Q9ET80;Rn:D3ZQ55	-
Q9HCK0	O75564	57684	8629	ZBTB26	JRK	chromatin immunoprecipitation assay	27924024	Homo sapiens	GTRD	No	Mm:Q6P9Q3;Rn:D3ZG35	Dr:A2BF92	Mm:Q60976;Rn:A7YY82	-
Q9HCK0	Q03426	57684	4598	ZBTB26	MVK	chromatin immunoprecipitation assay	27924024	Homo sapiens	GTRD	No	Mm:Q6P9Q3;Rn:D3ZG35	Dr:A2BF92	Ce:Q65XX9;Dm:Q7K2V9;Dr:A2BGN1;Mm:Q9R008;Rn:M0R5W4;Sc:P07277	-
Q9HCK0	Q9BSE2	57684	84283	ZBTB26	TMEM79	chromatin immunoprecipitation assay	27924024	Homo sapiens	GTRD	No	Mm:Q6P9Q3;Rn:D3ZG35	Dr:A2BF92	Mm:Q9D709;Rn:Q3T1H8	Dr:F6P2J8
Q9HCK0	Q9NZU0	57684	23767	ZBTB26	FLRT3	chromatin immunoprecipitation assay	27924024	Homo sapiens	GTRD	No	Mm:Q6P9Q3;Rn:D3ZG35	Dr:A2BF92	Dr:B8A507;Mm:Q8BGT1;Rn:A0A0H2UHD5	-
Q9HCK0	Q6ZNA4	57684	54778	ZBTB26	RNF111	chromatin immunoprecipitation assay	27924024	Homo sapiens	GTRD	No	Mm:Q6P9Q3;Rn:D3ZG35	Dr:A2BF92	Mm:Q99ML9;Rn:D4A9T1	Dr:R4L6W8
Q9HCK0	P09067	57684	3215	ZBTB26	HOXB5	chromatin immunoprecipitation assay	27924024	Homo sapiens	GTRD	No	Mm:Q6P9Q3;Rn:D3ZG35	Dr:A2BF92	Dr:P09014;Mm:P09079;Rn:D3ZMA1	-
Q9HCK0	Q9Y462	57684	7552	ZBTB26	ZNF711	chromatin immunoprecipitation assay	27924024	Homo sapiens	GTRD	No	Mm:Q6P9Q3;Rn:D3ZG35	Dr:A2BF92	Dr:F1QXD4;Mm:E9PUP8;Rn:D3ZHB2	-
Q9HCK0	Q8IXI1	57684	89941	ZBTB26	RHOT2	chromatin immunoprecipitation assay	27924024	Homo sapiens	GTRD	No	Mm:Q6P9Q3;Rn:D3ZG35	Dr:A2BF92	Dr:Q32LU1;Mm:H3BKJ1;Mm:Q8JZN7;Rn:Q7TSA0	-
Q9HCK0	Q86YL7	57684	10630	ZBTB26	PDPN	chromatin immunoprecipitation assay	27924024	Homo sapiens	GTRD	No	Mm:Q6P9Q3;Rn:D3ZG35	Dr:A2BF92	-	-
Q9HCK0	Q7Z419	57684	255488	ZBTB26	RNF144B	chromatin immunoprecipitation assay	27924024	Homo sapiens	GTRD	No	Mm:Q6P9Q3;Rn:D3ZG35	Dr:A2BF92	Dr:F1R2U0;Mm:Q8BKD6;Rn:D3ZFK0	-
Q9HCK0	O00267	57684	6829	ZBTB26	SUPT5H	chromatin immunoprecipitation assay	27924024	Homo sapiens	GTRD	No	Mm:Q6P9Q3;Rn:D3ZG35	Dr:A2BF92	Ce:Q21338;Dm:Q9V460;Dr:F1QD27;Mm:O55201;Rn:E9PTB2;Sc:P27692	-
Q9HCK0	Q00266	57684	4143	ZBTB26	MAT1A	chromatin immunoprecipitation assay	27924024	Homo sapiens	GTRD	No	Mm:Q6P9Q3;Rn:D3ZG35	Dr:A2BF92	Mm:Q91X83;Rn:A0A0G2K248	Dr:Q7ZW04
Q9HCK0	P20645	57684	4074	ZBTB26	M6PR	chromatin immunoprecipitation assay	27924024	Homo sapiens	GTRD	No	Mm:Q6P9Q3;Rn:D3ZG35	Dr:A2BF92	Dr:Q6P032;Mm:P24668	Rn:Q6AY20
Q9HCK0	Q8WV48	57684	203260	ZBTB26	CCDC107	chromatin immunoprecipitation assay	27924024	Homo sapiens	GTRD	No	Mm:Q6P9Q3;Rn:D3ZG35	Dr:A2BF92	Mm:Q9DCC3;Rn:D4A3Y2	-
Q9HCK0	Q9H1I8	57684	84164	ZBTB26	ASCC2	chromatin immunoprecipitation assay	27924024	Homo sapiens	GTRD	No	Mm:Q6P9Q3;Rn:D3ZG35	Dr:A2BF92	Dm:O76912;Mm:Q91WR3	Dr:A2CEX4;Rn:D3ZPJ9
Q9HCK0	Q15006	57684	9694	ZBTB26	EMC2	chromatin immunoprecipitation assay	27924024	Homo sapiens	GTRD	No	Mm:Q6P9Q3;Rn:D3ZG35	Dr:A2BF92	Ce:O76630;Dm:Q9VEQ2;Dm:Q9VEQ1;Dr:Q6TGY8;Mm:Q9CRD2;Rn:A0A0A0MXU4	-
Q9HCK0	Q9NR12	57684	9260	ZBTB26	PDLIM7	chromatin immunoprecipitation assay	27924024	Homo sapiens	GTRD	No	Mm:Q6P9Q3;Rn:D3ZG35	Dr:A2BF92	Mm:Q3TJD7;Rn:Q9Z1Z9	-
Q9HCK0	Q9Y2S7	57684	26073	ZBTB26	POLDIP2	chromatin immunoprecipitation assay	27924024	Homo sapiens	GTRD	No	Mm:Q6P9Q3;Rn:D3ZG35	Dr:A2BF92	Dr:Q6TGW1;Mm:Q91VA6;Rn:E9PT51	Ce:Q95PW5;Dm:Q9VNC0
Q9HCK0	A1L0T0	57684	10994	ZBTB26	ILVBL	chromatin immunoprecipitation assay	27924024	Homo sapiens	GTRD	No	Mm:Q6P9Q3;Rn:D3ZG35	Dr:A2BF92	Ce:O61856;Dr:Q6NV04;Mm:Q8BU33;Rn:D4ACG2	-
Q9HCK0	Q8N4S7	57684	124222	ZBTB26	PAQR4	chromatin immunoprecipitation assay	27924024	Homo sapiens	GTRD	No	Mm:Q6P9Q3;Rn:D3ZG35	Dr:A2BF92	Mm:Q9JJE4;Rn:Q568Z3	Dr:E7EYL0
Q9HCK0	Q8IVF7	57684	91010	ZBTB26	FMNL3	chromatin immunoprecipitation assay	27924024	Homo sapiens	GTRD	No	Mm:Q6P9Q3;Rn:D3ZG35	Dr:A2BF92	Mm:Q6ZPF4	Rn:A0A0G2JXC2
Q9HCK0	Q8WWW0	57684	83593	ZBTB26	RASSF5	chromatin immunoprecipitation assay	27924024	Homo sapiens	GTRD	No	Mm:Q6P9Q3;Rn:D3ZG35	Dr:A2BF92	-	-
Q9HCK0	Q6ZWT7	57684	129642	ZBTB26	MBOAT2	chromatin immunoprecipitation assay	27924024	Homo sapiens	GTRD	No	Mm:Q6P9Q3;Rn:D3ZG35	Dr:A2BF92	Dr:F6NQA9;Mm:Q8R3I2;Rn:Q3T1J2;Sc:Q08548	Dr:Q5TZ95
Q9HCK0	P54819	57684	204	ZBTB26	AK2	chromatin immunoprecipitation assay	27924024	Homo sapiens	GTRD	No	Mm:Q6P9Q3;Rn:D3ZG35	Dr:A2BF92	Ce:P34346;Dm:Q9U915;Mm:Q9WTP6;Rn:A0A0G2JSG6;Sc:P07170	Dr:A0A0F6PK88
Q9HCK0	Q9ULM2	57684	57474	ZBTB26	ZNF490	chromatin immunoprecipitation assay	27924024	Homo sapiens	GTRD	No	Mm:Q6P9Q3;Rn:D3ZG35	Dr:A2BF92	-	-
Q9HCK0	Q7L0Q8	57684	58480	ZBTB26	RHOU	chromatin immunoprecipitation assay	27924024	Homo sapiens	GTRD	No	Mm:Q6P9Q3;Rn:D3ZG35	Dr:A2BF92	Ce:Q19739;Dr:Q5U3T8;Mm:Q9EQT3;Rn:A0A0G2JW83	-
Q9HCK0	P55084	57684	3032	ZBTB26	HADHB	chromatin immunoprecipitation assay	27924024	Homo sapiens	GTRD	No	Mm:Q6P9Q3;Rn:D3ZG35	Dr:A2BF92	Ce:P34255;Dm:Q9W1H8;Mm:Q99JY0	Rn:A0A0G2K330
Q9HCK0	Q9BXF6	57684	26056	ZBTB26	RAB11FIP5	chromatin immunoprecipitation assay	27924024	Homo sapiens	GTRD	No	Mm:Q6P9Q3;Rn:D3ZG35	Dr:A2BF92	-	-
Q9HCK0	P51659	57684	3295	ZBTB26	HSD17B4	chromatin immunoprecipitation assay	27924024	Homo sapiens	GTRD	No	Mm:Q6P9Q3;Rn:D3ZG35	Dr:A2BF92	Dm:Q9VXJ0;Mm:P51660;Sc:Q02207	Dr:Q8AYH1;Rn:Q6IN39
Q9HCK0	Q6UUV7	57684	64784	ZBTB26	CRTC3	chromatin immunoprecipitation assay	27924024	Homo sapiens	GTRD	No	Mm:Q6P9Q3;Rn:D3ZG35	Dr:A2BF92	Mm:Q91X84;Rn:F1LVL6	-
Q9HCK0	Q9H900	57684	55055	ZBTB26	ZWILCH	chromatin immunoprecipitation assay	27924024	Homo sapiens	GTRD	No	Mm:Q6P9Q3;Rn:D3ZG35	Dr:A2BF92	Dr:A5WWB6;Mm:G3X9Z0;Rn:D3ZG58	-
Q9HCK0	Q9BTT6	57684	55227	ZBTB26	LRRC1	chromatin immunoprecipitation assay	27924024	Homo sapiens	GTRD	No	Mm:Q6P9Q3;Rn:D3ZG35	Dr:A2BF92	Mm:Q80VQ1;Rn:G3V6R4	Dr:A0A0G2L0N2
Q9HCK0	Q9NUC0	57684	56256	ZBTB26	SERTAD4	chromatin immunoprecipitation assay	27924024	Homo sapiens	GTRD	No	Mm:Q6P9Q3;Rn:D3ZG35	Dr:A2BF92	Mm:A7DTG3;Rn:A0A0G2K6W8	Dr:E9QHB8
Q9HCK0	O60499	57684	8677	ZBTB26	STX10	chromatin immunoprecipitation assay	27924024	Homo sapiens	GTRD	No	Mm:Q6P9Q3;Rn:D3ZG35	Dr:A2BF92	-	Dr:E7EXN4
Q9HCK0	Q9NQ11	57684	23400	ZBTB26	ATP13A2	chromatin immunoprecipitation assay	27924024	Homo sapiens	GTRD	No	Mm:Q6P9Q3;Rn:D3ZG35	Dr:A2BF92	Dr:F1QLT2;Mm:Q9CTG6;Rn:F1MAA4	-
Q9HCK0	Q9BU70	57684	51531	ZBTB26	TRMO	chromatin immunoprecipitation assay	27924024	Homo sapiens	GTRD	No	Mm:Q6P9Q3;Rn:D3ZG35	Dr:A2BF92	Dr:R4GEK9;Mm:Q562D6;Rn:Q4V7E0	-
Q9HCK0	Q6ZVT6	57684	200844	ZBTB26	CFAP20DC	chromatin immunoprecipitation assay	27924024	Homo sapiens	GTRD	No	Mm:Q6P9Q3;Rn:D3ZG35	Dr:A2BF92	-	-
Q9HCK0	Q15643	57684	9321	ZBTB26	TRIP11	chromatin immunoprecipitation assay	27924024	Homo sapiens	GTRD	No	Mm:Q6P9Q3;Rn:D3ZG35	Dr:A2BF92	Dr:F1REE8;Mm:E9Q512;Rn:D4ABD7	-
Q9HCK0	Q96PV6	57684	114823	ZBTB26	LENG8	chromatin immunoprecipitation assay	27924024	Homo sapiens	GTRD	No	Mm:Q6P9Q3;Rn:D3ZG35	Dr:A2BF92	Ce:H2KZ29;Dr:A4QNR8;Rn:D3ZX52	Mm:D3YWS8
Q9HCK0	O75362	57684	7764	ZBTB26	ZNF217	chromatin immunoprecipitation assay	27924024	Homo sapiens	GTRD	No	Mm:Q6P9Q3;Rn:D3ZG35	Dr:A2BF92	Dr:E7EZ61;Mm:Q3U0X6;Rn:D4AB75	-
Q9HCK0	O95936	57684	8320	ZBTB26	EOMES	chromatin immunoprecipitation assay	27924024	Homo sapiens	GTRD	No	Mm:Q6P9Q3;Rn:D3ZG35	Dr:A2BF92	Dr:Q98TU2;Mm:O54839;Rn:D3ZY52	-
Q9HCK0	Q8NEM2	57684	79801	ZBTB26	SHCBP1	chromatin immunoprecipitation assay	27924024	Homo sapiens	GTRD	No	Mm:Q6P9Q3;Rn:D3ZG35	Dr:A2BF92	Dm:Q9VIP0;Dr:A0A0R4IQE8;Mm:Q9Z179;Rn:A0A0G2K2J0	-
Q9HCK0	Q9UIJ7	57684	50808	ZBTB26	AK3	chromatin immunoprecipitation assay	27924024	Homo sapiens	GTRD	No	Mm:Q6P9Q3;Rn:D3ZG35	Dr:A2BF92	Ce:Q09629;Dr:F1R4S7;Mm:Q9WTP7;Rn:Q6P2A5	-
Q9HCK0	Q9Y4E5	57684	26036	ZBTB26	ZNF451	chromatin immunoprecipitation assay	27924024	Homo sapiens	GTRD	No	Mm:Q6P9Q3;Rn:D3ZG35	Dr:A2BF92	Mm:Q8C0P7;Rn:G3V7N7	-
Q9HCK0	A6NFT4	57684	387885	ZBTB26	CFAP73	chromatin immunoprecipitation assay	27924024	Homo sapiens	GTRD	No	Mm:Q6P9Q3;Rn:D3ZG35	Dr:A2BF92	Mm:J3QPZ5;Rn:A0A0G2K0J5	Dr:A3KQF2
Q9HCK0	Q5T9S5	57684	343099	ZBTB26	CCDC18	chromatin immunoprecipitation assay	27924024	Homo sapiens	GTRD	No	Mm:Q6P9Q3;Rn:D3ZG35	Dr:A2BF92	Dr:A8E7I8;Mm:Q640L5	Rn:D4A317
Q9HCK0	Q13522	57684	5502	ZBTB26	PPP1R1A	chromatin immunoprecipitation assay	27924024	Homo sapiens	GTRD	No	Mm:Q6P9Q3;Rn:D3ZG35	Dr:A2BF92	-	-
Q9HCK0	P63261	57684	71	ZBTB26	ACTG1	chromatin immunoprecipitation assay	27924024	Homo sapiens	GTRD	No	Mm:Q6P9Q3;Rn:D3ZG35	Dr:A2BF92	Mm:P63260;Rn:P63259;Sc:P60010	-
Q9HCK0	A6NMX2	57684	253314	ZBTB26	EIF4E1B	chromatin immunoprecipitation assay	27924024	Homo sapiens	GTRD	No	Mm:Q6P9Q3;Rn:D3ZG35	Dr:A2BF92	Dm:Q9VSB6	Dm:Q9VRY0;Mm:E9Q8Z2
Q9HCK0	Q6PJT7	57684	79882	ZBTB26	ZC3H14	chromatin immunoprecipitation assay	27924024	Homo sapiens	GTRD	No	Mm:Q6P9Q3;Rn:D3ZG35	Dr:A2BF92	Ce:Q95XU6;Dm:Q9V3H9;Dr:Q5TYQ8;Mm:Q8BJ05;Rn:D4A652	-
Q9HCK0	P0DMV9	57684	3303;3304	ZBTB26	HSPA1B	chromatin immunoprecipitation assay	27924024	Homo sapiens	GTRD	No	Mm:Q6P9Q3;Rn:D3ZG35	Dr:A2BF92	-	-
Q9HCK0	O95835	57684	9113	ZBTB26	LATS1	chromatin immunoprecipitation assay	27924024	Homo sapiens	GTRD	No	Mm:Q6P9Q3;Rn:D3ZG35	Dr:A2BF92	Mm:Q8BYR2;Rn:F1M2K4	-
Q9HCK0	P46976	57684	2992	ZBTB26	GYG1	chromatin immunoprecipitation assay	27924024	Homo sapiens	GTRD	No	Mm:Q6P9Q3;Rn:D3ZG35	Dr:A2BF92	Ce:O45819;Dr:Q6NV37;Rn:A0A0G2JXP1	Dm:Q9W2J6
Q9HCK0	Q9UHJ6	57684	23729	ZBTB26	SHPK	chromatin immunoprecipitation assay	27924024	Homo sapiens	GTRD	No	Mm:Q6P9Q3;Rn:D3ZG35	Dr:A2BF92	-	-
Q9HCK0	Q9UBI1	57684	23412	ZBTB26	COMMD3	chromatin immunoprecipitation assay	27924024	Homo sapiens	GTRD	No	Mm:Q6P9Q3;Rn:D3ZG35	Dr:A2BF92	Dm:Q9I7W2;Dr:F1RE23;Mm:Q63829;Rn:Q6P9U3	-
Q9HCK0	Q96G27	57684	23559	ZBTB26	WBP1	chromatin immunoprecipitation assay	27924024	Homo sapiens	GTRD	No	Mm:Q6P9Q3;Rn:D3ZG35	Dr:A2BF92	Dr:Q6P0Z3;Mm:P97764	Rn:A0A0G2K8K7
Q9HCK0	O75037	57684	23046	ZBTB26	KIF21B	chromatin immunoprecipitation assay	27924024	Homo sapiens	GTRD	No	Mm:Q6P9Q3;Rn:D3ZG35	Dr:A2BF92	Mm:F8VQE2;Rn:F1M5N7	-
Q9HCK0	P51580	57684	7172	ZBTB26	TPMT	chromatin immunoprecipitation assay	27924024	Homo sapiens	GTRD	No	Mm:Q6P9Q3;Rn:D3ZG35	Dr:A2BF92	Dr:B8JKP3;Mm:A0A0R4J018	Dr:F8W334;Rn:A0A0G2K2B6
Q9HCK0	P24158	57684	5657	ZBTB26	PRTN3	chromatin immunoprecipitation assay	27924024	Homo sapiens	GTRD	No	Mm:Q6P9Q3;Rn:D3ZG35	Dr:A2BF92	Mm:A0A0R4IZY6	Rn:Q8K597
Q9HCK0	Q3KP31	57684	163049	ZBTB26	ZNF791	chromatin immunoprecipitation assay	27924024	Homo sapiens	GTRD	No	Mm:Q6P9Q3;Rn:D3ZG35	Dr:A2BF92	Mm:Q497V9	Rn:F1LUZ0
Q9HCK0	Q9BYX2	57684	55357	ZBTB26	TBC1D2	chromatin immunoprecipitation assay	27924024	Homo sapiens	GTRD	No	Mm:Q6P9Q3;Rn:D3ZG35	Dr:A2BF92	Ce:Q23419;Dr:E7F513;Mm:B1AVH7;Rn:B5DFA1	-
Q9HCK0	P37840	57684	6622	ZBTB26	SNCA	chromatin immunoprecipitation assay	27924024	Homo sapiens	GTRD	No	Mm:Q6P9Q3;Rn:D3ZG35	Dr:A2BF92	Mm:O55042;Rn:P37377	-
Q9HCK0	Q6ZN30	57684	54796	ZBTB26	BNC2	chromatin immunoprecipitation assay	27924024	Homo sapiens	GTRD	No	Mm:Q6P9Q3;Rn:D3ZG35	Dr:A2BF92	Mm:Q8BMQ3;Rn:D3ZZ22	Dr:C7DZJ6
Q9HCK0	A6NL82	57684	440585	ZBTB26	FAM183A	chromatin immunoprecipitation assay	27924024	Homo sapiens	GTRD	No	Mm:Q6P9Q3;Rn:D3ZG35	Dr:A2BF92	Dr:E7FBI9;Mm:D2D553;Rn:D3Z8P9	-
Q9HCK0	Q6PI47	57684	130535	ZBTB26	KCTD18	chromatin immunoprecipitation assay	27924024	Homo sapiens	GTRD	No	Mm:Q6P9Q3;Rn:D3ZG35	Dr:A2BF92	Mm:E0CZ26;Rn:D4A827	-
Q9HCK0	Q9Y673	57684	29880	ZBTB26	ALG5	chromatin immunoprecipitation assay	27924024	Homo sapiens	GTRD	No	Mm:Q6P9Q3;Rn:D3ZG35	Dr:A2BF92	Ce:Q8WSL9;Dm:Q9VLQ1;Mm:Q9DB25;Rn:Q4QQS6;Sc:P40350	-
Q9HCK0	Q86UL3	57684	137964	ZBTB26	GPAT4	chromatin immunoprecipitation assay	27924024	Homo sapiens	GTRD	No	Mm:Q6P9Q3;Rn:D3ZG35	Dr:A2BF92	Dr:Q08CV3;Mm:Q8K2C8;Rn:Q0ZFS7	-
Q9HCK0	Q04900	57684	8763	ZBTB26	CD164	chromatin immunoprecipitation assay	27924024	Homo sapiens	GTRD	No	Mm:Q6P9Q3;Rn:D3ZG35	Dr:A2BF92	-	-
Q9HCK0	Q9NXD2	57684	54893	ZBTB26	MTMR10	chromatin immunoprecipitation assay	27924024	Homo sapiens	GTRD	No	Mm:Q6P9Q3;Rn:D3ZG35	Dr:A2BF92	Dr:E7F1F0;Mm:Q7TPM9;Rn:G3V810	-
Q9HCK0	Q9GZV1	57684	26287	ZBTB26	ANKRD2	chromatin immunoprecipitation assay	27924024	Homo sapiens	GTRD	No	Mm:Q6P9Q3;Rn:D3ZG35	Dr:A2BF92	-	-
Q9HCK0	Q6N075	57684	84975	ZBTB26	MFSD5	chromatin immunoprecipitation assay	27924024	Homo sapiens	GTRD	No	Mm:Q6P9Q3;Rn:D3ZG35	Dr:A2BF92	-	-
Q9HCK0	P07996	57684	7057	ZBTB26	THBS1	chromatin immunoprecipitation assay	27924024	Homo sapiens	GTRD	No	Mm:Q6P9Q3;Rn:D3ZG35	Dr:A2BF92	Mm:Q80YQ1;Rn:A0A0G2JV24	Dr:F1QEE7
Q9HCK0	Q99549	57684	54737	ZBTB26	MPHOSPH8	chromatin immunoprecipitation assay	27924024	Homo sapiens	GTRD	No	Mm:Q6P9Q3;Rn:D3ZG35	Dr:A2BF92	Mm:Q3TYA6	-
Q9HCK0	Q8TAP6	57684	79959	ZBTB26	CEP76	chromatin immunoprecipitation assay	27924024	Homo sapiens	GTRD	No	Mm:Q6P9Q3;Rn:D3ZG35	Dr:A2BF92	Dr:F1R7N3;Mm:Q0VEJ0;Rn:G3V931	-
Q9HCK0	Q9BX82	57684	57573	ZBTB26	ZNF471	chromatin immunoprecipitation assay	27924024	Homo sapiens	GTRD	No	Mm:Q6P9Q3;Rn:D3ZG35	Dr:A2BF92	Mm:Q5U406	Rn:D3ZXJ3
Q9HCK0	Q6IN85	57684	55671	ZBTB26	PPP4R3A	chromatin immunoprecipitation assay	27924024	Homo sapiens	GTRD	No	Mm:Q6P9Q3;Rn:D3ZG35	Dr:A2BF92	Dr:Q5SP90	Mm:E9Q481;Rn:D4ABC4
Q9HCK0	O43296	57684	9422	ZBTB26	ZNF264	chromatin immunoprecipitation assay	27924024	Homo sapiens	GTRD	No	Mm:Q6P9Q3;Rn:D3ZG35	Dr:A2BF92	-	-
Q9HCK0	Q96S79	57684	91608	ZBTB26	RASL10B	chromatin immunoprecipitation assay	27924024	Homo sapiens	GTRD	No	Mm:Q6P9Q3;Rn:D3ZG35	Dr:A2BF92	Mm:Q5SSG5	Rn:D3ZU35
Q9HCK0	O75674	57684	10040	ZBTB26	TOM1L1	chromatin immunoprecipitation assay	27924024	Homo sapiens	GTRD	No	Mm:Q6P9Q3;Rn:D3ZG35	Dr:A2BF92	Mm:Q923U0;Rn:A0A0H2UHB0	-
Q9HCK0	P47914	57684	6159	ZBTB26	RPL29	chromatin immunoprecipitation assay	27924024	Homo sapiens	GTRD	No	Mm:Q6P9Q3;Rn:D3ZG35	Dr:A2BF92	Mm:W4VSN7;Mm:P47915;Rn:P25886	Rn:M0R665;Rn:F1LYI5;Rn:D4A888
Q9HCK0	Q86TL2	57684	375346	ZBTB26	STIMATE	chromatin immunoprecipitation assay	27924024	Homo sapiens	GTRD	No	Mm:Q6P9Q3;Rn:D3ZG35	Dr:A2BF92	Sc:Q12042	-
Q9HCK0	O95633	57684	10272	ZBTB26	FSTL3	chromatin immunoprecipitation assay	27924024	Homo sapiens	GTRD	No	Mm:Q6P9Q3;Rn:D3ZG35	Dr:A2BF92	Mm:Q9EQC7;Rn:Q99PW7	Dr:A4IG14
Q9HCK0	Q8N9F7	57684	284161	ZBTB26	GDPD1	chromatin immunoprecipitation assay	27924024	Homo sapiens	GTRD	No	Mm:Q6P9Q3;Rn:D3ZG35	Dr:A2BF92	Dr:Q68EJ8;Mm:Q9CRY7;Rn:A0A0G2K8E7	-
Q9HCK0	Q96KS9	57684	83648	ZBTB26	FAM167A	chromatin immunoprecipitation assay	27924024	Homo sapiens	GTRD	No	Mm:Q6P9Q3;Rn:D3ZG35	Dr:A2BF92	Dr:F1QRU5;Dr:Q5RFZ7;Mm:Q6P1G6;Rn:D3ZQX1	Dr:H9GZ18
Q9HCK0	P06400	57684	5925	ZBTB26	RB1	chromatin immunoprecipitation assay	27924024	Homo sapiens	GTRD	No	Mm:Q6P9Q3;Rn:D3ZG35	Dr:A2BF92	Dm:Q9VF04;Dr:F1Q9D6;Mm:P13405;Rn:R9PXV5	-
Q9HCK0	Q5VV43	57684	9856	ZBTB26	KIAA0319	chromatin immunoprecipitation assay	27924024	Homo sapiens	GTRD	No	Mm:Q6P9Q3;Rn:D3ZG35	Dr:A2BF92	Mm:Q5SZV5;Rn:P0CI71	-
Q9HCK0	P51993	57684	2528	ZBTB26	FUT6	chromatin immunoprecipitation assay	27924024	Homo sapiens	GTRD	No	Mm:Q6P9Q3;Rn:D3ZG35	Dr:A2BF92	-	-
Q9HCK0	P41594	57684	2915	ZBTB26	GRM5	chromatin immunoprecipitation assay	27924024	Homo sapiens	GTRD	No	Mm:Q6P9Q3;Rn:D3ZG35	Dr:A2BF92	Dr:A0A0G2KHT7;Mm:Q3UVX5;Rn:A0A0H2UHN1	-
Q9HCK0	Q8WXX0	57684	56171	ZBTB26	DNAH7	chromatin immunoprecipitation assay	27924024	Homo sapiens	GTRD	No	Mm:Q6P9Q3;Rn:D3ZG35	Dr:A2BF92	Dm:Q9VJC6;Mm:L7N1Y0;Mm:A0A087WR13;Mm:E9Q0T8;Rn:A0A0G2JYD0	Dr:F1Q8L1
Q9HCK0	O95409	57684	7546	ZBTB26	ZIC2	chromatin immunoprecipitation assay	27924024	Homo sapiens	GTRD	No	Mm:Q6P9Q3;Rn:D3ZG35	Dr:A2BF92	Dr:Q9IAT0	Mm:F8VPV3
Q9HCK0	O15240	57684	7425	ZBTB26	VGF	chromatin immunoprecipitation assay	27924024	Homo sapiens	GTRD	No	Mm:Q6P9Q3;Rn:D3ZG35	Dr:A2BF92	Dm:Q8IPV8;Mm:Q0VGU4;Rn:F1LP80	Rn:M0RDR2
Q9HCK0	Q6GMV3	57684	391356	ZBTB26	PTRHD1	chromatin immunoprecipitation assay	27924024	Homo sapiens	GTRD	No	Mm:Q6P9Q3;Rn:D3ZG35	Dr:A2BF92	Ce:A7WK43;Dm:Q9VET3;Dr:Q5RIN6;Mm:D3Z4S3;Rn:D3ZBG6	-
Q9HCK0	Q96RW7	57684	83872	ZBTB26	HMCN1	chromatin immunoprecipitation assay	27924024	Homo sapiens	GTRD	No	Mm:Q6P9Q3;Rn:D3ZG35	Dr:A2BF92	Mm:D3YXG0;Rn:F1M4Q3	-
Q9HCK0	Q01415	57684	2585	ZBTB26	GALK2	chromatin immunoprecipitation assay	27924024	Homo sapiens	GTRD	No	Mm:Q6P9Q3;Rn:D3ZG35	Dr:A2BF92	Ce:O01969;Dm:Q95U34;Dr:E7FDP4;Rn:Q5XIG6;Sc:P04385;Sc:P13045	Mm:Q8BUU7
Q9HCK0	Q99571	57684	5025	ZBTB26	P2RX4	chromatin immunoprecipitation assay	27924024	Homo sapiens	GTRD	No	Mm:Q6P9Q3;Rn:D3ZG35	Dr:A2BF92	Dr:F1QUQ4;Mm:Q9Z257;Rn:P51577	-
Q9HCK0	P22674	57684	10309	ZBTB26	CCNO	chromatin immunoprecipitation assay	27924024	Homo sapiens	GTRD	No	Mm:Q6P9Q3;Rn:D3ZG35	Dr:A2BF92	Mm:P0C242;Rn:D3ZHT5	-
Q9HCK0	P47813	57684	1964	ZBTB26	EIF1AX	chromatin immunoprecipitation assay	27924024	Homo sapiens	GTRD	No	Mm:Q6P9Q3;Rn:D3ZG35	Dr:A2BF92	-	-
Q9HCK0	Q6PCB5	57684	222194	ZBTB26	RSBN1L	chromatin immunoprecipitation assay	27924024	Homo sapiens	GTRD	No	Mm:Q6P9Q3;Rn:D3ZG35	Dr:A2BF92	Rn:D3ZZH7	Mm:D3Z0K6
Q9HCK0	K7EIP6	57684	-	ZBTB26	-	chromatin immunoprecipitation assay	27924024	Homo sapiens	GTRD	No	Mm:Q6P9Q3;Rn:D3ZG35	Dr:A2BF92	-	-
Q9HCK0	Q9H1J7	57684	81029	ZBTB26	WNT5B	chromatin immunoprecipitation assay	27924024	Homo sapiens	GTRD	No	Mm:Q6P9Q3;Rn:D3ZG35	Dr:A2BF92	-	Rn:B1WBR9
Q9HCK0	Q8N8F6	57684	285525	ZBTB26	YIPF7	chromatin immunoprecipitation assay	27924024	Homo sapiens	GTRD	No	Mm:Q6P9Q3;Rn:D3ZG35	Dr:A2BF92	-	-
Q9HCK0	B0YJ81	57684	9200	ZBTB26	HACD1	chromatin immunoprecipitation assay	27924024	Homo sapiens	GTRD	No	Mm:Q6P9Q3;Rn:D3ZG35	Dr:A2BF92	Dr:A0A0G2L0Q2;Mm:B9EHK9;Rn:F1LSK3	-
Q9HCK0	Q9NX36	57684	54943	ZBTB26	DNAJC28	chromatin immunoprecipitation assay	27924024	Homo sapiens	GTRD	No	Mm:Q6P9Q3;Rn:D3ZG35	Dr:A2BF92	Dm:Q9VM54;Dr:B0R066;Rn:Q6AYG2	Mm:E9Q1L7
Q9HCK0	Q7L0R7	57684	22838	ZBTB26	RNF44	chromatin immunoprecipitation assay	27924024	Homo sapiens	GTRD	No	Mm:Q6P9Q3;Rn:D3ZG35	Dr:A2BF92	-	Dr:A0A0R4IXY2;Mm:E9PUC0;Rn:A0A0G2JTM4
Q9HCK0	Q96K62	57684	84878	ZBTB26	ZBTB45	chromatin immunoprecipitation assay	27924024	Homo sapiens	GTRD	No	Mm:Q6P9Q3;Rn:D3ZG35	Dr:A2BF92	Mm:Q52KG4;Rn:D4A1A3	-
Q9HCK0	P51668	57684	7321	ZBTB26	UBE2D1	chromatin immunoprecipitation assay	27924024	Homo sapiens	GTRD	No	Mm:Q6P9Q3;Rn:D3ZG35	Dr:A2BF92	Dr:Q6PC58;Mm:P61080;Rn:D3ZDK2	-
Q9HCK0	Q9P0R6	57684	51527	ZBTB26	GSKIP	chromatin immunoprecipitation assay	27924024	Homo sapiens	GTRD	No	Mm:Q6P9Q3;Rn:D3ZG35	Dr:A2BF92	Ce:Q22757;Dm:Q9VNV2;Dr:F1R0B7;Mm:Q8BGR8;Rn:A0A0H2UHD3	-
Q9HCK0	P13929	57684	2027	ZBTB26	ENO3	chromatin immunoprecipitation assay	27924024	Homo sapiens	GTRD	No	Mm:Q6P9Q3;Rn:D3ZG35	Dr:A2BF92	Dr:Q6TH14;Mm:P21550;Rn:P15429	-
Q9HCK0	Q99470	57684	6388	ZBTB26	SDF2	chromatin immunoprecipitation assay	27924024	Homo sapiens	GTRD	No	Mm:Q6P9Q3;Rn:D3ZG35	Dr:A2BF92	Dr:F1R0Q8;Mm:A0A0R4IZW9;Rn:D4A4H5	-
Q9HCK0	Q96ME7	57684	84450	ZBTB26	ZNF512	chromatin immunoprecipitation assay	27924024	Homo sapiens	GTRD	No	Mm:Q6P9Q3;Rn:D3ZG35	Dr:A2BF92	Mm:Q69Z99;Rn:D3ZIF0	-
Q9HCK0	Q9BT56	57684	80763	ZBTB26	SPX	chromatin immunoprecipitation assay	27924024	Homo sapiens	GTRD	No	Mm:Q6P9Q3;Rn:D3ZG35	Dr:A2BF92	-	Dr:F1QQI2;Mm:A0A1C7CYU9;Rn:M0R8L2
Q9HCK0	Q8WUU5	57684	57798	ZBTB26	GATAD1	chromatin immunoprecipitation assay	27924024	Homo sapiens	GTRD	No	Mm:Q6P9Q3;Rn:D3ZG35	Dr:A2BF92	Mm:Q920S3;Rn:D4A3T2	Dr:Q1L8G7
Q9HCK0	Q13509	57684	10381	ZBTB26	TUBB3	chromatin immunoprecipitation assay	27924024	Homo sapiens	GTRD	No	Mm:Q6P9Q3;Rn:D3ZG35	Dr:A2BF92	Dm:P08841;Mm:Q9ERD7;Rn:Q4QRB4	-
Q9HCK0	P08833	57684	3484	ZBTB26	IGFBP1	chromatin immunoprecipitation assay	27924024	Homo sapiens	GTRD	No	Mm:Q6P9Q3;Rn:D3ZG35	Dr:A2BF92	Mm:P47876;Rn:P21743	Dr:A4K8J2
Q9HCK0	Q8IY95	57684	201931	ZBTB26	TMEM192	chromatin immunoprecipitation assay	27924024	Homo sapiens	GTRD	No	Mm:Q6P9Q3;Rn:D3ZG35	Dr:A2BF92	Dm:Q9VEH2;Mm:Q9CXT7	Dr:B8A4W0;Rn:F1LLW0
Q9HCK0	Q6PIF2	57684	256126	ZBTB26	SYCE2	chromatin immunoprecipitation assay	27924024	Homo sapiens	GTRD	No	Mm:Q6P9Q3;Rn:D3ZG35	Dr:A2BF92	Mm:Q505B8;Rn:D4A671	-
Q9HCK0	Q8TD19	57684	91754	ZBTB26	NEK9	chromatin immunoprecipitation assay	27924024	Homo sapiens	GTRD	No	Mm:Q6P9Q3;Rn:D3ZG35	Dr:A2BF92	-	-
Q9HCK0	P56747	57684	9074	ZBTB26	CLDN6	chromatin immunoprecipitation assay	27924024	Homo sapiens	GTRD	No	Mm:Q6P9Q3;Rn:D3ZG35	Dr:A2BF92	Mm:Q9Z262	Rn:B4F7F0
Q9HCK0	Q9H7N4	57684	58506	ZBTB26	SCAF1	chromatin immunoprecipitation assay	27924024	Homo sapiens	GTRD	No	Mm:Q6P9Q3;Rn:D3ZG35	Dr:A2BF92	Dr:I3ITF2;Mm:Q5U4C3	Rn:Q63624
Q9HCK0	Q15652	57684	221037	ZBTB26	JMJD1C	chromatin immunoprecipitation assay	27924024	Homo sapiens	GTRD	No	Mm:Q6P9Q3;Rn:D3ZG35	Dr:A2BF92	Dr:A0A0R4IYD2;Rn:F1LMK8	Mm:A0A0A0MQ98
Q9HCK0	P54727	57684	5887	ZBTB26	RAD23B	chromatin immunoprecipitation assay	27924024	Homo sapiens	GTRD	No	Mm:Q6P9Q3;Rn:D3ZG35	Dr:A2BF92	Dr:A0A2R8PYT0;Mm:P54728;Rn:Q4KMA2	-
Q9HCK0	P61966	57684	1174	ZBTB26	AP1S1	chromatin immunoprecipitation assay	27924024	Homo sapiens	GTRD	No	Mm:Q6P9Q3;Rn:D3ZG35	Dr:A2BF92	Dr:Q6NSP1;Mm:P61967;Rn:B5DFI3	-
Q9HCK0	Q9BWG4	57684	170463	ZBTB26	SSBP4	chromatin immunoprecipitation assay	27924024	Homo sapiens	GTRD	No	Mm:Q6P9Q3;Rn:D3ZG35	Dr:A2BF92	Mm:Q3U4B1;Rn:G3V8L4	-
Q9HCK0	Q5TAX3	57684	23318	ZBTB26	TUT4	chromatin immunoprecipitation assay	27924024	Homo sapiens	GTRD	No	Mm:Q6P9Q3;Rn:D3ZG35	Dr:A2BF92	-	-
Q9HCK0	P15848	57684	411	ZBTB26	ARSB	chromatin immunoprecipitation assay	27924024	Homo sapiens	GTRD	No	Mm:Q6P9Q3;Rn:D3ZG35	Dr:A2BF92	Mm:A0A0R4J138	Rn:P50430
Q9HCK0	Q10472	57684	2589	ZBTB26	GALNT1	chromatin immunoprecipitation assay	27924024	Homo sapiens	GTRD	No	Mm:Q6P9Q3;Rn:D3ZG35	Dr:A2BF92	Ce:P34678;Dr:E7FDA0;Mm:O08912;Rn:Q10473	-
Q9HCK0	Q00688	57684	2287	ZBTB26	FKBP3	chromatin immunoprecipitation assay	27924024	Homo sapiens	GTRD	No	Mm:Q6P9Q3;Rn:D3ZG35	Dr:A2BF92	Mm:Q62446;Rn:G3V6L9	-
Q9HCK0	Q9BYV9	57684	60468	ZBTB26	BACH2	chromatin immunoprecipitation assay	27924024	Homo sapiens	GTRD	No	Mm:Q6P9Q3;Rn:D3ZG35	Dr:A2BF92	Dr:Q5RIW6;Mm:P97303	Rn:D3ZW33
Q9HCK0	Q6JVE5	57684	286256	ZBTB26	LCN12	chromatin immunoprecipitation assay	27924024	Homo sapiens	GTRD	No	Mm:Q6P9Q3;Rn:D3ZG35	Dr:A2BF92	Mm:Q6JVL5	Rn:H9KVE9
Q9HCK0	Q15428	57684	8175	ZBTB26	SF3A2	chromatin immunoprecipitation assay	27924024	Homo sapiens	GTRD	No	Mm:Q6P9Q3;Rn:D3ZG35	Dr:A2BF92	Mm:G3UVU2;Rn:Q6AXT8	-
Q9HCK0	Q6ZN17	57684	389421	ZBTB26	LIN28B	chromatin immunoprecipitation assay	27924024	Homo sapiens	GTRD	No	Mm:Q6P9Q3;Rn:D3ZG35	Dr:A2BF92	Mm:Q45KJ6;Rn:D3ZIK1	-
Q9HCK0	Q92784	57684	8110	ZBTB26	DPF3	chromatin immunoprecipitation assay	27924024	Homo sapiens	GTRD	No	Mm:Q6P9Q3;Rn:D3ZG35	Dr:A2BF92	Mm:P58269;Rn:D3Z9E7	Dm:A0A0B4KEC3
Q9HCK0	Q96BR1	57684	100533105;23678	ZBTB26	SGK3	chromatin immunoprecipitation assay	27924024	Homo sapiens	GTRD	No	Mm:Q6P9Q3;Rn:D3ZG35	Dr:A2BF92	-	-
Q9HCK0	O75147	57684	23363	ZBTB26	OBSL1	chromatin immunoprecipitation assay	27924024	Homo sapiens	GTRD	No	Mm:Q6P9Q3;Rn:D3ZG35	Dr:A2BF92	Mm:D3YYU8	Dm:A1ZA73;Dr:M9MMC0;Rn:D3ZZ80
Q9HCK0	P17029	57684	7586	ZBTB26	ZKSCAN1	chromatin immunoprecipitation assay	27924024	Homo sapiens	GTRD	No	Mm:Q6P9Q3;Rn:D3ZG35	Dr:A2BF92	Mm:Q8BGS3;Rn:Q4KLI1	-
Q9HCK0	P49407	57684	408	ZBTB26	ARRB1	chromatin immunoprecipitation assay	27924024	Homo sapiens	GTRD	No	Mm:Q6P9Q3;Rn:D3ZG35	Dr:A2BF92	Dr:C3PTE8;Rn:P29066	Mm:J3QNU6
Q9HCK0	Q8N8U9	57684	168667	ZBTB26	BMPER	chromatin immunoprecipitation assay	27924024	Homo sapiens	GTRD	No	Mm:Q6P9Q3;Rn:D3ZG35	Dr:A2BF92	Dm:Q9W2H2;Mm:Q8CJ69;Rn:F1M661	Dr:A0A0R4IIF4
Q9HCK0	Q6UWI4	57684	387914	ZBTB26	SHISA2	chromatin immunoprecipitation assay	27924024	Homo sapiens	GTRD	No	Mm:Q6P9Q3;Rn:D3ZG35	Dr:A2BF92	Dr:E7FEC3;Mm:Q8QZV2;Rn:D3ZWR8	-
Q9HCK0	Q9NXB9	57684	54898	ZBTB26	ELOVL2	chromatin immunoprecipitation assay	27924024	Homo sapiens	GTRD	No	Mm:Q6P9Q3;Rn:D3ZG35	Dr:A2BF92	Mm:Q9JLJ4;Rn:D4A612	Dr:A3KP14
Q9HCK0	Q8NCK7	57684	162515	ZBTB26	SLC16A11	chromatin immunoprecipitation assay	27924024	Homo sapiens	GTRD	No	Mm:Q6P9Q3;Rn:D3ZG35	Dr:A2BF92	-	-
Q9HCK0	Q9GZT8	57684	60491	ZBTB26	NIF3L1	chromatin immunoprecipitation assay	27924024	Homo sapiens	GTRD	No	Mm:Q6P9Q3;Rn:D3ZG35	Dr:A2BF92	Dm:Q9NK57;Dr:F1QAA0;Mm:Q9EQ80;Sc:P53081	Rn:Q4V7D6
Q9HCK0	Q9BVG3	57684	55223	ZBTB26	TRIM62	chromatin immunoprecipitation assay	27924024	Homo sapiens	GTRD	No	Mm:Q6P9Q3;Rn:D3ZG35	Dr:A2BF92	Dr:F1Q674;Mm:Q80V85;Rn:M0R947	Dr:F1R9N2
Q9HCK0	P23511	57684	4800	ZBTB26	NFYA	chromatin immunoprecipitation assay	27924024	Homo sapiens	GTRD	No	Mm:Q6P9Q3;Rn:D3ZG35	Dr:A2BF92	Mm:P23708	Rn:A0A0G2KB97
Q9HCK0	P17152	57684	8834	ZBTB26	TMEM11	chromatin immunoprecipitation assay	27924024	Homo sapiens	GTRD	No	Mm:Q6P9Q3;Rn:D3ZG35	Dr:A2BF92	Dm:Q8IQ56;Mm:Q8BK08	Dr:E9QHR6;Rn:B0BN86
Q9HCK0	Q00587	57684	11135	ZBTB26	CDC42EP1	chromatin immunoprecipitation assay	27924024	Homo sapiens	GTRD	No	Mm:Q6P9Q3;Rn:D3ZG35	Dr:A2BF92	Mm:A0A0R4J0S1	Rn:A1A5P0
Q9HCK0	Q8IW93	57684	128272	ZBTB26	ARHGEF19	chromatin immunoprecipitation assay	27924024	Homo sapiens	GTRD	No	Mm:Q6P9Q3;Rn:D3ZG35	Dr:A2BF92	Mm:Q8BWA8;Rn:D4A646	-
Q9HCK0	P42330	57684	8644	ZBTB26	AKR1C3	chromatin immunoprecipitation assay	27924024	Homo sapiens	GTRD	No	Mm:Q6P9Q3;Rn:D3ZG35	Dr:A2BF92	-	-
Q9HCK0	P61026	57684	10890	ZBTB26	RAB10	chromatin immunoprecipitation assay	27924024	Homo sapiens	GTRD	No	Mm:Q6P9Q3;Rn:D3ZG35	Dr:A2BF92	Ce:Q94148;Dm:O15971;Dr:Q6DGV5;Mm:P61027;Rn:Q5RKJ9	-
Q9HCK0	Q01850	57684	1039	ZBTB26	CDR2	chromatin immunoprecipitation assay	27924024	Homo sapiens	GTRD	No	Mm:Q6P9Q3;Rn:D3ZG35	Dr:A2BF92	Dr:E7FC97;Mm:P97817;Rn:Q4V7B9	-
Q9HCK0	P40925	57684	4190	ZBTB26	MDH1	chromatin immunoprecipitation assay	27924024	Homo sapiens	GTRD	No	Mm:Q6P9Q3;Rn:D3ZG35	Dr:A2BF92	Ce:Q9UAV5;Dm:Q9VKX2;Mm:P14152;Rn:O88989	Dr:Q801E6
Q9HCK0	Q9Y5U8	57684	51660	ZBTB26	MPC1	chromatin immunoprecipitation assay	27924024	Homo sapiens	GTRD	No	Mm:Q6P9Q3;Rn:D3ZG35	Dr:A2BF92	Ce:Q21828;Dm:Q7KSC4;Dr:F1Q6Z3;Mm:P63030;Rn:P63031	-
Q9HCK0	Q08211	57684	1660	ZBTB26	DHX9	chromatin immunoprecipitation assay	27924024	Homo sapiens	GTRD	No	Mm:Q6P9Q3;Rn:D3ZG35	Dr:A2BF92	Ce:Q22307;Dm:P24785;Dr:B0S6Z1;Mm:A0A087WPL5;Rn:D4A9D6	-
Q9HCK0	P56545	57684	1488	ZBTB26	CTBP2	chromatin immunoprecipitation assay	27924024	Homo sapiens	GTRD	No	Mm:Q6P9Q3;Rn:D3ZG35	Dr:A2BF92	Mm:P56546;Sc:P40054	-
Q9HCK0	P61764	57684	6812	ZBTB26	STXBP1	chromatin immunoprecipitation assay	27924024	Homo sapiens	GTRD	No	Mm:Q6P9Q3;Rn:D3ZG35	Dr:A2BF92	Ce:P34815;Dm:Q07327;Dr:A0A0R4IQM9;Mm:O08599;Rn:P61765	-
Q9HCK0	P78524	57684	6764	ZBTB26	DENND2B	chromatin immunoprecipitation assay	27924024	Homo sapiens	GTRD	No	Mm:Q6P9Q3;Rn:D3ZG35	Dr:A2BF92	Mm:Q924W7;Rn:D4A9H6	-
Q9HCK0	Q9Y6X1	57684	27230	ZBTB26	SERP1	chromatin immunoprecipitation assay	27924024	Homo sapiens	GTRD	No	Mm:Q6P9Q3;Rn:D3ZG35	Dr:A2BF92	Mm:Q9Z1W5;Rn:Q9R2C1	Dr:Q6DGW5
Q9HCK0	O00487	57684	10213	ZBTB26	PSMD14	chromatin immunoprecipitation assay	27924024	Homo sapiens	GTRD	No	Mm:Q6P9Q3;Rn:D3ZG35	Dr:A2BF92	Ce:O76577;Dm:Q9V3H2;Dr:F1QHE5;Mm:O35593;Rn:Q4V8E2;Sc:P43588	Ce:P41883
Q9HCK0	Q13206	57684	1662	ZBTB26	DDX10	chromatin immunoprecipitation assay	27924024	Homo sapiens	GTRD	No	Mm:Q6P9Q3;Rn:D3ZG35	Dr:A2BF92	Ce:Q9N478;Dm:Q9VX34;Mm:Q80Y44;Rn:D3ZBY5	Dr:F8W3D4
Q9HCK0	Q8TEC5	57684	153769	ZBTB26	SH3RF2	chromatin immunoprecipitation assay	27924024	Homo sapiens	GTRD	No	Mm:Q6P9Q3;Rn:D3ZG35	Dr:A2BF92	Dr:A0A2R9YJN1;Mm:Q8BZT2;Rn:Q498M5	-
Q9HCK0	Q96LT9	57684	55599	ZBTB26	RNPC3	chromatin immunoprecipitation assay	27924024	Homo sapiens	GTRD	No	Mm:Q6P9Q3;Rn:D3ZG35	Dr:A2BF92	Dr:F1Q8J0;Mm:Q3UZ01;Rn:Q4G055	-
Q9HCK0	Q99558	57684	9020	ZBTB26	MAP3K14	chromatin immunoprecipitation assay	27924024	Homo sapiens	GTRD	No	Mm:Q6P9Q3;Rn:D3ZG35	Dr:A2BF92	Mm:Q9WUL6	Rn:D3ZTD1
Q9HCK0	Q9Y458	57684	50945	ZBTB26	TBX22	chromatin immunoprecipitation assay	27924024	Homo sapiens	GTRD	No	Mm:Q6P9Q3;Rn:D3ZG35	Dr:A2BF92	Rn:D3ZMK6	Mm:E9Q5R8
Q9HCK0	Q8TAQ5	57684	147923	ZBTB26	ZNF420	chromatin immunoprecipitation assay	27924024	Homo sapiens	GTRD	No	Mm:Q6P9Q3;Rn:D3ZG35	Dr:A2BF92	Mm:Q7TMN8	Rn:D3Z901
Q9HCK0	Q9BXY0	57684	84549	ZBTB26	MAK16	chromatin immunoprecipitation assay	27924024	Homo sapiens	GTRD	No	Mm:Q6P9Q3;Rn:D3ZG35	Dr:A2BF92	Ce:Q18035;Dm:Q9W3B2;Dr:F1QDC7;Mm:Q8BGS0;Rn:Q5EB56;Sc:P10962	-
Q9HCK0	Q8IXH7	57684	51497	ZBTB26	NELFCD	chromatin immunoprecipitation assay	27924024	Homo sapiens	GTRD	No	Mm:Q6P9Q3;Rn:D3ZG35	Dr:A2BF92	-	-
Q9HCK0	Q8WY91	57684	51078	ZBTB26	THAP4	chromatin immunoprecipitation assay	27924024	Homo sapiens	GTRD	No	Mm:Q6P9Q3;Rn:D3ZG35	Dr:A2BF92	-	-
Q9HCK0	O15350	57684	7161	ZBTB26	TP73	chromatin immunoprecipitation assay	27924024	Homo sapiens	GTRD	No	Mm:Q6P9Q3;Rn:D3ZG35	Dr:A2BF92	Dr:B0S576;Mm:Q9JJP2	Rn:D4AA88
Q9HCK0	P48065	57684	6539	ZBTB26	SLC6A12	chromatin immunoprecipitation assay	27924024	Homo sapiens	GTRD	No	Mm:Q6P9Q3;Rn:D3ZG35	Dr:A2BF92	Mm:Q8VCS9	Rn:A0A0G2JSN3
Q9HCK0	Q9NPA2	57684	64386	ZBTB26	MMP25	chromatin immunoprecipitation assay	27924024	Homo sapiens	GTRD	No	Mm:Q6P9Q3;Rn:D3ZG35	Dr:A2BF92	Mm:Q3U435	Dr:E7F1N5
Q9HCK0	Q5GJ75	57684	388121	ZBTB26	TNFAIP8L3	chromatin immunoprecipitation assay	27924024	Homo sapiens	GTRD	No	Mm:Q6P9Q3;Rn:D3ZG35	Dr:A2BF92	-	-
Q9HCK0	Q9BZH6	57684	55717	ZBTB26	WDR11	chromatin immunoprecipitation assay	27924024	Homo sapiens	GTRD	No	Mm:Q6P9Q3;Rn:D3ZG35	Dr:A2BF92	Ce:H2KZ40;Mm:G5E8J3;Rn:D3Z9L5	Dr:F1QEB7
Q9HCK0	Q9Y5X0	57684	29887	ZBTB26	SNX10	chromatin immunoprecipitation assay	27924024	Homo sapiens	GTRD	No	Mm:Q6P9Q3;Rn:D3ZG35	Dr:A2BF92	-	-
Q9HCK0	Q8N7X0	57684	79747	ZBTB26	ADGB	chromatin immunoprecipitation assay	27924024	Homo sapiens	GTRD	No	Mm:Q6P9Q3;Rn:D3ZG35	Dr:A2BF92	-	Dr:F1QQ89;Mm:J3QMP3
Q9HCK0	Q9BVV6	57684	9786	ZBTB26	KIAA0586	chromatin immunoprecipitation assay	27924024	Homo sapiens	GTRD	No	Mm:Q6P9Q3;Rn:D3ZG35	Dr:A2BF92	-	-
Q9HCK0	P01106	57684	4609	ZBTB26	MYC	chromatin immunoprecipitation assay	27924024	Homo sapiens	GTRD	No	Mm:Q6P9Q3;Rn:D3ZG35	Dr:A2BF92	Dr:F1RC36;Mm:P01108	-
Q9HCK0	P46783	57684	6204	ZBTB26	RPS10	chromatin immunoprecipitation assay	27924024	Homo sapiens	GTRD	No	Mm:Q6P9Q3;Rn:D3ZG35	Dr:A2BF92	Ce:O01869;Dm:Q9VB14;Dm:Q9VWG3;Mm:P63325;Rn:D3ZJY5;Rn:A0A0H2UI18;Sc:P46784;Sc:Q08745	Dr:Q7T1J9;Rn:F1LT36;Rn:P63326
Q9HCK0	O15126	57684	9522	ZBTB26	SCAMP1	chromatin immunoprecipitation assay	27924024	Homo sapiens	GTRD	No	Mm:Q6P9Q3;Rn:D3ZG35	Dr:A2BF92	Dr:Q6P0B3;Mm:Q8K021;Rn:A0A0G2JY82	-
Q9HCK0	Q15125	57684	10682	ZBTB26	EBP	chromatin immunoprecipitation assay	27924024	Homo sapiens	GTRD	No	Mm:Q6P9Q3;Rn:D3ZG35	Dr:A2BF92	Dr:Q6DG98;Mm:P70245;Rn:Q9JJ46	-
Q9HCK0	Q13105	57684	7709	ZBTB26	ZBTB17	chromatin immunoprecipitation assay	27924024	Homo sapiens	GTRD	No	Mm:Q6P9Q3;Rn:D3ZG35	Dr:A2BF92	Ce:G5EDU4;Mm:Q60821;Rn:Q5XIU3	-
Q9HCK0	Q96K49	57684	84910	ZBTB26	TMEM87B	chromatin immunoprecipitation assay	27924024	Homo sapiens	GTRD	No	Mm:Q6P9Q3;Rn:D3ZG35	Dr:A2BF92	Ce:Q22938;Mm:Q8BKU8;Rn:D4A7B6	-
Q9HCK0	Q5VV52	57684	51058	ZBTB26	ZNF691	chromatin immunoprecipitation assay	27924024	Homo sapiens	GTRD	No	Mm:Q6P9Q3;Rn:D3ZG35	Dr:A2BF92	Mm:A2A7P4;Rn:B2GV80	-
Q9HCK0	Q8N5U6	57684	9921	ZBTB26	RNF10	chromatin immunoprecipitation assay	27924024	Homo sapiens	GTRD	No	Mm:Q6P9Q3;Rn:D3ZG35	Dr:A2BF92	Dm:Q9W0D8;Dr:B0UXR5;Mm:Q3UIW5;Rn:A0A0H2UI24	-
Q9HCK0	Q6ZR52	57684	284443	ZBTB26	ZNF493	chromatin immunoprecipitation assay	27924024	Homo sapiens	GTRD	No	Mm:Q6P9Q3;Rn:D3ZG35	Dr:A2BF92	-	-
Q9HCK0	Q96LW1	57684	117608	ZBTB26	ZNF354B	chromatin immunoprecipitation assay	27924024	Homo sapiens	GTRD	No	Mm:Q6P9Q3;Rn:D3ZG35	Dr:A2BF92	Mm:Q9QXT9	Rn:D3ZUE7
Q9HCK0	P19484	57684	7942	ZBTB26	TFEB	chromatin immunoprecipitation assay	27924024	Homo sapiens	GTRD	No	Mm:Q6P9Q3;Rn:D3ZG35	Dr:A2BF92	Rn:F7F5J1	Dr:E7FEM8;Mm:Q3UKG7
Q9HCK0	O75582	57684	9252	ZBTB26	RPS6KA5	chromatin immunoprecipitation assay	27924024	Homo sapiens	GTRD	No	Mm:Q6P9Q3;Rn:D3ZG35	Dr:A2BF92	Dr:E7FE05;Mm:Q8C050;Rn:A0A0G2K366	-
Q9HCK0	Q9BSG0	57684	84279	ZBTB26	PRADC1	chromatin immunoprecipitation assay	27924024	Homo sapiens	GTRD	No	Mm:Q6P9Q3;Rn:D3ZG35	Dr:A2BF92	Dm:Q9W1W9;Mm:Q9D9N8;Rn:M0R5K7	-
Q9HCK0	P49842	57684	8859	ZBTB26	STK19	chromatin immunoprecipitation assay	27924024	Homo sapiens	GTRD	No	Mm:Q6P9Q3;Rn:D3ZG35	Dr:A2BF92	Dr:F1Q4X7;Mm:Q9JHN8	Dr:A0A0R4IK86
Q9HCK0	Q7Z4S6	57684	55605	ZBTB26	KIF21A	chromatin immunoprecipitation assay	27924024	Homo sapiens	GTRD	No	Mm:Q6P9Q3;Rn:D3ZG35	Dr:A2BF92	Mm:Q9QXL2	Dr:F8W409;Rn:D3ZCG2
Q9HCK0	Q9H1K6	57684	59274	ZBTB26	TLNRD1	chromatin immunoprecipitation assay	27924024	Homo sapiens	GTRD	No	Mm:Q6P9Q3;Rn:D3ZG35	Dr:A2BF92	Dr:E7F508;Mm:Q9ERE8;Rn:Q5BJV3	-
Q9HCK0	Q15024	57684	23016	ZBTB26	EXOSC7	chromatin immunoprecipitation assay	27924024	Homo sapiens	GTRD	No	Mm:Q6P9Q3;Rn:D3ZG35	Dr:A2BF92	Ce:G5EDS8;Dm:Q29QQ9;Mm:Q9D0M0;Rn:G3V6K3	Dr:A0A0R4ITZ7
Q9HCK0	Q9Y6G5	57684	51397	ZBTB26	COMMD10	chromatin immunoprecipitation assay	27924024	Homo sapiens	GTRD	No	Mm:Q6P9Q3;Rn:D3ZG35	Dr:A2BF92	Mm:Q8JZY2;Rn:Q68FS9	Dm:Q0KHT4
Q9HCK0	Q13619	57684	8451	ZBTB26	CUL4A	chromatin immunoprecipitation assay	27924024	Homo sapiens	GTRD	No	Mm:Q6P9Q3;Rn:D3ZG35	Dr:A2BF92	Mm:Q3TCH7;Rn:B2RYJ3	-
Q9HCK0	Q8TCC3	57684	51263	ZBTB26	MRPL30	chromatin immunoprecipitation assay	27924024	Homo sapiens	GTRD	No	Mm:Q6P9Q3;Rn:D3ZG35	Dr:A2BF92	-	-
Q9HCK0	Q92995	57684	8975	ZBTB26	USP13	chromatin immunoprecipitation assay	27924024	Homo sapiens	GTRD	No	Mm:Q6P9Q3;Rn:D3ZG35	Dr:A2BF92	Mm:Q5BKP2;Rn:D3ZDI9	Dr:F1QFS9
Q9HCK0	Q9P260	57684	57614	ZBTB26	RELCH	chromatin immunoprecipitation assay	27924024	Homo sapiens	GTRD	No	Mm:Q6P9Q3;Rn:D3ZG35	Dr:A2BF92	Rn:D3ZJ01	Dr:A0A0R4IBI3;Mm:E9QM90
Q9HCK0	Q9NR30	57684	9188	ZBTB26	DDX21	chromatin immunoprecipitation assay	27924024	Homo sapiens	GTRD	No	Mm:Q6P9Q3;Rn:D3ZG35	Dr:A2BF92	Mm:Q9JIK5;Rn:Q3B8Q1	Rn:M0R965
Q9HCK0	P30838	57684	218	ZBTB26	ALDH3A1	chromatin immunoprecipitation assay	27924024	Homo sapiens	GTRD	No	Mm:Q6P9Q3;Rn:D3ZG35	Dr:A2BF92	Ce:O44555;Ce:Q86S57;Mm:P47739;Rn:P11883	-
Q9HCK0	P05783	57684	3875	ZBTB26	KRT18	chromatin immunoprecipitation assay	27924024	Homo sapiens	GTRD	No	Mm:Q6P9Q3;Rn:D3ZG35	Dr:A2BF92	Mm:P05784;Rn:Q5BJY9	Dr:Q7ZTS4;Dr:Q6NYL7
Q9HCK0	Q9Y2U5	57684	10746	ZBTB26	MAP3K2	chromatin immunoprecipitation assay	27924024	Homo sapiens	GTRD	No	Mm:Q6P9Q3;Rn:D3ZG35	Dr:A2BF92	Dr:E7F683;Mm:G5E8L8;Rn:F1M9D0	-
Q9HCK0	Q9Y256	57684	9986	ZBTB26	RCE1	chromatin immunoprecipitation assay	27924024	Homo sapiens	GTRD	No	Mm:Q6P9Q3;Rn:D3ZG35	Dr:A2BF92	Ce:G5EEP3;Dm:Q9U1H8;Dr:E7FA75;Mm:P57791	Rn:G3V8J7
Q9HCK0	Q6PJG2	57684	91748	ZBTB26	MIDEAS	chromatin immunoprecipitation assay	27924024	Homo sapiens	GTRD	No	Mm:Q6P9Q3;Rn:D3ZG35	Dr:A2BF92	Dr:E7FFR7;Mm:E9Q2I4;Rn:D4ACA6	-
Q9HCK0	P22459	57684	3739	ZBTB26	KCNA4	chromatin immunoprecipitation assay	27924024	Homo sapiens	GTRD	No	Mm:Q6P9Q3;Rn:D3ZG35	Dr:A2BF92	Mm:Q61423	Rn:G3V6L7
Q9HCK0	Q8N4U5	57684	255394	ZBTB26	TCP11L2	chromatin immunoprecipitation assay	27924024	Homo sapiens	GTRD	No	Mm:Q6P9Q3;Rn:D3ZG35	Dr:A2BF92	Dr:Q5RGW3;Mm:Q8K1H7;Rn:Q568Z0	-
Q9HCK0	A6NDD5	57684	646658	ZBTB26	SYNDIG1L	chromatin immunoprecipitation assay	27924024	Homo sapiens	GTRD	No	Mm:Q6P9Q3;Rn:D3ZG35	Dr:A2BF92	Mm:Q3USQ7;Rn:D4A4K5	-
Q9HCK0	Q5GH73	57684	286046	ZBTB26	XKR6	chromatin immunoprecipitation assay	27924024	Homo sapiens	GTRD	No	Mm:Q6P9Q3;Rn:D3ZG35	Dr:A2BF92	Dr:E7F5H3;Mm:E9Q6C8;Rn:F1LPR0	Dr:F1R8C3
Q9HCK0	P32019	57684	3633	ZBTB26	INPP5B	chromatin immunoprecipitation assay	27924024	Homo sapiens	GTRD	No	Mm:Q6P9Q3;Rn:D3ZG35	Dr:A2BF92	Mm:Q8K337;Rn:D4A2N2	Dr:A0A0R4IMT3;Rn:F1LP71
Q9HCK0	Q96MF6	57684	93058	ZBTB26	COQ10A	chromatin immunoprecipitation assay	27924024	Homo sapiens	GTRD	No	Mm:Q6P9Q3;Rn:D3ZG35	Dr:A2BF92	Dm:Q8MLL3;Mm:E9Q3H6;Rn:D3ZX74;Sc:Q08058	Ce:Q304F0;Dr:E9QFB6
Q9HCK0	Q9BTV4	57684	79188	ZBTB26	TMEM43	chromatin immunoprecipitation assay	27924024	Homo sapiens	GTRD	No	Mm:Q6P9Q3;Rn:D3ZG35	Dr:A2BF92	Dm:Q9VSB9;Mm:Q9DBS1;Rn:Q5XIP9	-
Q9HCK0	O15539	57684	8490	ZBTB26	RGS5	chromatin immunoprecipitation assay	27924024	Homo sapiens	GTRD	No	Mm:Q6P9Q3;Rn:D3ZG35	Dr:A2BF92	Dr:Q7T2D3;Mm:O08850	Rn:A0A0G2JVF3
Q9HCK0	P29558	57684	5937	ZBTB26	RBMS1	chromatin immunoprecipitation assay	27924024	Homo sapiens	GTRD	No	Mm:Q6P9Q3;Rn:D3ZG35	Dr:A2BF92	-	Mm:E9PZ21;Rn:A0A0G2K4R7
Q9HCK0	Q7L775	57684	9852	ZBTB26	EPM2AIP1	chromatin immunoprecipitation assay	27924024	Homo sapiens	GTRD	No	Mm:Q6P9Q3;Rn:D3ZG35	Dr:A2BF92	Mm:Q8VEH5;Rn:F1M471	-
Q9HCK0	Q70CQ2	57684	9736	ZBTB26	USP34	chromatin immunoprecipitation assay	27924024	Homo sapiens	GTRD	No	Mm:Q6P9Q3;Rn:D3ZG35	Dr:A2BF92	Dm:Q9VC56;Dr:A0A0G2KYP4;Rn:A0A0G2JTF5	Mm:Z4YLQ1
Q9HCK0	Q9HAB8	57684	79717	ZBTB26	PPCS	chromatin immunoprecipitation assay	27924024	Homo sapiens	GTRD	No	Mm:Q6P9Q3;Rn:D3ZG35	Dr:A2BF92	Ce:Q9BL36;Dr:F1QLS7;Mm:Q8VDG5;Rn:D4A6X7;Sc:P40506	Dm:Q7KN99
Q9HCK0	A0A1B0GUW7	57684	-	ZBTB26	SMIM27	chromatin immunoprecipitation assay	27924024	Homo sapiens	GTRD	No	Mm:Q6P9Q3;Rn:D3ZG35	Dr:A2BF92	-	-
Q9HCK0	Q5T440	57684	200205	ZBTB26	IBA57	chromatin immunoprecipitation assay	27924024	Homo sapiens	GTRD	No	Mm:Q6P9Q3;Rn:D3ZG35	Dr:A2BF92	Ce:G5EE11;Dm:Q9VHN4;Mm:Q8CAK1;Rn:D4ADG2	Dr:B8JMH0
Q9HCK0	Q69YN4	57684	25962	ZBTB26	VIRMA	chromatin immunoprecipitation assay	27924024	Homo sapiens	GTRD	No	Mm:Q6P9Q3;Rn:D3ZG35	Dr:A2BF92	Dm:Q9W1R5;Mm:A2AIV2;Rn:D3ZKC9	Dr:A0A0R4IAI1
Q9HCK0	Q8N3U4	57684	10735	ZBTB26	STAG2	chromatin immunoprecipitation assay	27924024	Homo sapiens	GTRD	No	Mm:Q6P9Q3;Rn:D3ZG35	Dr:A2BF92	Dr:A0A0R4IZR5;Mm:O35638;Rn:A0A0G2K4D9	-
Q9HCK0	Q8IUH4	57684	54503	ZBTB26	ZDHHC13	chromatin immunoprecipitation assay	27924024	Homo sapiens	GTRD	No	Mm:Q6P9Q3;Rn:D3ZG35	Dr:A2BF92	Dr:A0A0R4IQZ2;Mm:Q9CWU2;Rn:E9PU37	-
Q9HCK0	A5D8V6	57684	55048	ZBTB26	VPS37C	chromatin immunoprecipitation assay	27924024	Homo sapiens	GTRD	No	Mm:Q6P9Q3;Rn:D3ZG35	Dr:A2BF92	Mm:Q8R105;Rn:B5DFF4	-
Q9HCK0	Q6ZV65	57684	100129583;100631383	ZBTB26	FAM47E	chromatin immunoprecipitation assay	27924024	Homo sapiens	GTRD	No	Mm:Q6P9Q3;Rn:D3ZG35	Dr:A2BF92	Dr:A0PJQ6	-
Q9HCK0	P20338	57684	5867	ZBTB26	RAB4A	chromatin immunoprecipitation assay	27924024	Homo sapiens	GTRD	No	Mm:Q6P9Q3;Rn:D3ZG35	Dr:A2BF92	Ce:O17789;Mm:P56371;Rn:P05714	-
Q9HCK0	Q5T6C5	57684	127002	ZBTB26	ATXN7L2	chromatin immunoprecipitation assay	27924024	Homo sapiens	GTRD	No	Mm:Q6P9Q3;Rn:D3ZG35	Dr:A2BF92	Dr:F1QDM1;Mm:Q8C8K6;Rn:F7FKK4	-
Q9HCK0	Q13641	57684	7162	ZBTB26	TPBG	chromatin immunoprecipitation assay	27924024	Homo sapiens	GTRD	No	Mm:Q6P9Q3;Rn:D3ZG35	Dr:A2BF92	Dr:F1Q983;Mm:Q9Z0L0;Rn:Q5PQV5	-
Q9HCK0	Q0VDG4	57684	79634	ZBTB26	SCRN3	chromatin immunoprecipitation assay	27924024	Homo sapiens	GTRD	No	Mm:Q6P9Q3;Rn:D3ZG35	Dr:A2BF92	Dr:Q803W1;Mm:Q3TMH2;Rn:A0A0G2K189	-
Q9HCK0	Q9HBE1	57684	23598	ZBTB26	PATZ1	chromatin immunoprecipitation assay	27924024	Homo sapiens	GTRD	No	Mm:Q6P9Q3;Rn:D3ZG35	Dr:A2BF92	Dr:X1WGP9;Rn:D3ZX15	Mm:Q5NBY9
Q9HCK0	O75380	57684	4726	ZBTB26	NDUFS6	chromatin immunoprecipitation assay	27924024	Homo sapiens	GTRD	No	Mm:Q6P9Q3;Rn:D3ZG35	Dr:A2BF92	Ce:Q19724;Dm:Q9VMU0;Dr:Q1LWG2	Mm:A0A1Y7VM38;Rn:D3ZCZ9
Q9HCK0	Q96AP7	57684	90952	ZBTB26	ESAM	chromatin immunoprecipitation assay	27924024	Homo sapiens	GTRD	No	Mm:Q6P9Q3;Rn:D3ZG35	Dr:A2BF92	Dr:F1RB07;Mm:Q925F2;Rn:Q6AYD4	Dr:E7FDC8
Q9HCK0	Q9NUQ9	57684	51571	ZBTB26	CYRIB	chromatin immunoprecipitation assay	27924024	Homo sapiens	GTRD	No	Mm:Q6P9Q3;Rn:D3ZG35	Dr:A2BF92	Mm:Q921M7;Rn:B2GUZ9	Dr:Q6NYL6
Q9HCK0	Q15437	57684	10483	ZBTB26	SEC23B	chromatin immunoprecipitation assay	27924024	Homo sapiens	GTRD	No	Mm:Q6P9Q3;Rn:D3ZG35	Dr:A2BF92	Mm:Q9D662;Rn:D3ZCT7	-
Q9HCK0	Q8TAC1	57684	317671	ZBTB26	RFESD	chromatin immunoprecipitation assay	27924024	Homo sapiens	GTRD	No	Mm:Q6P9Q3;Rn:D3ZG35	Dr:A2BF92	Mm:Q8K2P6;Rn:D3ZF58	-
Q9HCK0	Q8IXZ2	57684	23144	ZBTB26	ZC3H3	chromatin immunoprecipitation assay	27924024	Homo sapiens	GTRD	No	Mm:Q6P9Q3;Rn:D3ZG35	Dr:A2BF92	Dr:E7FH07;Mm:Q8CHP0;Rn:D3ZKY5	-
Q9HCK0	Q92793	57684	1387	ZBTB26	CREBBP	chromatin immunoprecipitation assay	27924024	Homo sapiens	GTRD	No	Mm:Q6P9Q3;Rn:D3ZG35	Dr:A2BF92	Dr:A0A0R4IPF2;Rn:F1M9G7	Mm:F8VPR5
Q9HCK0	P17038	57684	7594	ZBTB26	ZNF43	chromatin immunoprecipitation assay	27924024	Homo sapiens	GTRD	No	Mm:Q6P9Q3;Rn:D3ZG35	Dr:A2BF92	-	-
Q9HCK0	Q9H1Z9	57684	83882	ZBTB26	TSPAN10	chromatin immunoprecipitation assay	27924024	Homo sapiens	GTRD	No	Mm:Q6P9Q3;Rn:D3ZG35	Dr:A2BF92	-	-
Q9HCK0	P11940	57684	26986	ZBTB26	PABPC1	chromatin immunoprecipitation assay	27924024	Homo sapiens	GTRD	No	Mm:Q6P9Q3;Rn:D3ZG35	Dr:A2BF92	Mm:P29341;Rn:Q9EPH8;Sc:P39684	-
Q9HCK0	Q15560	57684	6919	ZBTB26	TCEA2	chromatin immunoprecipitation assay	27924024	Homo sapiens	GTRD	No	Mm:Q6P9Q3;Rn:D3ZG35	Dr:A2BF92	Dr:F1QTS2;Mm:Q9QVN7;Rn:Q63799	-
Q9HCK0	Q9P2E3	57684	57169	ZBTB26	ZNFX1	chromatin immunoprecipitation assay	27924024	Homo sapiens	GTRD	No	Mm:Q6P9Q3;Rn:D3ZG35	Dr:A2BF92	Dr:A0A0R4IPD8;Mm:Q8R151;Rn:Q7TP99	-
Q9HCK0	Q9NRB3	57684	55501	ZBTB26	CHST12	chromatin immunoprecipitation assay	27924024	Homo sapiens	GTRD	No	Mm:Q6P9Q3;Rn:D3ZG35	Dr:A2BF92	Mm:Q99LL3	Dr:E9QBV9;Dr:F1REH7;Dr:E9QCR1;Dr:F1QKX1;Dr:A0A0G2KG56;Rn:Q498S0
Q9HCK0	Q9GZU7	57684	58190	ZBTB26	CTDSP1	chromatin immunoprecipitation assay	27924024	Homo sapiens	GTRD	No	Mm:Q6P9Q3;Rn:D3ZG35	Dr:A2BF92	Ce:Q8T3G2;Dm:M9PFN0;Dr:B0S5V5;Mm:P58466;Rn:B1WC24	-
Q9HCK0	Q9Y2D9	57684	22834	ZBTB26	ZNF652	chromatin immunoprecipitation assay	27924024	Homo sapiens	GTRD	No	Mm:Q6P9Q3;Rn:D3ZG35	Dr:A2BF92	Dm:A1ZBC5;Mm:Q5DU09;Rn:A1L1J6	-
Q9HCK0	Q92569	57684	8503	ZBTB26	PIK3R3	chromatin immunoprecipitation assay	27924024	Homo sapiens	GTRD	No	Mm:Q6P9Q3;Rn:D3ZG35	Dr:A2BF92	-	-
Q9HCK0	Q5T1Q4	57684	222553	ZBTB26	SLC35F1	chromatin immunoprecipitation assay	27924024	Homo sapiens	GTRD	No	Mm:Q6P9Q3;Rn:D3ZG35	Dr:A2BF92	Dr:F1Q4Z9;Mm:Q8BGK5	Rn:D3ZFM3
Q9HCK0	Q9BXW7	57684	27440	ZBTB26	HDHD5	chromatin immunoprecipitation assay	27924024	Homo sapiens	GTRD	No	Mm:Q6P9Q3;Rn:D3ZG35	Dr:A2BF92	Ce:Q9TYQ4;Dr:A0A0R4IJ50;Mm:Q91WM2;Rn:D3ZQB6;Sc:P36151	-
Q9HCK0	Q68CZ6	57684	79441	ZBTB26	HAUS3	chromatin immunoprecipitation assay	27924024	Homo sapiens	GTRD	No	Mm:Q6P9Q3;Rn:D3ZG35	Dr:A2BF92	Mm:Q8QZX2;Rn:B1WC65	Dr:Q08CD9
Q9HCK0	Q8N5G2	57684	55219	ZBTB26	MACO1	chromatin immunoprecipitation assay	27924024	Homo sapiens	GTRD	No	Mm:Q6P9Q3;Rn:D3ZG35	Dr:A2BF92	Ce:P91193;Dr:Q2TLY1;Dr:Q2TLY2;Mm:Q7TQE6;Rn:Q4V7D3	-
Q9HCK0	A6NKW6	57684	100132916	ZBTB26	SHISAL2B	chromatin immunoprecipitation assay	27924024	Homo sapiens	GTRD	No	Mm:Q6P9Q3;Rn:D3ZG35	Dr:A2BF92	Mm:Q9D1Y9;Rn:D4AB47	-
Q9HCK0	Q92692	57684	5819	ZBTB26	NECTIN2	chromatin immunoprecipitation assay	27924024	Homo sapiens	GTRD	No	Mm:Q6P9Q3;Rn:D3ZG35	Dr:A2BF92	Mm:P32507;Rn:A0A0G2KA71	-
Q9HCK0	P26196	57684	1656	ZBTB26	DDX6	chromatin immunoprecipitation assay	27924024	Homo sapiens	GTRD	No	Mm:Q6P9Q3;Rn:D3ZG35	Dr:A2BF92	Ce:Q95YF3;Dm:P23128;Dr:E7FD91;Mm:P54823;Rn:D3ZD73;Sc:P39517	-
Q9HCK0	Q6MZT1	57684	401190	ZBTB26	RGS7BP	chromatin immunoprecipitation assay	27924024	Homo sapiens	GTRD	No	Mm:Q6P9Q3;Rn:D3ZG35	Dr:A2BF92	Dr:Q08BU8;Mm:Q8BQP9	-
Q9HCK0	O15460	57684	8974	ZBTB26	P4HA2	chromatin immunoprecipitation assay	27924024	Homo sapiens	GTRD	No	Mm:Q6P9Q3;Rn:D3ZG35	Dr:A2BF92	Dr:A0A286Y8C8;Rn:D3ZGT6	Mm:Q5SX75
Q9HCK0	Q7L3T8	57684	25973	ZBTB26	PARS2	chromatin immunoprecipitation assay	27924024	Homo sapiens	GTRD	No	Mm:Q6P9Q3;Rn:D3ZG35	Dr:A2BF92	Ce:O45869;Dm:Q9VZY9;Dr:F1QHZ4;Rn:Q5M7W7;Sc:P39965	-
Q9HCK0	Q6UX98	57684	254359	ZBTB26	ZDHHC24	chromatin immunoprecipitation assay	27924024	Homo sapiens	GTRD	No	Mm:Q6P9Q3;Rn:D3ZG35	Dr:A2BF92	Dr:F1QGD2;Mm:Q6IR37;Rn:Q2TGI5	-
Q9HCK0	Q9Y6Y0	57684	10625	ZBTB26	IVNS1ABP	chromatin immunoprecipitation assay	27924024	Homo sapiens	GTRD	No	Mm:Q6P9Q3;Rn:D3ZG35	Dr:A2BF92	Ce:Q21854;Dr:Q5RG82;Mm:Q920Q8;Rn:A0A0G2K427	-
Q9HCK0	Q9NS18	57684	51022	ZBTB26	GLRX2	chromatin immunoprecipitation assay	27924024	Homo sapiens	GTRD	No	Mm:Q6P9Q3;Rn:D3ZG35	Dr:A2BF92	Mm:Q923X4;Rn:Q6AXW1	Dr:A0A0R4IXU6
Q9HCK0	Q96PG8	57684	27113	ZBTB26	BBC3	chromatin immunoprecipitation assay	27924024	Homo sapiens	GTRD	No	Mm:Q6P9Q3;Rn:D3ZG35	Dr:A2BF92	Ce:Q9NAR3	-
Q9HCK0	Q9Y2G1	57684	745	ZBTB26	MYRF	chromatin immunoprecipitation assay	27924024	Homo sapiens	GTRD	No	Mm:Q6P9Q3;Rn:D3ZG35	Dr:A2BF92	Mm:Q3UR85;Rn:D4A352	Dr:E7EYK0
Q9HCK0	Q8TED4	57684	219855	ZBTB26	SLC37A2	chromatin immunoprecipitation assay	27924024	Homo sapiens	GTRD	No	Mm:Q6P9Q3;Rn:D3ZG35	Dr:A2BF92	Dr:A0A2R9YJP9;Mm:Q9WU81;Rn:D3ZS16	-
Q9HCK0	Q5JPF3	57684	-	ZBTB26	ANKRD36C	chromatin immunoprecipitation assay	27924024	Homo sapiens	GTRD	No	Mm:Q6P9Q3;Rn:D3ZG35	Dr:A2BF92	-	-
Q9HCK0	E7EVH7	57684	-	ZBTB26	-	chromatin immunoprecipitation assay	27924024	Homo sapiens	GTRD	No	Mm:Q6P9Q3;Rn:D3ZG35	Dr:A2BF92	-	-
Q9HCK0	Q96F44	57684	81559	ZBTB26	TRIM11	chromatin immunoprecipitation assay	27924024	Homo sapiens	GTRD	No	Mm:Q6P9Q3;Rn:D3ZG35	Dr:A2BF92	Mm:Q99PQ2;Rn:B1H278	-
Q9HCK0	O75569	57684	8575	ZBTB26	PRKRA	chromatin immunoprecipitation assay	27924024	Homo sapiens	GTRD	No	Mm:Q6P9Q3;Rn:D3ZG35	Dr:A2BF92	Mm:Q9WTX2;Rn:G3V7J2	-
Q9HCK0	Q9NZU5	57684	29995	ZBTB26	LMCD1	chromatin immunoprecipitation assay	27924024	Homo sapiens	GTRD	No	Mm:Q6P9Q3;Rn:D3ZG35	Dr:A2BF92	Mm:Q8VEE1;Rn:Q6AYF2	Dr:E7FCK0
Q9HCK0	Q9NZ56	57684	56776	ZBTB26	FMN2	chromatin immunoprecipitation assay	27924024	Homo sapiens	GTRD	No	Mm:Q6P9Q3;Rn:D3ZG35	Dr:A2BF92	Mm:Q9JL04;Rn:A0A0G2JZ27	Dr:E7F517
Q9HCK0	Q99567	57684	4927	ZBTB26	NUP88	chromatin immunoprecipitation assay	27924024	Homo sapiens	GTRD	No	Mm:Q6P9Q3;Rn:D3ZG35	Dr:A2BF92	Dm:Q9GYU8;Dr:A2CEI4;Mm:Q8CEC0;Rn:O08658	-
Q9HCK0	Q5JR59	57684	23281	ZBTB26	MTUS2	chromatin immunoprecipitation assay	27924024	Homo sapiens	GTRD	No	Mm:Q6P9Q3;Rn:D3ZG35	Dr:A2BF92	Mm:Q3UHD3	Rn:A0A0G2K4U7
Q9HCK0	O95528	57684	81031	ZBTB26	SLC2A10	chromatin immunoprecipitation assay	27924024	Homo sapiens	GTRD	No	Mm:Q6P9Q3;Rn:D3ZG35	Dr:A2BF92	Mm:Q8VHD6	Dr:F1R0H0;Rn:D3ZVY8
Q9HCK0	Q9NVC6	57684	9440	ZBTB26	MED17	chromatin immunoprecipitation assay	27924024	Homo sapiens	GTRD	No	Mm:Q6P9Q3;Rn:D3ZG35	Dr:A2BF92	-	-
Q9HCK0	Q9NPB1	57684	56953	ZBTB26	NT5M	chromatin immunoprecipitation assay	27924024	Homo sapiens	GTRD	No	Mm:Q6P9Q3;Rn:D3ZG35	Dr:A2BF92	-	-
Q9HCK0	Q96S97	57684	91663	ZBTB26	MYADM	chromatin immunoprecipitation assay	27924024	Homo sapiens	GTRD	No	Mm:Q6P9Q3;Rn:D3ZG35	Dr:A2BF92	Dr:B0S636;Mm:O35682;Rn:Q05BA4	-
Q9HCK0	Q7Z3E1	57684	25976	ZBTB26	TIPARP	chromatin immunoprecipitation assay	27924024	Homo sapiens	GTRD	No	Mm:Q6P9Q3;Rn:D3ZG35	Dr:A2BF92	Mm:Q8C1B2;Rn:D3ZMH5	Dr:F8W3Q5
Q9HCK0	Q9BVW5	57684	54962	ZBTB26	TIPIN	chromatin immunoprecipitation assay	27924024	Homo sapiens	GTRD	No	Mm:Q6P9Q3;Rn:D3ZG35	Dr:A2BF92	Dr:G1K2L6;Mm:Q91WA1;Rn:F1LM96	Rn:F1M2N9
Q9HCK0	Q13114	57684	7187	ZBTB26	TRAF3	chromatin immunoprecipitation assay	27924024	Homo sapiens	GTRD	No	Mm:Q6P9Q3;Rn:D3ZG35	Dr:A2BF92	Dr:Q6DEG0;Mm:Q60803	Rn:A0A0G2K7X2
Q9HCK0	Q9HCC9	57684	57732	ZBTB26	ZFYVE28	chromatin immunoprecipitation assay	27924024	Homo sapiens	GTRD	No	Mm:Q6P9Q3;Rn:D3ZG35	Dr:A2BF92	Ce:Q9TZD0;Dr:F1Q5L9;Mm:Q6ZPK7;Rn:D3ZTZ1	-
Q9HCK0	Q96K58	57684	79759	ZBTB26	ZNF668	chromatin immunoprecipitation assay	27924024	Homo sapiens	GTRD	No	Mm:Q6P9Q3;Rn:D3ZG35	Dr:A2BF92	-	-
Q9HCK0	Q8TF39	57684	158399	ZBTB26	ZNF483	chromatin immunoprecipitation assay	27924024	Homo sapiens	GTRD	No	Mm:Q6P9Q3;Rn:D3ZG35	Dr:A2BF92	Mm:A2ALW2	Rn:Q99PJ8
Q9HCK0	O95427	57684	23556	ZBTB26	PIGN	chromatin immunoprecipitation assay	27924024	Homo sapiens	GTRD	No	Mm:Q6P9Q3;Rn:D3ZG35	Dr:A2BF92	-	-
Q9HCK0	Q9UM01	57684	9056	ZBTB26	SLC7A7	chromatin immunoprecipitation assay	27924024	Homo sapiens	GTRD	No	Mm:Q6P9Q3;Rn:D3ZG35	Dr:A2BF92	Ce:Q19151;Mm:Q9Z1K8	Rn:Q9R0S5
Q9HCK0	Q96RY5	57684	57585	ZBTB26	CRAMP1	chromatin immunoprecipitation assay	27924024	Homo sapiens	GTRD	No	Mm:Q6P9Q3;Rn:D3ZG35	Dr:A2BF92	Mm:Q6PG95;Rn:D3ZNU3	-
Q9HCK0	Q7L1T6	57684	51167	ZBTB26	CYB5R4	chromatin immunoprecipitation assay	27924024	Homo sapiens	GTRD	No	Mm:Q6P9Q3;Rn:D3ZG35	Dr:A2BF92	Ce:Q9XWF1;Dm:A1ZBK6;Mm:Q3TDX8;Rn:A0A0G2JSK2	-
Q9HCK0	Q96C19	57684	79180	ZBTB26	EFHD2	chromatin immunoprecipitation assay	27924024	Homo sapiens	GTRD	No	Mm:Q6P9Q3;Rn:D3ZG35	Dr:A2BF92	Dr:Q1LVD7;Mm:Q8C845;Rn:Q4FZY0	-
Q9HCK0	P11413	57684	2539	ZBTB26	G6PD	chromatin immunoprecipitation assay	27924024	Homo sapiens	GTRD	No	Mm:Q6P9Q3;Rn:D3ZG35	Dr:A2BF92	Ce:Q27464;Mm:Q00612;Rn:P05370;Sc:P11412	Dm:X2JEF0
Q9HCK0	V9GY48	57684	-	ZBTB26	-	chromatin immunoprecipitation assay	27924024	Homo sapiens	GTRD	No	Mm:Q6P9Q3;Rn:D3ZG35	Dr:A2BF92	-	-
Q9HCK0	Q15648	57684	5469	ZBTB26	MED1	chromatin immunoprecipitation assay	27924024	Homo sapiens	GTRD	No	Mm:Q6P9Q3;Rn:D3ZG35	Dr:A2BF92	Dm:Q9VP05;Dr:B8JM88;Mm:Q925J9;Rn:D3ZRN2	-
Q9HCK0	Q2KHR3	57684	79832	ZBTB26	QSER1	chromatin immunoprecipitation assay	27924024	Homo sapiens	GTRD	No	Mm:Q6P9Q3;Rn:D3ZG35	Dr:A2BF92	-	-
Q9HCK0	Q96D42	57684	26762	ZBTB26	HAVCR1	chromatin immunoprecipitation assay	27924024	Homo sapiens	GTRD	No	Mm:Q6P9Q3;Rn:D3ZG35	Dr:A2BF92	Mm:A8C1R4;Mm:A0A0A0MQ86;Rn:Q5FVR0	Rn:G3V6W3
Q9HCK0	O75367	57684	9555	ZBTB26	MACROH2A1	chromatin immunoprecipitation assay	27924024	Homo sapiens	GTRD	No	Mm:Q6P9Q3;Rn:D3ZG35	Dr:A2BF92	Mm:Q9QZQ8;Rn:Q02874	-
Q9HCK0	Q9BQE5	57684	23780	ZBTB26	APOL2	chromatin immunoprecipitation assay	27924024	Homo sapiens	GTRD	No	Mm:Q6P9Q3;Rn:D3ZG35	Dr:A2BF92	-	-
Q9HCK0	Q9Y265	57684	8607	ZBTB26	RUVBL1	chromatin immunoprecipitation assay	27924024	Homo sapiens	GTRD	No	Mm:Q6P9Q3;Rn:D3ZG35	Dr:A2BF92	Ce:O17607;Dm:Q9VH07;Dr:Q6IQT8;Mm:P60122;Sc:Q03940	Rn:P60123
Q9HCK0	Q8TES7	57684	85302	ZBTB26	FBF1	chromatin immunoprecipitation assay	27924024	Homo sapiens	GTRD	No	Mm:Q6P9Q3;Rn:D3ZG35	Dr:A2BF92	Mm:A2A870;Rn:F1LSG3	-
Q9HCK0	Q8N465	57684	728294	ZBTB26	D2HGDH	chromatin immunoprecipitation assay	27924024	Homo sapiens	GTRD	No	Mm:Q6P9Q3;Rn:D3ZG35	Dr:A2BF92	Ce:G5EE46;Dm:Q7K511;Dr:F1R1R3;Mm:Q8CIM3;Rn:P84850;Sc:P46681;Sc:P39976	-
Q9HCK0	Q96FC7	57684	84457	ZBTB26	PHYHIPL	chromatin immunoprecipitation assay	27924024	Homo sapiens	GTRD	No	Mm:Q6P9Q3;Rn:D3ZG35	Dr:A2BF92	Mm:Q8BGT8;Rn:Q6AYN4	Dr:R4GEU4
Q9HCK0	Q15771	57684	27314	ZBTB26	RAB30	chromatin immunoprecipitation assay	27924024	Homo sapiens	GTRD	No	Mm:Q6P9Q3;Rn:D3ZG35	Dr:A2BF92	Dm:Q9VM50;Dr:Q6DGB3;Mm:Q923S9;Rn:A0A0G2JTT4	Ce:I7FW43
Q9HCK0	Q8NEM7	57684	55578	ZBTB26	SUPT20H	chromatin immunoprecipitation assay	27924024	Homo sapiens	GTRD	No	Mm:Q6P9Q3;Rn:D3ZG35	Dr:A2BF92	Rn:A0A0G2KAS5	Dr:E9QI95;Mm:A0A0G2JGY6
Q9HCK0	Q96K80	57684	84872	ZBTB26	ZC3H10	chromatin immunoprecipitation assay	27924024	Homo sapiens	GTRD	No	Mm:Q6P9Q3;Rn:D3ZG35	Dr:A2BF92	Dr:Q6ZM22;Mm:Q8R205;Rn:D3ZLM7	-
Q9HCK0	P17987	57684	6950	ZBTB26	TCP1	chromatin immunoprecipitation assay	27924024	Homo sapiens	GTRD	No	Mm:Q6P9Q3;Rn:D3ZG35	Dr:A2BF92	Ce:P41988;Dm:P12613;Mm:P11983;Rn:P28480;Sc:P12612	Dr:Q803P2
Q9HCK0	Q9P0T4	57684	51545	ZBTB26	ZNF581	chromatin immunoprecipitation assay	27924024	Homo sapiens	GTRD	No	Mm:Q6P9Q3;Rn:D3ZG35	Dr:A2BF92	-	Dr:A0A0R4IJT0
Q9HCK0	P49750	57684	56252	ZBTB26	YLPM1	chromatin immunoprecipitation assay	27924024	Homo sapiens	GTRD	No	Mm:Q6P9Q3;Rn:D3ZG35	Dr:A2BF92	Dr:F6P6X1;Rn:A0A0G2JYQ3	Mm:D3YWX2
Q9HCK0	O00193	57684	10944	ZBTB26	SMAP	chromatin immunoprecipitation assay	27924024	Homo sapiens	GTRD	No	Mm:Q6P9Q3;Rn:D3ZG35	Dr:A2BF92	Mm:Q9R0P4;Rn:G3V8R0	-
Q9HCK0	Q8NFP0	57684	222659	ZBTB26	PXT1	chromatin immunoprecipitation assay	27924024	Homo sapiens	GTRD	No	Mm:Q6P9Q3;Rn:D3ZG35	Dr:A2BF92	-	Mm:A0A3B2WCX9
Q9HCK0	Q7L7X3	57684	57551	ZBTB26	TAOK1	chromatin immunoprecipitation assay	27924024	Homo sapiens	GTRD	No	Mm:Q6P9Q3;Rn:D3ZG35	Dr:A2BF92	Dr:A0A0R4IP53;Mm:Q5F2E8	Rn:F1M9G6
Q9HCK0	A0A087WV48	57684	-	ZBTB26	-	chromatin immunoprecipitation assay	27924024	Homo sapiens	GTRD	No	Mm:Q6P9Q3;Rn:D3ZG35	Dr:A2BF92	-	-
Q9HCK0	Q9HAC7	57684	79783	ZBTB26	SUGCT	chromatin immunoprecipitation assay	27924024	Homo sapiens	GTRD	No	Mm:Q6P9Q3;Rn:D3ZG35	Dr:A2BF92	-	-
Q9HCK0	Q9NWU2	57684	54994	ZBTB26	GID8	chromatin immunoprecipitation assay	27924024	Homo sapiens	GTRD	No	Mm:Q6P9Q3;Rn:D3ZG35	Dr:A2BF92	Dm:Q9VWS1;Dr:E7FGY2;Mm:Q9D7M1;Rn:Q6YDN8	-
Q9HCK0	Q99879	57684	8342	ZBTB26	H2BC14	chromatin immunoprecipitation assay	27924024	Homo sapiens	GTRD	No	Mm:Q6P9Q3;Rn:D3ZG35	Dr:A2BF92	-	-
Q9HCK0	Q08431	57684	4240	ZBTB26	MFGE8	chromatin immunoprecipitation assay	27924024	Homo sapiens	GTRD	No	Mm:Q6P9Q3;Rn:D3ZG35	Dr:A2BF92	Mm:P21956	Dr:A2RRT1;Dr:A4QP32;Rn:Q1PBJ1
Q9HCK0	Q8IWX8	57684	10523	ZBTB26	CHERP	chromatin immunoprecipitation assay	27924024	Homo sapiens	GTRD	No	Mm:Q6P9Q3;Rn:D3ZG35	Dr:A2BF92	Ce:G5ED97;Dm:Q59E33;Mm:A0A1D5RL92;Rn:D3ZAX5	Dr:F1RC75
Q9HCK0	P40306	57684	5699	ZBTB26	PSMB10	chromatin immunoprecipitation assay	27924024	Homo sapiens	GTRD	No	Mm:Q6P9Q3;Rn:D3ZG35	Dr:A2BF92	Mm:O35955;Rn:Q4KM35	Dr:F1QR78
Q9HCK0	Q2T9L4	57684	388135	ZBTB26	INSYN1	chromatin immunoprecipitation assay	27924024	Homo sapiens	GTRD	No	Mm:Q6P9Q3;Rn:D3ZG35	Dr:A2BF92	Mm:Q8CD60	Dr:Q1L899;Rn:B0BN13
Q9HCK0	Q53FA7	57684	9540	ZBTB26	TP53I3	chromatin immunoprecipitation assay	27924024	Homo sapiens	GTRD	No	Mm:Q6P9Q3;Rn:D3ZG35	Dr:A2BF92	-	Dr:A0A286YBD8
Q9HCK0	Q8TE60	57684	170692	ZBTB26	ADAMTS18	chromatin immunoprecipitation assay	27924024	Homo sapiens	GTRD	No	Mm:Q6P9Q3;Rn:D3ZG35	Dr:A2BF92	Mm:Q4VC17	Rn:D3Z8G4
Q9HCK0	A5PLL7	57684	387521;387522	ZBTB26	TMEM189	chromatin immunoprecipitation assay	27924024	Homo sapiens	GTRD	No	Mm:Q6P9Q3;Rn:D3ZG35	Dr:A2BF92	Ce:Q9XW52;Dm:Q9V3B5	Dr:F1QCT4;Rn:A0A0G2JUA8
Q9HCK0	Q9BSW2	57684	84766	ZBTB26	CRACR2A	chromatin immunoprecipitation assay	27924024	Homo sapiens	GTRD	No	Mm:Q6P9Q3;Rn:D3ZG35	Dr:A2BF92	Mm:Q3UP38	Dr:E7F1M7
Q9HCK0	Q8NE00	57684	54868	ZBTB26	TMEM104	chromatin immunoprecipitation assay	27924024	Homo sapiens	GTRD	No	Mm:Q6P9Q3;Rn:D3ZG35	Dr:A2BF92	Ce:Q17598;Dm:Q9VPF8;Dr:E7F9F2;Mm:Q3TB48;Rn:D3ZU40	-
Q9HCK0	P10071	57684	2737	ZBTB26	GLI3	chromatin immunoprecipitation assay	27924024	Homo sapiens	GTRD	No	Mm:Q6P9Q3;Rn:D3ZG35	Dr:A2BF92	Dr:F1QSH8;Mm:Q61602;Rn:F1M9H1	-
Q9HCK0	Q9Y4H2	57684	8660	ZBTB26	IRS2	chromatin immunoprecipitation assay	27924024	Homo sapiens	GTRD	No	Mm:Q6P9Q3;Rn:D3ZG35	Dr:A2BF92	Dr:A0A0R4IKQ9;Mm:P81122;Rn:F1MAL5	-
Q9HCK0	Q13426	57684	7518	ZBTB26	XRCC4	chromatin immunoprecipitation assay	27924024	Homo sapiens	GTRD	No	Mm:Q6P9Q3;Rn:D3ZG35	Dr:A2BF92	Mm:A0A0R4J024;Rn:Q5XI44	Dr:Q6PBP2
Q9HCK0	A1A5C7	57684	63027	ZBTB26	SLC22A23	chromatin immunoprecipitation assay	27924024	Homo sapiens	GTRD	No	Mm:Q6P9Q3;Rn:D3ZG35	Dr:A2BF92	Mm:Q3UHH2;Rn:Q9QZG1	-
Q9HCK0	P63165	57684	7341	ZBTB26	SUMO1	chromatin immunoprecipitation assay	27924024	Homo sapiens	GTRD	No	Mm:Q6P9Q3;Rn:D3ZG35	Dr:A2BF92	Ce:P55853;Dr:Q7SZR5;Mm:P63166;Rn:Q5I0H3	-
Q9HCK0	Q96H55	57684	80179	ZBTB26	MYO19	chromatin immunoprecipitation assay	27924024	Homo sapiens	GTRD	No	Mm:Q6P9Q3;Rn:D3ZG35	Dr:A2BF92	Mm:Q5SV80;Rn:D3Z8I9	-
Q9HCK0	O75165	57684	23317	ZBTB26	DNAJC13	chromatin immunoprecipitation assay	27924024	Homo sapiens	GTRD	No	Mm:Q6P9Q3;Rn:D3ZG35	Dr:A2BF92	Ce:G5ED36;Dm:A1Z7S0;Mm:G3X922;Rn:D3ZN27	-
Q9HCK0	Q969M7	57684	140739	ZBTB26	UBE2F	chromatin immunoprecipitation assay	27924024	Homo sapiens	GTRD	No	Mm:Q6P9Q3;Rn:D3ZG35	Dr:A2BF92	Ce:Q9XVK5	-
Q9HCK0	Q96SK2	57684	84928	ZBTB26	TMEM209	chromatin immunoprecipitation assay	27924024	Homo sapiens	GTRD	No	Mm:Q6P9Q3;Rn:D3ZG35	Dr:A2BF92	Mm:Q8BRG8;Rn:Q68FR5	Dm:Q8IQQ8;Dr:F6P528
Q9HCK0	Q9Y678	57684	22820	ZBTB26	COPG1	chromatin immunoprecipitation assay	27924024	Homo sapiens	GTRD	No	Mm:Q6P9Q3;Rn:D3ZG35	Dr:A2BF92	Mm:Q9QZE5	Rn:A0A0G2K1F3
Q9HCK0	Q08945	57684	6749	ZBTB26	SSRP1	chromatin immunoprecipitation assay	27924024	Homo sapiens	GTRD	No	Mm:Q6P9Q3;Rn:D3ZG35	Dr:A2BF92	Ce:O01683;Ce:P41848;Dm:Q05344;Mm:Q08943;Rn:Q04931;Sc:Q04636	Dr:B8A5B7
Q9HCK0	Q86UL8	57684	9863	ZBTB26	MAGI2	chromatin immunoprecipitation assay	27924024	Homo sapiens	GTRD	No	Mm:Q6P9Q3;Rn:D3ZG35	Dr:A2BF92	Mm:Q9WVQ1;Rn:D3ZY03	Dr:Q5VSD9
Q9HCK0	Q9BQT8	57684	89874	ZBTB26	SLC25A21	chromatin immunoprecipitation assay	27924024	Homo sapiens	GTRD	No	Mm:Q6P9Q3;Rn:D3ZG35	Dr:A2BF92	Ce:O62347;Dm:Q9V3T2;Mm:Q8BZ09	Dr:F1R9P1;Rn:A0A140TAF1
Q9HCK0	Q9BQ49	57684	79086	ZBTB26	SMIM7	chromatin immunoprecipitation assay	27924024	Homo sapiens	GTRD	No	Mm:Q6P9Q3;Rn:D3ZG35	Dr:A2BF92	Mm:Q5RKS2;Rn:B0BN70	Dr:A0A140LG58
Q9HCK0	E9PLD3	57684	-	ZBTB26	-	chromatin immunoprecipitation assay	27924024	Homo sapiens	GTRD	No	Mm:Q6P9Q3;Rn:D3ZG35	Dr:A2BF92	-	-
Q9HCK0	Q9Y2E8	57684	23315	ZBTB26	SLC9A8	chromatin immunoprecipitation assay	27924024	Homo sapiens	GTRD	No	Mm:Q6P9Q3;Rn:D3ZG35	Dr:A2BF92	Ce:G5EBN7;Dm:Q9VPJ1;Mm:Q8R4D1;Rn:G3V756	-
Q9HCK0	Q8WWI1	57684	4008	ZBTB26	LMO7	chromatin immunoprecipitation assay	27924024	Homo sapiens	GTRD	No	Mm:Q6P9Q3;Rn:D3ZG35	Dr:A2BF92	-	-
Q9HCK0	Q01130	57684	6427	ZBTB26	SRSF2	chromatin immunoprecipitation assay	27924024	Homo sapiens	GTRD	No	Mm:Q6P9Q3;Rn:D3ZG35	Dr:A2BF92	Dm:Q9V3T8;Dr:Q7ZV13;Dr:Q6NZT9;Mm:Q62093;Rn:Q6PDU1	-
Q9HCK0	H0YL85	57684	-	ZBTB26	ARPIN-AP3S2	chromatin immunoprecipitation assay	27924024	Homo sapiens	GTRD	No	Mm:Q6P9Q3;Rn:D3ZG35	Dr:A2BF92	-	-
Q9HCK0	Q96QH8	57684	389852;729201	ZBTB26	SPACA5;SPACA5B	chromatin immunoprecipitation assay	27924024	Homo sapiens	GTRD	No	Mm:Q6P9Q3;Rn:D3ZG35	Dr:A2BF92	-	-
Q9HCK0	Q9HCU4	57684	1952	ZBTB26	CELSR2	chromatin immunoprecipitation assay	27924024	Homo sapiens	GTRD	No	Mm:Q6P9Q3;Rn:D3ZG35	Dr:A2BF92	Rn:G3V8P3	Mm:Q9R0M0
Q9HCK0	Q15345	57684	10489	ZBTB26	LRRC41	chromatin immunoprecipitation assay	27924024	Homo sapiens	GTRD	No	Mm:Q6P9Q3;Rn:D3ZG35	Dr:A2BF92	Dr:I3IS54;Mm:Q8K1C9;Rn:Q5M9H1	-
Q9HCK0	Q13325	57684	24138	ZBTB26	IFIT5	chromatin immunoprecipitation assay	27924024	Homo sapiens	GTRD	No	Mm:Q6P9Q3;Rn:D3ZG35	Dr:A2BF92	-	-
Q9HCK0	P25325	57684	4357	ZBTB26	MPST	chromatin immunoprecipitation assay	27924024	Homo sapiens	GTRD	No	Mm:Q6P9Q3;Rn:D3ZG35	Dr:A2BF92	Dr:F1Q9K6;Mm:Q99J99;Rn:P97532	-
Q9HCK0	O75064	57684	9909	ZBTB26	DENND4B	chromatin immunoprecipitation assay	27924024	Homo sapiens	GTRD	No	Mm:Q6P9Q3;Rn:D3ZG35	Dr:A2BF92	Ce:U4PBM1;Mm:Q3U1Y4	Dr:A0A0R4IBI0;Rn:F1LTT7
Q9HCK0	Q9H501	57684	51575	ZBTB26	ESF1	chromatin immunoprecipitation assay	27924024	Homo sapiens	GTRD	No	Mm:Q6P9Q3;Rn:D3ZG35	Dr:A2BF92	Dm:O46307;Dr:B8JKQ1;Mm:Q3V1V3;Rn:Q76MT4	-
Q9HCK0	Q6UVK1	57684	1464	ZBTB26	CSPG4	chromatin immunoprecipitation assay	27924024	Homo sapiens	GTRD	No	Mm:Q6P9Q3;Rn:D3ZG35	Dr:A2BF92	Dm:Q9VJ82;Mm:Q8VHY0;Rn:F1LS79	Dr:E7FCN9
Q9HCK0	Q8NBM4	57684	337867	ZBTB26	UBAC2	chromatin immunoprecipitation assay	27924024	Homo sapiens	GTRD	No	Mm:Q6P9Q3;Rn:D3ZG35	Dr:A2BF92	Dr:E9QBH8;Mm:Q8R1K1;Rn:F1LQF5	-
Q9HCK0	P46779	57684	6158	ZBTB26	RPL28	chromatin immunoprecipitation assay	27924024	Homo sapiens	GTRD	No	Mm:Q6P9Q3;Rn:D3ZG35	Dr:A2BF92	Ce:Q21930;Dm:Q9VZS5;Mm:P41105;Rn:Q642E2	Dr:F1QFV6;Rn:D3ZJD3
Q9HCK0	Q9NQC1	57684	23338	ZBTB26	JADE2	chromatin immunoprecipitation assay	27924024	Homo sapiens	GTRD	No	Mm:Q6P9Q3;Rn:D3ZG35	Dr:A2BF92	-	-
Q9HCK0	Q7Z4F1	57684	26020	ZBTB26	LRP10	chromatin immunoprecipitation assay	27924024	Homo sapiens	GTRD	No	Mm:Q6P9Q3;Rn:D3ZG35	Dr:A2BF92	Mm:Q7TQH7;Rn:Q496Z8	-
Q9HCK0	Q96ER9	57684	79714	ZBTB26	CCDC51	chromatin immunoprecipitation assay	27924024	Homo sapiens	GTRD	No	Mm:Q6P9Q3;Rn:D3ZG35	Dr:A2BF92	Ce:H2KZ70;Dr:F1QRW6;Mm:Q3URS9	Rn:A0A0G2JXH2
Q9HCK0	Q8WVI0	57684	440957	ZBTB26	SMIM4	chromatin immunoprecipitation assay	27924024	Homo sapiens	GTRD	No	Mm:Q6P9Q3;Rn:D3ZG35	Dr:A2BF92	Dm:Q9W3T5;Dr:E7FFR8;Mm:Q8C1Q6	-
Q9HCK0	Q8WXX5	57684	23234	ZBTB26	DNAJC9	chromatin immunoprecipitation assay	27924024	Homo sapiens	GTRD	No	Mm:Q6P9Q3;Rn:D3ZG35	Dr:A2BF92	Ce:Q22751;Dm:Q9VGR7;Dr:F1QZM2;Mm:Q91WN1;Rn:A8QIC3	-
Q9HCK0	Q13224	57684	2904	ZBTB26	GRIN2B	chromatin immunoprecipitation assay	27924024	Homo sapiens	GTRD	No	Mm:Q6P9Q3;Rn:D3ZG35	Dr:A2BF92	Dr:A2BH14;Mm:G3X9V4	Rn:G3V746
Q9HCK0	Q9Y2H0	57684	22839	ZBTB26	DLGAP4	chromatin immunoprecipitation assay	27924024	Homo sapiens	GTRD	No	Mm:Q6P9Q3;Rn:D3ZG35	Dr:A2BF92	Mm:B1AZP2	Rn:G3V927
Q9HCK0	Q8N4H0	57684	55064	ZBTB26	SPATA6L	chromatin immunoprecipitation assay	27924024	Homo sapiens	GTRD	No	Mm:Q6P9Q3;Rn:D3ZG35	Dr:A2BF92	Mm:B2RV46	Rn:Q6AYJ3
Q9HCK0	P55199	57684	8178	ZBTB26	ELL	chromatin immunoprecipitation assay	27924024	Homo sapiens	GTRD	No	Mm:Q6P9Q3;Rn:D3ZG35	Dr:A2BF92	Ce:Q9N554;Dr:Q6PEG4;Mm:O08856;Rn:D4A753	-
Q9HCK0	P51159	57684	5873	ZBTB26	RAB27A	chromatin immunoprecipitation assay	27924024	Homo sapiens	GTRD	No	Mm:Q6P9Q3;Rn:D3ZG35	Dr:A2BF92	Dr:Q4V8U8;Mm:Q9ERI2;Rn:P23640	-
Q9HCK0	Q99576	57684	1831	ZBTB26	TSC22D3	chromatin immunoprecipitation assay	27924024	Homo sapiens	GTRD	No	Mm:Q6P9Q3;Rn:D3ZG35	Dr:A2BF92	Dr:Q6NTI0;Mm:Q9Z2S7;Rn:Q9EQZ1	-
Q9HCK0	S4R3T0	57684	-	ZBTB26	-	chromatin immunoprecipitation assay	27924024	Homo sapiens	GTRD	No	Mm:Q6P9Q3;Rn:D3ZG35	Dr:A2BF92	-	-
Q9HCK0	Q9H400	57684	54923	ZBTB26	LIME1	chromatin immunoprecipitation assay	27924024	Homo sapiens	GTRD	No	Mm:Q6P9Q3;Rn:D3ZG35	Dr:A2BF92	Mm:Q9EQR5;Rn:D4A1E8	-
Q9HCK0	Q9UNQ0	57684	9429	ZBTB26	ABCG2	chromatin immunoprecipitation assay	27924024	Homo sapiens	GTRD	No	Mm:Q6P9Q3;Rn:D3ZG35	Dr:A2BF92	Mm:A0A0R4J0B6;Rn:Q80W57	Dr:Q2Q444
Q9HCK0	H3BQV0	57684	-	ZBTB26	KLRC4-KLRK1	chromatin immunoprecipitation assay	27924024	Homo sapiens	GTRD	No	Mm:Q6P9Q3;Rn:D3ZG35	Dr:A2BF92	-	-
Q9HCK0	P46063	57684	5965	ZBTB26	RECQL	chromatin immunoprecipitation assay	27924024	Homo sapiens	GTRD	No	Mm:Q6P9Q3;Rn:D3ZG35	Dr:A2BF92	Mm:Q9Z129;Rn:Q6AYJ1	Ce:Q9TXJ8;Dr:Q498Z7
Q9HCK0	Q96SZ5	57684	84890	ZBTB26	ADO	chromatin immunoprecipitation assay	27924024	Homo sapiens	GTRD	No	Mm:Q6P9Q3;Rn:D3ZG35	Dr:A2BF92	Dm:Q9VSD8;Mm:Q6PDY2	Dr:F1QLC8
Q9HCK0	P50402	57684	2010	ZBTB26	EMD	chromatin immunoprecipitation assay	27924024	Homo sapiens	GTRD	No	Mm:Q6P9Q3;Rn:D3ZG35	Dr:A2BF92	Mm:O08579;Rn:Q6PCU4	-
Q9HCK0	Q9BZJ4	57684	51629	ZBTB26	SLC25A39	chromatin immunoprecipitation assay	27924024	Homo sapiens	GTRD	No	Mm:Q6P9Q3;Rn:D3ZG35	Dr:A2BF92	Dr:F1QVQ4;Mm:Q9D8K8;Rn:Q4V8K4	-
Q9HCK0	Q01543	57684	2313	ZBTB26	FLI1	chromatin immunoprecipitation assay	27924024	Homo sapiens	GTRD	No	Mm:Q6P9Q3;Rn:D3ZG35	Dr:A2BF92	Mm:P26323;Rn:Q4Z8P1	Dr:Q9PU61
Q9HCK0	Q9NRR5	57684	56893	ZBTB26	UBQLN4	chromatin immunoprecipitation assay	27924024	Homo sapiens	GTRD	No	Mm:Q6P9Q3;Rn:D3ZG35	Dr:A2BF92	Mm:Q99NB8;Rn:D4A3P1	Dr:E9QFX2
Q9HCK0	Q8NHQ1	57684	80321	ZBTB26	CEP70	chromatin immunoprecipitation assay	27924024	Homo sapiens	GTRD	No	Mm:Q6P9Q3;Rn:D3ZG35	Dr:A2BF92	Dr:A5WUW9;Mm:Q6IQY5	Rn:A0A0G2K3U9
Q9HCK0	Q15758	57684	6510	ZBTB26	SLC1A5	chromatin immunoprecipitation assay	27924024	Homo sapiens	GTRD	No	Mm:Q6P9Q3;Rn:D3ZG35	Dr:A2BF92	Mm:Q9ESU7	Dr:A0A0G2L9M2;Rn:D3ZJ25
Q9HCK0	O15144	57684	10109	ZBTB26	ARPC2	chromatin immunoprecipitation assay	27924024	Homo sapiens	GTRD	No	Mm:Q6P9Q3;Rn:D3ZG35	Dr:A2BF92	Ce:Q8WTM6;Dm:Q9VIM5;Dr:Q6P2T5;Mm:Q9CVB6;Rn:A0A0G2K9A2;Sc:P53731	-
Q9HCK0	P61457	57684	5092	ZBTB26	PCBD1	chromatin immunoprecipitation assay	27924024	Homo sapiens	GTRD	No	Mm:Q6P9Q3;Rn:D3ZG35	Dr:A2BF92	Ce:Q9TZH6;Dr:Q6PBI6;Mm:P61458;Rn:P61459	-
Q9HCK0	Q96E52	57684	115209	ZBTB26	OMA1	chromatin immunoprecipitation assay	27924024	Homo sapiens	GTRD	No	Mm:Q6P9Q3;Rn:D3ZG35	Dr:A2BF92	Dr:A0A0A0MPT5;Mm:Q9D8H7;Rn:D3ZS74	-
Q9HCK0	O75477	57684	10613	ZBTB26	ERLIN1	chromatin immunoprecipitation assay	27924024	Homo sapiens	GTRD	No	Mm:Q6P9Q3;Rn:D3ZG35	Dr:A2BF92	Rn:B1WBY7	Dr:Q58EG2;Mm:Q91X78
Q9HCK0	Q9NY64	57684	29988	ZBTB26	SLC2A8	chromatin immunoprecipitation assay	27924024	Homo sapiens	GTRD	No	Mm:Q6P9Q3;Rn:D3ZG35	Dr:A2BF92	Dm:A1Z8N1;Dm:Q8MKK4;Mm:Q9JIF3;Rn:Q9JJZ1	Dm:Q8IQH6;Dr:A0A0R4IIC8
Q9HCK0	Q9Y375	57684	51103	ZBTB26	NDUFAF1	chromatin immunoprecipitation assay	27924024	Homo sapiens	GTRD	No	Mm:Q6P9Q3;Rn:D3ZG35	Dr:A2BF92	Mm:A0A0R4J081;Rn:F1LWG4	Dr:B8A4N3
Q9HCK0	P83436	57684	91949	ZBTB26	COG7	chromatin immunoprecipitation assay	27924024	Homo sapiens	GTRD	No	Mm:Q6P9Q3;Rn:D3ZG35	Dr:A2BF92	Dm:Q9VAD6;Mm:A0A0R4J0Q9;Rn:Q3T1G7	-
Q9HCK0	P17482	57684	3219	ZBTB26	HOXB9	chromatin immunoprecipitation assay	27924024	Homo sapiens	GTRD	No	Mm:Q6P9Q3;Rn:D3ZG35	Dr:A2BF92	Dr:Q9PWM2;Mm:P20615	Rn:D3ZW24
Q9HCK0	Q96C28	57684	286075	ZBTB26	ZNF707	chromatin immunoprecipitation assay	27924024	Homo sapiens	GTRD	No	Mm:Q6P9Q3;Rn:D3ZG35	Dr:A2BF92	Rn:B1WC07;Rn:B1WC62	Mm:D3Z445
Q9HCK0	Q9NWS9	57684	55663	ZBTB26	ZNF446	chromatin immunoprecipitation assay	27924024	Homo sapiens	GTRD	No	Mm:Q6P9Q3;Rn:D3ZG35	Dr:A2BF92	Mm:Q8C9M8	-
Q9HCK0	Q9NQR4	57684	56954	ZBTB26	NIT2	chromatin immunoprecipitation assay	27924024	Homo sapiens	GTRD	No	Mm:Q6P9Q3;Rn:D3ZG35	Dr:A2BF92	Dm:Q9VHE4;Dr:F1R818;Mm:Q9JHW2;Rn:Q497B0;Sc:P49954	-
Q9HCK0	B2RUY7	57684	402117	ZBTB26	VWC2L	chromatin immunoprecipitation assay	27924024	Homo sapiens	GTRD	No	Mm:Q6P9Q3;Rn:D3ZG35	Dr:A2BF92	Dr:B0UZC8;Mm:Q505H4;Rn:D4A0X1	-
Q9HCK0	Q8WVX3	57684	401152	ZBTB26	C4orf3	chromatin immunoprecipitation assay	27924024	Homo sapiens	GTRD	No	Mm:Q6P9Q3;Rn:D3ZG35	Dr:A2BF92	Mm:Q99M08;Rn:Q498U0	-
Q9HCK0	Q8NG11	57684	81619	ZBTB26	TSPAN14	chromatin immunoprecipitation assay	27924024	Homo sapiens	GTRD	No	Mm:Q6P9Q3;Rn:D3ZG35	Dr:A2BF92	Dr:B8JL23;Mm:Q8QZY6;Rn:D4A0Z1	-
Q9HCK0	P01023	57684	2	ZBTB26	A2M	chromatin immunoprecipitation assay	27924024	Homo sapiens	GTRD	No	Mm:Q6P9Q3;Rn:D3ZG35	Dr:A2BF92	Mm:Q6GQT1	Rn:P06238
Q9HCK0	Q15042	57684	22930	ZBTB26	RAB3GAP1	chromatin immunoprecipitation assay	27924024	Homo sapiens	GTRD	No	Mm:Q6P9Q3;Rn:D3ZG35	Dr:A2BF92	Ce:Q93538;Dm:Q9VQ26;Mm:Q80UJ7	Rn:A0A0G2JXA1
Q9HCK0	Q9UKN5	57684	11108	ZBTB26	PRDM4	chromatin immunoprecipitation assay	27924024	Homo sapiens	GTRD	No	Mm:Q6P9Q3;Rn:D3ZG35	Dr:A2BF92	Mm:Q80V63;Rn:F1LPR7	Dr:F1Q8L8
Q9HCK0	Q9Y6I3	57684	29924	ZBTB26	EPN1	chromatin immunoprecipitation assay	27924024	Homo sapiens	GTRD	No	Mm:Q6P9Q3;Rn:D3ZG35	Dr:A2BF92	Mm:Q80VP1;Rn:A0A140TAC3	Dr:F1Q5Z9
Q9HCK0	Q13637	57684	10981	ZBTB26	RAB32	chromatin immunoprecipitation assay	27924024	Homo sapiens	GTRD	No	Mm:Q6P9Q3;Rn:D3ZG35	Dr:A2BF92	Mm:Q9CZE3;Rn:D4AEG2	Dr:Q6NYQ4
Q9HCK0	O75376	57684	9611	ZBTB26	NCOR1	chromatin immunoprecipitation assay	27924024	Homo sapiens	GTRD	No	Mm:Q6P9Q3;Rn:D3ZG35	Dr:A2BF92	Rn:A0A0G2K2B4	Mm:Q5RIM6
Q9HCK0	P34896	57684	6470	ZBTB26	SHMT1	chromatin immunoprecipitation assay	27924024	Homo sapiens	GTRD	No	Mm:Q6P9Q3;Rn:D3ZG35	Dr:A2BF92	Ce:P50432;Dr:Q6NYR0;Mm:P50431	Rn:Q6TXG7
Q9HCK0	Q17RD7	57684	83851	ZBTB26	SYT16	chromatin immunoprecipitation assay	27924024	Homo sapiens	GTRD	No	Mm:Q6P9Q3;Rn:D3ZG35	Dr:A2BF92	Mm:Q7TN83;Rn:A0A0G2K644	-
Q9HCK0	Q8WXG9	57684	84059	ZBTB26	ADGRV1	chromatin immunoprecipitation assay	27924024	Homo sapiens	GTRD	No	Mm:Q6P9Q3;Rn:D3ZG35	Dr:A2BF92	Dr:F1QEZ1;Rn:A0A096MK89	Mm:B8JJE0
Q9HCK0	Q9NX63	57684	54927	ZBTB26	CHCHD3	chromatin immunoprecipitation assay	27924024	Homo sapiens	GTRD	No	Mm:Q6P9Q3;Rn:D3ZG35	Dr:A2BF92	-	-
Q9HCK0	Q9NXV2	57684	54442	ZBTB26	KCTD5	chromatin immunoprecipitation assay	27924024	Homo sapiens	GTRD	No	Mm:Q6P9Q3;Rn:D3ZG35	Dr:A2BF92	Mm:A0A0R4J000;Rn:B5DEL1	Dr:Q6NYY3
Q9HCK0	Q9Y274	57684	10402	ZBTB26	ST3GAL6	chromatin immunoprecipitation assay	27924024	Homo sapiens	GTRD	No	Mm:Q6P9Q3;Rn:D3ZG35	Dr:A2BF92	Mm:Q8VIB3	Rn:Q569D2
Q9HCK0	O14901	57684	8462	ZBTB26	KLF11	chromatin immunoprecipitation assay	27924024	Homo sapiens	GTRD	No	Mm:Q6P9Q3;Rn:D3ZG35	Dr:A2BF92	Dr:F1R5X2;Dr:Q5RIQ4;Mm:Q8K1S5;Rn:E9PTS6	-
Q9HCK0	Q8N474	57684	6422	ZBTB26	SFRP1	chromatin immunoprecipitation assay	27924024	Homo sapiens	GTRD	No	Mm:Q6P9Q3;Rn:D3ZG35	Dr:A2BF92	Ce:Q9GUF5;Mm:Q8C4U3;Rn:F1LLX7	-
Q9HCK0	Q9H813	57684	55248	ZBTB26	PACC1	chromatin immunoprecipitation assay	27924024	Homo sapiens	GTRD	No	Mm:Q6P9Q3;Rn:D3ZG35	Dr:A2BF92	Mm:Q9D771;Rn:Q66H28	Dr:F1Q887
Q9HCK0	Q9Y4F9	57684	9750	ZBTB26	RIPOR2	chromatin immunoprecipitation assay	27924024	Homo sapiens	GTRD	No	Mm:Q6P9Q3;Rn:D3ZG35	Dr:A2BF92	-	-
Q9HCK0	Q8IXY8	57684	285755	ZBTB26	PPIL6	chromatin immunoprecipitation assay	27924024	Homo sapiens	GTRD	No	Mm:Q6P9Q3;Rn:D3ZG35	Dr:A2BF92	-	Dr:F1R3N5;Mm:B2RWF7;Rn:D4A1I9
Q9HCK0	Q96BR6	57684	79862	ZBTB26	ZNF669	chromatin immunoprecipitation assay	27924024	Homo sapiens	GTRD	No	Mm:Q6P9Q3;Rn:D3ZG35	Dr:A2BF92	Ce:Q9BLC4;Dm:Q9VRX0	-
Q9HCK0	Q96SI9	57684	55342	ZBTB26	STRBP	chromatin immunoprecipitation assay	27924024	Homo sapiens	GTRD	No	Mm:Q6P9Q3;Rn:D3ZG35	Dr:A2BF92	Dr:F1QB35;Mm:Q91WM1	Rn:D3ZDD7
Q9HCK0	Q8WUX2	57684	494143	ZBTB26	CHAC2	chromatin immunoprecipitation assay	27924024	Homo sapiens	GTRD	No	Mm:Q6P9Q3;Rn:D3ZG35	Dr:A2BF92	Dr:Q4KMJ1;Mm:Q9CQG1;Rn:Q641Z5	-
Q9HCK0	Q13536	57684	10485	ZBTB26	MIR9-1HG	chromatin immunoprecipitation assay	27924024	Homo sapiens	GTRD	No	Mm:Q6P9Q3;Rn:D3ZG35	Dr:A2BF92	-	-
Q9HCK0	Q9BVG8	57684	3801	ZBTB26	KIFC3	chromatin immunoprecipitation assay	27924024	Homo sapiens	GTRD	No	Mm:Q6P9Q3;Rn:D3ZG35	Dr:A2BF92	Mm:O35231;Rn:A1A5P4	Dr:Q1LXY2
Q9HCK0	P82094	57684	7110	ZBTB26	TMF1	chromatin immunoprecipitation assay	27924024	Homo sapiens	GTRD	No	Mm:Q6P9Q3;Rn:D3ZG35	Dr:A2BF92	Mm:B9EKI3;Rn:A0A0G2JZ48;Sc:P53278	Dr:F1REB9
Q9HCK0	Q96PZ2	57684	63901	ZBTB26	FAM111A	chromatin immunoprecipitation assay	27924024	Homo sapiens	GTRD	No	Mm:Q6P9Q3;Rn:D3ZG35	Dr:A2BF92	Mm:Q9D2L9;Rn:D4A8N0	-
Q9HCK0	Q6PKX4	57684	220164	ZBTB26	DOK6	chromatin immunoprecipitation assay	27924024	Homo sapiens	GTRD	No	Mm:Q6P9Q3;Rn:D3ZG35	Dr:A2BF92	Dr:A3KNM7;Mm:Q2MHE5;Rn:F1M038	-
Q9HCK0	Q92688	57684	10541	ZBTB26	ANP32B	chromatin immunoprecipitation assay	27924024	Homo sapiens	GTRD	No	Mm:Q6P9Q3;Rn:D3ZG35	Dr:A2BF92	Dr:F1Q4N7;Mm:Q9EST5;Rn:F1LP34	-
Q9HCK0	Q96A26	57684	26355	ZBTB26	FAM162A	chromatin immunoprecipitation assay	27924024	Homo sapiens	GTRD	No	Mm:Q6P9Q3;Rn:D3ZG35	Dr:A2BF92	Dr:F1QIC6;Mm:Q9D6U8	Rn:A0A0G2JWV2
Q9HCK0	P15260	57684	3459	ZBTB26	IFNGR1	chromatin immunoprecipitation assay	27924024	Homo sapiens	GTRD	No	Mm:Q6P9Q3;Rn:D3ZG35	Dr:A2BF92	Mm:P15261;Rn:Q6P6T3	-
Q9HCK0	Q9NZH0	57684	51704	ZBTB26	GPRC5B	chromatin immunoprecipitation assay	27924024	Homo sapiens	GTRD	No	Mm:Q6P9Q3;Rn:D3ZG35	Dr:A2BF92	Dr:B8A4H2;Mm:Q923Z0;Rn:A0A0G2K4B0	-
Q9HCK0	Q6ZN44	57684	90249	ZBTB26	UNC5A	chromatin immunoprecipitation assay	27924024	Homo sapiens	GTRD	No	Mm:Q6P9Q3;Rn:D3ZG35	Dr:A2BF92	Mm:Q8K1S4;Rn:A0A0G2JZN2	-
Q9HCK0	Q13435	57684	10992	ZBTB26	SF3B2	chromatin immunoprecipitation assay	27924024	Homo sapiens	GTRD	No	Mm:Q6P9Q3;Rn:D3ZG35	Dr:A2BF92	Ce:O16997;Mm:Q3UJB0;Rn:D3ZMS1	-
Q9HCK0	Q9Y4I1	57684	4644	ZBTB26	MYO5A	chromatin immunoprecipitation assay	27924024	Homo sapiens	GTRD	No	Mm:Q6P9Q3;Rn:D3ZG35	Dr:A2BF92	Dr:Q1LXI2;Rn:A0A0G2K4Y7	Mm:D3Z4J3
Q9HCK0	P61769	57684	567	ZBTB26	B2M	chromatin immunoprecipitation assay	27924024	Homo sapiens	GTRD	No	Mm:Q6P9Q3;Rn:D3ZG35	Dr:A2BF92	Dr:Q04475;Mm:P01887;Rn:P07151	Dr:E7F1G6
Q9HCK0	P23415	57684	2741	ZBTB26	GLRA1	chromatin immunoprecipitation assay	27924024	Homo sapiens	GTRD	No	Mm:Q6P9Q3;Rn:D3ZG35	Dr:A2BF92	Mm:Q64018;Rn:P07727	-
Q9HCK0	Q9NVV0	57684	55151	ZBTB26	TMEM38B	chromatin immunoprecipitation assay	27924024	Homo sapiens	GTRD	No	Mm:Q6P9Q3;Rn:D3ZG35	Dr:A2BF92	Mm:Q9DAV9;Rn:Q68FV1	-
Q9HCK0	P15036	57684	2114	ZBTB26	ETS2	chromatin immunoprecipitation assay	27924024	Homo sapiens	GTRD	No	Mm:Q6P9Q3;Rn:D3ZG35	Dr:A2BF92	Dr:Q501S1;Mm:P15037;Rn:D4AAH4	-
Q9HCK0	Q96SL1	57684	84925	ZBTB26	SLC49A4	chromatin immunoprecipitation assay	27924024	Homo sapiens	GTRD	No	Mm:Q6P9Q3;Rn:D3ZG35	Dr:A2BF92	Ce:H9G2Z4;Mm:Q8BFQ6;Rn:Q66H95	Dr:Q66I15
Q9HCK0	Q8IZK6	57684	255231	ZBTB26	MCOLN2	chromatin immunoprecipitation assay	27924024	Homo sapiens	GTRD	No	Mm:Q6P9Q3;Rn:D3ZG35	Dr:A2BF92	Mm:Q8K595	Rn:Q499S1
Q9HCK0	Q6P9A1	57684	348327	ZBTB26	ZNF530	chromatin immunoprecipitation assay	27924024	Homo sapiens	GTRD	No	Mm:Q6P9Q3;Rn:D3ZG35	Dr:A2BF92	-	-
Q9HCK0	Q8NCN4	57684	254225	ZBTB26	RNF169	chromatin immunoprecipitation assay	27924024	Homo sapiens	GTRD	No	Mm:Q6P9Q3;Rn:D3ZG35	Dr:A2BF92	Mm:E9Q7F2;Rn:F1LV79	-
Q9HCK0	Q9NRD1	57684	26270	ZBTB26	FBXO6	chromatin immunoprecipitation assay	27924024	Homo sapiens	GTRD	No	Mm:Q6P9Q3;Rn:D3ZG35	Dr:A2BF92	Mm:Q9QZN4	Rn:Q923V4
Q9HCK0	P50613	57684	1022	ZBTB26	CDK7	chromatin immunoprecipitation assay	27924024	Homo sapiens	GTRD	No	Mm:Q6P9Q3;Rn:D3ZG35	Dr:A2BF92	Ce:G5EFV5;Dm:Q24216;Mm:Q03147;Rn:F1LQC8;Sc:P06242	Dr:Q2V6H0
Q9HCK0	Q9BXY5	57684	84698	ZBTB26	CAPS2	chromatin immunoprecipitation assay	27924024	Homo sapiens	GTRD	No	Mm:Q6P9Q3;Rn:D3ZG35	Dr:A2BF92	Mm:Q8BUG5;Rn:A0A0G2JWR8	Dr:E7F288
Q9HCK0	O15355	57684	5496	ZBTB26	PPM1G	chromatin immunoprecipitation assay	27924024	Homo sapiens	GTRD	No	Mm:Q6P9Q3;Rn:D3ZG35	Dr:A2BF92	Ce:P49595;Dm:Q7K4Q5;Mm:Q61074;Rn:A0A0H2UHT5	-
Q9HCK0	P29374	57684	5926	ZBTB26	ARID4A	chromatin immunoprecipitation assay	27924024	Homo sapiens	GTRD	No	Mm:Q6P9Q3;Rn:D3ZG35	Dr:A2BF92	Dr:K7DY37;Mm:F8VPQ2	Rn:A0A0G2K094
Q9HCK0	Q9C0A1	57684	85446	ZBTB26	ZFHX2	chromatin immunoprecipitation assay	27924024	Homo sapiens	GTRD	No	Mm:Q6P9Q3;Rn:D3ZG35	Dr:A2BF92	Mm:Q2MHN3;Rn:D3ZF41	-
Q9HCK0	Q96MW7	57684	200765	ZBTB26	TIGD1	chromatin immunoprecipitation assay	27924024	Homo sapiens	GTRD	No	Mm:Q6P9Q3;Rn:D3ZG35	Dr:A2BF92	-	-
Q9HCK0	O75688	57684	5495	ZBTB26	PPM1B	chromatin immunoprecipitation assay	27924024	Homo sapiens	GTRD	No	Mm:Q6P9Q3;Rn:D3ZG35	Dr:A2BF92	Sc:P34221	-
Q9HCK0	P47928	57684	3400	ZBTB26	ID4	chromatin immunoprecipitation assay	27924024	Homo sapiens	GTRD	No	Mm:Q6P9Q3;Rn:D3ZG35	Dr:A2BF92	Mm:P41139;Rn:E9PU21	Dr:Q32PN8
Q9HCK0	Q86TM6	57684	84447	ZBTB26	SYVN1	chromatin immunoprecipitation assay	27924024	Homo sapiens	GTRD	No	Mm:Q6P9Q3;Rn:D3ZG35	Dr:A2BF92	Ce:Q20798;Dm:Q95SP2;Dr:A5PMC1;Mm:A0A0R4J1R1;Rn:F7FG68	-
Q9HCK0	Q9BPU6	57684	56896	ZBTB26	DPYSL5	chromatin immunoprecipitation assay	27924024	Homo sapiens	GTRD	No	Mm:Q6P9Q3;Rn:D3ZG35	Dr:A2BF92	Dr:Q52PJ7;Mm:Q9EQF6;Rn:Q9JHU0	Rn:A0A0G2K8Y5
Q9HCK0	Q96E39	57684	494115	ZBTB26	RBMXL1	chromatin immunoprecipitation assay	27924024	Homo sapiens	GTRD	No	Mm:Q6P9Q3;Rn:D3ZG35	Dr:A2BF92	-	-
Q9HCK0	Q0VD86	57684	388324	ZBTB26	INCA1	chromatin immunoprecipitation assay	27924024	Homo sapiens	GTRD	No	Mm:Q6P9Q3;Rn:D3ZG35	Dr:A2BF92	Mm:Q6PKN7	Rn:D3ZLG5
Q9HCK0	Q7Z6V5	57684	134637	ZBTB26	ADAT2	chromatin immunoprecipitation assay	27924024	Homo sapiens	GTRD	No	Mm:Q6P9Q3;Rn:D3ZG35	Dr:A2BF92	Dm:Q9VEM0;Dr:Q5RIV4;Mm:Q6P6J0;Rn:M0RA73;Sc:P47058	Ce:Q95QD6
Q9HCK0	Q9UBY8	57684	2055	ZBTB26	CLN8	chromatin immunoprecipitation assay	27924024	Homo sapiens	GTRD	No	Mm:Q6P9Q3;Rn:D3ZG35	Dr:A2BF92	-	Dr:F1QYC0
Q9HCK0	Q9HB63	57684	59277	ZBTB26	NTN4	chromatin immunoprecipitation assay	27924024	Homo sapiens	GTRD	No	Mm:Q6P9Q3;Rn:D3ZG35	Dr:A2BF92	Mm:Q9JI33;Rn:A0A0G2JTN7	-
Q9HCK0	Q08629	57684	6695	ZBTB26	SPOCK1	chromatin immunoprecipitation assay	27924024	Homo sapiens	GTRD	No	Mm:Q6P9Q3;Rn:D3ZG35	Dr:A2BF92	Mm:Q6DIC9	Rn:F1M6V6
Q9HCK0	Q06609	57684	5888	ZBTB26	RAD51	chromatin immunoprecipitation assay	27924024	Homo sapiens	GTRD	No	Mm:Q6P9Q3;Rn:D3ZG35	Dr:A2BF92	Ce:Q95Q25;Dm:Q27297;Dr:Q5TYR1;Mm:Q08297;Rn:B5DF04;Sc:P25454	-
Q9HCK0	Q8NI22	57684	90411	ZBTB26	MCFD2	chromatin immunoprecipitation assay	27924024	Homo sapiens	GTRD	No	Mm:Q6P9Q3;Rn:D3ZG35	Dr:A2BF92	Ce:Q20796;Dr:Q5XJ39;Mm:Q8K5B2;Rn:Q6GQY2	-
Q9HCK0	O15254	57684	8310	ZBTB26	ACOX3	chromatin immunoprecipitation assay	27924024	Homo sapiens	GTRD	No	Mm:Q6P9Q3;Rn:D3ZG35	Dr:A2BF92	Ce:Q20992;Dm:Q9VMD7;Mm:Q9EPL9;Rn:F1M9A7	-
Q9HCK0	Q13233	57684	4214	ZBTB26	MAP3K1	chromatin immunoprecipitation assay	27924024	Homo sapiens	GTRD	No	Mm:Q6P9Q3;Rn:D3ZG35	Dr:A2BF92	Mm:F8VQ72	Dr:A0A0R4IQU7;Rn:F1M778;Rn:D3ZUY5
Q9HCK0	Q9Y485	57684	1657	ZBTB26	DMXL1	chromatin immunoprecipitation assay	27924024	Homo sapiens	GTRD	No	Mm:Q6P9Q3;Rn:D3ZG35	Dr:A2BF92	-	-
Q9HCK0	Q08752	57684	5481	ZBTB26	PPID	chromatin immunoprecipitation assay	27924024	Homo sapiens	GTRD	No	Mm:Q6P9Q3;Rn:D3ZG35	Dr:A2BF92	Dm:Q9VT21;Dr:Q6IQL7;Mm:Q9CR16;Rn:Q6DGG0;Sc:P53691	Rn:M0RB67
Q9HCK0	Q8TAT2	57684	143282	ZBTB26	FGFBP3	chromatin immunoprecipitation assay	27924024	Homo sapiens	GTRD	No	Mm:Q6P9Q3;Rn:D3ZG35	Dr:A2BF92	-	Mm:Q1HCM0;Rn:D3ZVI0
Q9HCK0	Q06732	57684	7582	ZBTB26	ZNF33B	chromatin immunoprecipitation assay	27924024	Homo sapiens	GTRD	No	Mm:Q6P9Q3;Rn:D3ZG35	Dr:A2BF92	-	-
Q9HCK0	Q96HE7	57684	30001	ZBTB26	ERO1A	chromatin immunoprecipitation assay	27924024	Homo sapiens	GTRD	No	Mm:Q6P9Q3;Rn:D3ZG35	Dr:A2BF92	Mm:Q8R180;Rn:Q8R4A1	Dr:E9QES5
Q9HCK0	Q4G0N7	57684	619208	ZBTB26	FAM229B	chromatin immunoprecipitation assay	27924024	Homo sapiens	GTRD	No	Mm:Q6P9Q3;Rn:D3ZG35	Dr:A2BF92	Mm:Q8CF36;Rn:B0BND4	-
Q9HCK0	Q9NVE4	57684	55231	ZBTB26	CCDC87	chromatin immunoprecipitation assay	27924024	Homo sapiens	GTRD	No	Mm:Q6P9Q3;Rn:D3ZG35	Dr:A2BF92	Mm:Q8CDL9;Rn:B2GV49	Dr:B0S681
Q9HCK0	Q8NAN2	57684	374986	ZBTB26	MIGA1	chromatin immunoprecipitation assay	27924024	Homo sapiens	GTRD	No	Mm:Q6P9Q3;Rn:D3ZG35	Dr:A2BF92	-	-
Q9HCK0	Q15029	57684	9343	ZBTB26	EFTUD2	chromatin immunoprecipitation assay	27924024	Homo sapiens	GTRD	No	Mm:Q6P9Q3;Rn:D3ZG35	Dr:A2BF92	Ce:Q23463;Dr:F1Q6N0;Rn:F1LM66	Dm:Q9VAX8;Mm:A2AH85
Q9HCK0	Q7L266	57684	80150	ZBTB26	ASRGL1	chromatin immunoprecipitation assay	27924024	Homo sapiens	GTRD	No	Mm:Q6P9Q3;Rn:D3ZG35	Dr:A2BF92	Dm:Q9VXT7;Mm:Q8C0M9;Rn:Q8VI04	-
Q9HCK0	Q13009	57684	7074	ZBTB26	TIAM1	chromatin immunoprecipitation assay	27924024	Homo sapiens	GTRD	No	Mm:Q6P9Q3;Rn:D3ZG35	Dr:A2BF92	Dr:E7F520;Mm:G3UWG2	Rn:D3ZWV8
Q9HCK0	A1IGU5	57684	389337	ZBTB26	ARHGEF37	chromatin immunoprecipitation assay	27924024	Homo sapiens	GTRD	No	Mm:Q6P9Q3;Rn:D3ZG35	Dr:A2BF92	Dr:E7F3M3;Mm:E9Q5R6;Rn:F1LQ74	-
Q9HCK0	Q9UPA5	57684	8927	ZBTB26	BSN	chromatin immunoprecipitation assay	27924024	Homo sapiens	GTRD	No	Mm:Q6P9Q3;Rn:D3ZG35	Dr:A2BF92	Mm:O88737;Rn:G3V984	-
Q9HCK0	Q9P265	57684	57609	ZBTB26	DIP2B	chromatin immunoprecipitation assay	27924024	Homo sapiens	GTRD	No	Mm:Q6P9Q3;Rn:D3ZG35	Dr:A2BF92	Dr:Q6NVJ5;Dr:E7FEB0;Mm:Q3UH60;Rn:A0A0G2JY22	-
Q9HCK0	P11532	57684	1756	ZBTB26	DMD	chromatin immunoprecipitation assay	27924024	Homo sapiens	GTRD	No	Mm:Q6P9Q3;Rn:D3ZG35	Dr:A2BF92	-	-
Q9HCK0	Q86Z14	57684	152831	ZBTB26	KLB	chromatin immunoprecipitation assay	27924024	Homo sapiens	GTRD	No	Mm:Q6P9Q3;Rn:D3ZG35	Dr:A2BF92	Mm:Q99N32	Dr:F1RE38
Q9HCK0	Q9BV94	57684	55741	ZBTB26	EDEM2	chromatin immunoprecipitation assay	27924024	Homo sapiens	GTRD	No	Mm:Q6P9Q3;Rn:D3ZG35	Dr:A2BF92	Dr:A0A0R4IAP0;Mm:Q8BJT9;Rn:Q6AYI8	-
Q9HCK0	Q8WWY3	57684	26121	ZBTB26	PRPF31	chromatin immunoprecipitation assay	27924024	Homo sapiens	GTRD	No	Mm:Q6P9Q3;Rn:D3ZG35	Dr:A2BF92	Ce:Q9N592;Dm:Q9VUM1;Dr:Q7SXM7;Mm:Q8CCF0;Rn:D3ZI68;Sc:P49704	-
Q9HCK0	Q9UFN0	57684	25934	ZBTB26	NIPSNAP3A	chromatin immunoprecipitation assay	27924024	Homo sapiens	GTRD	No	Mm:Q6P9Q3;Rn:D3ZG35	Dr:A2BF92	Mm:Q9CQE1;Rn:Q5M949	-
Q9HCK0	Q9HCE7	57684	57154	ZBTB26	SMURF1	chromatin immunoprecipitation assay	27924024	Homo sapiens	GTRD	No	Mm:Q6P9Q3;Rn:D3ZG35	Dr:A2BF92	Dr:F1QEG9;Rn:A0A0G2K612	Mm:E9PYU8
Q9HCK0	Q96K76	57684	55031	ZBTB26	USP47	chromatin immunoprecipitation assay	27924024	Homo sapiens	GTRD	No	Mm:Q6P9Q3;Rn:D3ZG35	Dr:A2BF92	Dm:Q24574;Dr:A0A0R4IFT8;Mm:Q8BY87;Rn:A0A0G2JUX4	-
Q9HCK0	P19388	57684	5434	ZBTB26	POLR2E	chromatin immunoprecipitation assay	27924024	Homo sapiens	GTRD	No	Mm:Q6P9Q3;Rn:D3ZG35	Dr:A2BF92	Ce:Q9N5K2;Dm:Q7JZF5;Dr:Q6DEG5;Mm:Q80UW8;Rn:B0BNE2;Sc:P20434	Dr:E7FDD7
Q9HCK0	O75486	57684	8464	ZBTB26	SUPT3H	chromatin immunoprecipitation assay	27924024	Homo sapiens	GTRD	No	Mm:Q6P9Q3;Rn:D3ZG35	Dr:A2BF92	Dm:Q9VGE2;Mm:Q8BVY4;Sc:P06844	Rn:F1LY08
Q9HCK0	A0A087WT57	57684	-	ZBTB26	-	chromatin immunoprecipitation assay	27924024	Homo sapiens	GTRD	No	Mm:Q6P9Q3;Rn:D3ZG35	Dr:A2BF92	-	-
Q9HCK0	Q10587	57684	7008	ZBTB26	TEF	chromatin immunoprecipitation assay	27924024	Homo sapiens	GTRD	No	Mm:Q6P9Q3;Rn:D3ZG35	Dr:A2BF92	Dr:F1QEE6;Mm:Q9JLC6	Rn:A0A0G2K2I8
Q9HCK0	Q9C005	57684	84661	ZBTB26	DPY30	chromatin immunoprecipitation assay	27924024	Homo sapiens	GTRD	No	Mm:Q6P9Q3;Rn:D3ZG35	Dr:A2BF92	Dr:B8JMZ3;Mm:Q99LT0;Rn:G3V946	-
Q9HCK0	P49746	57684	7059	ZBTB26	THBS3	chromatin immunoprecipitation assay	27924024	Homo sapiens	GTRD	No	Mm:Q6P9Q3;Rn:D3ZG35	Dr:A2BF92	Dr:F1QKL1;Mm:Q05895;Rn:A0A0G2JZH3	-
Q9HCK0	Q6P1L5	57684	150864	ZBTB26	FAM117B	chromatin immunoprecipitation assay	27924024	Homo sapiens	GTRD	No	Mm:Q6P9Q3;Rn:D3ZG35	Dr:A2BF92	Dr:B0V0F6;Mm:Q3U3E2	-
Q9HCK0	P03891	57684	4536	ZBTB26	MT-ND2	chromatin immunoprecipitation assay	27924024	Homo sapiens	GTRD	No	Mm:Q6P9Q3;Rn:D3ZG35	Dr:A2BF92	Dr:Q9MIY9;Mm:P03893;Rn:P11662	-
Q9HCK0	Q8N584	57684	125488	ZBTB26	TTC39C	chromatin immunoprecipitation assay	27924024	Homo sapiens	GTRD	No	Mm:Q6P9Q3;Rn:D3ZG35	Dr:A2BF92	Dr:Q1LXE6	Mm:A0A3Q4EGC9;Rn:A0A0G2JXC8
Q9HCK0	P11308	57684	2078	ZBTB26	ERG	chromatin immunoprecipitation assay	27924024	Homo sapiens	GTRD	No	Mm:Q6P9Q3;Rn:D3ZG35	Dr:A2BF92	Mm:P81270	Dr:F1QK28;Rn:A0A0G2JWE9
Q9HCK0	A0A1B0GVF1	57684	-	ZBTB26	-	chromatin immunoprecipitation assay	27924024	Homo sapiens	GTRD	No	Mm:Q6P9Q3;Rn:D3ZG35	Dr:A2BF92	-	-
Q9HCK0	Q96GE6	57684	91860	ZBTB26	CALML4	chromatin immunoprecipitation assay	27924024	Homo sapiens	GTRD	No	Mm:Q6P9Q3;Rn:D3ZG35	Dr:A2BF92	Dm:Q9VDI3;Dr:B3DGM2;Mm:Q91WQ9;Rn:B0BNB8	-
Q9HCK0	O00189	57684	9179	ZBTB26	AP4M1	chromatin immunoprecipitation assay	27924024	Homo sapiens	GTRD	No	Mm:Q6P9Q3;Rn:D3ZG35	Dr:A2BF92	Dr:Q7SZZ7;Mm:Q9JKC7;Rn:Q2PWT8	-
Q9HCK0	P52945	57684	3651	ZBTB26	PDX1	chromatin immunoprecipitation assay	27924024	Homo sapiens	GTRD	No	Mm:Q6P9Q3;Rn:D3ZG35	Dr:A2BF92	Mm:P52946	Dr:F1RBA3;Rn:P52947
Q9HCK0	Q9Y5G9	57684	56111	ZBTB26	PCDHGA4	chromatin immunoprecipitation assay	27924024	Homo sapiens	GTRD	No	Mm:Q6P9Q3;Rn:D3ZG35	Dr:A2BF92	Mm:Q91XY4	Rn:F1LRA0
Q9HCK0	Q9NWT8	57684	54998	ZBTB26	AURKAIP1	chromatin immunoprecipitation assay	27924024	Homo sapiens	GTRD	No	Mm:Q6P9Q3;Rn:D3ZG35	Dr:A2BF92	Mm:Q9DCJ7	-
Q9HCK0	Q9NQ34	57684	56674	ZBTB26	TMEM9B	chromatin immunoprecipitation assay	27924024	Homo sapiens	GTRD	No	Mm:Q6P9Q3;Rn:D3ZG35	Dr:A2BF92	Dr:Q6IQA1;Mm:Q9JJR8;Rn:F1LQ83	-
Q9HCK0	Q9NQS3	57684	25945	ZBTB26	NECTIN3	chromatin immunoprecipitation assay	27924024	Homo sapiens	GTRD	No	Mm:Q6P9Q3;Rn:D3ZG35	Dr:A2BF92	Mm:Q9JLB9;Rn:D4A5C0	-
Q9HCK0	Q8WV93	57684	246269	ZBTB26	AFG1L	chromatin immunoprecipitation assay	27924024	Homo sapiens	GTRD	No	Mm:Q6P9Q3;Rn:D3ZG35	Dr:A2BF92	Ce:Q95YE1;Dm:Q7K4T8;Mm:Q3V384;Sc:P32317	Dr:X1WDT8
Q9HCK0	Q6IE81	57684	79960	ZBTB26	JADE1	chromatin immunoprecipitation assay	27924024	Homo sapiens	GTRD	No	Mm:Q6P9Q3;Rn:D3ZG35	Dr:A2BF92	Dr:F1QA19;Mm:Q6ZPI0;Rn:D3ZM64	-
Q9HCK0	Q15051	57684	9657	ZBTB26	IQCB1	chromatin immunoprecipitation assay	27924024	Homo sapiens	GTRD	No	Mm:Q6P9Q3;Rn:D3ZG35	Dr:A2BF92	Mm:Q8BP00;Rn:D4A6J0	Dr:Q5PRA5
Q9HCK0	Q96PX9	57684	153478	ZBTB26	PLEKHG4B	chromatin immunoprecipitation assay	27924024	Homo sapiens	GTRD	No	Mm:Q6P9Q3;Rn:D3ZG35	Dr:A2BF92	-	-
Q9HCK0	Q7Z6E9	57684	5930	ZBTB26	RBBP6	chromatin immunoprecipitation assay	27924024	Homo sapiens	GTRD	No	Mm:Q6P9Q3;Rn:D3ZG35	Dr:A2BF92	Mm:P97868;Rn:G3V953	Dr:I3IS00
Q9HCK0	Q96JW4	57684	84102	ZBTB26	SLC41A2	chromatin immunoprecipitation assay	27924024	Homo sapiens	GTRD	No	Mm:Q6P9Q3;Rn:D3ZG35	Dr:A2BF92	Dr:E7F597;Mm:Q8BYR8;Rn:D4A7D4	-
Q9HCK0	O75385	57684	8408	ZBTB26	ULK1	chromatin immunoprecipitation assay	27924024	Homo sapiens	GTRD	No	Mm:Q6P9Q3;Rn:D3ZG35	Dr:A2BF92	Dr:E9QIB7;Rn:D3ZMG0	Mm:A0A0R4J0B3
Q9HCK0	Q9Y283	57684	27130	ZBTB26	INVS	chromatin immunoprecipitation assay	27924024	Homo sapiens	GTRD	No	Mm:Q6P9Q3;Rn:D3ZG35	Dr:A2BF92	Mm:A2AM57	Rn:D4A4A8
Q9HCK0	Q8TE56	57684	170691	ZBTB26	ADAMTS17	chromatin immunoprecipitation assay	27924024	Homo sapiens	GTRD	No	Mm:Q6P9Q3;Rn:D3ZG35	Dr:A2BF92	-	-
Q9HCK0	Q96FE5	57684	84894	ZBTB26	LINGO1	chromatin immunoprecipitation assay	27924024	Homo sapiens	GTRD	No	Mm:Q6P9Q3;Rn:D3ZG35	Dr:A2BF92	Mm:Q9D1T0;Rn:G3V881	-
Q9HCK0	Q53ET0	57684	200186	ZBTB26	CRTC2	chromatin immunoprecipitation assay	27924024	Homo sapiens	GTRD	No	Mm:Q6P9Q3;Rn:D3ZG35	Dr:A2BF92	Mm:Q3U182;Rn:Q3LRZ1	-
Q9HCK0	Q9Y4G8	57684	9693	ZBTB26	RAPGEF2	chromatin immunoprecipitation assay	27924024	Homo sapiens	GTRD	No	Mm:Q6P9Q3;Rn:D3ZG35	Dr:A2BF92	-	-
Q9HCK0	Q9BXK1	57684	83855	ZBTB26	KLF16	chromatin immunoprecipitation assay	27924024	Homo sapiens	GTRD	No	Mm:Q6P9Q3;Rn:D3ZG35	Dr:A2BF92	Mm:P58334;Rn:B2GUY9	-
Q9HCK0	Q8WYK1	57684	129684	ZBTB26	CNTNAP5	chromatin immunoprecipitation assay	27924024	Homo sapiens	GTRD	No	Mm:Q6P9Q3;Rn:D3ZG35	Dr:A2BF92	Mm:Q0V8T9	Dr:F1QB64;Rn:F1LMS4;Rn:F1LMB1
Q9HCK0	P40425	57684	5089	ZBTB26	PBX2	chromatin immunoprecipitation assay	27924024	Homo sapiens	GTRD	No	Mm:Q6P9Q3;Rn:D3ZG35	Dr:A2BF92	Mm:O35984;Rn:Q6MG87	-
Q9HCK0	Q9BT92	57684	84260	ZBTB26	TCHP	chromatin immunoprecipitation assay	27924024	Homo sapiens	GTRD	No	Mm:Q6P9Q3;Rn:D3ZG35	Dr:A2BF92	Mm:Q3TVW5;Rn:D3ZY42	Dr:Q1RM03
Q9HCK0	Q8WUY1	57684	51337	ZBTB26	THEM6	chromatin immunoprecipitation assay	27924024	Homo sapiens	GTRD	No	Mm:Q6P9Q3;Rn:D3ZG35	Dr:A2BF92	Dm:Q9W440;Dr:A0A0R4IMG3;Mm:Q80ZW2;Rn:Q5XIE1	Dr:A0A2R8QAZ5
Q9HCK0	Q9P2E8	57684	57574	ZBTB26	MARCHF4	chromatin immunoprecipitation assay	27924024	Homo sapiens	GTRD	No	Mm:Q6P9Q3;Rn:D3ZG35	Dr:A2BF92	Mm:Q80TE3	Dr:E7F4X3;Rn:D3ZNC9
Q9HCK0	O75899	57684	9568	ZBTB26	GABBR2	chromatin immunoprecipitation assay	27924024	Homo sapiens	GTRD	No	Mm:Q6P9Q3;Rn:D3ZG35	Dr:A2BF92	Ce:G5ECB2;Dr:Q1LUN9;Mm:Q80T41;Rn:A0A0A0MXV8	Dm:Q9Y133
Q9HCK0	Q9BVH7	57684	81849	ZBTB26	ST6GALNAC5	chromatin immunoprecipitation assay	27924024	Homo sapiens	GTRD	No	Mm:Q6P9Q3;Rn:D3ZG35	Dr:A2BF92	Dr:F1Q5Y4;Mm:Q6GTI0	Dr:B0S5A8;Rn:M0R986
Q9HCK0	Q9NWW0	57684	54985	ZBTB26	HCFC1R1	chromatin immunoprecipitation assay	27924024	Homo sapiens	GTRD	No	Mm:Q6P9Q3;Rn:D3ZG35	Dr:A2BF92	-	-
Q9HCK0	Q8TD55	57684	80301	ZBTB26	PLEKHO2	chromatin immunoprecipitation assay	27924024	Homo sapiens	GTRD	No	Mm:Q6P9Q3;Rn:D3ZG35	Dr:A2BF92	Mm:Q8K124;Rn:D3Z9K4	-
Q9HCK0	Q8N3X1	57684	23360	ZBTB26	FNBP4	chromatin immunoprecipitation assay	27924024	Homo sapiens	GTRD	No	Mm:Q6P9Q3;Rn:D3ZG35	Dr:A2BF92	Dr:F1QGN0;Mm:A0A0R4IZZ6;Rn:A0A0G2K4C8	-
Q9HCK0	Q96EE4	57684	90693	ZBTB26	CCDC126	chromatin immunoprecipitation assay	27924024	Homo sapiens	GTRD	No	Mm:Q6P9Q3;Rn:D3ZG35	Dr:A2BF92	Mm:Q8BIS8;Rn:B5DEZ3	-
Q9HCK0	O95858	57684	23555	ZBTB26	TSPAN15	chromatin immunoprecipitation assay	27924024	Homo sapiens	GTRD	No	Mm:Q6P9Q3;Rn:D3ZG35	Dr:A2BF92	Mm:F7BWT7;Rn:M0R749	Dr:B8A5E5
Q9HCK0	Q9H7R0	57684	79973	ZBTB26	ZNF442	chromatin immunoprecipitation assay	27924024	Homo sapiens	GTRD	No	Mm:Q6P9Q3;Rn:D3ZG35	Dr:A2BF92	-	-
Q9HCK0	Q6UXM1	57684	121227	ZBTB26	LRIG3	chromatin immunoprecipitation assay	27924024	Homo sapiens	GTRD	No	Mm:Q6P9Q3;Rn:D3ZG35	Dr:A2BF92	Mm:Q6P1C6;Rn:G3V8Y2	-
Q9HCK0	O95243	57684	8930	ZBTB26	MBD4	chromatin immunoprecipitation assay	27924024	Homo sapiens	GTRD	No	Mm:Q6P9Q3;Rn:D3ZG35	Dr:A2BF92	Mm:A0A0R4J0A8;Rn:D4A9W8	-
Q9HCK0	Q9UHL9	57684	9569	ZBTB26	GTF2IRD1	chromatin immunoprecipitation assay	27924024	Homo sapiens	GTRD	No	Mm:Q6P9Q3;Rn:D3ZG35	Dr:A2BF92	Mm:Q9JI57;Rn:A0A0G2JVV8	Rn:A0A0G2K5X2
Q9HCK0	Q96A35	57684	79590	ZBTB26	MRPL24	chromatin immunoprecipitation assay	27924024	Homo sapiens	GTRD	No	Mm:Q6P9Q3;Rn:D3ZG35	Dr:A2BF92	Dm:Q9VMY1;Mm:Q9CQ06;Rn:Q66H47	Ce:P91353;Dr:Q6DH02
Q9HCK0	Q9H9A6	57684	55631	ZBTB26	LRRC40	chromatin immunoprecipitation assay	27924024	Homo sapiens	GTRD	No	Mm:Q6P9Q3;Rn:D3ZG35	Dr:A2BF92	Dr:F1REP7;Mm:A0A0R4J0W6;Rn:G3V7I7	Dm:A8JQZ7
Q9HCK0	P40939	57684	3030	ZBTB26	HADHA	chromatin immunoprecipitation assay	27924024	Homo sapiens	GTRD	No	Mm:Q6P9Q3;Rn:D3ZG35	Dr:A2BF92	Ce:Q9GYT0;Ce:O17612;Dr:F1QYX8;Dr:A7YT47;Mm:Q8BMS1;Rn:Q64428	-
Q9HCK0	P15884	57684	6925	ZBTB26	TCF4	chromatin immunoprecipitation assay	27924024	Homo sapiens	GTRD	No	Mm:Q6P9Q3;Rn:D3ZG35	Dr:A2BF92	-	-
Q9HCK0	P68363	57684	10376	ZBTB26	TUBA1B	chromatin immunoprecipitation assay	27924024	Homo sapiens	GTRD	No	Mm:Q6P9Q3;Rn:D3ZG35	Dr:A2BF92	-	-
Q9HCK0	Q86W11	57684	100101467	ZBTB26	ZSCAN30	chromatin immunoprecipitation assay	27924024	Homo sapiens	GTRD	No	Mm:Q6P9Q3;Rn:D3ZG35	Dr:A2BF92	-	Rn:D3Z940
Q9HCK0	Q9BS91	57684	55032	ZBTB26	SLC35A5	chromatin immunoprecipitation assay	27924024	Homo sapiens	GTRD	No	Mm:Q6P9Q3;Rn:D3ZG35	Dr:A2BF92	Mm:Q921R7;Rn:D4A7S3	Dr:Q90X48
Q9HCK0	S4R438	57684	8509	ZBTB26	-	chromatin immunoprecipitation assay	27924024	Homo sapiens	GTRD	No	Mm:Q6P9Q3;Rn:D3ZG35	Dr:A2BF92	Dr:F1QRK0;Mm:P52850	Dr:E7F995;Rn:D3ZD62
Q9HCK0	P56559	57684	10123	ZBTB26	ARL4C	chromatin immunoprecipitation assay	27924024	Homo sapiens	GTRD	No	Mm:Q6P9Q3;Rn:D3ZG35	Dr:A2BF92	Dr:Q561U6;Mm:P61208	Dr:Q6P5M7
Q9HCK0	Q15464	57684	6461	ZBTB26	SHB	chromatin immunoprecipitation assay	27924024	Homo sapiens	GTRD	No	Mm:Q6P9Q3;Rn:D3ZG35	Dr:A2BF92	Mm:Q6PD21;Rn:D3ZN31	-
Q9HCK0	Q13444	57684	8751	ZBTB26	ADAM15	chromatin immunoprecipitation assay	27924024	Homo sapiens	GTRD	No	Mm:Q6P9Q3;Rn:D3ZG35	Dr:A2BF92	Mm:O88839;Rn:Q9QYV0	-
Q9HCK0	Q9BUH6	57684	286257	ZBTB26	PAXX	chromatin immunoprecipitation assay	27924024	Homo sapiens	GTRD	No	Mm:Q6P9Q3;Rn:D3ZG35	Dr:A2BF92	Mm:Q8K0Y7;Rn:A0A0G2QC22	Dr:B0S7J2
Q9HCK0	Q9NV70	57684	55763	ZBTB26	EXOC1	chromatin immunoprecipitation assay	27924024	Homo sapiens	GTRD	No	Mm:Q6P9Q3;Rn:D3ZG35	Dr:A2BF92	Ce:Q20678;Dm:Q9VVG4	Dr:U3JAQ0;Mm:Q6P1Y9;Rn:A0A0G2K2V5
Q9HCK0	Q9Y696	57684	25932	ZBTB26	CLIC4	chromatin immunoprecipitation assay	27924024	Homo sapiens	GTRD	No	Mm:Q6P9Q3;Rn:D3ZG35	Dr:A2BF92	Mm:Q9QYB1;Rn:G3V8C4	Dr:Q7ZTT4
Q9HCK0	P20264	57684	5455	ZBTB26	POU3F3	chromatin immunoprecipitation assay	27924024	Homo sapiens	GTRD	No	Mm:Q6P9Q3;Rn:D3ZG35	Dr:A2BF92	Dm:Q9VZ49;Dr:P79745;Mm:P31361;Rn:A0A0G2K640	-
Q9HCK0	O95757	57684	22824	ZBTB26	HSPA4L	chromatin immunoprecipitation assay	27924024	Homo sapiens	GTRD	No	Mm:Q6P9Q3;Rn:D3ZG35	Dr:A2BF92	Dr:X1WBR5;Mm:P48722	Rn:B4F772
Q9HCK0	Q9P2H0	57684	57562	ZBTB26	CEP126	chromatin immunoprecipitation assay	27924024	Homo sapiens	GTRD	No	Mm:Q6P9Q3;Rn:D3ZG35	Dr:A2BF92	-	-
Q9HCK0	Q8TED9	57684	134265	ZBTB26	AFAP1L1	chromatin immunoprecipitation assay	27924024	Homo sapiens	GTRD	No	Mm:Q6P9Q3;Rn:D3ZG35	Dr:A2BF92	Dr:E9QFQ2;Mm:Q8BZI0;Rn:D4AB98	Dr:B8A4J3
Q9HCK0	P42858	57684	3064	ZBTB26	HTT	chromatin immunoprecipitation assay	27924024	Homo sapiens	GTRD	No	Mm:Q6P9Q3;Rn:D3ZG35	Dr:A2BF92	Dr:B7ZDE9;Mm:G3X9H5;Rn:G3V9P7	-
Q9HCK0	H7C0V5	57684	-	ZBTB26	ANKHD1-EIF4EBP3	chromatin immunoprecipitation assay	27924024	Homo sapiens	GTRD	No	Mm:Q6P9Q3;Rn:D3ZG35	Dr:A2BF92	-	-
Q9HCK0	O60602	57684	7100	ZBTB26	TLR5	chromatin immunoprecipitation assay	27924024	Homo sapiens	GTRD	No	Mm:Q6P9Q3;Rn:D3ZG35	Dr:A2BF92	-	-
Q9HCK0	Q15363	57684	10959	ZBTB26	TMED2	chromatin immunoprecipitation assay	27924024	Homo sapiens	GTRD	No	Mm:Q6P9Q3;Rn:D3ZG35	Dr:A2BF92	Ce:O17528;Dm:Q9W4K0;Dr:Q7ZW75;Mm:Q9R0Q3;Rn:Q63524	-
Q9HCK0	Q9C0B0	57684	85451	ZBTB26	UNK	chromatin immunoprecipitation assay	27924024	Homo sapiens	GTRD	No	Mm:Q6P9Q3;Rn:D3ZG35	Dr:A2BF92	Dr:F1Q639;Mm:Q8BL48;Rn:D3ZV40	-
Q9HCK0	Q9NPB6	57684	50855	ZBTB26	PARD6A	chromatin immunoprecipitation assay	27924024	Homo sapiens	GTRD	No	Mm:Q6P9Q3;Rn:D3ZG35	Dr:A2BF92	Dr:A5WW50;Mm:Q9Z101;Rn:A0A0G2JUC3	-
Q9HCK0	Q5FWF6	57684	285989	ZBTB26	ZNF789	chromatin immunoprecipitation assay	27924024	Homo sapiens	GTRD	No	Mm:Q6P9Q3;Rn:D3ZG35	Dr:A2BF92	-	-
Q9HCK0	Q8NFA2	57684	124056	ZBTB26	NOXO1	chromatin immunoprecipitation assay	27924024	Homo sapiens	GTRD	No	Mm:Q6P9Q3;Rn:D3ZG35	Dr:A2BF92	Dr:A0A2R8QRM2;Mm:Q8VCM2	Dr:F6NRK2
Q9HCK0	P15559	57684	1728	ZBTB26	NQO1	chromatin immunoprecipitation assay	27924024	Homo sapiens	GTRD	No	Mm:Q6P9Q3;Rn:D3ZG35	Dr:A2BF92	Mm:Q64669;Rn:P05982	-
Q9HCK0	Q9HAT8	57684	57161	ZBTB26	PELI2	chromatin immunoprecipitation assay	27924024	Homo sapiens	GTRD	No	Mm:Q6P9Q3;Rn:D3ZG35	Dr:A2BF92	Dr:Q6DHJ8;Mm:E9QPQ6;Rn:D3ZSK3	-
Q9HCK0	Q2TAA5	57684	440138	ZBTB26	ALG11	chromatin immunoprecipitation assay	27924024	Homo sapiens	GTRD	No	Mm:Q6P9Q3;Rn:D3ZG35	Dr:A2BF92	Ce:P53993;Dm:Q9VP06;Dr:F1R333;Mm:Q3TZM9;Rn:D3ZCQ2;Sc:P53954	-
Q9HCK0	Q8NHP7	57684	161829	ZBTB26	EXD1	chromatin immunoprecipitation assay	27924024	Homo sapiens	GTRD	No	Mm:Q6P9Q3;Rn:D3ZG35	Dr:A2BF92	Mm:Q8CDF7;Rn:D4AD21	-
Q9HCK0	Q5T0T0	57684	220972	ZBTB26	MARCHF8	chromatin immunoprecipitation assay	27924024	Homo sapiens	GTRD	No	Mm:Q6P9Q3;Rn:D3ZG35	Dr:A2BF92	-	-
Q9HCK0	Q9HBW1	57684	64101	ZBTB26	LRRC4	chromatin immunoprecipitation assay	27924024	Homo sapiens	GTRD	No	Mm:Q6P9Q3;Rn:D3ZG35	Dr:A2BF92	Dr:E9QDQ3;Mm:Q99PH1;Rn:Q45R42	-
Q9HCK0	Q5TGL8	57684	221749	ZBTB26	PXDC1	chromatin immunoprecipitation assay	27924024	Homo sapiens	GTRD	No	Mm:Q6P9Q3;Rn:D3ZG35	Dr:A2BF92	Mm:Q8JZU6;Rn:Q4KLK8	Dr:E9QD10
Q9HCK0	A6QL63	57684	121551	ZBTB26	BTBD11	chromatin immunoprecipitation assay	27924024	Homo sapiens	GTRD	No	Mm:Q6P9Q3;Rn:D3ZG35	Dr:A2BF92	Mm:Q6GQW0;Rn:D4AC89	-
Q9HCK0	A0A096LP01	57684	-	ZBTB26	SMIM26	chromatin immunoprecipitation assay	27924024	Homo sapiens	GTRD	No	Mm:Q6P9Q3;Rn:D3ZG35	Dr:A2BF92	Mm:Q3V460;Rn:D4ABV0	-
Q9HCK0	Q15262	57684	5796	ZBTB26	PTPRK	chromatin immunoprecipitation assay	27924024	Homo sapiens	GTRD	No	Mm:Q6P9Q3;Rn:D3ZG35	Dr:A2BF92	-	-
Q9HCK0	Q13242	57684	8683	ZBTB26	SRSF9	chromatin immunoprecipitation assay	27924024	Homo sapiens	GTRD	No	Mm:Q6P9Q3;Rn:D3ZG35	Dr:A2BF92	Dr:F1QVC6;Mm:Q9D0B0;Rn:Q5PPI1	-
Q9HCK0	Q9BSH4	57684	51204	ZBTB26	TACO1	chromatin immunoprecipitation assay	27924024	Homo sapiens	GTRD	No	Mm:Q6P9Q3;Rn:D3ZG35	Dr:A2BF92	Ce:Q965T4;Mm:Q8K0Z7;Rn:D4A601;Sc:P53212	Dr:F1QP29;Dr:A0A0G2L877
Q9HCK0	Q99594	57684	7005	ZBTB26	TEAD3	chromatin immunoprecipitation assay	27924024	Homo sapiens	GTRD	No	Mm:Q6P9Q3;Rn:D3ZG35	Dr:A2BF92	-	-
Q9HCK0	O00299	57684	1192	ZBTB26	CLIC1	chromatin immunoprecipitation assay	27924024	Homo sapiens	GTRD	No	Mm:Q6P9Q3;Rn:D3ZG35	Dr:A2BF92	Mm:Q9Z1Q5;Rn:Q6MG61	Dr:A0A0R4IRJ8
Q9HCK0	I3L3B4	57684	-	ZBTB26	-	chromatin immunoprecipitation assay	27924024	Homo sapiens	GTRD	No	Mm:Q6P9Q3;Rn:D3ZG35	Dr:A2BF92	-	-
Q9HCK0	Q04721	57684	4853	ZBTB26	NOTCH2	chromatin immunoprecipitation assay	27924024	Homo sapiens	GTRD	No	Mm:Q6P9Q3;Rn:D3ZG35	Dr:A2BF92	Dr:F1RCH4;Mm:O35516;Rn:G3V8G9	-
Q9HCK0	Q5T9G4	57684	221481	ZBTB26	ARMC12	chromatin immunoprecipitation assay	27924024	Homo sapiens	GTRD	No	Mm:Q6P9Q3;Rn:D3ZG35	Dr:A2BF92	Mm:Q80X86	Rn:B0BNC7
Q9HCK0	Q8N2G4	57684	116372	ZBTB26	LYPD1	chromatin immunoprecipitation assay	27924024	Homo sapiens	GTRD	No	Mm:Q6P9Q3;Rn:D3ZG35	Dr:A2BF92	Mm:Q8BLC3	Rn:Q66H42
Q9HCK0	Q96DT6	57684	84938	ZBTB26	ATG4C	chromatin immunoprecipitation assay	27924024	Homo sapiens	GTRD	No	Mm:Q6P9Q3;Rn:D3ZG35	Dr:A2BF92	Dr:Q6IQ96;Mm:Q811C2	Rn:F1M3M0
Q9HCK0	Q2NKQ1	57684	129049	ZBTB26	SGSM1	chromatin immunoprecipitation assay	27924024	Homo sapiens	GTRD	No	Mm:Q6P9Q3;Rn:D3ZG35	Dr:A2BF92	Rn:D3ZAS2	Mm:B2RQR5
Q9HCK0	Q86Z23	57684	338761	ZBTB26	C1QL4	chromatin immunoprecipitation assay	27924024	Homo sapiens	GTRD	No	Mm:Q6P9Q3;Rn:D3ZG35	Dr:A2BF92	Dr:E7EZD8;Mm:Q4ZJM9;Rn:D3ZMN4	Dr:E9QCN9
Q9HCK0	Q7Z5W3	57684	144233	ZBTB26	BCDIN3D	chromatin immunoprecipitation assay	27924024	Homo sapiens	GTRD	No	Mm:Q6P9Q3;Rn:D3ZG35	Dr:A2BF92	Dm:Q9VZD2;Mm:Q91YP1;Rn:D4ABH7	Dr:L7N449
Q9HCK0	Q9HAW0	57684	55290	ZBTB26	BRF2	chromatin immunoprecipitation assay	27924024	Homo sapiens	GTRD	No	Mm:Q6P9Q3;Rn:D3ZG35	Dr:A2BF92	Mm:A0A0R4J0C6;Rn:Q4V8D6	Dr:F1QD13
Q9HCK0	Q15776	57684	7745	ZBTB26	ZKSCAN8	chromatin immunoprecipitation assay	27924024	Homo sapiens	GTRD	No	Mm:Q6P9Q3;Rn:D3ZG35	Dr:A2BF92	Mm:Q8BSL0;Rn:D4A3X9	-
Q9HCK0	O15162	57684	5359	ZBTB26	PLSCR1	chromatin immunoprecipitation assay	27924024	Homo sapiens	GTRD	No	Mm:Q6P9Q3;Rn:D3ZG35	Dr:A2BF92	-	-
Q9HCK0	Q9HCF6	57684	80036	ZBTB26	TRPM3	chromatin immunoprecipitation assay	27924024	Homo sapiens	GTRD	No	Mm:Q6P9Q3;Rn:D3ZG35	Dr:A2BF92	-	Dr:A2BGS8;Mm:J9S314;Rn:F1LN45
Q9HCK0	Q5EB52	57684	4232	ZBTB26	MEST	chromatin immunoprecipitation assay	27924024	Homo sapiens	GTRD	No	Mm:Q6P9Q3;Rn:D3ZG35	Dr:A2BF92	Dr:Q1L8N7;Rn:M0R830	Mm:D3Z383
Q9HCK0	P49755	57684	10972	ZBTB26	TMED10	chromatin immunoprecipitation assay	27924024	Homo sapiens	GTRD	No	Mm:Q6P9Q3;Rn:D3ZG35	Dr:A2BF92	Ce:Q20546;Dm:Q8SXY6;Mm:Q9D1D4;Rn:Q63584	Dr:Q6NWI7
Q9HCK0	Q8N5Y2	57684	10943	ZBTB26	MSL3	chromatin immunoprecipitation assay	27924024	Homo sapiens	GTRD	No	Mm:Q6P9Q3;Rn:D3ZG35	Dr:A2BF92	Dm:P50536;Mm:Q9WVG9;Rn:Q5RJQ2	-
Q9HCK0	O00198	57684	8739	ZBTB26	HRK	chromatin immunoprecipitation assay	27924024	Homo sapiens	GTRD	No	Mm:Q6P9Q3;Rn:D3ZG35	Dr:A2BF92	Mm:P62816	-
Q9HCK0	Q8WU79	57684	64744	ZBTB26	SMAP2	chromatin immunoprecipitation assay	27924024	Homo sapiens	GTRD	No	Mm:Q6P9Q3;Rn:D3ZG35	Dr:A2BF92	Dr:Q1LXU3;Mm:Q7TN29;Rn:B1WBX6	-
Q9HCK0	P52954	57684	10660	ZBTB26	LBX1	chromatin immunoprecipitation assay	27924024	Homo sapiens	GTRD	No	Mm:Q6P9Q3;Rn:D3ZG35	Dr:A2BF92	Mm:P52955	Dr:Q6ZM39;Rn:Q1XID0
Q9HCK0	Q9BYL1	57684	140700	ZBTB26	SAMD10	chromatin immunoprecipitation assay	27924024	Homo sapiens	GTRD	No	Mm:Q6P9Q3;Rn:D3ZG35	Dr:A2BF92	Dr:E9QIL6;Mm:Q7TST3;Rn:F1M2I9	-
Q9HCK0	Q8IUI8	57684	51379	ZBTB26	CRLF3	chromatin immunoprecipitation assay	27924024	Homo sapiens	GTRD	No	Mm:Q6P9Q3;Rn:D3ZG35	Dr:A2BF92	Mm:Q9Z2L7;Rn:M0RDG7	Dr:F1QNI2
Q9HCK0	O15061	57684	23336	ZBTB26	SYNM	chromatin immunoprecipitation assay	27924024	Homo sapiens	GTRD	No	Mm:Q6P9Q3;Rn:D3ZG35	Dr:A2BF92	-	-
Q9HCK0	Q9Y6K1	57684	1788	ZBTB26	DNMT3A	chromatin immunoprecipitation assay	27924024	Homo sapiens	GTRD	No	Mm:Q6P9Q3;Rn:D3ZG35	Dr:A2BF92	Mm:O88508;Rn:Q1LZ53	Dr:Q588C4;Dr:B8JLQ7
Q9HCK0	Q5JTJ3	57684	388753	ZBTB26	COA6	chromatin immunoprecipitation assay	27924024	Homo sapiens	GTRD	No	Mm:Q6P9Q3;Rn:D3ZG35	Dr:A2BF92	Dm:B7Z107;Dr:B8A5J2;Mm:Q8BGD8;Rn:A0A0G2JUM8	-
Q9HCK0	Q96J84	57684	55243	ZBTB26	KIRREL1	chromatin immunoprecipitation assay	27924024	Homo sapiens	GTRD	No	Mm:Q6P9Q3;Rn:D3ZG35	Dr:A2BF92	Mm:Q80W68;Rn:Q6X936	Dr:B0V1H1;Dr:Q6NY23
Q9HCK0	O75394	57684	9553	ZBTB26	MRPL33	chromatin immunoprecipitation assay	27924024	Homo sapiens	GTRD	No	Mm:Q6P9Q3;Rn:D3ZG35	Dr:A2BF92	Dm:Q9W4L1;Mm:Q9CQP0;Rn:D4ABL7	Dr:A0A0G2L677
Q9HCK0	Q641Q3	57684	284207	ZBTB26	METRNL	chromatin immunoprecipitation assay	27924024	Homo sapiens	GTRD	No	Mm:Q6P9Q3;Rn:D3ZG35	Dr:A2BF92	Dr:A0A0R4IAF7;Mm:Q8VE43;Rn:Q5RJL6	-
Q9HCK0	Q7L4I2	57684	65117	ZBTB26	RSRC2	chromatin immunoprecipitation assay	27924024	Homo sapiens	GTRD	No	Mm:Q6P9Q3;Rn:D3ZG35	Dr:A2BF92	Dm:Q9VXU3	Mm:S4R2L4;Rn:A0A0G2JZB4
Q9HCK0	Q9Y2Y1	57684	51728	ZBTB26	POLR3K	chromatin immunoprecipitation assay	27924024	Homo sapiens	GTRD	No	Mm:Q6P9Q3;Rn:D3ZG35	Dr:A2BF92	-	-
Q9HCK0	Q8IVL1	57684	89797	ZBTB26	NAV2	chromatin immunoprecipitation assay	27924024	Homo sapiens	GTRD	No	Mm:Q6P9Q3;Rn:D3ZG35	Dr:A2BF92	Mm:V9GX91;Rn:F1LR12	-
Q9HCK0	P11216	57684	5834	ZBTB26	PYGB	chromatin immunoprecipitation assay	27924024	Homo sapiens	GTRD	No	Mm:Q6P9Q3;Rn:D3ZG35	Dr:A2BF92	Dr:F1R5X0;Mm:Q8CI94;Rn:G3V6Y6	-
Q9HCK0	Q9BSW7	57684	51760	ZBTB26	SYT17	chromatin immunoprecipitation assay	27924024	Homo sapiens	GTRD	No	Mm:Q6P9Q3;Rn:D3ZG35	Dr:A2BF92	Mm:Q920M7;Rn:Q62807	-
Q9HCK0	P37235	57684	3241	ZBTB26	HPCAL1	chromatin immunoprecipitation assay	27924024	Homo sapiens	GTRD	No	Mm:Q6P9Q3;Rn:D3ZG35	Dr:A2BF92	Dr:Q6PC34;Mm:P62748;Rn:P62749	-
Q9HCK0	Q8N6H7	57684	84364	ZBTB26	ARFGAP2	chromatin immunoprecipitation assay	27924024	Homo sapiens	GTRD	No	Mm:Q6P9Q3;Rn:D3ZG35	Dr:A2BF92	Dr:F1RB32;Mm:Q99K28;Rn:Q3MID3	-
Q9HCK0	Q01974	57684	4920	ZBTB26	ROR2	chromatin immunoprecipitation assay	27924024	Homo sapiens	GTRD	No	Mm:Q6P9Q3;Rn:D3ZG35	Dr:A2BF92	Dr:E7FCE4;Mm:Q9Z138;Rn:D3ZNY8	-
Q9HCK0	Q96B45	57684	119032	ZBTB26	BORCS7	chromatin immunoprecipitation assay	27924024	Homo sapiens	GTRD	No	Mm:Q6P9Q3;Rn:D3ZG35	Dr:A2BF92	-	-
Q9HCK0	Q3KQV3	57684	126375	ZBTB26	ZNF792	chromatin immunoprecipitation assay	27924024	Homo sapiens	GTRD	No	Mm:Q6P9Q3;Rn:D3ZG35	Dr:A2BF92	-	-
Q9HCK0	Q8WUZ0	57684	9274	ZBTB26	BCL7C	chromatin immunoprecipitation assay	27924024	Homo sapiens	GTRD	No	Mm:Q6P9Q3;Rn:D3ZG35	Dr:A2BF92	Mm:O08664;Rn:D3ZUL4	-
Q9HCK0	Q9H607	57684	79629	ZBTB26	OCEL1	chromatin immunoprecipitation assay	27924024	Homo sapiens	GTRD	No	Mm:Q6P9Q3;Rn:D3ZG35	Dr:A2BF92	Mm:G5E815;Rn:B5DFM2	-
Q9HCK0	Q9UPQ7	57684	23024	ZBTB26	PDZRN3	chromatin immunoprecipitation assay	27924024	Homo sapiens	GTRD	No	Mm:Q6P9Q3;Rn:D3ZG35	Dr:A2BF92	Dr:E7FDW2;Mm:Q69ZS0;Rn:A0A0G2K4K7	-
Q9HCK0	Q13554	57684	816	ZBTB26	CAMK2B	chromatin immunoprecipitation assay	27924024	Homo sapiens	GTRD	No	Mm:Q6P9Q3;Rn:D3ZG35	Dr:A2BF92	Rn:F1LUE2	Dr:A2BGW3;Mm:Q5SVJ0
Q9HCK0	O75293	57684	4616	ZBTB26	GADD45B	chromatin immunoprecipitation assay	27924024	Homo sapiens	GTRD	No	Mm:Q6P9Q3;Rn:D3ZG35	Dr:A2BF92	Dr:Q5NU21;Mm:P22339;Rn:Q5U3Z2	Dr:Q6PC51
Q9HCK0	Q1W6H9	57684	642273	ZBTB26	FAM110C	chromatin immunoprecipitation assay	27924024	Homo sapiens	GTRD	No	Mm:Q6P9Q3;Rn:D3ZG35	Dr:A2BF92	Mm:Q8VE94;Rn:Q5RKJ0	Dr:X1WC17
Q9HCK0	O43913	57684	5001	ZBTB26	ORC5	chromatin immunoprecipitation assay	27924024	Homo sapiens	GTRD	No	Mm:Q6P9Q3;Rn:D3ZG35	Dr:A2BF92	Dm:Q24169;Dr:Q6P0X9;Mm:Q9WUV0;Rn:A0A0G2K6D6;Sc:P50874	-
Q9HCK0	Q9HCU9	57684	25855	ZBTB26	BRMS1	chromatin immunoprecipitation assay	27924024	Homo sapiens	GTRD	No	Mm:Q6P9Q3;Rn:D3ZG35	Dr:A2BF92	Mm:Q99N20	Rn:Q5M7T3;Rn:A0A0H2UI40
Q9HCK0	Q9BR77	57684	84318	ZBTB26	CCDC77	chromatin immunoprecipitation assay	27924024	Homo sapiens	GTRD	No	Mm:Q6P9Q3;Rn:D3ZG35	Dr:A2BF92	Dr:E7FBZ5;Mm:Q9CZH8	Rn:D3ZHU5
Q9HCK0	Q9NYG5	57684	51529	ZBTB26	ANAPC11	chromatin immunoprecipitation assay	27924024	Homo sapiens	GTRD	No	Mm:Q6P9Q3;Rn:D3ZG35	Dr:A2BF92	Ce:Q20052;Dm:Q7KA43;Dr:Q08BH9;Mm:Q9CPX9;Rn:D3ZXH8	-
Q9HCK0	Q8ND04	57684	55181	ZBTB26	SMG8	chromatin immunoprecipitation assay	27924024	Homo sapiens	GTRD	No	Mm:Q6P9Q3;Rn:D3ZG35	Dr:A2BF92	Dm:Q9VKQ6;Dr:E7FBA3;Mm:Q8VE18;Rn:D3ZQ80	-
Q9HCK0	Q9UBL3	57684	9070	ZBTB26	ASH2L	chromatin immunoprecipitation assay	27924024	Homo sapiens	GTRD	No	Mm:Q6P9Q3;Rn:D3ZG35	Dr:A2BF92	Dm:Q94545;Dr:F1RAW8;Mm:Q91X20;Rn:A0A0G2JT90	Ce:Q9XXH4
Q9HCK0	Q96A44	57684	92369	ZBTB26	SPSB4	chromatin immunoprecipitation assay	27924024	Homo sapiens	GTRD	No	Mm:Q6P9Q3;Rn:D3ZG35	Dr:A2BF92	Dm:A1Z6E0;Dr:B0S5W3;Mm:Q8R5B6;Rn:B5DF38	-
Q9HCK0	O75069	57684	9911	ZBTB26	TMCC2	chromatin immunoprecipitation assay	27924024	Homo sapiens	GTRD	No	Mm:Q6P9Q3;Rn:D3ZG35	Dr:A2BF92	-	-
Q9HCK0	Q16613	57684	15	ZBTB26	AANAT	chromatin immunoprecipitation assay	27924024	Homo sapiens	GTRD	No	Mm:Q6P9Q3;Rn:D3ZG35	Dr:A2BF92	-	-
Q9HCK0	P62312	57684	11157	ZBTB26	LSM6	chromatin immunoprecipitation assay	27924024	Homo sapiens	GTRD	No	Mm:Q6P9Q3;Rn:D3ZG35	Dr:A2BF92	Ce:Q95XN6;Dm:Q9W2P5;Dr:Q6IMW9;Mm:P62313;Rn:D3ZG07;Sc:Q06406	-
Q9HCK0	Q9Y2H5	57684	22874	ZBTB26	PLEKHA6	chromatin immunoprecipitation assay	27924024	Homo sapiens	GTRD	No	Mm:Q6P9Q3;Rn:D3ZG35	Dr:A2BF92	-	-
Q9HCK0	Q8N4H5	57684	401505	ZBTB26	TOMM5	chromatin immunoprecipitation assay	27924024	Homo sapiens	GTRD	No	Mm:Q6P9Q3;Rn:D3ZG35	Dr:A2BF92	Dr:F6NZ76;Mm:B1AXP6	-
Q9HCK0	Q16512	57684	5585	ZBTB26	PKN1	chromatin immunoprecipitation assay	27924024	Homo sapiens	GTRD	No	Mm:Q6P9Q3;Rn:D3ZG35	Dr:A2BF92	Mm:P70268;Rn:Q63433	-
Q9HCK0	F5H5K5	57684	-	ZBTB26	-	chromatin immunoprecipitation assay	27924024	Homo sapiens	GTRD	No	Mm:Q6P9Q3;Rn:D3ZG35	Dr:A2BF92	-	-
Q9HCK0	Q8N0V5	57684	2651	ZBTB26	GCNT2	chromatin immunoprecipitation assay	27924024	Homo sapiens	GTRD	No	Mm:Q6P9Q3;Rn:D3ZG35	Dr:A2BF92	-	Mm:Q6T5E4;Rn:Q6T5E1
Q9HCK0	P62826	57684	5901	ZBTB26	RAN	chromatin immunoprecipitation assay	27924024	Homo sapiens	GTRD	No	Mm:Q6P9Q3;Rn:D3ZG35	Dr:A2BF92	Ce:O17915;Dm:Q9VZ23;Dr:P79735;Mm:P62827;Rn:P62828;Sc:P32835;Sc:P32836	-
Q9HCK0	Q9H4P4	57684	10193	ZBTB26	RNF41	chromatin immunoprecipitation assay	27924024	Homo sapiens	GTRD	No	Mm:Q6P9Q3;Rn:D3ZG35	Dr:A2BF92	Dm:Q9VUV7;Mm:Q8BH75;Rn:A0A0G2K4P8	Dr:F1QIM8
Q9HCK0	Q13352	57684	23421	ZBTB26	ITGB3BP	chromatin immunoprecipitation assay	27924024	Homo sapiens	GTRD	No	Mm:Q6P9Q3;Rn:D3ZG35	Dr:A2BF92	Mm:Q9CQ82	Rn:Q5U1Z7
Q9HCK0	Q96M96	57684	121512	ZBTB26	FGD4	chromatin immunoprecipitation assay	27924024	Homo sapiens	GTRD	No	Mm:Q6P9Q3;Rn:D3ZG35	Dr:A2BF92	Mm:Q91ZT5	Dr:F1QAA5;Rn:A0A0G2K8X0
Q9HCK0	O43711	57684	30012	ZBTB26	TLX3	chromatin immunoprecipitation assay	27924024	Homo sapiens	GTRD	No	Mm:Q6P9Q3;Rn:D3ZG35	Dr:A2BF92	Mm:O55144;Rn:G3V6M6	Dr:F1QSY0
Q9HCK0	Q8WUI4	57684	51564	ZBTB26	HDAC7	chromatin immunoprecipitation assay	27924024	Homo sapiens	GTRD	No	Mm:Q6P9Q3;Rn:D3ZG35	Dr:A2BF92	Mm:Q8C2B3;Rn:A0A0G2K6B1	-
Q9HCK0	Q8HWS3	57684	222546	ZBTB26	RFX6	chromatin immunoprecipitation assay	27924024	Homo sapiens	GTRD	No	Mm:Q6P9Q3;Rn:D3ZG35	Dr:A2BF92	Mm:Q8C7R7	Dr:F1R701;Rn:F1LTN7
Q9HCK0	P42766	57684	11224	ZBTB26	RPL35	chromatin immunoprecipitation assay	27924024	Homo sapiens	GTRD	No	Mm:Q6P9Q3;Rn:D3ZG35	Dr:A2BF92	Ce:P34662;Dm:Q9W499;Dr:Q8JHJ1;Mm:Q6ZWV7;Rn:P17078;Sc:P0CX84	-
Q9HCK0	Q96EU6	57684	88745	ZBTB26	RRP36	chromatin immunoprecipitation assay	27924024	Homo sapiens	GTRD	No	Mm:Q6P9Q3;Rn:D3ZG35	Dr:A2BF92	Dm:Q9VFJ1;Rn:D3ZDJ5	Dr:Q1L876;Mm:A0A3B2WB30
Q9HCK0	Q9NYV8	57684	50840	ZBTB26	TAS2R14	chromatin immunoprecipitation assay	27924024	Homo sapiens	GTRD	No	Mm:Q6P9Q3;Rn:D3ZG35	Dr:A2BF92	Mm:Q7M715;Mm:Q7M711;Mm:Q7M710;Mm:Q7M707;Mm:Q9JKA3;Mm:Q7TQA4;Rn:G3V966;Rn:G3V9B0;Rn:F1LNZ6	Rn:G3V9H7;Rn:Q67ER8;Rn:F1M7V5
Q9HCK0	P78345	57684	10557	ZBTB26	RPP38	chromatin immunoprecipitation assay	27924024	Homo sapiens	GTRD	No	Mm:Q6P9Q3;Rn:D3ZG35	Dr:A2BF92	Dr:F1QS85;Mm:A2AJG0;Rn:Q497C2	-
Q9HCK0	Q6ZNE5	57684	22863	ZBTB26	ATG14	chromatin immunoprecipitation assay	27924024	Homo sapiens	GTRD	No	Mm:Q6P9Q3;Rn:D3ZG35	Dr:A2BF92	Dm:Q9VAP6;Mm:Q8CDJ3	Dr:F1R340;Rn:D4A4K3
Q9HCK0	Q8TAV0	57684	199870	ZBTB26	FAM76A	chromatin immunoprecipitation assay	27924024	Homo sapiens	GTRD	No	Mm:Q6P9Q3;Rn:D3ZG35	Dr:A2BF92	Mm:Q922G2	Rn:D3ZEU8
Q9HCK0	Q8IXM2	57684	124944	ZBTB26	BAP18	chromatin immunoprecipitation assay	27924024	Homo sapiens	GTRD	No	Mm:Q6P9Q3;Rn:D3ZG35	Dr:A2BF92	-	-
Q9HCK0	Q9Y6I8	57684	11264	ZBTB26	PXMP4	chromatin immunoprecipitation assay	27924024	Homo sapiens	GTRD	No	Mm:Q6P9Q3;Rn:D3ZG35	Dr:A2BF92	Ce:P91262;Dr:A0A2R8QFW3;Mm:Q9JJW0;Rn:P59382	-
Q9HCK0	Q8TCE6	57684	404636	ZBTB26	DENND10	chromatin immunoprecipitation assay	27924024	Homo sapiens	GTRD	No	Mm:Q6P9Q3;Rn:D3ZG35	Dr:A2BF92	Dr:A8E7G4;Mm:Q9D8N2;Rn:F1LNS2	-
Q9HCK0	Q9BZM1	57684	81579	ZBTB26	PLA2G12A	chromatin immunoprecipitation assay	27924024	Homo sapiens	GTRD	No	Mm:Q6P9Q3;Rn:D3ZG35	Dr:A2BF92	Dr:A3KNJ5;Mm:Q9EPR2;Rn:B0K018	-
Q9HCK0	Q15785	57684	10953	ZBTB26	TOMM34	chromatin immunoprecipitation assay	27924024	Homo sapiens	GTRD	No	Mm:Q6P9Q3;Rn:D3ZG35	Dr:A2BF92	Dr:Q6ZM24;Mm:Q9CYG7;Rn:Q3KRD5	-
Q9HCK0	P60604	57684	7327	ZBTB26	UBE2G2	chromatin immunoprecipitation assay	27924024	Homo sapiens	GTRD	No	Mm:Q6P9Q3;Rn:D3ZG35	Dr:A2BF92	Dm:Q9VXE8;Dr:Q4V9I8;Mm:P60605;Rn:B2RYD0;Sc:Q02159	Ce:Q9U1Q1
Q9HCK0	Q13765	57684	4666	ZBTB26	NACA	chromatin immunoprecipitation assay	27924024	Homo sapiens	GTRD	No	Mm:Q6P9Q3;Rn:D3ZG35	Dr:A2BF92	-	-
Q9HCK0	Q7Z7G8	57684	157680	ZBTB26	VPS13B	chromatin immunoprecipitation assay	27924024	Homo sapiens	GTRD	No	Mm:Q6P9Q3;Rn:D3ZG35	Dr:A2BF92	Dm:Q9VAD3;Mm:Q80TY5	-
Q9HCK0	P20585	57684	4437	ZBTB26	MSH3	chromatin immunoprecipitation assay	27924024	Homo sapiens	GTRD	No	Mm:Q6P9Q3;Rn:D3ZG35	Dr:A2BF92	Mm:A0A087WQ16;Rn:F1LQM8;Sc:P25336	Dr:A0A288CFS8
Q9HCK0	A0PJX8	57684	388595	ZBTB26	TMEM82	chromatin immunoprecipitation assay	27924024	Homo sapiens	GTRD	No	Mm:Q6P9Q3;Rn:D3ZG35	Dr:A2BF92	Mm:Q8R115;Rn:D4A8K4	Dr:X1WDB7
Q9HCK0	Q9BTX7	57684	79183	ZBTB26	TTPAL	chromatin immunoprecipitation assay	27924024	Homo sapiens	GTRD	No	Mm:Q6P9Q3;Rn:D3ZG35	Dr:A2BF92	Dr:F1QZD8;Mm:Q9D3D0;Rn:D3ZGM8	-
Q9HCK0	Q9BT88	57684	23208	ZBTB26	SYT11	chromatin immunoprecipitation assay	27924024	Homo sapiens	GTRD	No	Mm:Q6P9Q3;Rn:D3ZG35	Dr:A2BF92	Dr:F1RD06;Mm:Q9R0N3;Rn:O08835	-
Q9HCK0	Q9Y5I7	57684	10686	ZBTB26	CLDN16	chromatin immunoprecipitation assay	27924024	Homo sapiens	GTRD	No	Mm:Q6P9Q3;Rn:D3ZG35	Dr:A2BF92	-	-
Q9HCK0	P08865	57684	3921	ZBTB26	RPSA	chromatin immunoprecipitation assay	27924024	Homo sapiens	GTRD	No	Mm:Q6P9Q3;Rn:D3ZG35	Dr:A2BF92	-	-
Q9HCK0	Q96C55	57684	147807	ZBTB26	ZNF524	chromatin immunoprecipitation assay	27924024	Homo sapiens	GTRD	No	Mm:Q6P9Q3;Rn:D3ZG35	Dr:A2BF92	Rn:A0A0G2JUJ1	Mm:A0A140LJJ1
Q9HCK0	O95239	57684	24137	ZBTB26	KIF4A	chromatin immunoprecipitation assay	27924024	Homo sapiens	GTRD	No	Mm:Q6P9Q3;Rn:D3ZG35	Dr:A2BF92	-	-
Q9HCK0	Q9UKQ2	57684	10863	ZBTB26	ADAM28	chromatin immunoprecipitation assay	27924024	Homo sapiens	GTRD	No	Mm:Q6P9Q3;Rn:D3ZG35	Dr:A2BF92	Mm:Q9JLN6	Dr:A3KQJ0;Rn:E9PTQ3
Q9HCK0	Q9NSD7	57684	51289	ZBTB26	RXFP3	chromatin immunoprecipitation assay	27924024	Homo sapiens	GTRD	No	Mm:Q6P9Q3;Rn:D3ZG35	Dr:A2BF92	Dr:B3DJ81;Mm:Q8BGE9;Rn:Q5Y986	-
Q9HCK0	P52739	57684	7690	ZBTB26	ZNF131	chromatin immunoprecipitation assay	27924024	Homo sapiens	GTRD	No	Mm:Q6P9Q3;Rn:D3ZG35	Dr:A2BF92	Mm:Q8K3J5;Rn:B1WC22	-
Q9HCK0	Q76FK4	57684	55035	ZBTB26	NOL8	chromatin immunoprecipitation assay	27924024	Homo sapiens	GTRD	No	Mm:Q6P9Q3;Rn:D3ZG35	Dr:A2BF92	Dr:Q1LV47;Mm:Q3UHX0	Rn:M0RDX9;Rn:D4A6L3
Q9HCK0	Q86UA1	57684	55015	ZBTB26	PRPF39	chromatin immunoprecipitation assay	27924024	Homo sapiens	GTRD	No	Mm:Q6P9Q3;Rn:D3ZG35	Dr:A2BF92	Dr:Q1JPZ7;Mm:E9QJV4;Rn:D4A5S9	Ce:Q22961
Q9HCK0	Q6ZRF8	57684	388591	ZBTB26	RNF207	chromatin immunoprecipitation assay	27924024	Homo sapiens	GTRD	No	Mm:Q6P9Q3;Rn:D3ZG35	Dr:A2BF92	Ce:Q20548;Mm:Q3V3A7;Rn:D4A306	Dr:E9QHE3
Q9HCK0	Q5T2S8	57684	55130	ZBTB26	ARMC4	chromatin immunoprecipitation assay	27924024	Homo sapiens	GTRD	No	Mm:Q6P9Q3;Rn:D3ZG35	Dr:A2BF92	Dr:E7FB07;Mm:B2RY50;Rn:D3ZXG2	-
Q9HCK0	Q9H840	57684	79760	ZBTB26	GEMIN7	chromatin immunoprecipitation assay	27924024	Homo sapiens	GTRD	No	Mm:Q6P9Q3;Rn:D3ZG35	Dr:A2BF92	Mm:Q9CWY4;Rn:M0R5G2	Dr:F1R879;Rn:F1M629
Q9HCK0	Q5QJU3	57684	340485	ZBTB26	ACER2	chromatin immunoprecipitation assay	27924024	Homo sapiens	GTRD	No	Mm:Q6P9Q3;Rn:D3ZG35	Dr:A2BF92	Dm:Q9VIP7;Dr:E7FCF4;Mm:Q8VD53;Rn:D3ZNW4	-
Q9HCK0	P06744	57684	2821	ZBTB26	GPI	chromatin immunoprecipitation assay	27924024	Homo sapiens	GTRD	No	Mm:Q6P9Q3;Rn:D3ZG35	Dr:A2BF92	Ce:Q7K707;Dm:P52029;Dr:A8DZE4;Dr:F1QZL6;Mm:P06745;Rn:Q6P6V0;Sc:P12709	-
Q9HCK0	Q96B54	57684	126299	ZBTB26	ZNF428	chromatin immunoprecipitation assay	27924024	Homo sapiens	GTRD	No	Mm:Q6P9Q3;Rn:D3ZG35	Dr:A2BF92	Rn:D4A7Q6	Mm:H3BLD9
Q9HCK0	O75179	57684	26057	ZBTB26	ANKRD17	chromatin immunoprecipitation assay	27924024	Homo sapiens	GTRD	No	Mm:Q6P9Q3;Rn:D3ZG35	Dr:A2BF92	Mm:Q99NH0;Rn:A0A0G2JVW3	-
Q9HCK0	Q9NVV5	57684	51390	ZBTB26	AIG1	chromatin immunoprecipitation assay	27924024	Homo sapiens	GTRD	No	Mm:Q6P9Q3;Rn:D3ZG35	Dr:A2BF92	Dm:Q9VPM9;Dm:Q9VTI1;Dr:Q5RIV5;Mm:Q9D8B1;Rn:B2RZC0	Dm:Q9VPN1
Q9HCK0	Q9NV66	57684	55253	ZBTB26	TYW1	chromatin immunoprecipitation assay	27924024	Homo sapiens	GTRD	No	Mm:Q6P9Q3;Rn:D3ZG35	Dr:A2BF92	-	-
Q9HCK0	Q8TCT9	57684	81502	ZBTB26	HM13	chromatin immunoprecipitation assay	27924024	Homo sapiens	GTRD	No	Mm:Q6P9Q3;Rn:D3ZG35	Dr:A2BF92	Dm:Q9VPQ7;Dr:Q6IQA7;Mm:Q9D8V0;Rn:A0A0G2K1Z9	-
Q9HCK0	Q14703	57684	8720	ZBTB26	MBTPS1	chromatin immunoprecipitation assay	27924024	Homo sapiens	GTRD	No	Mm:Q6P9Q3;Rn:D3ZG35	Dr:A2BF92	Dm:Q9VP10;Dr:Q1LWH3;Mm:Q9WTZ2;Rn:Q9WTZ3	-
Q9HCK0	Q15583	57684	7050	ZBTB26	TGIF1	chromatin immunoprecipitation assay	27924024	Homo sapiens	GTRD	No	Mm:Q6P9Q3;Rn:D3ZG35	Dr:A2BF92	Dr:Q803F0;Mm:P70284;Rn:Q5BJZ9	-
Q9HCK0	Q9H0P0	57684	51251	ZBTB26	NT5C3A	chromatin immunoprecipitation assay	27924024	Homo sapiens	GTRD	No	Mm:Q6P9Q3;Rn:D3ZG35	Dr:A2BF92	-	-
Q9HCK0	Q13563	57684	5311	ZBTB26	PKD2	chromatin immunoprecipitation assay	27924024	Homo sapiens	GTRD	No	Mm:Q6P9Q3;Rn:D3ZG35	Dr:A2BF92	Dr:Q6IVV8;Mm:O35245;Rn:D4A5F1	-
Q9HCK0	Q5GLZ8	57684	26091	ZBTB26	HERC4	chromatin immunoprecipitation assay	27924024	Homo sapiens	GTRD	No	Mm:Q6P9Q3;Rn:D3ZG35	Dr:A2BF92	Mm:Q6PAV2;Rn:Q5PQN1	Dr:E7F700
Q9HCK0	Q96IY1	57684	25936	ZBTB26	NSL1	chromatin immunoprecipitation assay	27924024	Homo sapiens	GTRD	No	Mm:Q6P9Q3;Rn:D3ZG35	Dr:A2BF92	Dr:Q5RGS8;Mm:E9QME3;Rn:F1M3N2	-
Q9HCK0	Q6PD74	57684	79719	ZBTB26	AAGAB	chromatin immunoprecipitation assay	27924024	Homo sapiens	GTRD	No	Mm:Q6P9Q3;Rn:D3ZG35	Dr:A2BF92	Mm:Q8R2R3;Rn:Q9R0Z7	Dr:Q1LXZ6
Q9HCK0	Q03164	57684	4297	ZBTB26	KMT2A	chromatin immunoprecipitation assay	27924024	Homo sapiens	GTRD	No	Mm:Q6P9Q3;Rn:D3ZG35	Dr:A2BF92	Dr:F1QL52;Mm:P55200	Rn:F1M0L3
Q9HCK0	P83876	57684	10907	ZBTB26	TXNL4A	chromatin immunoprecipitation assay	27924024	Homo sapiens	GTRD	No	Mm:Q6P9Q3;Rn:D3ZG35	Dr:A2BF92	Ce:L8E6I4;Dm:Q8SZ87;Dr:F1QTJ2;Mm:P83877;Rn:D3ZSW5;Sc:Q06819	-
Q9HCK0	O95876	57684	51057	ZBTB26	WDPCP	chromatin immunoprecipitation assay	27924024	Homo sapiens	GTRD	No	Mm:Q6P9Q3;Rn:D3ZG35	Dr:A2BF92	Dr:E7F9Q9;Mm:Q8C456;Rn:A0A0G2JXB0	-
Q9HCK0	Q9BRX5	57684	64785	ZBTB26	GINS3	chromatin immunoprecipitation assay	27924024	Homo sapiens	GTRD	No	Mm:Q6P9Q3;Rn:D3ZG35	Dr:A2BF92	Ce:Q9BL54;Dm:Q9W2V7;Dr:F1QXM4;Mm:Q9CY94;Rn:D3Z9I4	-
Q9HCK0	P10599	57684	7295	ZBTB26	TXN	chromatin immunoprecipitation assay	27924024	Homo sapiens	GTRD	No	Mm:Q6P9Q3;Rn:D3ZG35	Dr:A2BF92	Ce:Q9TXY8;Dm:Q9V429;Dr:Q7ZUI4;Dr:Q6DGI6;Mm:P10639;Rn:R4GNK3	Ce:Q09433;Dm:X2JID2
Q9HCK0	Q9C0A6	57684	55209	ZBTB26	SETD5	chromatin immunoprecipitation assay	27924024	Homo sapiens	GTRD	No	Mm:Q6P9Q3;Rn:D3ZG35	Dr:A2BF92	-	-
Q9HCK0	Q6AW86	57684	388569	ZBTB26	ZNF324B	chromatin immunoprecipitation assay	27924024	Homo sapiens	GTRD	No	Mm:Q6P9Q3;Rn:D3ZG35	Dr:A2BF92	-	-
Q9HCK0	O75078	57684	4185	ZBTB26	ADAM11	chromatin immunoprecipitation assay	27924024	Homo sapiens	GTRD	No	Mm:Q6P9Q3;Rn:D3ZG35	Dr:A2BF92	Mm:Q9R1V4;Rn:D4A6U1	Dr:E7F698
Q9HCK0	O60721	57684	9187	ZBTB26	SLC24A1	chromatin immunoprecipitation assay	27924024	Homo sapiens	GTRD	No	Mm:Q6P9Q3;Rn:D3ZG35	Dr:A2BF92	Mm:Q91WD8	Rn:A0A0G2K8E1
Q9HCK0	Q96LK0	57684	84984	ZBTB26	CEP19	chromatin immunoprecipitation assay	27924024	Homo sapiens	GTRD	No	Mm:Q6P9Q3;Rn:D3ZG35	Dr:A2BF92	Dr:Q4V8Z3;Mm:Q9CQA8;Rn:G3V974	-
Q9HCK0	K7EM74	57684	-	ZBTB26	-	chromatin immunoprecipitation assay	27924024	Homo sapiens	GTRD	No	Mm:Q6P9Q3;Rn:D3ZG35	Dr:A2BF92	-	Mm:A0A1L1SR50
Q9HCK0	Q9H5Q4	57684	64216	ZBTB26	TFB2M	chromatin immunoprecipitation assay	27924024	Homo sapiens	GTRD	No	Mm:Q6P9Q3;Rn:D3ZG35	Dr:A2BF92	Dr:B7ZVD7;Mm:Q3TL26	Rn:Q5U2T7
Q9HCK0	P78556	57684	6364	ZBTB26	CCL20	chromatin immunoprecipitation assay	27924024	Homo sapiens	GTRD	No	Mm:Q6P9Q3;Rn:D3ZG35	Dr:A2BF92	Rn:P97884	Dr:A9ZPE0;Dr:B3DGM0;Mm:F8WHA7
Q9HCK0	Q01658	57684	1810	ZBTB26	DR1	chromatin immunoprecipitation assay	27924024	Homo sapiens	GTRD	No	Mm:Q6P9Q3;Rn:D3ZG35	Dr:A2BF92	Ce:O45550;Dm:Q9VJQ5;Dr:Q08BR1;Mm:Q91WV0	Rn:Q5XI68
Q9HCK0	P51397	57684	1611	ZBTB26	DAP	chromatin immunoprecipitation assay	27924024	Homo sapiens	GTRD	No	Mm:Q6P9Q3;Rn:D3ZG35	Dr:A2BF92	Dm:Q7JRC0;Mm:Q91XC8;Rn:Q9QX67	-
Q9HCK0	Q8IZN3	57684	79683	ZBTB26	ZDHHC14	chromatin immunoprecipitation assay	27924024	Homo sapiens	GTRD	No	Mm:Q6P9Q3;Rn:D3ZG35	Dr:A2BF92	Mm:Q8BQQ1;Rn:Q2TGJ5	-
Q9HCK0	Q2TBC4	57684	29964	ZBTB26	PRICKLE4	chromatin immunoprecipitation assay	27924024	Homo sapiens	GTRD	No	Mm:Q6P9Q3;Rn:D3ZG35	Dr:A2BF92	-	-
Q9HCK0	Q8NI27	57684	57187	ZBTB26	THOC2	chromatin immunoprecipitation assay	27924024	Homo sapiens	GTRD	No	Mm:Q6P9Q3;Rn:D3ZG35	Dr:A2BF92	-	-
Q9HCK0	P35637	57684	2521	ZBTB26	FUS	chromatin immunoprecipitation assay	27924024	Homo sapiens	GTRD	No	Mm:Q6P9Q3;Rn:D3ZG35	Dr:A2BF92	Dr:F1R0M4;Mm:P56959;Rn:Q5PQK2	-
Q9HCK0	Q29RF7	57684	23244	ZBTB26	PDS5A	chromatin immunoprecipitation assay	27924024	Homo sapiens	GTRD	No	Mm:Q6P9Q3;Rn:D3ZG35	Dr:A2BF92	Dr:F1QDE7;Mm:E9QPI5;Rn:A4L9P7	-
Q9HCK0	P14921	57684	2113	ZBTB26	ETS1	chromatin immunoprecipitation assay	27924024	Homo sapiens	GTRD	No	Mm:Q6P9Q3;Rn:D3ZG35	Dr:A2BF92	Mm:P27577;Rn:P41156	-
Q9HCK0	Q5JPH6	57684	124454	ZBTB26	EARS2	chromatin immunoprecipitation assay	27924024	Homo sapiens	GTRD	No	Mm:Q6P9Q3;Rn:D3ZG35	Dr:A2BF92	Ce:O44413;Dm:Q9VV59;Mm:Q9CXJ1;Rn:M0RAI4;Sc:P48525	-
Q9HCK0	H3BUI4	57684	-	ZBTB26	-	chromatin immunoprecipitation assay	27924024	Homo sapiens	GTRD	No	Mm:Q6P9Q3;Rn:D3ZG35	Dr:A2BF92	-	-
Q9HCK0	Q5T160	57684	57038	ZBTB26	RARS2	chromatin immunoprecipitation assay	27924024	Homo sapiens	GTRD	No	Mm:Q6P9Q3;Rn:D3ZG35	Dr:A2BF92	Ce:Q18316;Dm:Q8SXK2;Mm:Q3U186;Rn:F7FFR1;Sc:Q05506;Sc:P38714	-
Q9HCK0	O15382	57684	587	ZBTB26	BCAT2	chromatin immunoprecipitation assay	27924024	Homo sapiens	GTRD	No	Mm:Q6P9Q3;Rn:D3ZG35	Dr:A2BF92	Ce:Q9XXD8;Mm:O35855;Rn:G3V8U8	-
Q9HCK0	Q13976	57684	5592	ZBTB26	PRKG1	chromatin immunoprecipitation assay	27924024	Homo sapiens	GTRD	No	Mm:Q6P9Q3;Rn:D3ZG35	Dr:A2BF92	Mm:P0C605	Ce:U4PEQ9;Dr:R4GDT5
Q9HCK0	P50416	57684	1374	ZBTB26	CPT1A	chromatin immunoprecipitation assay	27924024	Homo sapiens	GTRD	No	Mm:Q6P9Q3;Rn:D3ZG35	Dr:A2BF92	Ce:Q9U2F2;Dm:Q9V3K9;Mm:P97742;Rn:P32198	Dr:K7DY29;Dr:Q1MTA9
Q9HCK0	Q8WUJ3	57684	57214	ZBTB26	CEMIP	chromatin immunoprecipitation assay	27924024	Homo sapiens	GTRD	No	Mm:Q6P9Q3;Rn:D3ZG35	Dr:A2BF92	Mm:Q8BI06;Rn:D3ZWI0	Dr:E7F291
Q9HCK0	A6NMK7	57684	642843	ZBTB26	CPSF4L	chromatin immunoprecipitation assay	27924024	Homo sapiens	GTRD	No	Mm:Q6P9Q3;Rn:D3ZG35	Dr:A2BF92	Rn:A0A0G2K937	Mm:G3UWW6
Q9HCK0	Q6UB28	57684	254042	ZBTB26	METAP1D	chromatin immunoprecipitation assay	27924024	Homo sapiens	GTRD	No	Mm:Q6P9Q3;Rn:D3ZG35	Dr:A2BF92	Dm:Q9VKV9;Dr:B8A5K0;Mm:Q9CPW9;Rn:G3V670	-
Q9HCK0	O95674	57684	8760	ZBTB26	CDS2	chromatin immunoprecipitation assay	27924024	Homo sapiens	GTRD	No	Mm:Q6P9Q3;Rn:D3ZG35	Dr:A2BF92	Dr:A2BGK0;Mm:Q99L43;Rn:G3V8W2	-
Q9HCK0	Q9BV99	57684	65999	ZBTB26	LRRC61	chromatin immunoprecipitation assay	27924024	Homo sapiens	GTRD	No	Mm:Q6P9Q3;Rn:D3ZG35	Dr:A2BF92	Dr:F1QDN3;Mm:A0A0R4J1J6;Rn:D3ZA60	-
Q9HCK0	P09601	57684	3162	ZBTB26	HMOX1	chromatin immunoprecipitation assay	27924024	Homo sapiens	GTRD	No	Mm:Q6P9Q3;Rn:D3ZG35	Dr:A2BF92	Dr:B0UXS0;Mm:P14901;Rn:P06762	-
Q9HCK0	Q9NWH2	57684	729515	ZBTB26	TMEM242	chromatin immunoprecipitation assay	27924024	Homo sapiens	GTRD	No	Mm:Q6P9Q3;Rn:D3ZG35	Dr:A2BF92	Dm:Q9VYX5;Dr:Q4V8S3;Mm:Q8VCR3;Rn:D4A7K0	-
Q9HCK0	Q9HB90	57684	64121	ZBTB26	RRAGC	chromatin immunoprecipitation assay	27924024	Homo sapiens	GTRD	No	Mm:Q6P9Q3;Rn:D3ZG35	Dr:A2BF92	Dr:F1Q665;Dr:A0A0R4IZL6;Mm:Q99K70;Rn:Q0D2L6	-
Q9HCK0	Q9UMR3	57684	57057	ZBTB26	TBX20	chromatin immunoprecipitation assay	27924024	Homo sapiens	GTRD	No	Mm:Q6P9Q3;Rn:D3ZG35	Dr:A2BF92	Dr:Q9I9K7;Mm:Q9ES03;Rn:A0A0G2KAH3	-
Q9HCK0	Q9BSJ2	57684	10844	ZBTB26	TUBGCP2	chromatin immunoprecipitation assay	27924024	Homo sapiens	GTRD	No	Mm:Q6P9Q3;Rn:D3ZG35	Dr:A2BF92	Dm:Q9XYP7;Dr:F1QT47;Mm:Q921G8;Sc:P38863	Rn:B2RYP8
Q9HCK0	Q9P1V8	57684	161394	ZBTB26	SAMD15	chromatin immunoprecipitation assay	27924024	Homo sapiens	GTRD	No	Mm:Q6P9Q3;Rn:D3ZG35	Dr:A2BF92	Mm:F6XZJ7	-
Q9HCK0	Q96HH4	57684	92691	ZBTB26	TMEM169	chromatin immunoprecipitation assay	27924024	Homo sapiens	GTRD	No	Mm:Q6P9Q3;Rn:D3ZG35	Dr:A2BF92	Mm:Q8BG50;Rn:D4ACP3	Dr:E7EZZ8
Q9HCK0	O95573	57684	2181	ZBTB26	ACSL3	chromatin immunoprecipitation assay	27924024	Homo sapiens	GTRD	No	Mm:Q6P9Q3;Rn:D3ZG35	Dr:A2BF92	Dr:B0S5C4;Mm:Q9CZW4	Rn:Q63151
Q9HCK0	Q9NVH1	57684	55735	ZBTB26	DNAJC11	chromatin immunoprecipitation assay	27924024	Homo sapiens	GTRD	No	Mm:Q6P9Q3;Rn:D3ZG35	Dr:A2BF92	Ce:P91243;Dm:Q7K0W1;Dr:F1QWW6;Mm:Q5U458;Rn:B1WBY5	-
Q9HCK0	Q15056	57684	7458	ZBTB26	EIF4H	chromatin immunoprecipitation assay	27924024	Homo sapiens	GTRD	No	Mm:Q6P9Q3;Rn:D3ZG35	Dr:A2BF92	Mm:Q9WUK2;Rn:Q5XI72	Dm:Q7KUX7
Q9HCK0	Q6AZY7	57684	51435	ZBTB26	SCARA3	chromatin immunoprecipitation assay	27924024	Homo sapiens	GTRD	No	Mm:Q6P9Q3;Rn:D3ZG35	Dr:A2BF92	Dr:E9QDK3;Mm:Q8C850;Rn:D3ZPA7	-
Q9HCK0	Q8N2I2	57684	285267	ZBTB26	ZNF619	chromatin immunoprecipitation assay	27924024	Homo sapiens	GTRD	No	Mm:Q6P9Q3;Rn:D3ZG35	Dr:A2BF92	-	-
Q9HCK0	Q96DV4	57684	64978	ZBTB26	MRPL38	chromatin immunoprecipitation assay	27924024	Homo sapiens	GTRD	No	Mm:Q6P9Q3;Rn:D3ZG35	Dr:A2BF92	Dm:Q9VY48;Mm:Q8K2M0;Rn:Q5PQN9	Dr:F1QA41
Q9HCK0	Q9Y2X7	57684	28964	ZBTB26	GIT1	chromatin immunoprecipitation assay	27924024	Homo sapiens	GTRD	No	Mm:Q6P9Q3;Rn:D3ZG35	Dr:A2BF92	Mm:Q68FF6;Rn:A0A0G2K527	Dr:A0A0R4IPR8
Q9HCK0	Q14914	57684	22949	ZBTB26	PTGR1	chromatin immunoprecipitation assay	27924024	Homo sapiens	GTRD	No	Mm:Q6P9Q3;Rn:D3ZG35	Dr:A2BF92	Mm:Q91YR9;Rn:P97584	Dr:F1QVB1
Q9HCK0	Q8N488	57684	23429	ZBTB26	RYBP	chromatin immunoprecipitation assay	27924024	Homo sapiens	GTRD	No	Mm:Q6P9Q3;Rn:D3ZG35	Dr:A2BF92	-	-
Q9HCK0	P62633	57684	7555	ZBTB26	CNBP	chromatin immunoprecipitation assay	27924024	Homo sapiens	GTRD	No	Mm:Q6P9Q3;Rn:D3ZG35	Dr:A2BF92	Dr:E7FCQ0;Dr:F1Q6Z5;Mm:P53996;Rn:P62634	-
Q9HCK0	P52849	57684	8509	ZBTB26	NDST2	chromatin immunoprecipitation assay	27924024	Homo sapiens	GTRD	No	Mm:Q6P9Q3;Rn:D3ZG35	Dr:A2BF92	-	-
Q9HCK0	P49773	57684	3094	ZBTB26	HINT1	chromatin immunoprecipitation assay	27924024	Homo sapiens	GTRD	No	Mm:Q6P9Q3;Rn:D3ZG35	Dr:A2BF92	Dr:Q642J0;Mm:P70349;Rn:P62959;Sc:Q04344	Ce:P53795;Rn:D4A269
Q9HCK0	Q9Y5J6	57684	26515	ZBTB26	TIMM10B	chromatin immunoprecipitation assay	27924024	Homo sapiens	GTRD	No	Mm:Q6P9Q3;Rn:D3ZG35	Dr:A2BF92	-	-
Q9HCK0	Q8TBF4	57684	85437	ZBTB26	ZCRB1	chromatin immunoprecipitation assay	27924024	Homo sapiens	GTRD	No	Mm:Q6P9Q3;Rn:D3ZG35	Dr:A2BF92	Dr:Q5SP50;Mm:Q9CZ96;Rn:Q499V6	-
Q9HCK0	O43909	57684	2137	ZBTB26	EXTL3	chromatin immunoprecipitation assay	27924024	Homo sapiens	GTRD	No	Mm:Q6P9Q3;Rn:D3ZG35	Dr:A2BF92	Dm:Q9XZ08;Dr:Q5U7D2;Mm:Q6P1H4	Rn:Q9JMA8
Q9HCK0	Q9NWW5	57684	54982	ZBTB26	CLN6	chromatin immunoprecipitation assay	27924024	Homo sapiens	GTRD	No	Mm:Q6P9Q3;Rn:D3ZG35	Dr:A2BF92	Mm:Q3U466;Rn:D3ZZ46	Dr:E7F4M8;Dr:A0A1D5NSU0
Q9HCK0	Q96NL1	57684	157753	ZBTB26	TMEM74	chromatin immunoprecipitation assay	27924024	Homo sapiens	GTRD	No	Mm:Q6P9Q3;Rn:D3ZG35	Dr:A2BF92	Mm:Q8BQU7	Rn:D3ZR33
Q9HCK0	P30154	57684	5519	ZBTB26	PPP2R1B	chromatin immunoprecipitation assay	27924024	Homo sapiens	GTRD	No	Mm:Q6P9Q3;Rn:D3ZG35	Dr:A2BF92	Dr:Q642H5;Dr:A5PMV7;Rn:Q4QQT4	Mm:Q3TTF6
Q9HCK0	Q8TDU9	57684	339403	ZBTB26	RXFP4	chromatin immunoprecipitation assay	27924024	Homo sapiens	GTRD	No	Mm:Q6P9Q3;Rn:D3ZG35	Dr:A2BF92	Mm:Q7TQP4	-
Q9HCK0	Q8N3X6	57684	254251	ZBTB26	LCORL	chromatin immunoprecipitation assay	27924024	Homo sapiens	GTRD	No	Mm:Q6P9Q3;Rn:D3ZG35	Dr:A2BF92	Mm:Q3U285	Dr:F5H8N5
Q9HCK0	O95248	57684	6305	ZBTB26	SBF1	chromatin immunoprecipitation assay	27924024	Homo sapiens	GTRD	No	Mm:Q6P9Q3;Rn:D3ZG35	Dr:A2BF92	Mm:Q6ZPE2;Rn:M0RAP5	Dr:A0A2R8PWA9
Q9HCK0	Q9UK22	57684	26232	ZBTB26	FBXO2	chromatin immunoprecipitation assay	27924024	Homo sapiens	GTRD	No	Mm:Q6P9Q3;Rn:D3ZG35	Dr:A2BF92	Mm:Q80UW2;Rn:G3V774	-
Q9HCK0	Q9UBK9	57684	8409	ZBTB26	UXT	chromatin immunoprecipitation assay	27924024	Homo sapiens	GTRD	No	Mm:Q6P9Q3;Rn:D3ZG35	Dr:A2BF92	Dm:Q9VJP9;Dr:Q66IA7;Mm:Q9WTZ0;Rn:Q63ZY7	-
Q9HCK0	Q9BWK5	57684	78996	ZBTB26	CYREN	chromatin immunoprecipitation assay	27924024	Homo sapiens	GTRD	No	Mm:Q6P9Q3;Rn:D3ZG35	Dr:A2BF92	Mm:Q8BHZ5;Rn:Q6AYH4	-
Q9HCK0	P11234	57684	5899	ZBTB26	RALB	chromatin immunoprecipitation assay	27924024	Homo sapiens	GTRD	No	Mm:Q6P9Q3;Rn:D3ZG35	Dr:A2BF92	Dr:Q6DC92;Mm:Q9JIW9	Rn:F1LQ62
Q9HCK0	P62308	57684	6637	ZBTB26	SNRPG	chromatin immunoprecipitation assay	27924024	Homo sapiens	GTRD	No	Mm:Q6P9Q3;Rn:D3ZG35	Dr:A2BF92	Ce:Q9N4G9;Dm:Q9VXE0;Dr:F1QPY7;Mm:P62309;Rn:B5DEP7;Sc:P40204	-
Q9HCK0	Q13449	57684	4045	ZBTB26	LSAMP	chromatin immunoprecipitation assay	27924024	Homo sapiens	GTRD	No	Mm:Q6P9Q3;Rn:D3ZG35	Dr:A2BF92	Rn:A0A0H2UHW7	Mm:Q3TYE5
Q9HCK0	Q8TAF3	57684	57599	ZBTB26	WDR48	chromatin immunoprecipitation assay	27924024	Homo sapiens	GTRD	No	Mm:Q6P9Q3;Rn:D3ZG35	Dr:A2BF92	Ce:Q20059;Dm:Q1LZ08;Mm:Q8BH57;Rn:A0A0G2KAW5	Dr:A0A0G2L4Y9
Q9HCK0	A6NFY4	57684	100131211	ZBTB26	NEMP2	chromatin immunoprecipitation assay	27924024	Homo sapiens	GTRD	No	Mm:Q6P9Q3;Rn:D3ZG35	Dr:A2BF92	Dr:F1QYC4;Mm:Q8CB65;Rn:P0C8N6	-
Q9HCK0	Q96HW7	57684	92105	ZBTB26	INTS4	chromatin immunoprecipitation assay	27924024	Homo sapiens	GTRD	No	Mm:Q6P9Q3;Rn:D3ZG35	Dr:A2BF92	Dm:Q9W3E1;Dr:E7F2X3;Mm:Q8CIM8;Rn:D3ZZQ6	-
Q9HCK0	Q96H78	57684	9673	ZBTB26	SLC25A44	chromatin immunoprecipitation assay	27924024	Homo sapiens	GTRD	No	Mm:Q6P9Q3;Rn:D3ZG35	Dr:A2BF92	Ce:Q19422;Dm:Q9VC40;Dr:F8W4L6;Dr:F1QF48;Rn:D3ZSN7	-
Q9HCK0	O14713	57684	9270	ZBTB26	ITGB1BP1	chromatin immunoprecipitation assay	27924024	Homo sapiens	GTRD	No	Mm:Q6P9Q3;Rn:D3ZG35	Dr:A2BF92	Dr:Q5RG21;Mm:O35671;Rn:B5DFL3	-
Q9HCK0	O95147	57684	11072	ZBTB26	DUSP14	chromatin immunoprecipitation assay	27924024	Homo sapiens	GTRD	No	Mm:Q6P9Q3;Rn:D3ZG35	Dr:A2BF92	Dr:F1QCJ9;Mm:Q9JLY7	Rn:A1EC97;Rn:M0R3K8
Q9HCK0	Q1X8D7	57684	55282	ZBTB26	LRRC36	chromatin immunoprecipitation assay	27924024	Homo sapiens	GTRD	No	Mm:Q6P9Q3;Rn:D3ZG35	Dr:A2BF92	-	Mm:F8WI85
Q9HCK0	Q9P2H5	57684	57558	ZBTB26	USP35	chromatin immunoprecipitation assay	27924024	Homo sapiens	GTRD	No	Mm:Q6P9Q3;Rn:D3ZG35	Dr:A2BF92	Mm:M0QWN7	Rn:F1M8S4
Q9HCK0	Q13572	57684	3705	ZBTB26	ITPK1	chromatin immunoprecipitation assay	27924024	Homo sapiens	GTRD	No	Mm:Q6P9Q3;Rn:D3ZG35	Dr:A2BF92	Dr:X1WEB0;Dr:Q7ZU91;Mm:Q8BYN3;Rn:A0A0G2K7L4	-
Q9HCK0	Q05193	57684	1759	ZBTB26	DNM1	chromatin immunoprecipitation assay	27924024	Homo sapiens	GTRD	No	Mm:Q6P9Q3;Rn:D3ZG35	Dr:A2BF92	Mm:P39053;Rn:P21575	-
Q9HCK0	Q96IZ0	57684	5074	ZBTB26	PAWR	chromatin immunoprecipitation assay	27924024	Homo sapiens	GTRD	No	Mm:Q6P9Q3;Rn:D3ZG35	Dr:A2BF92	Dr:Q5XJ95;Mm:Q925B0;Rn:G3V6S1	-
Q9HCK0	Q9GZX9	57684	57045	ZBTB26	TWSG1	chromatin immunoprecipitation assay	27924024	Homo sapiens	GTRD	No	Mm:Q6P9Q3;Rn:D3ZG35	Dr:A2BF92	Dm:Q9W494;Dm:P54356;Dr:B1WB83;Mm:Q9EP52;Rn:D4A9T2	-
Q9HCK0	Q7L9L4	57684	92597	ZBTB26	MOB1B	chromatin immunoprecipitation assay	27924024	Homo sapiens	GTRD	No	Mm:Q6P9Q3;Rn:D3ZG35	Dr:A2BF92	Dr:Q7ZV94;Mm:Q8BPB0;Rn:D4A1V7	-
Q9HCK0	Q86V15	57684	54897	ZBTB26	CASZ1	chromatin immunoprecipitation assay	27924024	Homo sapiens	GTRD	No	Mm:Q6P9Q3;Rn:D3ZG35	Dr:A2BF92	Mm:Q9CWL2;Rn:F1M0M0	Dr:E9QCI7
Q9HCK0	Q9HC78	57684	26137	ZBTB26	ZBTB20	chromatin immunoprecipitation assay	27924024	Homo sapiens	GTRD	No	Mm:Q6P9Q3;Rn:D3ZG35	Dr:A2BF92	Dr:F1QRT7;Mm:Q8K0L9;Rn:D4A1U1	-
Q9HCK0	Q9C0B5	57684	25921	ZBTB26	ZDHHC5	chromatin immunoprecipitation assay	27924024	Homo sapiens	GTRD	No	Mm:Q6P9Q3;Rn:D3ZG35	Dr:A2BF92	Dr:Q2THW0;Mm:Q8VDZ4	Dr:E7FBS9;Rn:Q2THW7
Q9HCK0	Q9UBN1	57684	27092	ZBTB26	CACNG4	chromatin immunoprecipitation assay	27924024	Homo sapiens	GTRD	No	Mm:Q6P9Q3;Rn:D3ZG35	Dr:A2BF92	Mm:Q9JJV4;Rn:Q8VHW9	Dr:E7FGK7
Q9HCK0	P50750	57684	1025	ZBTB26	CDK9	chromatin immunoprecipitation assay	27924024	Homo sapiens	GTRD	No	Mm:Q6P9Q3;Rn:D3ZG35	Dr:A2BF92	Ce:Q9TVL3;Dm:O17432;Mm:Q99J95;Rn:Q641Z4	-
Q9HCK0	Q6VMQ6	57684	55729	ZBTB26	ATF7IP	chromatin immunoprecipitation assay	27924024	Homo sapiens	GTRD	No	Mm:Q6P9Q3;Rn:D3ZG35	Dr:A2BF92	Dm:Q7KMH9;Mm:Q7TT18	Rn:D3ZS88
Q9HCK0	P04632	57684	826	ZBTB26	CAPNS1	chromatin immunoprecipitation assay	27924024	Homo sapiens	GTRD	No	Mm:Q6P9Q3;Rn:D3ZG35	Dr:A2BF92	Dr:B3DFQ1;Mm:A0A0R4IZW8	Rn:M0RD20
Q9HCK0	O43707	57684	81	ZBTB26	ACTN4	chromatin immunoprecipitation assay	27924024	Homo sapiens	GTRD	No	Mm:Q6P9Q3;Rn:D3ZG35	Dr:A2BF92	Mm:P57780;Rn:Q9QXQ0	-
Q9HCK0	P62330	57684	382	ZBTB26	ARF6	chromatin immunoprecipitation assay	27924024	Homo sapiens	GTRD	No	Mm:Q6P9Q3;Rn:D3ZG35	Dr:A2BF92	Ce:Q9U2S4;Dm:P40946;Dr:Q6P2U5;Mm:P62331;Rn:P62332	-
Q9HCK0	O15492	57684	6004	ZBTB26	RGS16	chromatin immunoprecipitation assay	27924024	Homo sapiens	GTRD	No	Mm:Q6P9Q3;Rn:D3ZG35	Dr:A2BF92	Mm:P97428;Rn:Q4L0E9	-
Q9HCK0	P18847	57684	467	ZBTB26	ATF3	chromatin immunoprecipitation assay	27924024	Homo sapiens	GTRD	No	Mm:Q6P9Q3;Rn:D3ZG35	Dr:A2BF92	Dr:Q7ZVX7;Mm:Q60765	Rn:P29596
Q9HCK0	Q9NWF9	57684	54476	ZBTB26	RNF216	chromatin immunoprecipitation assay	27924024	Homo sapiens	GTRD	No	Mm:Q6P9Q3;Rn:D3ZG35	Dr:A2BF92	Dr:E7F859;Mm:P58283;Rn:D3ZU60	-
Q9HCK0	Q969R2	57684	23762	ZBTB26	OSBP2	chromatin immunoprecipitation assay	27924024	Homo sapiens	GTRD	No	Mm:Q6P9Q3;Rn:D3ZG35	Dr:A2BF92	Dr:A2BEG1;Mm:Q5QNQ6;Rn:D3ZHG4;Sc:P35845	-
Q9HCK0	O60506	57684	10492	ZBTB26	SYNCRIP	chromatin immunoprecipitation assay	27924024	Homo sapiens	GTRD	No	Mm:Q6P9Q3;Rn:D3ZG35	Dr:A2BF92	Dr:Q6NUZ3;Mm:Q7TMK9	Rn:A0A0G2K9J1
Q9HCK0	P13667	57684	9601	ZBTB26	PDIA4	chromatin immunoprecipitation assay	27924024	Homo sapiens	GTRD	No	Mm:Q6P9Q3;Rn:D3ZG35	Dr:A2BF92	Ce:P34329;Dr:Q1ECX9;Mm:A0A0R4J0Z1;Rn:G3V6T7	-
Q9HCK0	Q8NI36	57684	134430	ZBTB26	WDR36	chromatin immunoprecipitation assay	27924024	Homo sapiens	GTRD	No	Mm:Q6P9Q3;Rn:D3ZG35	Dr:A2BF92	-	-
Q9HCK0	Q02930	57684	9586	ZBTB26	CREB5	chromatin immunoprecipitation assay	27924024	Homo sapiens	GTRD	No	Mm:Q6P9Q3;Rn:D3ZG35	Dr:A2BF92	-	Dr:E7FFR4;Mm:A0A0N4SV71;Rn:D3ZBH0
Q9HCK0	Q8NCR0	57684	148789	ZBTB26	B3GALNT2	chromatin immunoprecipitation assay	27924024	Homo sapiens	GTRD	No	Mm:Q6P9Q3;Rn:D3ZG35	Dr:A2BF92	-	-
Q9HCK0	Q13247	57684	6431	ZBTB26	SRSF6	chromatin immunoprecipitation assay	27924024	Homo sapiens	GTRD	No	Mm:Q6P9Q3;Rn:D3ZG35	Dr:A2BF92	Dm:P26686;Dr:A8DZG2;Mm:Q3TWW8;Rn:G3V6S8	-
Q9HCK0	Q8NEA6	57684	169792	ZBTB26	GLIS3	chromatin immunoprecipitation assay	27924024	Homo sapiens	GTRD	No	Mm:Q6P9Q3;Rn:D3ZG35	Dr:A2BF92	Rn:D4A314	Mm:Q0GE24
Q9HCK0	Q5QJE6	57684	30836	ZBTB26	DNTTIP2	chromatin immunoprecipitation assay	27924024	Homo sapiens	GTRD	No	Mm:Q6P9Q3;Rn:D3ZG35	Dr:A2BF92	Mm:Q8R2M2;Rn:D3ZHM7	-
Q9HCK0	O14511	57684	9542	ZBTB26	NRG2	chromatin immunoprecipitation assay	27924024	Homo sapiens	GTRD	No	Mm:Q6P9Q3;Rn:D3ZG35	Dr:A2BF92	Dr:E7FGA4;Mm:D3YZR2;Rn:D4A078	-
Q9HCK0	P22087	57684	2091	ZBTB26	FBL	chromatin immunoprecipitation assay	27924024	Homo sapiens	GTRD	No	Mm:Q6P9Q3;Rn:D3ZG35	Dr:A2BF92	Ce:Q22053;Dm:Q9W1V3;Dr:Q7ZTZ4;Mm:P35550;Rn:P22509	-
Q9HCK0	Q04726	57684	7090	ZBTB26	TLE3	chromatin immunoprecipitation assay	27924024	Homo sapiens	GTRD	No	Mm:Q6P9Q3;Rn:D3ZG35	Dr:A2BF92	Dr:B3DGV3;Dr:O13168;Rn:Q9JIT3	Mm:J3KMT7
Q9HCK0	Q15390	57684	9650	ZBTB26	MTFR1	chromatin immunoprecipitation assay	27924024	Homo sapiens	GTRD	No	Mm:Q6P9Q3;Rn:D3ZG35	Dr:A2BF92	Dr:F1RCE7;Mm:Q99MB2	Rn:G3V9A7
Q9HCK0	A7MBM2	57684	85455	ZBTB26	DISP2	chromatin immunoprecipitation assay	27924024	Homo sapiens	GTRD	No	Mm:Q6P9Q3;Rn:D3ZG35	Dr:A2BF92	Ce:G5EEW0;Dr:Q6R5J1;Mm:Q8CIP5;Rn:D3ZBZ6	-
Q9HCK0	Q9NPE3	57684	55505	ZBTB26	NOP10	chromatin immunoprecipitation assay	27924024	Homo sapiens	GTRD	No	Mm:Q6P9Q3;Rn:D3ZG35	Dr:A2BF92	Ce:Q9XVR8;Dm:Q9V5P6;Dr:Q6DRH5;Mm:Q9CQS2;Rn:D3ZMP6;Sc:Q6Q547	-
Q9HCK0	P15586	57684	2799	ZBTB26	GNS	chromatin immunoprecipitation assay	27924024	Homo sapiens	GTRD	No	Mm:Q6P9Q3;Rn:D3ZG35	Dr:A2BF92	Dm:Q5BIL9;Dm:Q95R73;Dr:F1R152;Mm:Q8BFR4	Rn:Q32KJ5
Q9HCK0	P0CG23	57684	54753	ZBTB26	ZNF853	chromatin immunoprecipitation assay	27924024	Homo sapiens	GTRD	No	Mm:Q6P9Q3;Rn:D3ZG35	Dr:A2BF92	Dm:Q9VZN4;Mm:A0A1D5RM95;Rn:M0RAV1	-
Q9HCK0	Q8WWZ7	57684	23461	ZBTB26	ABCA5	chromatin immunoprecipitation assay	27924024	Homo sapiens	GTRD	No	Mm:Q6P9Q3;Rn:D3ZG35	Dr:A2BF92	Dr:F1QEL5;Mm:Q8K448	Rn:M0RA83
Q9HCK0	Q8NHS4	57684	130162	ZBTB26	CLHC1	chromatin immunoprecipitation assay	27924024	Homo sapiens	GTRD	No	Mm:Q6P9Q3;Rn:D3ZG35	Dr:A2BF92	Mm:Q5M6W3;Rn:Q5XIR8	-
Q9HCK0	Q53H80	57684	55122	ZBTB26	AKIRIN2	chromatin immunoprecipitation assay	27924024	Homo sapiens	GTRD	No	Mm:Q6P9Q3;Rn:D3ZG35	Dr:A2BF92	Ce:Q966L3;Dr:A5WVY2;Mm:B1AXD8;Rn:Q25C79	-
Q9HCK0	Q9ULP9	57684	57465	ZBTB26	TBC1D24	chromatin immunoprecipitation assay	27924024	Homo sapiens	GTRD	No	Mm:Q6P9Q3;Rn:D3ZG35	Dr:A2BF92	Mm:Q3UUG6	Dm:Q0E8N9;Dr:E7FCR8;Rn:A0A0G2K5B0
Q9HCK0	Q8N3J2	57684	64863	ZBTB26	METTL4	chromatin immunoprecipitation assay	27924024	Homo sapiens	GTRD	No	Mm:Q6P9Q3;Rn:D3ZG35	Dr:A2BF92	Mm:Q3U034;Rn:D3ZD59	Dr:E7F6U3
Q9HCK0	O43505	57684	11041	ZBTB26	B4GAT1	chromatin immunoprecipitation assay	27924024	Homo sapiens	GTRD	No	Mm:Q6P9Q3;Rn:D3ZG35	Dr:A2BF92	Ce:A0A0K3AUU0;Ce:G5EGF3;Dr:L7YAI7;Mm:Q8BWP8	Ce:O02230;Ce:Q7YWW9;Rn:D3ZHA1
Q9HCK0	Q08050	57684	2305	ZBTB26	FOXM1	chromatin immunoprecipitation assay	27924024	Homo sapiens	GTRD	No	Mm:Q6P9Q3;Rn:D3ZG35	Dr:A2BF92	Dr:F1QRF9;Mm:Q6P1H7;Rn:D3ZLE1	-
Q9HCK0	Q9H3R1	57684	64579	ZBTB26	NDST4	chromatin immunoprecipitation assay	27924024	Homo sapiens	GTRD	No	Mm:Q6P9Q3;Rn:D3ZG35	Dr:A2BF92	Mm:Q9EQW8	Rn:D3ZD27
Q9HCK0	Q13884	57684	6641	ZBTB26	SNTB1	chromatin immunoprecipitation assay	27924024	Homo sapiens	GTRD	No	Mm:Q6P9Q3;Rn:D3ZG35	Dr:A2BF92	Dr:Q6GMG2;Mm:Q99L88;Rn:D3ZWC6	-
Q9HCK0	O60304	57684	26048	ZBTB26	ZNF500	chromatin immunoprecipitation assay	27924024	Homo sapiens	GTRD	No	Mm:Q6P9Q3;Rn:D3ZG35	Dr:A2BF92	-	-
Q9HCK0	Q6P2P2	57684	90826	ZBTB26	PRMT9	chromatin immunoprecipitation assay	27924024	Homo sapiens	GTRD	No	Mm:Q6P9Q3;Rn:D3ZG35	Dr:A2BF92	Dr:F1QK67;Rn:D3ZDR5	Mm:F8WIU7
Q9HCK0	Q7Z478	57684	54505	ZBTB26	DHX29	chromatin immunoprecipitation assay	27924024	Homo sapiens	GTRD	No	Mm:Q6P9Q3;Rn:D3ZG35	Dr:A2BF92	Mm:Q6PGC1;Rn:D3ZHW0	-
Q9HCK0	H3BN59	57684	-	ZBTB26	-	chromatin immunoprecipitation assay	27924024	Homo sapiens	GTRD	No	Mm:Q6P9Q3;Rn:D3ZG35	Dr:A2BF92	-	-
Q9HCK0	Q13045	57684	2314	ZBTB26	FLII	chromatin immunoprecipitation assay	27924024	Homo sapiens	GTRD	No	Mm:Q6P9Q3;Rn:D3ZG35	Dr:A2BF92	Ce:P34268;Dm:Q24020;Dr:X1WE86;Mm:Q9JJ28;Rn:Q5RKI5	-
Q9HCK0	Q66K14	57684	23061	ZBTB26	TBC1D9B	chromatin immunoprecipitation assay	27924024	Homo sapiens	GTRD	No	Mm:Q6P9Q3;Rn:D3ZG35	Dr:A2BF92	Mm:Q5SVR0;Rn:F1LRL4	Dr:E7F7E8
Q9HCK0	Q9P2Z0	57684	56906	ZBTB26	THAP10	chromatin immunoprecipitation assay	27924024	Homo sapiens	GTRD	No	Mm:Q6P9Q3;Rn:D3ZG35	Dr:A2BF92	-	-
Q9HCK0	P23025	57684	7507	ZBTB26	XPA	chromatin immunoprecipitation assay	27924024	Homo sapiens	GTRD	No	Mm:Q6P9Q3;Rn:D3ZG35	Dr:A2BF92	Ce:Q21302;Dm:P28518;Mm:Q64267;Rn:D4A981	-
Q9HCK0	Q9Y2Y6	57684	26022	ZBTB26	TMEM98	chromatin immunoprecipitation assay	27924024	Homo sapiens	GTRD	No	Mm:Q6P9Q3;Rn:D3ZG35	Dr:A2BF92	Dr:A1L279;Mm:Q91X86;Rn:Q6AYS5	-
Q9HCK0	Q9Y297	57684	8945	ZBTB26	BTRC	chromatin immunoprecipitation assay	27924024	Homo sapiens	GTRD	No	Mm:Q6P9Q3;Rn:D3ZG35	Dr:A2BF92	Mm:Q3ULA2;Rn:F1LMH8	-
Q9HCK0	Q8TEV9	57684	140775	ZBTB26	SMCR8	chromatin immunoprecipitation assay	27924024	Homo sapiens	GTRD	No	Mm:Q6P9Q3;Rn:D3ZG35	Dr:A2BF92	Dr:E7FA21;Mm:Q3UMB5;Rn:D3ZJR6	-
Q9HCK0	O14924	57684	6002	ZBTB26	RGS12	chromatin immunoprecipitation assay	27924024	Homo sapiens	GTRD	No	Mm:Q6P9Q3;Rn:D3ZG35	Dr:A2BF92	Dm:Q9VCX1;Mm:Q8CGE9;Rn:D4AB55	-
Q9HCK0	Q8IVL6	57684	10536	ZBTB26	P3H3	chromatin immunoprecipitation assay	27924024	Homo sapiens	GTRD	No	Mm:Q6P9Q3;Rn:D3ZG35	Dr:A2BF92	Dr:F1QB32;Mm:Q8CG70;Rn:B5DFB0	-
Q9HCK0	Q96FF9	57684	113130	ZBTB26	CDCA5	chromatin immunoprecipitation assay	27924024	Homo sapiens	GTRD	No	Mm:Q6P9Q3;Rn:D3ZG35	Dr:A2BF92	Mm:Q9CPY3	-
Q9HCK0	Q8NEP9	57684	148254	ZBTB26	ZNF555	chromatin immunoprecipitation assay	27924024	Homo sapiens	GTRD	No	Mm:Q6P9Q3;Rn:D3ZG35	Dr:A2BF92	-	-
Q9HCK0	Q9BRK0	57684	51308	ZBTB26	REEP2	chromatin immunoprecipitation assay	27924024	Homo sapiens	GTRD	No	Mm:Q6P9Q3;Rn:D3ZG35	Dr:A2BF92	Ce:Q9N488;Mm:Q8VCD6;Rn:M0R8C1	Dr:F1R1E8
Q9HCK0	P23763	57684	6843	ZBTB26	VAMP1	chromatin immunoprecipitation assay	27924024	Homo sapiens	GTRD	No	Mm:Q6P9Q3;Rn:D3ZG35	Dr:A2BF92	Mm:Q62442;Rn:Q63666	-
Q9HCK0	Q8WYL5	57684	54434	ZBTB26	SSH1	chromatin immunoprecipitation assay	27924024	Homo sapiens	GTRD	No	Mm:Q6P9Q3;Rn:D3ZG35	Dr:A2BF92	Mm:Q76I79;Rn:F1LWM1	-
Q9HCK0	Q9H4A6	57684	64083	ZBTB26	GOLPH3	chromatin immunoprecipitation assay	27924024	Homo sapiens	GTRD	No	Mm:Q6P9Q3;Rn:D3ZG35	Dr:A2BF92	Ce:Q9N3S8;Dr:E7FGM1;Dr:Q503S3;Mm:Q9CRA5;Rn:Q569C9	-
Q9HCK0	Q9UHA2	57684	51188	ZBTB26	SS18L2	chromatin immunoprecipitation assay	27924024	Homo sapiens	GTRD	No	Mm:Q6P9Q3;Rn:D3ZG35	Dr:A2BF92	Dr:Q567E9;Mm:Q9D174;Rn:M0R551	-
Q9HCK0	Q16719	57684	8942	ZBTB26	KYNU	chromatin immunoprecipitation assay	27924024	Homo sapiens	GTRD	No	Mm:Q6P9Q3;Rn:D3ZG35	Dr:A2BF92	Ce:Q18026;Rn:P70712;Sc:Q05979	Dr:A0A0R4IQY2;Mm:Q9CXF0
Q9HCK0	Q86XR5	57684	145270	ZBTB26	PRIMA1	chromatin immunoprecipitation assay	27924024	Homo sapiens	GTRD	No	Mm:Q6P9Q3;Rn:D3ZG35	Dr:A2BF92	Dr:E7FER7;Mm:F8VQJ2;Rn:D3ZZP4	-
Q9HCK0	Q9Y5K5	57684	51377	ZBTB26	UCHL5	chromatin immunoprecipitation assay	27924024	Homo sapiens	GTRD	No	Mm:Q6P9Q3;Rn:D3ZG35	Dr:A2BF92	Ce:Q09444;Dm:Q9XZ61;Dr:Q6NWL6;Mm:Q9WUP7;Rn:Q5HZY3	-
Q9HCK0	O75298	57684	6253	ZBTB26	RTN2	chromatin immunoprecipitation assay	27924024	Homo sapiens	GTRD	No	Mm:Q6P9Q3;Rn:D3ZG35	Dr:A2BF92	Mm:O70622;Rn:Q6WN19	-
Q9HCK0	P04843	57684	6184	ZBTB26	RPN1	chromatin immunoprecipitation assay	27924024	Homo sapiens	GTRD	No	Mm:Q6P9Q3;Rn:D3ZG35	Dr:A2BF92	Ce:Q9GZH4;Dr:F1QTB5;Mm:Q91YQ5;Rn:Q6P7A7;Sc:P41543	-
Q9HCK0	O60941	57684	1838	ZBTB26	DTNB	chromatin immunoprecipitation assay	27924024	Homo sapiens	GTRD	No	Mm:Q6P9Q3;Rn:D3ZG35	Dr:A2BF92	Dr:A2CJ04;Rn:P84060	Mm:G3UYM7
Q9HCK0	Q5T481	57684	282996	ZBTB26	RBM20	chromatin immunoprecipitation assay	27924024	Homo sapiens	GTRD	No	Mm:Q6P9Q3;Rn:D3ZG35	Dr:A2BF92	-	-
Q9HCK0	O43303	57684	9738	ZBTB26	CCP110	chromatin immunoprecipitation assay	27924024	Homo sapiens	GTRD	No	Mm:Q6P9Q3;Rn:D3ZG35	Dr:A2BF92	Mm:Q7TSH4	Rn:D4A3J9
Q9HCK0	Q16842	57684	6483	ZBTB26	ST3GAL2	chromatin immunoprecipitation assay	27924024	Homo sapiens	GTRD	No	Mm:Q6P9Q3;Rn:D3ZG35	Dr:A2BF92	Mm:Q11204	Rn:G3V8B2
Q9HCK0	Q2Y0W8	57684	9498	ZBTB26	SLC4A8	chromatin immunoprecipitation assay	27924024	Homo sapiens	GTRD	No	Mm:Q6P9Q3;Rn:D3ZG35	Dr:A2BF92	Mm:Q8JZR6	Dr:E7FGE7;Rn:F1LUB7
Q9HCK0	Q12802	57684	11214	ZBTB26	AKAP13	chromatin immunoprecipitation assay	27924024	Homo sapiens	GTRD	No	Mm:Q6P9Q3;Rn:D3ZG35	Dr:A2BF92	Mm:E9Q394;Rn:F1M3G7	-
Q9HCK0	P56182	57684	8568	ZBTB26	RRP1	chromatin immunoprecipitation assay	27924024	Homo sapiens	GTRD	No	Mm:Q6P9Q3;Rn:D3ZG35	Dr:A2BF92	Ce:Q18674;Mm:P56183;Rn:Q5M9F3	-
Q9HCK0	O95257	57684	10912	ZBTB26	GADD45G	chromatin immunoprecipitation assay	27924024	Homo sapiens	GTRD	No	Mm:Q6P9Q3;Rn:D3ZG35	Dr:A2BF92	Dr:Q6NUV6;Dr:Q6P021;Mm:Q9R0S0;Rn:Q9WTQ7	-
Q9HCK0	P52757	57684	1124	ZBTB26	CHN2	chromatin immunoprecipitation assay	27924024	Homo sapiens	GTRD	No	Mm:Q6P9Q3;Rn:D3ZG35	Dr:A2BF92	-	-
Q9HCK0	Q96A49	57684	94056	ZBTB26	SYAP1	chromatin immunoprecipitation assay	27924024	Homo sapiens	GTRD	No	Mm:Q6P9Q3;Rn:D3ZG35	Dr:A2BF92	Dr:F1R839;Mm:Q9D5V6;Rn:F7F350	Ce:O17591
Q9HCK0	P04004	57684	7448	ZBTB26	VTN	chromatin immunoprecipitation assay	27924024	Homo sapiens	GTRD	No	Mm:Q6P9Q3;Rn:D3ZG35	Dr:A2BF92	Mm:P29788	Dr:F1R4H1;Dr:F1Q5D8;Rn:Q7TQ11
Q9HCK0	R4GNA1	57684	-	ZBTB26	MICOS10-NBL1	chromatin immunoprecipitation assay	27924024	Homo sapiens	GTRD	No	Mm:Q6P9Q3;Rn:D3ZG35	Dr:A2BF92	-	-
Q9HCK0	O95995	57684	2622	ZBTB26	GAS8	chromatin immunoprecipitation assay	27924024	Homo sapiens	GTRD	No	Mm:Q6P9Q3;Rn:D3ZG35	Dr:A2BF92	Ce:Q18689;Dr:F1QNW4;Mm:Q60779;Rn:Q499U4	Dm:Q8MT08
Q9HCK0	P07902	57684	2592	ZBTB26	GALT	chromatin immunoprecipitation assay	27924024	Homo sapiens	GTRD	No	Mm:Q6P9Q3;Rn:D3ZG35	Dr:A2BF92	Dm:Q9VMA2;Dr:E9QE09;Mm:A2AMS3;Rn:P43424;Sc:P08431	Ce:Q27536
Q9HCK0	Q9Y4K4	57684	11183	ZBTB26	MAP4K5	chromatin immunoprecipitation assay	27924024	Homo sapiens	GTRD	No	Mm:Q6P9Q3;Rn:D3ZG35	Dr:A2BF92	Mm:Q8BPM2;Rn:D3ZHL6	-
Q9HCK0	P55201	57684	7862	ZBTB26	BRPF1	chromatin immunoprecipitation assay	27924024	Homo sapiens	GTRD	No	Mm:Q6P9Q3;Rn:D3ZG35	Dr:A2BF92	Rn:D4A411	Dr:H9GXF8;Mm:Q80XK2
Q9HCK0	Q14721	57684	3745	ZBTB26	KCNB1	chromatin immunoprecipitation assay	27924024	Homo sapiens	GTRD	No	Mm:Q6P9Q3;Rn:D3ZG35	Dr:A2BF92	Mm:Q03717;Rn:A0A0H2UI34	-
Q9HCK0	Q8IZM9	57684	145389	ZBTB26	SLC38A6	chromatin immunoprecipitation assay	27924024	Homo sapiens	GTRD	No	Mm:Q6P9Q3;Rn:D3ZG35	Dr:A2BF92	Dr:B8A5H0;Mm:G3UVW3;Rn:F1LRY2	-
Q9HCK0	P56696	57684	9132	ZBTB26	KCNQ4	chromatin immunoprecipitation assay	27924024	Homo sapiens	GTRD	No	Mm:Q6P9Q3;Rn:D3ZG35	Dr:A2BF92	Ce:Q8MQC5;Mm:Q9JK97;Rn:A0A0G2K666	-
Q9HCK0	Q9GZY8	57684	56947	ZBTB26	MFF	chromatin immunoprecipitation assay	27924024	Homo sapiens	GTRD	No	Mm:Q6P9Q3;Rn:D3ZG35	Dr:A2BF92	Dm:Q961C9;Dr:Q7SZQ4;Mm:Q6PCP5	Rn:A0A0H2UHM6;Rn:A0A0G2K2M2
Q9HCK0	H0YAE9	57684	-	ZBTB26	-	chromatin immunoprecipitation assay	27924024	Homo sapiens	GTRD	No	Mm:Q6P9Q3;Rn:D3ZG35	Dr:A2BF92	-	-
Q9HCK0	Q9ULB5	57684	1005	ZBTB26	CDH7	chromatin immunoprecipitation assay	27924024	Homo sapiens	GTRD	No	Mm:Q6P9Q3;Rn:D3ZG35	Dr:A2BF92	Dr:B0S6D4;Mm:Q8BM92;Rn:G3V9J2	-
Q9HCK0	Q86V24	57684	79602	ZBTB26	ADIPOR2	chromatin immunoprecipitation assay	27924024	Homo sapiens	GTRD	No	Mm:Q6P9Q3;Rn:D3ZG35	Dr:A2BF92	Dr:Q5TYU5;Mm:Q8BQS5	Rn:G3V707
Q9HCK0	P11142	57684	3312	ZBTB26	HSPA8	chromatin immunoprecipitation assay	27924024	Homo sapiens	GTRD	No	Mm:Q6P9Q3;Rn:D3ZG35	Dr:A2BF92	Ce:P09446;Dm:P11147;Mm:P63017;Rn:D4A4S3	Dr:Q1LY29;Rn:F1LZI1;Rn:M0RCB1;Rn:M0R8M9
Q9HCK0	Q9C0C4	57684	54910	ZBTB26	SEMA4C	chromatin immunoprecipitation assay	27924024	Homo sapiens	GTRD	No	Mm:Q6P9Q3;Rn:D3ZG35	Dr:A2BF92	Dr:F1QF70;Mm:Q64151;Rn:D4A9J3	-
Q9HCK0	P63096	57684	2770	ZBTB26	GNAI1	chromatin immunoprecipitation assay	27924024	Homo sapiens	GTRD	No	Mm:Q6P9Q3;Rn:D3ZG35	Dr:A2BF92	Dm:P20353;Dr:Q7T3D3;Mm:B2RSH2;Rn:P10824	-
Q9HCK0	P33121	57684	2180	ZBTB26	ACSL1	chromatin immunoprecipitation assay	27924024	Homo sapiens	GTRD	No	Mm:Q6P9Q3;Rn:D3ZG35	Dr:A2BF92	Dr:B8JK22;Rn:P18163	Mm:D3Z041
Q9HCK0	Q86XA9	57684	25938	ZBTB26	HEATR5A	chromatin immunoprecipitation assay	27924024	Homo sapiens	GTRD	No	Mm:Q6P9Q3;Rn:D3ZG35	Dr:A2BF92	Mm:Q5PRF0;Rn:F1LSK5	Dr:E7F1I7
Q9HCK0	Q96GX5	57684	84930	ZBTB26	MASTL	chromatin immunoprecipitation assay	27924024	Homo sapiens	GTRD	No	Mm:Q6P9Q3;Rn:D3ZG35	Dr:A2BF92	Dr:F1R778;Mm:Q8C0P0	Dm:A0A0B4KGX7;Rn:D4A355
Q9HCK0	O43716	57684	283459	ZBTB26	GATC	chromatin immunoprecipitation assay	27924024	Homo sapiens	GTRD	No	Mm:Q6P9Q3;Rn:D3ZG35	Dr:A2BF92	Dm:Q86BL4;Mm:Q8CBY0	Rn:D3ZY68;Rn:M0R3K2
Q9HCK0	Q5VIR6	57684	55275	ZBTB26	VPS53	chromatin immunoprecipitation assay	27924024	Homo sapiens	GTRD	No	Mm:Q6P9Q3;Rn:D3ZG35	Dr:A2BF92	Dm:Q9VQY8;Dr:E7FAG0;Mm:Q8CCB4;Rn:D3ZPE5;Sc:P47061	Ce:P34561
Q9HCK0	P49356	57684	100529261;2342	ZBTB26	FNTB	chromatin immunoprecipitation assay	27924024	Homo sapiens	GTRD	No	Mm:Q6P9Q3;Rn:D3ZG35	Dr:A2BF92	Sc:P22007	-
Q9HCK0	Q13480	57684	2549	ZBTB26	GAB1	chromatin immunoprecipitation assay	27924024	Homo sapiens	GTRD	No	Mm:Q6P9Q3;Rn:D3ZG35	Dr:A2BF92	Dr:F1Q7S5;Rn:A0A0G2JZD5	Mm:A0A1B0GS41
Q9HCK0	Q93034	57684	8065	ZBTB26	CUL5	chromatin immunoprecipitation assay	27924024	Homo sapiens	GTRD	No	Mm:Q6P9Q3;Rn:D3ZG35	Dr:A2BF92	Ce:Q23639;Dm:Q9VAQ0;Mm:G3X914;Rn:A0A0H2UHG3	Dr:F1REN0
Q9HCK0	Q9H1A3	57684	51108	ZBTB26	METTL9	chromatin immunoprecipitation assay	27924024	Homo sapiens	GTRD	No	Mm:Q6P9Q3;Rn:D3ZG35	Dr:A2BF92	Ce:Q22123;Dm:Q9W1H1;Dr:F1R335;Mm:Q9EPL4;Rn:D3ZZ04	-
Q9HCK0	O94913	57684	51585	ZBTB26	PCF11	chromatin immunoprecipitation assay	27924024	Homo sapiens	GTRD	No	Mm:Q6P9Q3;Rn:D3ZG35	Dr:A2BF92	Dr:F1QGD0;Mm:G3X9Z4;Rn:D3ZY40	Dm:A0A0B4LFE6
Q9HCK0	Q8IZ02	57684	151827	ZBTB26	LRRC34	chromatin immunoprecipitation assay	27924024	Homo sapiens	GTRD	No	Mm:Q6P9Q3;Rn:D3ZG35	Dr:A2BF92	Dr:F1R6M0;Mm:Q9DAM1	Rn:G3V919
Q9HCK0	A1L188	57684	284184	ZBTB26	NDUFAF8	chromatin immunoprecipitation assay	27924024	Homo sapiens	GTRD	No	Mm:Q6P9Q3;Rn:D3ZG35	Dr:A2BF92	Dr:U3JA56;Mm:A2AMZ4;Rn:D3ZUI9	-
Q9HCK0	O95793	57684	6780	ZBTB26	STAU1	chromatin immunoprecipitation assay	27924024	Homo sapiens	GTRD	No	Mm:Q6P9Q3;Rn:D3ZG35	Dr:A2BF92	Rn:Q9ET50	Dr:F1QTC1;Mm:A2A5S3
Q9HCK0	Q15276	57684	9135	ZBTB26	RABEP1	chromatin immunoprecipitation assay	27924024	Homo sapiens	GTRD	No	Mm:Q6P9Q3;Rn:D3ZG35	Dr:A2BF92	Dr:A2CEI3;Mm:O35551	Rn:G3V9J7
Q9HCK0	Q9UGP4	57684	8994	ZBTB26	LIMD1	chromatin immunoprecipitation assay	27924024	Homo sapiens	GTRD	No	Mm:Q6P9Q3;Rn:D3ZG35	Dr:A2BF92	Mm:Q9QXD8;Rn:B5DEH0	-
Q9HCK0	Q9Y2K2	57684	23387	ZBTB26	SIK3	chromatin immunoprecipitation assay	27924024	Homo sapiens	GTRD	No	Mm:Q6P9Q3;Rn:D3ZG35	Dr:A2BF92	Ce:Q10925;Mm:E9PU87;Rn:M0RD40	-
Q9HCK0	Q86WA8	57684	83752	ZBTB26	LONP2	chromatin immunoprecipitation assay	27924024	Homo sapiens	GTRD	No	Mm:Q6P9Q3;Rn:D3ZG35	Dr:A2BF92	Ce:Q9XW87;Dr:A0A0R4ISE4;Mm:Q9DBN5;Rn:Q3MIB4	-
Q9HCK0	Q5VWZ2	57684	127018	ZBTB26	LYPLAL1	chromatin immunoprecipitation assay	27924024	Homo sapiens	GTRD	No	Mm:Q6P9Q3;Rn:D3ZG35	Dr:A2BF92	Dm:Q9VGV9;Mm:E9QLB2;Rn:D3ZFS7	-
Q9HCK0	Q96F85	57684	25927	ZBTB26	CNRIP1	chromatin immunoprecipitation assay	27924024	Homo sapiens	GTRD	No	Mm:Q6P9Q3;Rn:D3ZG35	Dr:A2BF92	Mm:Q5M8N0;Rn:Q5M7A7	Dr:E9QJH9;Dr:Q6DBX3
Q9HCK0	Q49AM1	57684	80298	ZBTB26	MTERF2	chromatin immunoprecipitation assay	27924024	Homo sapiens	GTRD	No	Mm:Q6P9Q3;Rn:D3ZG35	Dr:A2BF92	Dr:F1QQB3;Mm:Q8BKY8;Rn:Q5XIE2	-
Q9HCK0	O43615	57684	10469	ZBTB26	TIMM44	chromatin immunoprecipitation assay	27924024	Homo sapiens	GTRD	No	Mm:Q6P9Q3;Rn:D3ZG35	Dr:A2BF92	Ce:O02161;Dr:Q1LUQ3;Mm:O35857;Rn:G3V640;Sc:Q01852	Dm:Q9VDZ8
Q9HCK0	Q8NEB5	57684	84513	ZBTB26	PLPP5	chromatin immunoprecipitation assay	27924024	Homo sapiens	GTRD	No	Mm:Q6P9Q3;Rn:D3ZG35	Dr:A2BF92	Mm:Q3UMZ3;Rn:D3ZIJ1	Dr:E9QCL3
Q9HCK0	O14520	57684	364	ZBTB26	AQP7	chromatin immunoprecipitation assay	27924024	Homo sapiens	GTRD	No	Mm:Q6P9Q3;Rn:D3ZG35	Dr:A2BF92	-	-
Q9HCK0	Q8N0Y2	57684	55311	ZBTB26	ZNF444	chromatin immunoprecipitation assay	27924024	Homo sapiens	GTRD	No	Mm:Q6P9Q3;Rn:D3ZG35	Dr:A2BF92	Mm:Q3TDV8;Rn:D3ZV88	-
Q9HCK0	Q9P0I2	57684	55831	ZBTB26	EMC3	chromatin immunoprecipitation assay	27924024	Homo sapiens	GTRD	No	Mm:Q6P9Q3;Rn:D3ZG35	Dr:A2BF92	Ce:Q9U1X6;Dm:Q9VKR0;Dr:Q7SXW4;Mm:Q99KI3;Rn:Q5U2V8;Sc:P36039	-
Q9HCK0	Q9NPF2	57684	50515	ZBTB26	CHST11	chromatin immunoprecipitation assay	27924024	Homo sapiens	GTRD	No	Mm:Q6P9Q3;Rn:D3ZG35	Dr:A2BF92	Dr:F1REP6;Mm:Q9JME2;Rn:P69478	-
Q9HCK0	P46095	57684	2830	ZBTB26	GPR6	chromatin immunoprecipitation assay	27924024	Homo sapiens	GTRD	No	Mm:Q6P9Q3;Rn:D3ZG35	Dr:A2BF92	Mm:Q6YNI2;Rn:P51651	Dr:A0A0G2L0R2
Q9HCK0	Q9BZM6	57684	80329	ZBTB26	ULBP1	chromatin immunoprecipitation assay	27924024	Homo sapiens	GTRD	No	Mm:Q6P9Q3;Rn:D3ZG35	Dr:A2BF92	-	-
Q9HCK0	P67809	57684	4904	ZBTB26	YBX1	chromatin immunoprecipitation assay	27924024	Homo sapiens	GTRD	No	Mm:Q6P9Q3;Rn:D3ZG35	Dr:A2BF92	Dr:B5DE31;Mm:P62960;Rn:D3ZEV0;Rn:Q3ZAV2	-
Q9HCK0	P0CG32	57684	644353	ZBTB26	ZCCHC18	chromatin immunoprecipitation assay	27924024	Homo sapiens	GTRD	No	Mm:Q6P9Q3;Rn:D3ZG35	Dr:A2BF92	-	-
Q9HCK0	H3BMG3	57684	100287482	ZBTB26	SMKR1	chromatin immunoprecipitation assay	27924024	Homo sapiens	GTRD	No	Mm:Q6P9Q3;Rn:D3ZG35	Dr:A2BF92	-	-
Q9HCK0	O94812	57684	8938	ZBTB26	BAIAP3	chromatin immunoprecipitation assay	27924024	Homo sapiens	GTRD	No	Mm:Q6P9Q3;Rn:D3ZG35	Dr:A2BF92	Dm:Q9VS41;Mm:S4R1E7	Dr:X1WGN8;Rn:F1LVS1
Q9HCK0	Q13155	57684	7965	ZBTB26	AIMP2	chromatin immunoprecipitation assay	27924024	Homo sapiens	GTRD	No	Mm:Q6P9Q3;Rn:D3ZG35	Dr:A2BF92	Mm:Q8R010;Rn:Q32PX2	Dm:Q8T060;Dr:F1R182
Q9HCK0	Q96EX3	57684	89891	ZBTB26	WDR34	chromatin immunoprecipitation assay	27924024	Homo sapiens	GTRD	No	Mm:Q6P9Q3;Rn:D3ZG35	Dr:A2BF92	Dr:A7MD87;Rn:A0A0G2QC64	Mm:Q5U4F6
Q9HCK0	Q659A1	57684	79664	ZBTB26	ICE2	chromatin immunoprecipitation assay	27924024	Homo sapiens	GTRD	No	Mm:Q6P9Q3;Rn:D3ZG35	Dr:A2BF92	Dr:E7EZF8;Mm:Q3UZ18;Rn:D3ZIQ8	-
Q9HCK0	P30989	57684	4923	ZBTB26	NTSR1	chromatin immunoprecipitation assay	27924024	Homo sapiens	GTRD	No	Mm:Q6P9Q3;Rn:D3ZG35	Dr:A2BF92	Mm:O88319	Dr:E7EZ19;Rn:P20789
Q9HCK0	Q96GG9	57684	54165	ZBTB26	DCUN1D1	chromatin immunoprecipitation assay	27924024	Homo sapiens	GTRD	No	Mm:Q6P9Q3;Rn:D3ZG35	Dr:A2BF92	Rn:A0A0G2K8D6	Dr:A0A0R4IBL4;Mm:A0A1Y7VP24;Mm:A0A1B0GXL7
Q9HCK0	Q9NUG6	57684	81572	ZBTB26	PDRG1	chromatin immunoprecipitation assay	27924024	Homo sapiens	GTRD	No	Mm:Q6P9Q3;Rn:D3ZG35	Dr:A2BF92	Dm:Q4QQ01;Mm:P59048;Rn:Q642A0	-
Q9HCK0	Q8N1H7	57684	317761	ZBTB26	SIX6OS1	chromatin immunoprecipitation assay	27924024	Homo sapiens	GTRD	No	Mm:Q6P9Q3;Rn:D3ZG35	Dr:A2BF92	-	Mm:F8WHJ9;Rn:D4A1D9
Q9HCK0	Q96CU9	57684	55572	ZBTB26	FOXRED1	chromatin immunoprecipitation assay	27924024	Homo sapiens	GTRD	No	Mm:Q6P9Q3;Rn:D3ZG35	Dr:A2BF92	Ce:Q21504;Dm:A1Z6N5;Dr:A0A0R4IHD6;Mm:Q3TQB2;Rn:D3ZEH2	-
Q9HCK0	O60313	57684	4976	ZBTB26	OPA1	chromatin immunoprecipitation assay	27924024	Homo sapiens	GTRD	No	Mm:Q6P9Q3;Rn:D3ZG35	Dr:A2BF92	Dr:Q5U3A7;Mm:P58281;Rn:Q2TA68	Ce:Q18965;Dm:A0A0B4LFB8
Q9HCK0	Q16829	57684	1849	ZBTB26	DUSP7	chromatin immunoprecipitation assay	27924024	Homo sapiens	GTRD	No	Mm:Q6P9Q3;Rn:D3ZG35	Dr:A2BF92	Mm:Q91Z46;Rn:Q63340	-
Q9HCK0	O15075	57684	9201	ZBTB26	DCLK1	chromatin immunoprecipitation assay	27924024	Homo sapiens	GTRD	No	Mm:Q6P9Q3;Rn:D3ZG35	Dr:A2BF92	-	Rn:A0A0G2KB92
Q9HCK0	P35453	57684	3239	ZBTB26	HOXD13	chromatin immunoprecipitation assay	27924024	Homo sapiens	GTRD	No	Mm:Q6P9Q3;Rn:D3ZG35	Dr:A2BF92	Mm:P70217	Rn:D4ACD0
Q9HCK0	Q8N2K0	57684	26090	ZBTB26	ABHD12	chromatin immunoprecipitation assay	27924024	Homo sapiens	GTRD	No	Mm:Q6P9Q3;Rn:D3ZG35	Dr:A2BF92	Mm:Q99LR1;Rn:Q6AYT7	Dm:A1ZBH2;Dr:Q08C93
Q9HCK0	Q86UA6	57684	84268	ZBTB26	RPAIN	chromatin immunoprecipitation assay	27924024	Homo sapiens	GTRD	No	Mm:Q6P9Q3;Rn:D3ZG35	Dr:A2BF92	Mm:Q9CWY9;Rn:Q4G2Y1	Dr:F1R0U0
Q9HCK0	P25054	57684	324	ZBTB26	APC	chromatin immunoprecipitation assay	27924024	Homo sapiens	GTRD	No	Mm:Q6P9Q3;Rn:D3ZG35	Dr:A2BF92	Mm:B2RUG9	Dr:F8W4Z3;Rn:A0A0G2K8G0
Q9HCK0	Q9NX95	57684	55638	ZBTB26	SYBU	chromatin immunoprecipitation assay	27924024	Homo sapiens	GTRD	No	Mm:Q6P9Q3;Rn:D3ZG35	Dr:A2BF92	Mm:Q8BHS8;Rn:F1LUC0	Dr:A0A2R9YJG3
Q9HCK0	Q9NR80	57684	50649	ZBTB26	ARHGEF4	chromatin immunoprecipitation assay	27924024	Homo sapiens	GTRD	No	Mm:Q6P9Q3;Rn:D3ZG35	Dr:A2BF92	-	-
Q9HCK0	Q8TEW8	57684	117583	ZBTB26	PARD3B	chromatin immunoprecipitation assay	27924024	Homo sapiens	GTRD	No	Mm:Q6P9Q3;Rn:D3ZG35	Dr:A2BF92	Mm:Q9CSB4;Rn:F1LW22	Dr:B0S5P4
Q9HCK0	O14933	57684	9246	ZBTB26	UBE2L6	chromatin immunoprecipitation assay	27924024	Homo sapiens	GTRD	No	Mm:Q6P9Q3;Rn:D3ZG35	Dr:A2BF92	Mm:Q9QZU9	Rn:Q4V8J2
Q9HCK0	Q9H845	57684	28976	ZBTB26	ACAD9	chromatin immunoprecipitation assay	27924024	Homo sapiens	GTRD	No	Mm:Q6P9Q3;Rn:D3ZG35	Dr:A2BF92	Dr:F1QIL6;Mm:Q8JZN5;Rn:B1WC61	-
Q9HCK0	Q9ULT0	57684	57217	ZBTB26	TTC7A	chromatin immunoprecipitation assay	27924024	Homo sapiens	GTRD	No	Mm:Q6P9Q3;Rn:D3ZG35	Dr:A2BF92	Dr:F1Q5B2;Mm:Q8BGB2	Rn:A0A0G2JX01
Q9HCK0	Q03393	57684	5805	ZBTB26	PTS	chromatin immunoprecipitation assay	27924024	Homo sapiens	GTRD	No	Mm:Q6P9Q3;Rn:D3ZG35	Dr:A2BF92	Ce:O02058;Dm:P48611;Mm:Q9R1Z7;Rn:P27213	-
Q9HCK0	P30049	57684	513	ZBTB26	ATP5F1D	chromatin immunoprecipitation assay	27924024	Homo sapiens	GTRD	No	Mm:Q6P9Q3;Rn:D3ZG35	Dr:A2BF92	Ce:Q09544;Dm:Q9W2X6;Dr:Q1LVG7;Mm:Q9D3D9;Rn:G3V7Y3;Sc:Q12165	-
Q9HCK0	Q9Y5L4	57684	26517	ZBTB26	TIMM13	chromatin immunoprecipitation assay	27924024	Homo sapiens	GTRD	No	Mm:Q6P9Q3;Rn:D3ZG35	Dr:A2BF92	Ce:O45319;Dm:Q0E8V7;Dr:Q6DGJ3;Mm:P62075;Rn:P62076;Sc:P53299	Dm:Q9VTN3
Q9HCK0	Q13568	57684	3663	ZBTB26	IRF5	chromatin immunoprecipitation assay	27924024	Homo sapiens	GTRD	No	Mm:Q6P9Q3;Rn:D3ZG35	Dr:A2BF92	Mm:P56477;Rn:D3ZPU1	Dr:B7SEE1
Q9HCK0	P33947	57684	11014	ZBTB26	KDELR2	chromatin immunoprecipitation assay	27924024	Homo sapiens	GTRD	No	Mm:Q6P9Q3;Rn:D3ZG35	Dr:A2BF92	Dr:Q6PH70;Dr:Q6PEH1;Mm:Q9CQM2;Rn:Q5U305	-
Q9HCK0	Q03169	57684	7127	ZBTB26	TNFAIP2	chromatin immunoprecipitation assay	27924024	Homo sapiens	GTRD	No	Mm:Q6P9Q3;Rn:D3ZG35	Dr:A2BF92	Rn:D3ZYQ3	Dr:F1RDH8;Dr:Q5RG40;Mm:D3Z4L9
Q9HCK0	O43312	57684	9788	ZBTB26	MTSS1	chromatin immunoprecipitation assay	27924024	Homo sapiens	GTRD	No	Mm:Q6P9Q3;Rn:D3ZG35	Dr:A2BF92	Mm:G3X9H7;Rn:D3ZYM5	-
Q9HCK0	Q16851	57684	7360	ZBTB26	UGP2	chromatin immunoprecipitation assay	27924024	Homo sapiens	GTRD	No	Mm:Q6P9Q3;Rn:D3ZG35	Dr:A2BF92	Ce:Q9XUS5;Mm:Q91ZJ5;Rn:Q4V8I9;Sc:P32861	Dm:E1JI91
Q9HCK0	O14832	57684	5264	ZBTB26	PHYH	chromatin immunoprecipitation assay	27924024	Homo sapiens	GTRD	No	Mm:Q6P9Q3;Rn:D3ZG35	Dr:A2BF92	Ce:O62515;Mm:O35386;Rn:P57093	Dr:E7FCS1
Q9HCK0	Q9NYH9	57684	55813	ZBTB26	UTP6	chromatin immunoprecipitation assay	27924024	Homo sapiens	GTRD	No	Mm:Q6P9Q3;Rn:D3ZG35	Dr:A2BF92	Dm:Q9W397;Dr:A0A0R4IGM5;Mm:Q8VCY6;Rn:F1M805	-
Q9HCK0	Q9UBM7	57684	1717	ZBTB26	DHCR7	chromatin immunoprecipitation assay	27924024	Homo sapiens	GTRD	No	Mm:Q6P9Q3;Rn:D3ZG35	Dr:A2BF92	Dr:F1QKG5;Rn:Q9Z2Z8	Mm:Q711T1
Q9HCK0	Q96A58	57684	85004	ZBTB26	RERG	chromatin immunoprecipitation assay	27924024	Homo sapiens	GTRD	No	Mm:Q6P9Q3;Rn:D3ZG35	Dr:A2BF92	Mm:Q8R367;Rn:F1M2G3	-
Q9HCK0	Q86W34	57684	51321	ZBTB26	AMZ2	chromatin immunoprecipitation assay	27924024	Homo sapiens	GTRD	No	Mm:Q6P9Q3;Rn:D3ZG35	Dr:A2BF92	Mm:B1AT59;Rn:Q400C7	-
Q9HCK0	Q96FJ0	57684	57559	ZBTB26	STAMBPL1	chromatin immunoprecipitation assay	27924024	Homo sapiens	GTRD	No	Mm:Q6P9Q3;Rn:D3ZG35	Dr:A2BF92	Dr:E7F3M4;Mm:Q76N33	Rn:B0BMZ5
Q9HCK0	Q6ZNW5	57684	390637	ZBTB26	GDPGP1	chromatin immunoprecipitation assay	27924024	Homo sapiens	GTRD	No	Mm:Q6P9Q3;Rn:D3ZG35	Dr:A2BF92	Ce:Q5ZR76;Dm:Q9VSZ5;Dr:X1WFG4	-
Q9HCK0	P35251	57684	5981	ZBTB26	RFC1	chromatin immunoprecipitation assay	27924024	Homo sapiens	GTRD	No	Mm:Q6P9Q3;Rn:D3ZG35	Dr:A2BF92	Dr:F1Q5P6;Sc:P38630	Mm:G3X8Z6;Rn:D3ZFT1
Q9HCK0	Q13467	57684	7855	ZBTB26	FZD5	chromatin immunoprecipitation assay	27924024	Homo sapiens	GTRD	No	Mm:Q6P9Q3;Rn:D3ZG35	Dr:A2BF92	Mm:Q9EQD0;Rn:A0A0G2JXX8	Dr:B3DIG4
Q9HCK0	P27487	57684	1803	ZBTB26	DPP4	chromatin immunoprecipitation assay	27924024	Homo sapiens	GTRD	No	Mm:Q6P9Q3;Rn:D3ZG35	Dr:A2BF92	Dr:B5DDZ4;Dr:B0R1C4;Mm:P28843;Rn:A0A0G2K238	-
Q9HCK0	Q96H96	57684	-	ZBTB26	COQ2	chromatin immunoprecipitation assay	27924024	Homo sapiens	GTRD	No	Mm:Q6P9Q3;Rn:D3ZG35	Dr:A2BF92	-	-
Q9HCK0	P55210	57684	840	ZBTB26	CASP7	chromatin immunoprecipitation assay	27924024	Homo sapiens	GTRD	No	Mm:Q6P9Q3;Rn:D3ZG35	Dr:A2BF92	Dm:O01382;Dr:U3JAP7;Mm:P97864;Rn:O88550	-
Q9HCK0	P53805	57684	1827	ZBTB26	RCAN1	chromatin immunoprecipitation assay	27924024	Homo sapiens	GTRD	No	Mm:Q6P9Q3;Rn:D3ZG35	Dr:A2BF92	Dr:B0R069;Mm:Q9JHG6;Rn:Q6IN33	-
Q9HCK0	Q96DG6	57684	134147	ZBTB26	CMBL	chromatin immunoprecipitation assay	27924024	Homo sapiens	GTRD	No	Mm:Q6P9Q3;Rn:D3ZG35	Dr:A2BF92	Dr:A7MBU9;Mm:Q8R1G2;Rn:Q7TP52;Sc:P39721	-
Q9HCK0	Q658P3	57684	55240	ZBTB26	STEAP3	chromatin immunoprecipitation assay	27924024	Homo sapiens	GTRD	No	Mm:Q6P9Q3;Rn:D3ZG35	Dr:A2BF92	-	Mm:A0A0R4J1G9;Rn:A0A0H2UI26
Q9HCK0	Q9NXH8	57684	54863	ZBTB26	TOR4A	chromatin immunoprecipitation assay	27924024	Homo sapiens	GTRD	No	Mm:Q6P9Q3;Rn:D3ZG35	Dr:A2BF92	Mm:Q8BH02;Rn:D3ZG57	Dr:A0A0H2UKC7;Dr:B0V1G7
Q9HCK0	Q9Y2I9	57684	23329	ZBTB26	TBC1D30	chromatin immunoprecipitation assay	27924024	Homo sapiens	GTRD	No	Mm:Q6P9Q3;Rn:D3ZG35	Dr:A2BF92	-	-
Q9HCK0	Q9BVM2	57684	25911	ZBTB26	DPCD	chromatin immunoprecipitation assay	27924024	Homo sapiens	GTRD	No	Mm:Q6P9Q3;Rn:D3ZG35	Dr:A2BF92	Dm:Q9W0M5;Dr:Q0P448;Mm:Q8BPA8;Rn:Q6AYM4	-
Q9HCK0	Q16526	57684	1407	ZBTB26	CRY1	chromatin immunoprecipitation assay	27924024	Homo sapiens	GTRD	No	Mm:Q6P9Q3;Rn:D3ZG35	Dr:A2BF92	Mm:P97784;Rn:Q32Q86	-
Q9HCK0	P11766	57684	128	ZBTB26	ADH5	chromatin immunoprecipitation assay	27924024	Homo sapiens	GTRD	No	Mm:Q6P9Q3;Rn:D3ZG35	Dr:A2BF92	Ce:Q17335;Dm:P46415;Mm:P28474	Dr:Q6NXA6
Q9HCK0	Q9HC96	57684	11132	ZBTB26	CAPN10	chromatin immunoprecipitation assay	27924024	Homo sapiens	GTRD	No	Mm:Q6P9Q3;Rn:D3ZG35	Dr:A2BF92	Mm:Q9ESK3	Dr:A0A2R9YJI5;Rn:M0RD70
Q9HCK0	Q15386	57684	9690	ZBTB26	UBE3C	chromatin immunoprecipitation assay	27924024	Homo sapiens	GTRD	No	Mm:Q6P9Q3;Rn:D3ZG35	Dr:A2BF92	Dm:Q9W196;Mm:Q80U95	Rn:D3ZHB7
Q9HCK0	Q9C0D3	57684	79699	ZBTB26	ZYG11B	chromatin immunoprecipitation assay	27924024	Homo sapiens	GTRD	No	Mm:Q6P9Q3;Rn:D3ZG35	Dr:A2BF92	Dr:Q5TYQ1;Mm:Q3UFS0	Rn:F1M8P2
Q9HCK0	Q9UHQ4	57684	55973	ZBTB26	BCAP29	chromatin immunoprecipitation assay	27924024	Homo sapiens	GTRD	No	Mm:Q6P9Q3;Rn:D3ZG35	Dr:A2BF92	Ce:G5EBI0	-
Q9HCK0	Q8NBQ5	57684	51170	ZBTB26	HSD17B11	chromatin immunoprecipitation assay	27924024	Homo sapiens	GTRD	No	Mm:Q6P9Q3;Rn:D3ZG35	Dr:A2BF92	-	-
Q9HCK0	Q9BUM1	57684	92579	ZBTB26	G6PC3	chromatin immunoprecipitation assay	27924024	Homo sapiens	GTRD	No	Mm:Q6P9Q3;Rn:D3ZG35	Dr:A2BF92	Dr:F1QI88;Mm:Q6NSQ9;Rn:Q6AZ83	-
Q9HCK0	A8MTT3	57684	100505876	ZBTB26	CEBPZOS	chromatin immunoprecipitation assay	27924024	Homo sapiens	GTRD	No	Mm:Q6P9Q3;Rn:D3ZG35	Dr:A2BF92	Mm:Q8BTE5;Rn:D3ZL39	-
Q9HCK0	O60524	57684	9147	ZBTB26	NEMF	chromatin immunoprecipitation assay	27924024	Homo sapiens	GTRD	No	Mm:Q6P9Q3;Rn:D3ZG35	Dr:A2BF92	Dm:Q9VBX1;Mm:Q8CCP0;Rn:A0A0G2K9F2;Sc:Q12532	Ce:Q9BKR5
Q9HCK0	Q9NS68	57684	55504	ZBTB26	TNFRSF19	chromatin immunoprecipitation assay	27924024	Homo sapiens	GTRD	No	Mm:Q6P9Q3;Rn:D3ZG35	Dr:A2BF92	Mm:Q9JLL3;Rn:Q1KMU0	-
Q9HCK0	Q7Z698	57684	200734	ZBTB26	SPRED2	chromatin immunoprecipitation assay	27924024	Homo sapiens	GTRD	No	Mm:Q6P9Q3;Rn:D3ZG35	Dr:A2BF92	Dr:A5PMN3	Mm:Q5SRF8;Rn:A0A0G2K1D0
Q9HCK0	Q9UGQ3	57684	11182	ZBTB26	SLC2A6	chromatin immunoprecipitation assay	27924024	Homo sapiens	GTRD	No	Mm:Q6P9Q3;Rn:D3ZG35	Dr:A2BF92	Dm:Q7K2U8;Mm:Q3UDF0;Rn:D3ZLC4	-
Q9HCK0	Q9Y2L1	57684	22894	ZBTB26	DIS3	chromatin immunoprecipitation assay	27924024	Homo sapiens	GTRD	No	Mm:Q6P9Q3;Rn:D3ZG35	Dr:A2BF92	Ce:Q17632;Dm:Q9VC93;Mm:Q9CSH3;Rn:F7EPZ4;Sc:Q08162	Dr:E7FE01
Q9HCK0	Q86WB7	57684	54346	ZBTB26	UNC93A	chromatin immunoprecipitation assay	27924024	Homo sapiens	GTRD	No	Mm:Q6P9Q3;Rn:D3ZG35	Dr:A2BF92	Mm:B2RWK3;Mm:Q710D3;Rn:M0RA42	Dm:X2JFT8;Dr:A0A0A0MPU5
Q9HCK0	P61599	57684	51126	ZBTB26	NAA20	chromatin immunoprecipitation assay	27924024	Homo sapiens	GTRD	No	Mm:Q6P9Q3;Rn:D3ZG35	Dr:A2BF92	Ce:Q965S3;Dr:Q58ED9;Mm:P61600;Rn:B2RZ44;Sc:Q06504	Dm:Q9VWF5
Q9HCK0	Q49AN0	57684	1408	ZBTB26	CRY2	chromatin immunoprecipitation assay	27924024	Homo sapiens	GTRD	No	Mm:Q6P9Q3;Rn:D3ZG35	Dr:A2BF92	-	-
Q9HCK0	P84103	57684	6428	ZBTB26	SRSF3	chromatin immunoprecipitation assay	27924024	Homo sapiens	GTRD	No	Mm:Q6P9Q3;Rn:D3ZG35	Dr:A2BF92	Dm:Q02427;Dr:A5WWG4;Dr:Q801U3;Mm:P84104;Rn:Q0ZFS8	-
Q9HCK0	Q96HH9	57684	65983	ZBTB26	GRAMD2B	chromatin immunoprecipitation assay	27924024	Homo sapiens	GTRD	No	Mm:Q6P9Q3;Rn:D3ZG35	Dr:A2BF92	Mm:Q9D2W5;Rn:Q5FVG8	-
Q9HCK0	P60842	57684	1973	ZBTB26	EIF4A1	chromatin immunoprecipitation assay	27924024	Homo sapiens	GTRD	No	Mm:Q6P9Q3;Rn:D3ZG35	Dr:A2BF92	Mm:P60843;Rn:Q6P3V8	-
Q9HCK0	Q9P0J1	57684	54704	ZBTB26	PDP1	chromatin immunoprecipitation assay	27924024	Homo sapiens	GTRD	No	Mm:Q6P9Q3;Rn:D3ZG35	Dr:A2BF92	Rn:A0A0G2QC17	Dr:A9JRU2
Q9HCK0	Q9NPG1	57684	7976	ZBTB26	FZD3	chromatin immunoprecipitation assay	27924024	Homo sapiens	GTRD	No	Mm:Q6P9Q3;Rn:D3ZG35	Dr:A2BF92	Dr:A0JBX4;Mm:Q61086;Rn:M0RCN5	-
Q9HCK0	P50443	57684	1836	ZBTB26	SLC26A2	chromatin immunoprecipitation assay	27924024	Homo sapiens	GTRD	No	Mm:Q6P9Q3;Rn:D3ZG35	Dr:A2BF92	Mm:Q62273;Rn:O70531	Dr:E7F9I7
Q9HCK0	Q8WUM0	57684	55746	ZBTB26	NUP133	chromatin immunoprecipitation assay	27924024	Homo sapiens	GTRD	No	Mm:Q6P9Q3;Rn:D3ZG35	Dr:A2BF92	Dm:Q9VCW3;Dr:F1QNV4;Mm:Q8R0G9;Rn:D3Z8B2	-
Q9HCK0	O60423	57684	148229	ZBTB26	ATP8B3	chromatin immunoprecipitation assay	27924024	Homo sapiens	GTRD	No	Mm:Q6P9Q3;Rn:D3ZG35	Dr:A2BF92	Mm:Q6UQ17;Rn:D3ZE62	Dr:F1QQW4
Q9HCK0	P13584	57684	1580	ZBTB26	CYP4B1	chromatin immunoprecipitation assay	27924024	Homo sapiens	GTRD	No	Mm:Q6P9Q3;Rn:D3ZG35	Dr:A2BF92	Mm:Q64462	Rn:P15129
Q9HCK0	Q92800	57684	2145	ZBTB26	EZH1	chromatin immunoprecipitation assay	27924024	Homo sapiens	GTRD	No	Mm:Q6P9Q3;Rn:D3ZG35	Dr:A2BF92	-	Mm:A0A0R4J1C0;Rn:F1LZH3
Q9HCK0	Q7Z5Y6	57684	353500	ZBTB26	BMP8A	chromatin immunoprecipitation assay	27924024	Homo sapiens	GTRD	No	Mm:Q6P9Q3;Rn:D3ZG35	Dr:A2BF92	-	-
Q9HCK0	Q14919	57684	10589	ZBTB26	DRAP1	chromatin immunoprecipitation assay	27924024	Homo sapiens	GTRD	No	Mm:Q6P9Q3;Rn:D3ZG35	Dr:A2BF92	Dr:F1R8S0;Mm:Q9D6N5;Rn:A0JPP1	-
Q9HCK0	Q8NHU2	57684	26074	ZBTB26	CFAP61	chromatin immunoprecipitation assay	27924024	Homo sapiens	GTRD	No	Mm:Q6P9Q3;Rn:D3ZG35	Dr:A2BF92	Dm:Q9W206	Dm:Q7KVK5;Mm:A8Y5L4
Q9HCK0	P54259	57684	1822	ZBTB26	ATN1	chromatin immunoprecipitation assay	27924024	Homo sapiens	GTRD	No	Mm:Q6P9Q3;Rn:D3ZG35	Dr:A2BF92	Mm:O35126	Rn:G3V7W3
Q9HCK0	Q13164	57684	5598	ZBTB26	MAPK7	chromatin immunoprecipitation assay	27924024	Homo sapiens	GTRD	No	Mm:Q6P9Q3;Rn:D3ZG35	Dr:A2BF92	Ce:Q23023;Mm:Q9WVS8	Dr:Q0H1F4;Rn:E9PTH2
Q9HCK0	Q52LA3	57684	91750	ZBTB26	LIN52	chromatin immunoprecipitation assay	27924024	Homo sapiens	GTRD	No	Mm:Q6P9Q3;Rn:D3ZG35	Dr:A2BF92	Dm:Q9W482;Mm:Q8CD94;Rn:D4A6T8	Dr:A0AUQ6
Q9HCK0	Q96E93	57684	10219	ZBTB26	KLRG1	chromatin immunoprecipitation assay	27924024	Homo sapiens	GTRD	No	Mm:Q6P9Q3;Rn:D3ZG35	Dr:A2BF92	Mm:O88713;Rn:M0R4X2	Rn:Q64335
Q9HCK0	P50219	57684	3110	ZBTB26	MNX1	chromatin immunoprecipitation assay	27924024	Homo sapiens	GTRD	No	Mm:Q6P9Q3;Rn:D3ZG35	Dr:A2BF92	Ce:Q9U2Z0;Dr:Q6SYZ1	Mm:A2RSX2;Rn:M0R6D8
Q9HCK0	Q9BRJ6	57684	84310	ZBTB26	C7orf50	chromatin immunoprecipitation assay	27924024	Homo sapiens	GTRD	No	Mm:Q6P9Q3;Rn:D3ZG35	Dr:A2BF92	Dr:E7FH60;Mm:Q9CXL3;Rn:Q5I0E3	-
Q9HCK0	Q9C037	57684	89122	ZBTB26	TRIM4	chromatin immunoprecipitation assay	27924024	Homo sapiens	GTRD	No	Mm:Q6P9Q3;Rn:D3ZG35	Dr:A2BF92	-	-
Q9HCK0	Q569K6	57684	550631	ZBTB26	CCDC157	chromatin immunoprecipitation assay	27924024	Homo sapiens	GTRD	No	Mm:Q6P9Q3;Rn:D3ZG35	Dr:A2BF92	Dr:F1QTW5;Rn:D3ZKW4	-
Q9HCK0	Q0P5P2	57684	339210	ZBTB26	C17orf67	chromatin immunoprecipitation assay	27924024	Homo sapiens	GTRD	No	Mm:Q6P9Q3;Rn:D3ZG35	Dr:A2BF92	Mm:Q3V3I5	Dr:E7FGZ8
Q9HCK0	Q9P1Y5	57684	57662	ZBTB26	CAMSAP3	chromatin immunoprecipitation assay	27924024	Homo sapiens	GTRD	No	Mm:Q6P9Q3;Rn:D3ZG35	Dr:A2BF92	Ce:U4PAZ9;Mm:Q80VC9;Rn:D3ZXQ2	Dr:E7F3U0
Q9HCK0	Q9NQV5	57684	56981	ZBTB26	PRDM11	chromatin immunoprecipitation assay	27924024	Homo sapiens	GTRD	No	Mm:Q6P9Q3;Rn:D3ZG35	Dr:A2BF92	-	-
Q9HCK0	Q9NQ66	57684	23236	ZBTB26	PLCB1	chromatin immunoprecipitation assay	27924024	Homo sapiens	GTRD	No	Mm:Q6P9Q3;Rn:D3ZG35	Dr:A2BF92	Mm:Q9Z1B3	Rn:F1M084
Q9HCK0	Q96NL6	57684	132320	ZBTB26	SCLT1	chromatin immunoprecipitation assay	27924024	Homo sapiens	GTRD	No	Mm:Q6P9Q3;Rn:D3ZG35	Dr:A2BF92	Dr:E7EZ46;Mm:G5E861;Rn:Q8CJ99	-
Q9HCK0	P28838	57684	51056	ZBTB26	LAP3	chromatin immunoprecipitation assay	27924024	Homo sapiens	GTRD	No	Mm:Q6P9Q3;Rn:D3ZG35	Dr:A2BF92	Dr:A2BIC6;Mm:Q9CPY7;Rn:Q68FS4	-
Q9HCK0	Q9H116	57684	64412	ZBTB26	GZF1	chromatin immunoprecipitation assay	27924024	Homo sapiens	GTRD	No	Mm:Q6P9Q3;Rn:D3ZG35	Dr:A2BF92	Mm:Q4VBD9;Rn:D3ZUU2	-
Q9HCK0	O15084	57684	23243	ZBTB26	ANKRD28	chromatin immunoprecipitation assay	27924024	Homo sapiens	GTRD	No	Mm:Q6P9Q3;Rn:D3ZG35	Dr:A2BF92	Dr:E9QBZ2;Mm:Q505D1;Rn:F1M400	-
Q9HCK0	P35462	57684	1814	ZBTB26	DRD3	chromatin immunoprecipitation assay	27924024	Homo sapiens	GTRD	No	Mm:Q6P9Q3;Rn:D3ZG35	Dr:A2BF92	-	-
Q9HCK0	Q9Y6M4	57684	1456	ZBTB26	CSNK1G3	chromatin immunoprecipitation assay	27924024	Homo sapiens	GTRD	No	Mm:Q6P9Q3;Rn:D3ZG35	Dr:A2BF92	-	Mm:A0A494BAP2;Rn:A0A0A0MXY3
Q9HCK0	P25063	57684	100133941	ZBTB26	CD24	chromatin immunoprecipitation assay	27924024	Homo sapiens	GTRD	No	Mm:Q6P9Q3;Rn:D3ZG35	Dr:A2BF92	Mm:P24807;Rn:Q07490	-
Q9HCK0	O43422	57684	5612	ZBTB26	THAP12	chromatin immunoprecipitation assay	27924024	Homo sapiens	GTRD	No	Mm:Q6P9Q3;Rn:D3ZG35	Dr:A2BF92	Dr:F1Q9M3;Mm:Q9CUX1;Rn:A0A0G2K8V6	-
Q9HCK0	Q9H8U3	57684	60685	ZBTB26	ZFAND3	chromatin immunoprecipitation assay	27924024	Homo sapiens	GTRD	No	Mm:Q6P9Q3;Rn:D3ZG35	Dr:A2BF92	Dr:Q4KMI6;Mm:Q497H0;Rn:A0A0G2JV07	-
Q9HCK0	O95376	57684	10425	ZBTB26	ARIH2	chromatin immunoprecipitation assay	27924024	Homo sapiens	GTRD	No	Mm:Q6P9Q3;Rn:D3ZG35	Dr:A2BF92	Ce:Q22431;Dm:O76924;Dr:Q7T355;Mm:Q9Z1K6;Rn:D3ZJB8	-
Q9HCK0	Q8NE28	57684	169436	ZBTB26	STKLD1	chromatin immunoprecipitation assay	27924024	Homo sapiens	GTRD	No	Mm:Q6P9Q3;Rn:D3ZG35	Dr:A2BF92	Mm:Q80YS9;Rn:F6R0A3	-
Q9HCK0	Q9HCK1	57684	57683	ZBTB26	ZDBF2	chromatin immunoprecipitation assay	27924024	Homo sapiens	GTRD	No	Mm:Q6P9Q3;Rn:D3ZG35	Dr:A2BF92	-	Mm:A0A6I8MWW6;Rn:D4A582
Q9HCK0	Q8TAF8	57684	222662	ZBTB26	LHFPL5	chromatin immunoprecipitation assay	27924024	Homo sapiens	GTRD	No	Mm:Q6P9Q3;Rn:D3ZG35	Dr:A2BF92	Mm:Q4KL25;Rn:Q5PPI7	Dr:F1Q837;Dr:B0UYJ1
Q9HCK0	Q8WYN3	57684	80034	ZBTB26	CSRNP3	chromatin immunoprecipitation assay	27924024	Homo sapiens	GTRD	No	Mm:Q6P9Q3;Rn:D3ZG35	Dr:A2BF92	-	-
Q9HCK0	Q6ZMI0	57684	129285	ZBTB26	PPP1R21	chromatin immunoprecipitation assay	27924024	Homo sapiens	GTRD	No	Mm:Q6P9Q3;Rn:D3ZG35	Dr:A2BF92	Ce:O61853;Mm:Q3TDD9;Rn:F1LYZ8	-
Q9HCK0	P11362	57684	2260	ZBTB26	FGFR1	chromatin immunoprecipitation assay	27924024	Homo sapiens	GTRD	No	Mm:Q6P9Q3;Rn:D3ZG35	Dr:A2BF92	-	Dr:F1Q5T3;Mm:J3QN85;Rn:F1LM54
Q9HCK0	Q9H015	57684	6583	ZBTB26	SLC22A4	chromatin immunoprecipitation assay	27924024	Homo sapiens	GTRD	No	Mm:Q6P9Q3;Rn:D3ZG35	Dr:A2BF92	Mm:Q9Z306;Rn:D3ZCM6	-
Q9HCK0	Q9HAH7	57684	64319	ZBTB26	FBRS	chromatin immunoprecipitation assay	27924024	Homo sapiens	GTRD	No	Mm:Q6P9Q3;Rn:D3ZG35	Dr:A2BF92	-	Mm:A0A1N9PTV1
Q9HCK0	P61296	57684	9464	ZBTB26	HAND2	chromatin immunoprecipitation assay	27924024	Homo sapiens	GTRD	No	Mm:Q6P9Q3;Rn:D3ZG35	Dr:A2BF92	Dr:A2BDM6;Mm:Q61039;Rn:A0A0G2K7Q4	-
Q9HCK0	Q8WWK9	57684	26586	ZBTB26	CKAP2	chromatin immunoprecipitation assay	27924024	Homo sapiens	GTRD	No	Mm:Q6P9Q3;Rn:D3ZG35	Dr:A2BF92	Dr:E7F392;Mm:Q3V1H1;Rn:D3ZPD0	-
Q9HCK0	Q53HI1	57684	25972	ZBTB26	UNC50	chromatin immunoprecipitation assay	27924024	Homo sapiens	GTRD	No	Mm:Q6P9Q3;Rn:D3ZG35	Dr:A2BF92	Ce:Q10045;Dm:Q9VHN5;Dr:F1QVU5;Mm:Q9CQ61;Rn:O55227;Sc:P36125	-
Q9HCK0	Q8TDX6	57684	55790	ZBTB26	CSGALNACT1	chromatin immunoprecipitation assay	27924024	Homo sapiens	GTRD	No	Mm:Q6P9Q3;Rn:D3ZG35	Dr:A2BF92	Mm:Q8BJQ9;Rn:B5DEY9	Dr:E7F6G2
Q9HCK0	O14841	57684	26873	ZBTB26	OPLAH	chromatin immunoprecipitation assay	27924024	Homo sapiens	GTRD	No	Mm:Q6P9Q3;Rn:D3ZG35	Dr:A2BF92	Ce:A0A9S2;Dm:Q9W247;Mm:Q8K010;Rn:P97608;Sc:P28273	Dr:E7F6Z6
Q9HCK0	Q6UX04	57684	10283	ZBTB26	CWC27	chromatin immunoprecipitation assay	27924024	Homo sapiens	GTRD	No	Mm:Q6P9Q3;Rn:D3ZG35	Dr:A2BF92	Ce:Q9XXI7;Dm:Q9VTN7;Dr:F1QRY1;Mm:Q3TKY6;Rn:Q5XIB2	-
Q9HCK0	Q7Z6K3	57684	375743	ZBTB26	PTAR1	chromatin immunoprecipitation assay	27924024	Homo sapiens	GTRD	No	Mm:Q6P9Q3;Rn:D3ZG35	Dr:A2BF92	Rn:D3ZWG9	Dr:A3KPW7;Mm:A0A494B9V8
Q9HCK0	Q9UBN6	57684	8793	ZBTB26	TNFRSF10D	chromatin immunoprecipitation assay	27924024	Homo sapiens	GTRD	No	Mm:Q6P9Q3;Rn:D3ZG35	Dr:A2BF92	-	-
Q9HCK0	P04637	57684	7157	ZBTB26	TP53	chromatin immunoprecipitation assay	27924024	Homo sapiens	GTRD	No	Mm:Q6P9Q3;Rn:D3ZG35	Dr:A2BF92	Mm:P02340	Dr:B0R0M3;Rn:M0R497
Q9HCK0	Q9NUW8	57684	55775	ZBTB26	TDP1	chromatin immunoprecipitation assay	27924024	Homo sapiens	GTRD	No	Mm:Q6P9Q3;Rn:D3ZG35	Dr:A2BF92	Ce:Q9TXV7;Dm:Q9VQM4;Mm:B8JJC1;Sc:P38319	Dr:F8W5U2;Rn:A0A0H2UHC3
Q9HCK0	O14617	57684	8943	ZBTB26	AP3D1	chromatin immunoprecipitation assay	27924024	Homo sapiens	GTRD	No	Mm:Q6P9Q3;Rn:D3ZG35	Dr:A2BF92	Ce:O16637;Dr:B7ZUU8;Mm:O54774;Rn:B5DFK6	Dm:M9PHJ5
Q9HCK0	A0A088AWK7	57684	-	ZBTB26	-	chromatin immunoprecipitation assay	27924024	Homo sapiens	GTRD	No	Mm:Q6P9Q3;Rn:D3ZG35	Dr:A2BF92	-	-
Q9HCK0	Q9NQE9	57684	135114	ZBTB26	HINT3	chromatin immunoprecipitation assay	27924024	Homo sapiens	GTRD	No	Mm:Q6P9Q3;Rn:D3ZG35	Dr:A2BF92	Ce:D3KFR7;Dm:Q6IIA4;Mm:Q9CPS6;Rn:F1M9G8	Dr:E7F132
Q9HCK0	P33240	57684	1478	ZBTB26	CSTF2	chromatin immunoprecipitation assay	27924024	Homo sapiens	GTRD	No	Mm:Q6P9Q3;Rn:D3ZG35	Dr:A2BF92	Dm:Q9VE52;Mm:Q8BIQ5;Rn:B4F7F1	Dr:F1QWP0
Q9HCK0	Q7Z4H9	57684	84792	ZBTB26	FAM220A	chromatin immunoprecipitation assay	27924024	Homo sapiens	GTRD	No	Mm:Q6P9Q3;Rn:D3ZG35	Dr:A2BF92	Mm:Q3ZN08;Rn:Q6DGF6	-
Q9HCK0	Q96HZ4	57684	55502	ZBTB26	HES6	chromatin immunoprecipitation assay	27924024	Homo sapiens	GTRD	No	Mm:Q6P9Q3;Rn:D3ZG35	Dr:A2BF92	Dm:Q01068;Mm:Q9JHE6;Rn:Q5PPN0	-
Q9HCK0	P17097	57684	7553	ZBTB26	ZNF7	chromatin immunoprecipitation assay	27924024	Homo sapiens	GTRD	No	Mm:Q6P9Q3;Rn:D3ZG35	Dr:A2BF92	Mm:Q3TFZ4	Rn:F1LV88
Q9HCK0	P82909	57684	92259	ZBTB26	MRPS36	chromatin immunoprecipitation assay	27924024	Homo sapiens	GTRD	No	Mm:Q6P9Q3;Rn:D3ZG35	Dr:A2BF92	Dr:A8WHV7;Mm:Q9CQX8	Rn:A0A0G2JZC3
Q9HCK0	Q8TCX5	57684	114822	ZBTB26	RHPN1	chromatin immunoprecipitation assay	27924024	Homo sapiens	GTRD	No	Mm:Q6P9Q3;Rn:D3ZG35	Dr:A2BF92	Rn:F1LY81	Mm:E9Q7Q7
Q9HCK0	P53814	57684	6525	ZBTB26	SMTN	chromatin immunoprecipitation assay	27924024	Homo sapiens	GTRD	No	Mm:Q6P9Q3;Rn:D3ZG35	Dr:A2BF92	-	-
Q9HCK0	O95789	57684	9204	ZBTB26	ZMYM6	chromatin immunoprecipitation assay	27924024	Homo sapiens	GTRD	No	Mm:Q6P9Q3;Rn:D3ZG35	Dr:A2BF92	Mm:Q8BS54	Rn:A0A0G2K8U2
Q9HCK0	Q6UWP2	57684	79154	ZBTB26	DHRS11	chromatin immunoprecipitation assay	27924024	Homo sapiens	GTRD	No	Mm:Q6P9Q3;Rn:D3ZG35	Dr:A2BF92	Dm:Q9VYU9;Dr:F1R5X7;Dr:A5WUM7;Mm:Q3U0B3;Rn:G3V978	Dm:Q6NNV7
Q9HCK0	Q9P2K2	57684	57544	ZBTB26	TXNDC16	chromatin immunoprecipitation assay	27924024	Homo sapiens	GTRD	No	Mm:Q6P9Q3;Rn:D3ZG35	Dr:A2BF92	Dr:E7FC06;Mm:Q7TN22	Rn:D3ZQK4
Q9HCK0	Q8NC26	57684	163071	ZBTB26	ZNF114	chromatin immunoprecipitation assay	27924024	Homo sapiens	GTRD	No	Mm:Q6P9Q3;Rn:D3ZG35	Dr:A2BF92	-	-
Q9HCK0	Q9NRH2	57684	54861	ZBTB26	SNRK	chromatin immunoprecipitation assay	27924024	Homo sapiens	GTRD	No	Mm:Q6P9Q3;Rn:D3ZG35	Dr:A2BF92	Dr:F1QM17;Mm:Q8VDU5;Rn:Q63553	-
Q9HCK0	Q7Z5K2	57684	23063	ZBTB26	WAPL	chromatin immunoprecipitation assay	27924024	Homo sapiens	GTRD	No	Mm:Q6P9Q3;Rn:D3ZG35	Dr:A2BF92	Dr:F1QU33;Mm:Q65Z40;Rn:D4ADT3	-
Q9HCK0	Q9Y2J8	57684	11240	ZBTB26	PADI2	chromatin immunoprecipitation assay	27924024	Homo sapiens	GTRD	No	Mm:Q6P9Q3;Rn:D3ZG35	Dr:A2BF92	Dr:F1QTZ4;Mm:Q08642;Rn:F1LPA6	-
Q9HCK0	Q9H2C2	57684	64801	ZBTB26	ARV1	chromatin immunoprecipitation assay	27924024	Homo sapiens	GTRD	No	Mm:Q6P9Q3;Rn:D3ZG35	Dr:A2BF92	Ce:Q21765;Dm:Q8SYH1;Dr:F1QK83;Mm:Q9D0U9;Rn:D3ZTJ1	-
Q9HCK0	Q9NTW7	57684	55734	ZBTB26	ZFP64	chromatin immunoprecipitation assay	27924024	Homo sapiens	GTRD	No	Mm:Q6P9Q3;Rn:D3ZG35	Dr:A2BF92	Rn:Q5U2X9	Mm:A2AQR3
Q9HCK0	Q86V42	57684	220108	ZBTB26	FAM124A	chromatin immunoprecipitation assay	27924024	Homo sapiens	GTRD	No	Mm:Q6P9Q3;Rn:D3ZG35	Dr:A2BF92	Dr:F1Q587;Mm:D3Z5V4;Rn:F1M0D2	-
Q9HCK0	Q06136	57684	2531	ZBTB26	KDSR	chromatin immunoprecipitation assay	27924024	Homo sapiens	GTRD	No	Mm:Q6P9Q3;Rn:D3ZG35	Dr:A2BF92	Ce:U4PBL3;Dm:Q9VBU5;Dr:F1QWW8;Mm:Q6GV12;Rn:D3Z9P1	-
Q9HCK0	Q9C0E2	57684	64328	ZBTB26	XPO4	chromatin immunoprecipitation assay	27924024	Homo sapiens	GTRD	No	Mm:Q6P9Q3;Rn:D3ZG35	Dr:A2BF92	Ce:Q95XI7;Rn:D3ZQI6	Mm:A0A0R4J254
Q9HCK0	Q6S5L8	57684	399694	ZBTB26	SHC4	chromatin immunoprecipitation assay	27924024	Homo sapiens	GTRD	No	Mm:Q6P9Q3;Rn:D3ZG35	Dr:A2BF92	Mm:Q6S5L9;Rn:D4A3K2	-
Q9HCK0	Q8N5M1	57684	91647	ZBTB26	ATPAF2	chromatin immunoprecipitation assay	27924024	Homo sapiens	GTRD	No	Mm:Q6P9Q3;Rn:D3ZG35	Dr:A2BF92	Ce:Q9U2U3;Dm:Q9VID7;Dr:A3KP55;Rn:D3ZTW7	Mm:Q91YY4
Q9HCK0	Q9UJA9	57684	59084	ZBTB26	ENPP5	chromatin immunoprecipitation assay	27924024	Homo sapiens	GTRD	No	Mm:Q6P9Q3;Rn:D3ZG35	Dr:A2BF92	Mm:Q9EQG7;Rn:P84039	Dr:Q5RFZ8
Q9HCK0	O94808	57684	9945	ZBTB26	GFPT2	chromatin immunoprecipitation assay	27924024	Homo sapiens	GTRD	No	Mm:Q6P9Q3;Rn:D3ZG35	Dr:A2BF92	Mm:Q9Z2Z9;Rn:Q4KMC4	-
Q9HCK0	Q8NB25	57684	79632	ZBTB26	FAM184A	chromatin immunoprecipitation assay	27924024	Homo sapiens	GTRD	No	Mm:Q6P9Q3;Rn:D3ZG35	Dr:A2BF92	Dr:E7FF25;Mm:E9PW83	Dr:Q5SPS2;Rn:F1LW90
Q9HCK0	Q93052	57684	4026	ZBTB26	LPP	chromatin immunoprecipitation assay	27924024	Homo sapiens	GTRD	No	Mm:Q6P9Q3;Rn:D3ZG35	Dr:A2BF92	Mm:Q8BFW7	Dr:F1QSX8;Rn:Q5XI07
Q9HCK0	P12814	57684	87	ZBTB26	ACTN1	chromatin immunoprecipitation assay	27924024	Homo sapiens	GTRD	No	Mm:Q6P9Q3;Rn:D3ZG35	Dr:A2BF92	Mm:Q7TPR4	Dr:B8JHU4;Rn:Q6T487
Q9HCK0	Q9UQE7	57684	9126	ZBTB26	SMC3	chromatin immunoprecipitation assay	27924024	Homo sapiens	GTRD	No	Mm:Q6P9Q3;Rn:D3ZG35	Dr:A2BF92	Ce:B2FDA8;Dm:Q9VXE9;Dr:Q1LVV8;Mm:Q9CW03;Rn:D4A1B9;Sc:P47037	-
Q9HCK0	Q9UKD2	57684	51154	ZBTB26	MRTO4	chromatin immunoprecipitation assay	27924024	Homo sapiens	GTRD	No	Mm:Q6P9Q3;Rn:D3ZG35	Dr:A2BF92	Ce:Q19302;Dm:Q7K1Q7;Dr:F1QTS9;Mm:Q9D0I8;Rn:F1LTU4;Sc:P33201	-
Q9HCK0	Q6P6B7	57684	54522	ZBTB26	ANKRD16	chromatin immunoprecipitation assay	27924024	Homo sapiens	GTRD	No	Mm:Q6P9Q3;Rn:D3ZG35	Dr:A2BF92	Mm:A2AS55;Rn:Q499M5	Dr:Q1LX89
Q9HCK0	Q9UGR2	57684	23264	ZBTB26	ZC3H7B	chromatin immunoprecipitation assay	27924024	Homo sapiens	GTRD	No	Mm:Q6P9Q3;Rn:D3ZG35	Dr:A2BF92	Dr:E7F4T4;Mm:F8VPP8;Rn:A0A0G2K214	-
Q9HCK0	Q13889	57684	2967	ZBTB26	GTF2H3	chromatin immunoprecipitation assay	27924024	Homo sapiens	GTRD	No	Mm:Q6P9Q3;Rn:D3ZG35	Dr:A2BF92	Ce:Q09645;Dm:Q9VPX4;Mm:Q8VD76;Rn:Q561R7;Sc:Q12004	Dr:A5WWE3
Q9HCK0	Q8TEJ3	57684	344558	ZBTB26	SH3RF3	chromatin immunoprecipitation assay	27924024	Homo sapiens	GTRD	No	Mm:Q6P9Q3;Rn:D3ZG35	Dr:A2BF92	Mm:Q8C120	Rn:M0R6D9
Q9HCK0	Q9Y2M0	57684	22909	ZBTB26	FAN1	chromatin immunoprecipitation assay	27924024	Homo sapiens	GTRD	No	Mm:Q6P9Q3;Rn:D3ZG35	Dr:A2BF92	Ce:P90740;Dr:A0A0R4IUX7;Mm:Q69ZT1;Rn:D3ZVU2	-
Q9HCK0	Q96FZ2	57684	56941	ZBTB26	HMCES	chromatin immunoprecipitation assay	27924024	Homo sapiens	GTRD	No	Mm:Q6P9Q3;Rn:D3ZG35	Dr:A2BF92	Dm:Q9VHI3;Mm:Q8R1M0	Dr:A5PLB0
Q9HCK0	P78368	57684	1455	ZBTB26	CSNK1G2	chromatin immunoprecipitation assay	27924024	Homo sapiens	GTRD	No	Mm:Q6P9Q3;Rn:D3ZG35	Dr:A2BF92	Dr:Q503C4;Mm:Q8BVP5;Rn:Q62762	Dr:B0S603
Q9HCK0	O43633	57684	27243	ZBTB26	CHMP2A	chromatin immunoprecipitation assay	27924024	Homo sapiens	GTRD	No	Mm:Q6P9Q3;Rn:D3ZG35	Dr:A2BF92	Ce:Q9U2F6;Dm:Q9VBI3;Dr:B7ZV06;Mm:Q9DB34;Rn:B2RZB5;Sc:P36108	-
Q9HCK0	O60309	57684	374819	ZBTB26	LRRC37A3	chromatin immunoprecipitation assay	27924024	Homo sapiens	GTRD	No	Mm:Q6P9Q3;Rn:D3ZG35	Dr:A2BF92	-	-
Q9HCK0	Q5THR3	57684	64800	ZBTB26	EFCAB6	chromatin immunoprecipitation assay	27924024	Homo sapiens	GTRD	No	Mm:Q6P9Q3;Rn:D3ZG35	Dr:A2BF92	Mm:Q6P1E8;Rn:F1LZH7	-
Q9HCK0	Q86SQ6	57684	84435	ZBTB26	ADGRA1	chromatin immunoprecipitation assay	27924024	Homo sapiens	GTRD	No	Mm:Q6P9Q3;Rn:D3ZG35	Dr:A2BF92	-	-
Q9HCK0	Q9NPH0	57684	51205	ZBTB26	ACP6	chromatin immunoprecipitation assay	27924024	Homo sapiens	GTRD	No	Mm:Q6P9Q3;Rn:D3ZG35	Dr:A2BF92	Dr:A8WG92;Mm:Q8BP40;Rn:Q4FZU0	-
Q9HCK0	P50452	57684	5271	ZBTB26	SERPINB8	chromatin immunoprecipitation assay	27924024	Homo sapiens	GTRD	No	Mm:Q6P9Q3;Rn:D3ZG35	Dr:A2BF92	Dm:Q9VFC1;Mm:O08800;Rn:D3ZHB5	-
Q9HCK0	Q5SQN1	57684	116841	ZBTB26	SNAP47	chromatin immunoprecipitation assay	27924024	Homo sapiens	GTRD	No	Mm:Q6P9Q3;Rn:D3ZG35	Dr:A2BF92	Dr:Q0P4A7;Mm:Q8R570;Rn:Q6P6S0	-
Q9HCK0	Q5VU97	57684	57685	ZBTB26	CACHD1	chromatin immunoprecipitation assay	27924024	Homo sapiens	GTRD	No	Mm:Q6P9Q3;Rn:D3ZG35	Dr:A2BF92	Dm:Q5BI42;Mm:Q6PDJ1	Dr:X1WGM8;Rn:D4ADK4
Q9HCK0	O94830	57684	23259	ZBTB26	DDHD2	chromatin immunoprecipitation assay	27924024	Homo sapiens	GTRD	No	Mm:Q6P9Q3;Rn:D3ZG35	Dr:A2BF92	Mm:Q80Y98;Rn:D3ZJ91	-
Q9HCK0	Q9HAZ2	57684	63976	ZBTB26	PRDM16	chromatin immunoprecipitation assay	27924024	Homo sapiens	GTRD	No	Mm:Q6P9Q3;Rn:D3ZG35	Dr:A2BF92	Mm:A2A935	Dr:B8JHX5;Rn:A0A096MJ70
Q9HCK0	O14929	57684	8520	ZBTB26	HAT1	chromatin immunoprecipitation assay	27924024	Homo sapiens	GTRD	No	Mm:Q6P9Q3;Rn:D3ZG35	Dr:A2BF92	-	-
Q9HCK0	Q9H2R5	57684	55554	ZBTB26	KLK15	chromatin immunoprecipitation assay	27924024	Homo sapiens	GTRD	No	Mm:Q6P9Q3;Rn:D3ZG35	Dr:A2BF92	Mm:Q8CGR4;Rn:D3ZIL3	Rn:M0R7G1
Q9HCK0	Q9ULS6	57684	3788	ZBTB26	KCNS2	chromatin immunoprecipitation assay	27924024	Homo sapiens	GTRD	No	Mm:Q6P9Q3;Rn:D3ZG35	Dr:A2BF92	Mm:O35174;Rn:Q9ER26	-
Q9HCK0	Q6IQ21	57684	54989	ZBTB26	ZNF770	chromatin immunoprecipitation assay	27924024	Homo sapiens	GTRD	No	Mm:Q6P9Q3;Rn:D3ZG35	Dr:A2BF92	Mm:Q8BIQ8	Rn:F1M076
Q9HCK0	P25788	57684	5684	ZBTB26	PSMA3	chromatin immunoprecipitation assay	27924024	Homo sapiens	GTRD	No	Mm:Q6P9Q3;Rn:D3ZG35	Dr:A2BF92	Ce:Q09583;Dm:Q9V5C6;Dr:Q4V918;Mm:O70435;Rn:P18422;Sc:P21242	-
Q9HCK0	Q9BRK5	57684	51150	ZBTB26	SDF4	chromatin immunoprecipitation assay	27924024	Homo sapiens	GTRD	No	Mm:Q6P9Q3;Rn:D3ZG35	Dr:A2BF92	-	-
Q9HCK0	O96011	57684	8799	ZBTB26	PEX11B	chromatin immunoprecipitation assay	27924024	Homo sapiens	GTRD	No	Mm:Q6P9Q3;Rn:D3ZG35	Dr:A2BF92	Mm:Q9Z210;Rn:Q4KM24	Dr:Q0P453
Q9HCK0	Q4VC44	57684	84256	ZBTB26	FLYWCH1	chromatin immunoprecipitation assay	27924024	Homo sapiens	GTRD	No	Mm:Q6P9Q3;Rn:D3ZG35	Dr:A2BF92	Mm:Q8CI03;Rn:F7FDF2	-
Q9HCK0	O95486	57684	10802	ZBTB26	SEC24A	chromatin immunoprecipitation assay	27924024	Homo sapiens	GTRD	No	Mm:Q6P9Q3;Rn:D3ZG35	Dr:A2BF92	Dr:A0A0R4ICL5;Mm:Q3U2P1;Rn:D3ZZA8;Sc:P40482;Sc:P53953	Dm:A0A0B4LEK8
Q9HCK0	P35348	57684	148	ZBTB26	ADRA1A	chromatin immunoprecipitation assay	27924024	Homo sapiens	GTRD	No	Mm:Q6P9Q3;Rn:D3ZG35	Dr:A2BF92	Mm:P97718;Rn:P43140	Dr:E7FG90
Q9HCK0	Q4U2R6	57684	51258	ZBTB26	MRPL51	chromatin immunoprecipitation assay	27924024	Homo sapiens	GTRD	No	Mm:Q6P9Q3;Rn:D3ZG35	Dr:A2BF92	Dr:Q5BJJ8;Mm:Q9CPY1;Rn:D3ZPE6	-
Q9HCK0	O60331	57684	23396	ZBTB26	PIP5K1C	chromatin immunoprecipitation assay	27924024	Homo sapiens	GTRD	No	Mm:Q6P9Q3;Rn:D3ZG35	Dr:A2BF92	Dr:E7F4U5;Mm:O70161	Rn:F1M8H6
Q9HCK0	Q8NBA8	57684	285605	ZBTB26	DTWD2	chromatin immunoprecipitation assay	27924024	Homo sapiens	GTRD	No	Mm:Q6P9Q3;Rn:D3ZG35	Dr:A2BF92	Dm:Q9VI85;Dr:A0A0R3P9C0;Mm:Q9D0U1;Rn:D3ZGK2	-
Q9HCK0	O14828	57684	10067	ZBTB26	SCAMP3	chromatin immunoprecipitation assay	27924024	Homo sapiens	GTRD	No	Mm:Q6P9Q3;Rn:D3ZG35	Dr:A2BF92	Dr:Q5U3I3;Mm:O35609	-
Q9HCK0	Q9H7S9	57684	80139	ZBTB26	ZNF703	chromatin immunoprecipitation assay	27924024	Homo sapiens	GTRD	No	Mm:Q6P9Q3;Rn:D3ZG35	Dr:A2BF92	Dr:Q90ZE2;Mm:P0CL69;Rn:D4ABF5	-
Q9HCK0	A0A087X0T9	57684	-	ZBTB26	-	chromatin immunoprecipitation assay	27924024	Homo sapiens	GTRD	No	Mm:Q6P9Q3;Rn:D3ZG35	Dr:A2BF92	-	-
Q9HCK0	P31431	57684	6385	ZBTB26	SDC4	chromatin immunoprecipitation assay	27924024	Homo sapiens	GTRD	No	Mm:Q6P9Q3;Rn:D3ZG35	Dr:A2BF92	Mm:O35988;Rn:P34901	-
Q9HCK0	A1X283	57684	285590	ZBTB26	SH3PXD2B	chromatin immunoprecipitation assay	27924024	Homo sapiens	GTRD	No	Mm:Q6P9Q3;Rn:D3ZG35	Dr:A2BF92	Rn:D3ZAF9	Dr:A0A0R4IRP5;Mm:A0A5F8MPP7
Q9HCK0	P30291	57684	7465	ZBTB26	WEE1	chromatin immunoprecipitation assay	27924024	Homo sapiens	GTRD	No	Mm:Q6P9Q3;Rn:D3ZG35	Dr:A2BF92	Dm:P54350;Dr:Q1LYE1;Mm:P47810;Rn:Q63802	-
Q9HCK0	Q6UY14	57684	54507	ZBTB26	ADAMTSL4	chromatin immunoprecipitation assay	27924024	Homo sapiens	GTRD	No	Mm:Q6P9Q3;Rn:D3ZG35	Dr:A2BF92	Mm:Q80T21;Rn:Q4FZU4	-
Q9HCK0	O00512	57684	607	ZBTB26	BCL9	chromatin immunoprecipitation assay	27924024	Homo sapiens	GTRD	No	Mm:Q6P9Q3;Rn:D3ZG35	Dr:A2BF92	Dr:F1R405;Mm:Q9D219;Rn:D4A7D6	-
Q9HCK0	Q86X53	57684	157697	ZBTB26	ERICH1	chromatin immunoprecipitation assay	27924024	Homo sapiens	GTRD	No	Mm:Q6P9Q3;Rn:D3ZG35	Dr:A2BF92	Mm:E9PY43;Rn:F7FM87	-
Q9HCK0	O14727	57684	317	ZBTB26	APAF1	chromatin immunoprecipitation assay	27924024	Homo sapiens	GTRD	No	Mm:Q6P9Q3;Rn:D3ZG35	Dr:A2BF92	Dr:A5WVJ8;Mm:O88879;Rn:Q9EPV5	-
Q9HCK0	Q9H0R3	57684	84065	ZBTB26	TMEM222	chromatin immunoprecipitation assay	27924024	Homo sapiens	GTRD	No	Mm:Q6P9Q3;Rn:D3ZG35	Dr:A2BF92	Ce:Q9N5M3;Dm:Q8IPG2;Mm:Q8BVA2;Rn:B0BNM0	Dr:A0A0R4IC93
Q9HCK0	Q9UPT9	57684	23326	ZBTB26	USP22	chromatin immunoprecipitation assay	27924024	Homo sapiens	GTRD	No	Mm:Q6P9Q3;Rn:D3ZG35	Dr:A2BF92	Mm:Q5DU02;Rn:D3ZTX7	Dr:F1QXG0
Q9HCK0	Q13586	57684	6786	ZBTB26	STIM1	chromatin immunoprecipitation assay	27924024	Homo sapiens	GTRD	No	Mm:Q6P9Q3;Rn:D3ZG35	Dr:A2BF92	Mm:P70302	Dr:Q1LY88;Rn:A0A0G2K5C8
Q9HCK0	Q9NRF9	57684	54107	ZBTB26	POLE3	chromatin immunoprecipitation assay	27924024	Homo sapiens	GTRD	No	Mm:Q6P9Q3;Rn:D3ZG35	Dr:A2BF92	Dm:Q9V444;Dr:Q6PBL4;Mm:A0A0R4J091;Rn:Q642A5;Sc:P13434	-
Q9HCK0	Q01167	57684	3607	ZBTB26	FOXK2	chromatin immunoprecipitation assay	27924024	Homo sapiens	GTRD	No	Mm:Q6P9Q3;Rn:D3ZG35	Dr:A2BF92	Dr:E7FFM9;Mm:Q3UCQ1	-
Q9HCK0	Q9H2A9	57684	64377	ZBTB26	CHST8	chromatin immunoprecipitation assay	27924024	Homo sapiens	GTRD	No	Mm:Q6P9Q3;Rn:D3ZG35	Dr:A2BF92	Mm:Q8BQ86;Rn:B1WBV7	-
Q9HCK0	P49585	57684	5130	ZBTB26	PCYT1A	chromatin immunoprecipitation assay	27924024	Homo sapiens	GTRD	No	Mm:Q6P9Q3;Rn:D3ZG35	Dr:A2BF92	Dr:A8E7K4;Mm:P49586;Rn:P19836	-
Q9HCK0	Q6NUN9	57684	155061	ZBTB26	ZNF746	chromatin immunoprecipitation assay	27924024	Homo sapiens	GTRD	No	Mm:Q6P9Q3;Rn:D3ZG35	Dr:A2BF92	-	-
Q9HCK0	Q86VR8	57684	24147	ZBTB26	FJX1	chromatin immunoprecipitation assay	27924024	Homo sapiens	GTRD	No	Mm:Q6P9Q3;Rn:D3ZG35	Dr:A2BF92	Mm:Q8BQB4;Rn:D4AB25	Dr:F1QZU9
Q9HCK0	P09211	57684	2950	ZBTB26	GSTP1	chromatin immunoprecipitation assay	27924024	Homo sapiens	GTRD	No	Mm:Q6P9Q3;Rn:D3ZG35	Dr:A2BF92	Ce:O61750;Ce:P10299;Ce:P91505;Dr:Q9DDU5;Mm:P19157;Mm:P46425;Rn:P04906	Ce:Q9N4X8;Dr:Q50LC6
Q9HCK0	Q9NSI2	57684	85395	ZBTB26	FAM207A	chromatin immunoprecipitation assay	27924024	Homo sapiens	GTRD	No	Mm:Q6P9Q3;Rn:D3ZG35	Dr:A2BF92	Dr:Q1LWH6;Mm:P58468;Rn:Q5XII4	-
Q9HCK0	Q6EMK4	57684	114990	ZBTB26	VASN	chromatin immunoprecipitation assay	27924024	Homo sapiens	GTRD	No	Mm:Q6P9Q3;Rn:D3ZG35	Dr:A2BF92	Dr:A8DZ86;Mm:Q9CZT5;Rn:D3ZAE6	Dr:A4QNV9
Q9HCK0	Q7Z2Z2	57684	79631	ZBTB26	EFL1	chromatin immunoprecipitation assay	27924024	Homo sapiens	GTRD	No	Mm:Q6P9Q3;Rn:D3ZG35	Dr:A2BF92	Ce:O17944;Dm:Q9VV61;Mm:Q8C0D5;Rn:D3ZXJ5;Sc:P53893	Dr:A0A0R4ITN4
Q9HCK0	Q5VTH9	57684	79819	ZBTB26	WDR78	chromatin immunoprecipitation assay	27924024	Homo sapiens	GTRD	No	Mm:Q6P9Q3;Rn:D3ZG35	Dr:A2BF92	Dr:F1QHZ6;Mm:E9PYY5;Rn:Q4V8G4	Dm:Q9W0A6
Q9HCK0	Q13485	57684	4089	ZBTB26	SMAD4	chromatin immunoprecipitation assay	27924024	Homo sapiens	GTRD	No	Mm:Q6P9Q3;Rn:D3ZG35	Dr:A2BF92	Mm:P97471;Rn:A0A0G2K970	Dm:Q8IMG6
Q9HCK0	Q969S6	57684	94107	ZBTB26	TMEM203	chromatin immunoprecipitation assay	27924024	Homo sapiens	GTRD	No	Mm:Q6P9Q3;Rn:D3ZG35	Dr:A2BF92	Dm:Q8SXX5;Dr:Q6DGR1;Mm:Q8R235;Rn:D4ABS8	-
Q9HCK0	Q8IZ07	57684	88455	ZBTB26	ANKRD13A	chromatin immunoprecipitation assay	27924024	Homo sapiens	GTRD	No	Mm:Q6P9Q3;Rn:D3ZG35	Dr:A2BF92	Dr:A2BG46;Mm:Q80UP5;Rn:Q5U313	-
Q9HCK0	Q86U28	57684	122961	ZBTB26	ISCA2	chromatin immunoprecipitation assay	27924024	Homo sapiens	GTRD	No	Mm:Q6P9Q3;Rn:D3ZG35	Dr:A2BF92	Ce:Q9XVZ9;Dm:Q9VC65;Mm:Q9DCB8;Rn:D4A4L5	Dr:X1WF43
Q9HCK0	F6VJS9	57684	-	ZBTB26	-	chromatin immunoprecipitation assay	27924024	Homo sapiens	GTRD	No	Mm:Q6P9Q3;Rn:D3ZG35	Dr:A2BF92	-	-
Q9HCK0	P09110	57684	30	ZBTB26	ACAA1	chromatin immunoprecipitation assay	27924024	Homo sapiens	GTRD	No	Mm:Q6P9Q3;Rn:D3ZG35	Dr:A2BF92	Dr:Q6GQN6;Mm:Q921H8;Rn:F1LPD6;Sc:P27796	-
Q9HCK0	Q8NCS4	57684	100506144	ZBTB26	TMEM35B	chromatin immunoprecipitation assay	27924024	Homo sapiens	GTRD	No	Mm:Q6P9Q3;Rn:D3ZG35	Dr:A2BF92	Mm:Q3U0Y2;Rn:D3ZYP5	-
Q9HCK0	Q6NYC1	57684	23210	ZBTB26	JMJD6	chromatin immunoprecipitation assay	27924024	Homo sapiens	GTRD	No	Mm:Q6P9Q3;Rn:D3ZG35	Dr:A2BF92	Dm:Q9VD28;Dr:Q6PFM0;Mm:Q9ERI5;Rn:Q6AYK2	Ce:U4PBL8
Q9HCK0	Q9Y2K7	57684	22992	ZBTB26	KDM2A	chromatin immunoprecipitation assay	27924024	Homo sapiens	GTRD	No	Mm:Q6P9Q3;Rn:D3ZG35	Dr:A2BF92	Dr:E7F0J6;Rn:D3ZTJ7	Mm:F6YRW4
Q9HCK0	Q9H2D1	57684	81034	ZBTB26	SLC25A32	chromatin immunoprecipitation assay	27924024	Homo sapiens	GTRD	No	Mm:Q6P9Q3;Rn:D3ZG35	Dr:A2BF92	-	-
Q9HCK0	Q6NUQ1	57684	60561	ZBTB26	RINT1	chromatin immunoprecipitation assay	27924024	Homo sapiens	GTRD	No	Mm:Q6P9Q3;Rn:D3ZG35	Dr:A2BF92	Dm:Q9VS46;Dr:Q5RGZ9;Mm:Q8BZ36;Rn:D4A4T6	-
Q9HCK0	Q14524	57684	6331	ZBTB26	SCN5A	chromatin immunoprecipitation assay	27924024	Homo sapiens	GTRD	No	Mm:Q6P9Q3;Rn:D3ZG35	Dr:A2BF92	-	-
Q9HCK0	Q9C0F1	57684	80817	ZBTB26	CEP44	chromatin immunoprecipitation assay	27924024	Homo sapiens	GTRD	No	Mm:Q6P9Q3;Rn:D3ZG35	Dr:A2BF92	Dr:F6NJX7;Mm:Q5HZK1;Rn:Q3B7T8	-
Q9HCK0	Q9NPF7	57684	51561	ZBTB26	IL23A	chromatin immunoprecipitation assay	27924024	Homo sapiens	GTRD	No	Mm:Q6P9Q3;Rn:D3ZG35	Dr:A2BF92	Mm:Q9EQ14	Rn:Q91Z84
Q9HCK0	O94817	57684	9140	ZBTB26	ATG12	chromatin immunoprecipitation assay	27924024	Homo sapiens	GTRD	No	Mm:Q6P9Q3;Rn:D3ZG35	Dr:A2BF92	Ce:Q10931;Dm:Q9VTU1;Dr:F1Q9E0;Mm:Q9CQY1;Rn:Q2TBJ5	-
Q9HCK0	Q8NBS3	57684	83959	ZBTB26	SLC4A11	chromatin immunoprecipitation assay	27924024	Homo sapiens	GTRD	No	Mm:Q6P9Q3;Rn:D3ZG35	Dr:A2BF92	Mm:A2AJN7;Rn:D3ZVP9	Ce:Q3Y415
Q9HCK0	O76039	57684	6792	ZBTB26	CDKL5	chromatin immunoprecipitation assay	27924024	Homo sapiens	GTRD	No	Mm:Q6P9Q3;Rn:D3ZG35	Dr:A2BF92	-	Dr:B9X2H5;Mm:A0A0G2JGW6;Rn:D3ZG85
Q9HCK0	Q5CZC0	57684	401024	ZBTB26	FSIP2	chromatin immunoprecipitation assay	27924024	Homo sapiens	GTRD	No	Mm:Q6P9Q3;Rn:D3ZG35	Dr:A2BF92	Mm:A2ARZ3	Rn:A0A096MJX4
Q9HCK0	Q8TDH9	57684	63915	ZBTB26	BLOC1S5	chromatin immunoprecipitation assay	27924024	Homo sapiens	GTRD	No	Mm:Q6P9Q3;Rn:D3ZG35	Dr:A2BF92	-	-
Q9HCK0	Q9NS86	57684	55915	ZBTB26	LANCL2	chromatin immunoprecipitation assay	27924024	Homo sapiens	GTRD	No	Mm:Q6P9Q3;Rn:D3ZG35	Dr:A2BF92	Dr:F1QHX0;Mm:Q9JJK2;Rn:Q68FQ9	-
Q9HCK0	Q9H336	57684	83690	ZBTB26	CRISPLD1	chromatin immunoprecipitation assay	27924024	Homo sapiens	GTRD	No	Mm:Q6P9Q3;Rn:D3ZG35	Dr:A2BF92	Dr:F1QHW4;Mm:Q8CGD2	Rn:B5DFM5
Q9HCK0	Q9H3S5	57684	93183	ZBTB26	PIGM	chromatin immunoprecipitation assay	27924024	Homo sapiens	GTRD	No	Mm:Q6P9Q3;Rn:D3ZG35	Dr:A2BF92	Ce:Q17515;Dm:Q9W2E4;Dr:Q7T310;Mm:Q8C2R7;Sc:P47088	Rn:Q9EQY6
Q9HCK0	Q9UM47	57684	4854	ZBTB26	NOTCH3	chromatin immunoprecipitation assay	27924024	Homo sapiens	GTRD	No	Mm:Q6P9Q3;Rn:D3ZG35	Dr:A2BF92	Ce:Q94246;Ce:Q94247;Dr:F1QZF2;Mm:Q61982;Rn:F1LQX7	-
Q9HCK0	Q13283	57684	10146	ZBTB26	G3BP1	chromatin immunoprecipitation assay	27924024	Homo sapiens	GTRD	No	Mm:Q6P9Q3;Rn:D3ZG35	Dr:A2BF92	Dr:Q6P124;Mm:P97855;Rn:D3ZYS7	-
Q9HCK0	Q5W0Q7	57684	10208	ZBTB26	USPL1	chromatin immunoprecipitation assay	27924024	Homo sapiens	GTRD	No	Mm:Q6P9Q3;Rn:D3ZG35	Dr:A2BF92	Rn:M0R4X8	Mm:E9QLC6
Q9HCK0	O60318	57684	8888	ZBTB26	MCM3AP	chromatin immunoprecipitation assay	27924024	Homo sapiens	GTRD	No	Mm:Q6P9Q3;Rn:D3ZG35	Dr:A2BF92	Dr:F1Q712;Mm:Q9WUU9;Rn:A0A0G2JV99	-
Q9HCK0	P53621	57684	1314	ZBTB26	COPA	chromatin immunoprecipitation assay	27924024	Homo sapiens	GTRD	No	Mm:Q6P9Q3;Rn:D3ZG35	Dr:A2BF92	Ce:Q9N4H7;Dm:Q9W0B8;Dr:F1QDQ1;Rn:G3V6T1;Sc:P53622	Mm:F8WHL2
Q9HCK0	Q9UN70	57684	5098	ZBTB26	PCDHGC3	chromatin immunoprecipitation assay	27924024	Homo sapiens	GTRD	No	Mm:Q6P9Q3;Rn:D3ZG35	Dr:A2BF92	Mm:Q91XX1	Dr:A0A286YBK8
Q9HCK0	Q02742	57684	2650	ZBTB26	GCNT1	chromatin immunoprecipitation assay	27924024	Homo sapiens	GTRD	No	Mm:Q6P9Q3;Rn:D3ZG35	Dr:A2BF92	Ce:G5EDP7;Mm:Q09324;Rn:Q64165	-
Q9HCK0	Q9H6E4	57684	79879	ZBTB26	CCDC134	chromatin immunoprecipitation assay	27924024	Homo sapiens	GTRD	No	Mm:Q6P9Q3;Rn:D3ZG35	Dr:A2BF92	Ce:C0P287;Mm:Q8C7V8;Rn:Q5M862	Dr:E9QFY7;Dr:A0A0G2KTT4
Q9HCK0	P32298	57684	2868	ZBTB26	GRK4	chromatin immunoprecipitation assay	27924024	Homo sapiens	GTRD	No	Mm:Q6P9Q3;Rn:D3ZG35	Dr:A2BF92	Mm:O70291;Rn:P70507	-
Q9HCK0	Q9NRX4	57684	29085	ZBTB26	PHPT1	chromatin immunoprecipitation assay	27924024	Homo sapiens	GTRD	No	Mm:Q6P9Q3;Rn:D3ZG35	Dr:A2BF92	Ce:P90861;Mm:Q9DAK9;Rn:D3ZP47	Dr:Q6DC18
Q9HCK0	Q16342	57684	5134	ZBTB26	PDCD2	chromatin immunoprecipitation assay	27924024	Homo sapiens	GTRD	No	Mm:Q6P9Q3;Rn:D3ZG35	Dr:A2BF92	Dm:Q9W1A3;Dr:Q1MTH6;Mm:A0A0R4J0N5;Rn:P47816	Ce:Q21826
Q9HCK0	P00918	57684	760	ZBTB26	CA2	chromatin immunoprecipitation assay	27924024	Homo sapiens	GTRD	No	Mm:Q6P9Q3;Rn:D3ZG35	Dr:A2BF92	Mm:P00920;Rn:P27139	-
Q9HCK0	O76061	57684	8614	ZBTB26	STC2	chromatin immunoprecipitation assay	27924024	Homo sapiens	GTRD	No	Mm:Q6P9Q3;Rn:D3ZG35	Dr:A2BF92	Mm:O88452	Rn:Q9R0K8
Q9HCK0	Q9UL46	57684	5721	ZBTB26	PSME2	chromatin immunoprecipitation assay	27924024	Homo sapiens	GTRD	No	Mm:Q6P9Q3;Rn:D3ZG35	Dr:A2BF92	Dr:Q9PUC4;Mm:P97372;Rn:Q63798	-
Q9HCK0	P54277	57684	5378	ZBTB26	PMS1	chromatin immunoprecipitation assay	27924024	Homo sapiens	GTRD	No	Mm:Q6P9Q3;Rn:D3ZG35	Dr:A2BF92	Dr:B0S640;Mm:Q8K119;Rn:D4A651	-
Q9HCK0	Q13797	57684	3680	ZBTB26	ITGA9	chromatin immunoprecipitation assay	27924024	Homo sapiens	GTRD	No	Mm:Q6P9Q3;Rn:D3ZG35	Dr:A2BF92	Dm:O44386;Dm:Q9W1M8;Dr:F1Q8T4;Mm:B8JK39;Rn:D3ZN51	-
Q9HCK0	Q9BXM9	57684	83856	ZBTB26	FSD1L	chromatin immunoprecipitation assay	27924024	Homo sapiens	GTRD	No	Mm:Q6P9Q3;Rn:D3ZG35	Dr:A2BF92	Dr:B8JMA4;Rn:A0A0G2JZ60	Mm:J3QM95
Q9HCK0	O43541	57684	4091	ZBTB26	SMAD6	chromatin immunoprecipitation assay	27924024	Homo sapiens	GTRD	No	Mm:Q6P9Q3;Rn:D3ZG35	Dr:A2BF92	Dr:Q1L8Y3;Mm:O35182;Rn:D3ZAQ2	-
Q9HCK0	Q9UHB6	57684	51474	ZBTB26	LIMA1	chromatin immunoprecipitation assay	27924024	Homo sapiens	GTRD	No	Mm:Q6P9Q3;Rn:D3ZG35	Dr:A2BF92	Mm:Q9ERG0;Rn:F1LR10	-
Q9HCK0	P49796	57684	5998	ZBTB26	RGS3	chromatin immunoprecipitation assay	27924024	Homo sapiens	GTRD	No	Mm:Q6P9Q3;Rn:D3ZG35	Dr:A2BF92	-	Rn:A0A0G2K1B5
Q9HCK0	O96020	57684	9134	ZBTB26	CCNE2	chromatin immunoprecipitation assay	27924024	Homo sapiens	GTRD	No	Mm:Q6P9Q3;Rn:D3ZG35	Dr:A2BF92	Dr:A0A0R4IK54;Mm:Q9Z238;Rn:D3ZQ41	-
Q9HCK0	P13378	57684	3234	ZBTB26	HOXD8	chromatin immunoprecipitation assay	27924024	Homo sapiens	GTRD	No	Mm:Q6P9Q3;Rn:D3ZG35	Dr:A2BF92	Mm:P23463;Rn:F1LWY9	-
Q9HCK0	P43121	57684	4162	ZBTB26	MCAM	chromatin immunoprecipitation assay	27924024	Homo sapiens	GTRD	No	Mm:Q6P9Q3;Rn:D3ZG35	Dr:A2BF92	Dr:F1QIU5;Mm:Q8R2Y2	Dm:E1JII4;Rn:Q9EPF2
Q9HCK0	Q8NFT6	57684	80174	ZBTB26	DBF4B	chromatin immunoprecipitation assay	27924024	Homo sapiens	GTRD	No	Mm:Q6P9Q3;Rn:D3ZG35	Dr:A2BF92	-	-
Q9HCK0	Q02641	57684	782	ZBTB26	CACNB1	chromatin immunoprecipitation assay	27924024	Homo sapiens	GTRD	No	Mm:Q6P9Q3;Rn:D3ZG35	Dr:A2BF92	Rn:A0A0G2K4U4	Dr:F1R605;Mm:A2A545
Q9HCK0	Q9NUJ3	57684	55346	ZBTB26	TCP11L1	chromatin immunoprecipitation assay	27924024	Homo sapiens	GTRD	No	Mm:Q6P9Q3;Rn:D3ZG35	Dr:A2BF92	Dr:Q58EK1;Mm:Q8BTG3;Rn:A0A0G2K6F1	-
Q9HCK0	O00622	57684	3491	ZBTB26	CCN1	chromatin immunoprecipitation assay	27924024	Homo sapiens	GTRD	No	Mm:Q6P9Q3;Rn:D3ZG35	Dr:A2BF92	Dr:F1QL10;Mm:P18406;Rn:Q66HT5	-
Q9HCK0	Q9NQ84	57684	55890	ZBTB26	GPRC5C	chromatin immunoprecipitation assay	27924024	Homo sapiens	GTRD	No	Mm:Q6P9Q3;Rn:D3ZG35	Dr:A2BF92	Rn:F1LRW5	Dr:F1QGP7;Mm:J3JS84
Q9HCK0	Q9NQX3	57684	10243	ZBTB26	GPHN	chromatin immunoprecipitation assay	27924024	Homo sapiens	GTRD	No	Mm:Q6P9Q3;Rn:D3ZG35	Dr:A2BF92	Dm:P39205	Dr:D3KYK7;Mm:A0JNY3;Rn:M0R423
Q9HCK0	Q6PIL6	57684	80333	ZBTB26	KCNIP4	chromatin immunoprecipitation assay	27924024	Homo sapiens	GTRD	No	Mm:Q6P9Q3;Rn:D3ZG35	Dr:A2BF92	-	Dr:A0A2R8RMK6;Mm:Q3UFC0;Rn:G3V9C1
Q9HCK0	Q969E2	57684	113178	ZBTB26	SCAMP4	chromatin immunoprecipitation assay	27924024	Homo sapiens	GTRD	No	Mm:Q6P9Q3;Rn:D3ZG35	Dr:A2BF92	Dr:Q4V8U2;Mm:Q9JKV5;Rn:Q5EAN5	-
Q9HCK0	Q9UKT4	57684	26271	ZBTB26	FBXO5	chromatin immunoprecipitation assay	27924024	Homo sapiens	GTRD	No	Mm:Q6P9Q3;Rn:D3ZG35	Dr:A2BF92	Dr:F1QJI8;Mm:Q7TSG3;Rn:B0BNA4	-
Q9HCK0	Q9UK45	57684	51690	ZBTB26	LSM7	chromatin immunoprecipitation assay	27924024	Homo sapiens	GTRD	No	Mm:Q6P9Q3;Rn:D3ZG35	Dr:A2BF92	Ce:Q23543;Dm:Q9VJI7;Mm:Q9CQQ8;Rn:D4A2D8;Sc:P53905	Dr:A4FVI7
Q9HCK0	Q7Z6J9	57684	283989	ZBTB26	TSEN54	chromatin immunoprecipitation assay	27924024	Homo sapiens	GTRD	No	Mm:Q6P9Q3;Rn:D3ZG35	Dr:A2BF92	Dr:F1QIM0;Mm:Q8C2A2;Rn:D3ZZT6	-
Q9HCK0	Q86UD3	57684	115123	ZBTB26	MARCHF3	chromatin immunoprecipitation assay	27924024	Homo sapiens	GTRD	No	Mm:Q6P9Q3;Rn:D3ZG35	Dr:A2BF92	Rn:Q5XIE5	Mm:F8WJC4
Q9HCK0	P48200	57684	3658	ZBTB26	IREB2	chromatin immunoprecipitation assay	27924024	Homo sapiens	GTRD	No	Mm:Q6P9Q3;Rn:D3ZG35	Dr:A2BF92	Mm:Q811J3	Rn:A0A0G2JXC9
Q9HCK0	Q8NCE0	57684	80746	ZBTB26	TSEN2	chromatin immunoprecipitation assay	27924024	Homo sapiens	GTRD	No	Mm:Q6P9Q3;Rn:D3ZG35	Dr:A2BF92	Mm:Q6P7W5;Rn:Q5M954	-
Q9HCK0	Q9GZN1	57684	64431	ZBTB26	ACTR6	chromatin immunoprecipitation assay	27924024	Homo sapiens	GTRD	No	Mm:Q6P9Q3;Rn:D3ZG35	Dr:A2BF92	Ce:Q09443;Dm:P45890;Dr:F1QVP8;Mm:A0A0R4J009;Rn:B2RYQ1	-
Q9HCK0	O95394	57684	5238	ZBTB26	PGM3	chromatin immunoprecipitation assay	27924024	Homo sapiens	GTRD	No	Mm:Q6P9Q3;Rn:D3ZG35	Dr:A2BF92	Ce:Q19680;Dm:Q9VTZ4;Mm:Q9CYR6;Rn:D3ZFX4;Sc:P38628	Dr:F1QHK0
Q9HCK0	Q9UC06	57684	7621	ZBTB26	ZNF70	chromatin immunoprecipitation assay	27924024	Homo sapiens	GTRD	No	Mm:Q6P9Q3;Rn:D3ZG35	Dr:A2BF92	-	Dr:H0WEW6;Dr:H0WF13;Dr:H0WFH6;Dr:H0WFB6;Dr:A0A0R4IIL1;Dr:H0WEQ8
Q9HCK0	Q96B86	57684	56963	ZBTB26	RGMA	chromatin immunoprecipitation assay	27924024	Homo sapiens	GTRD	No	Mm:Q6P9Q3;Rn:D3ZG35	Dr:A2BF92	-	-
Q9HCK0	Q8IYB1	57684	151963	ZBTB26	MB21D2	chromatin immunoprecipitation assay	27924024	Homo sapiens	GTRD	No	Mm:Q6P9Q3;Rn:D3ZG35	Dr:A2BF92	Mm:D3Z742;Rn:D4ACS3	Dr:E7FBQ4
Q9HCK0	Q7Z5J8	57684	150709	ZBTB26	ANKAR	chromatin immunoprecipitation assay	27924024	Homo sapiens	GTRD	No	Mm:Q6P9Q3;Rn:D3ZG35	Dr:A2BF92	Dr:F1QF11;Mm:A2RT91	Rn:F1LUI7
Q9HCK0	P14316	57684	3660	ZBTB26	IRF2	chromatin immunoprecipitation assay	27924024	Homo sapiens	GTRD	No	Mm:Q6P9Q3;Rn:D3ZG35	Dr:A2BF92	Dr:A0A0R4IBK0;Dr:F1Q8A2;Mm:P23906	Rn:A0A0G2K1F1
Q9HCK0	Q8WWM7	57684	11273	ZBTB26	ATXN2L	chromatin immunoprecipitation assay	27924024	Homo sapiens	GTRD	No	Mm:Q6P9Q3;Rn:D3ZG35	Dr:A2BF92	Dr:F1QA42	Mm:A0A0U1RPL0;Rn:A0A0G2JYE0
Q9HCK0	A6NCL1	57684	647309	ZBTB26	GMNC	chromatin immunoprecipitation assay	27924024	Homo sapiens	GTRD	No	Mm:Q6P9Q3;Rn:D3ZG35	Dr:A2BF92	Mm:Q3URY2;Rn:F1LTU7	Dr:E7FDS4
Q9HCK0	Q9NYK6	57684	54149	ZBTB26	EURL	chromatin immunoprecipitation assay	27924024	Homo sapiens	GTRD	No	Mm:Q6P9Q3;Rn:D3ZG35	Dr:A2BF92	Dr:Q503Y8;Mm:Q9D7G4;Rn:D4ACQ8	-
Q9HCK0	Q9UHQ9	57684	51706	ZBTB26	CYB5R1	chromatin immunoprecipitation assay	27924024	Homo sapiens	GTRD	No	Mm:Q6P9Q3;Rn:D3ZG35	Dr:A2BF92	Mm:Q9DB73;Rn:G3V9S0	-
Q9HCK0	Q9UBP4	57684	27122	ZBTB26	DKK3	chromatin immunoprecipitation assay	27924024	Homo sapiens	GTRD	No	Mm:Q6P9Q3;Rn:D3ZG35	Dr:A2BF92	Mm:Q9QUN9	Dr:A2CEU2;Dr:A0A0R4IQS3;Rn:B1H219
Q9HCK0	P04040	57684	847	ZBTB26	CAT	chromatin immunoprecipitation assay	27924024	Homo sapiens	GTRD	No	Mm:Q6P9Q3;Rn:D3ZG35	Dr:A2BF92	Ce:Q8MYL7;Dm:P17336;Mm:P24270;Rn:P04762;Sc:P15202	Ce:Q27487;Ce:O61235
Q9HCK0	O95069	57684	3776	ZBTB26	KCNK2	chromatin immunoprecipitation assay	27924024	Homo sapiens	GTRD	No	Mm:Q6P9Q3;Rn:D3ZG35	Dr:A2BF92	Ce:I2HAD3;Mm:P97438;Rn:Q920B6	Dr:Q32LX0
Q9HCK0	Q9UI43	57684	29960	ZBTB26	MRM2	chromatin immunoprecipitation assay	27924024	Homo sapiens	GTRD	No	Mm:Q6P9Q3;Rn:D3ZG35	Dr:A2BF92	Dm:Q9VDT6;Dr:X1WFE4;Mm:Q9CPY0;Rn:D3ZGI8;Sc:P53123	Ce:O62251
Q9HCK0	P52569	57684	6542	ZBTB26	SLC7A2	chromatin immunoprecipitation assay	27924024	Homo sapiens	GTRD	No	Mm:Q6P9Q3;Rn:D3ZG35	Dr:A2BF92	Dr:A0A286Y7Z6;Mm:P18581;Rn:B5D5N9	-
Q9HCK0	Q9NQG7	57684	89781	ZBTB26	HPS4	chromatin immunoprecipitation assay	27924024	Homo sapiens	GTRD	No	Mm:Q6P9Q3;Rn:D3ZG35	Dr:A2BF92	Dr:A9C463;Mm:Q99KG7	Rn:A0A0G2K1L6
Q9HCK0	P50549	57684	2115	ZBTB26	ETV1	chromatin immunoprecipitation assay	27924024	Homo sapiens	GTRD	No	Mm:Q6P9Q3;Rn:D3ZG35	Dr:A2BF92	Dr:B3DIF9;Mm:P41164;Rn:A0A0G2JTM3	-
Q9HCK0	Q9H1B7	57684	64207	ZBTB26	IRF2BPL	chromatin immunoprecipitation assay	27924024	Homo sapiens	GTRD	No	Mm:Q6P9Q3;Rn:D3ZG35	Dr:A2BF92	Dr:Q6NYG9;Mm:Q8K3X4;Rn:M0R567	-
Q9HCK0	Q96S21	57684	57799	ZBTB26	RAB40C	chromatin immunoprecipitation assay	27924024	Homo sapiens	GTRD	No	Mm:Q6P9Q3;Rn:D3ZG35	Dr:A2BF92	Dr:Q1RLP4;Mm:Q8VHQ4;Rn:Q6Y2E6	-
Q9HCK0	H3BNH8	57684	-	ZBTB26	-	chromatin immunoprecipitation assay	27924024	Homo sapiens	GTRD	No	Mm:Q6P9Q3;Rn:D3ZG35	Dr:A2BF92	-	-
Q9HCK0	O94927	57684	23354	ZBTB26	HAUS5	chromatin immunoprecipitation assay	27924024	Homo sapiens	GTRD	No	Mm:Q6P9Q3;Rn:D3ZG35	Dr:A2BF92	Dr:F1RBF5;Mm:Q9D786;Rn:D4AB06	-
Q9HCK0	Q8IZQ5	57684	280636	ZBTB26	SELENOH	chromatin immunoprecipitation assay	27924024	Homo sapiens	GTRD	No	Mm:Q6P9Q3;Rn:D3ZG35	Dr:A2BF92	Mm:Q3UQA7;Rn:A0A0G2K8K5	-
Q9HCK0	P51812	57684	6197	ZBTB26	RPS6KA3	chromatin immunoprecipitation assay	27924024	Homo sapiens	GTRD	No	Mm:Q6P9Q3;Rn:D3ZG35	Dr:A2BF92	Mm:P18654;Rn:D3Z8E0	Dr:A0A0R4ID09
Q9HCK0	Q9UPX0	57684	22997	ZBTB26	IGSF9B	chromatin immunoprecipitation assay	27924024	Homo sapiens	GTRD	No	Mm:Q6P9Q3;Rn:D3ZG35	Dr:A2BF92	Dr:E9QII6;Rn:D3ZB51	Dr:F1QPZ3;Mm:A0A1L1SR84
Q9HCK0	Q6P9G0	57684	124637	ZBTB26	CYB5D1	chromatin immunoprecipitation assay	27924024	Homo sapiens	GTRD	No	Mm:Q6P9Q3;Rn:D3ZG35	Dr:A2BF92	Dm:Q9VQY5;Mm:Q5NCY3;Rn:M0RB62	-
Q9HCK0	A1KXE4	57684	130074	ZBTB26	FAM168B	chromatin immunoprecipitation assay	27924024	Homo sapiens	GTRD	No	Mm:Q6P9Q3;Rn:D3ZG35	Dr:A2BF92	Mm:Q80XQ8;Rn:D4AEP3	Dr:Q08BY2
Q9HCK0	Q8NC44	57684	79137	ZBTB26	RETREG2	chromatin immunoprecipitation assay	27924024	Homo sapiens	GTRD	No	Mm:Q6P9Q3;Rn:D3ZG35	Dr:A2BF92	Mm:Q6NS82;Rn:Q3MHU5	-
Q9HCK0	Q8NCT3	57684	23366	ZBTB26	KIAA0895	chromatin immunoprecipitation assay	27924024	Homo sapiens	GTRD	No	Mm:Q6P9Q3;Rn:D3ZG35	Dr:A2BF92	Mm:Q7TQE7;Rn:D4ABI4	Dr:A0A286Y841
Q9HCK0	Q9Y2L6	57684	23150	ZBTB26	FRMD4B	chromatin immunoprecipitation assay	27924024	Homo sapiens	GTRD	No	Mm:Q6P9Q3;Rn:D3ZG35	Dr:A2BF92	Rn:F1LZB7	Dr:X1WFS8;Mm:A0A0N4SVT9
Q9HCK0	P31629	57684	3097	ZBTB26	HIVEP2	chromatin immunoprecipitation assay	27924024	Homo sapiens	GTRD	No	Mm:Q6P9Q3;Rn:D3ZG35	Dr:A2BF92	Mm:Q3UHF7	Dr:A0A286Y903;Rn:G3V7H8
Q9HCK0	Q96KN1	57684	157638	ZBTB26	LRATD2	chromatin immunoprecipitation assay	27924024	Homo sapiens	GTRD	No	Mm:Q6P9Q3;Rn:D3ZG35	Dr:A2BF92	Mm:D3YXJ5;Rn:D3ZV96	Dr:Q1LYM4
Q9HCK0	Q08174	57684	5097	ZBTB26	PCDH1	chromatin immunoprecipitation assay	27924024	Homo sapiens	GTRD	No	Mm:Q6P9Q3;Rn:D3ZG35	Dr:A2BF92	Dr:F6NJQ3;Mm:Q8CFX3	Rn:A0A0G2K6T9
Q9HCK0	Q9H446	57684	51389	ZBTB26	RWDD1	chromatin immunoprecipitation assay	27924024	Homo sapiens	GTRD	No	Mm:Q6P9Q3;Rn:D3ZG35	Dr:A2BF92	Ce:O18131;Dm:Q9VCB9;Dr:F1Q5G7;Mm:Q9CQK7;Rn:Q99ND9;Sc:Q03768	-
Q9HCK0	Q9UNU6	57684	1582	ZBTB26	CYP8B1	chromatin immunoprecipitation assay	27924024	Homo sapiens	GTRD	No	Mm:Q6P9Q3;Rn:D3ZG35	Dr:A2BF92	Mm:A0A0R4J0N7;Rn:G3V8J2	Dr:F1QIJ9;Dr:X1WEZ3;Dr:X1WGC3
Q9HCK0	Q9P0J6	57684	64979	ZBTB26	MRPL36	chromatin immunoprecipitation assay	27924024	Homo sapiens	GTRD	No	Mm:Q6P9Q3;Rn:D3ZG35	Dr:A2BF92	Mm:Q99N90	Rn:B2RZ39
Q9HCK0	Q9C0G0	57684	55628	ZBTB26	ZNF407	chromatin immunoprecipitation assay	27924024	Homo sapiens	GTRD	No	Mm:Q6P9Q3;Rn:D3ZG35	Dr:A2BF92	Mm:G3UVV3	Rn:D3ZVE0
Q9HCK0	H7BY64	57684	-	ZBTB26	ZNF511-PRAP1	chromatin immunoprecipitation assay	27924024	Homo sapiens	GTRD	No	Mm:Q6P9Q3;Rn:D3ZG35	Dr:A2BF92	-	-
Q9HCK0	Q13393	57684	5337	ZBTB26	PLD1	chromatin immunoprecipitation assay	27924024	Homo sapiens	GTRD	No	Mm:Q6P9Q3;Rn:D3ZG35	Dr:A2BF92	Ce:G5EDU3;Rn:A0A0G2K5R0	Dr:B0V1J1;Mm:D6RH77
Q9HCK0	O43752	57684	10228	ZBTB26	STX6	chromatin immunoprecipitation assay	27924024	Homo sapiens	GTRD	No	Mm:Q6P9Q3;Rn:D3ZG35	Dr:A2BF92	Mm:Q9JKK1;Rn:Q63635	Dr:Q567Y3
Q9HCK0	Q8NFF2	57684	123041	ZBTB26	SLC24A4	chromatin immunoprecipitation assay	27924024	Homo sapiens	GTRD	No	Mm:Q6P9Q3;Rn:D3ZG35	Dr:A2BF92	Dm:A8Y5A2;Mm:A0A0R4J0Z4	Rn:A0A0G2K3S9
Q9HCK0	Q9H0B6	57684	64837	ZBTB26	KLC2	chromatin immunoprecipitation assay	27924024	Homo sapiens	GTRD	No	Mm:Q6P9Q3;Rn:D3ZG35	Dr:A2BF92	Ce:P46822;Mm:Q91YS4;Rn:B2GV74	Dr:A4IG65
Q9HCK0	O94826	57684	9868	ZBTB26	TOMM70	chromatin immunoprecipitation assay	27924024	Homo sapiens	GTRD	No	Mm:Q6P9Q3;Rn:D3ZG35	Dr:A2BF92	Dm:Q9VKC8;Mm:Q9CZW5;Rn:R9PXR4;Sc:P38825;Sc:P07213	-
Q9HCK0	Q92805	57684	2800	ZBTB26	GOLGA1	chromatin immunoprecipitation assay	27924024	Homo sapiens	GTRD	No	Mm:Q6P9Q3;Rn:D3ZG35	Dr:A2BF92	Dm:Q7K4K7;Dr:B0S5A9;Mm:Q9CW79;Rn:D4A6K4	-
Q9HCK0	Q4G148	57684	283464	ZBTB26	GXYLT1	chromatin immunoprecipitation assay	27924024	Homo sapiens	GTRD	No	Mm:Q6P9Q3;Rn:D3ZG35	Dr:A2BF92	Dm:Q9VBY3;Rn:Q6GX83	Mm:D3Z6W7
Q9HCK0	P0DP24	57684	801;805;808	ZBTB26	CALM2	chromatin immunoprecipitation assay	27924024	Homo sapiens	GTRD	No	Mm:Q6P9Q3;Rn:D3ZG35	Dr:A2BF92	-	-
Q9HCK0	Q93070	57684	420	ZBTB26	ART4	chromatin immunoprecipitation assay	27924024	Homo sapiens	GTRD	No	Mm:Q6P9Q3;Rn:D3ZG35	Dr:A2BF92	-	-
Q9HCK0	Q8NBT2	57684	147841	ZBTB26	SPC24	chromatin immunoprecipitation assay	27924024	Homo sapiens	GTRD	No	Mm:Q6P9Q3;Rn:D3ZG35	Dr:A2BF92	-	-
Q9HCK0	P08493	57684	4256	ZBTB26	MGP	chromatin immunoprecipitation assay	27924024	Homo sapiens	GTRD	No	Mm:Q6P9Q3;Rn:D3ZG35	Dr:A2BF92	Mm:P19788;Rn:Q5RK05	-
Q9HCK0	Q96EY7	57684	55037	ZBTB26	PTCD3	chromatin immunoprecipitation assay	27924024	Homo sapiens	GTRD	No	Mm:Q6P9Q3;Rn:D3ZG35	Dr:A2BF92	Dm:A1Z9A8;Dr:A0A0R4IKN8;Mm:Q14C51;Rn:A0A0G2JU15	-
Q9HCK0	Q9H7F4	57684	79134	ZBTB26	TMEM185B	chromatin immunoprecipitation assay	27924024	Homo sapiens	GTRD	No	Mm:Q6P9Q3;Rn:D3ZG35	Dr:A2BF92	Mm:Q8R3R5;Rn:M0RA52	-
Q9HCK0	O60551	57684	9397	ZBTB26	NMT2	chromatin immunoprecipitation assay	27924024	Homo sapiens	GTRD	No	Mm:Q6P9Q3;Rn:D3ZG35	Dr:A2BF92	Rn:F1M110	Ce:Q95ZN7;Dr:A7YT82;Mm:A2AJH3
Q9HCK0	O96007	57684	4338	ZBTB26	MOCS2	chromatin immunoprecipitation assay	27924024	Homo sapiens	GTRD	No	Mm:Q6P9Q3;Rn:D3ZG35	Dr:A2BF92	Mm:A0A0R4J206;Rn:Q6AY59	Dr:E7FEQ3
Q9HCK0	Q96JN0	57684	84458	ZBTB26	LCOR	chromatin immunoprecipitation assay	27924024	Homo sapiens	GTRD	No	Mm:Q6P9Q3;Rn:D3ZG35	Dr:A2BF92	-	Mm:A0A571BF12
Q9HCK0	Q3T906	57684	79158	ZBTB26	GNPTAB	chromatin immunoprecipitation assay	27924024	Homo sapiens	GTRD	No	Mm:Q6P9Q3;Rn:D3ZG35	Dr:A2BF92	Mm:Q69ZN6;Rn:D3ZKE0	-
Q9HCK0	Q8IXQ3	57684	55071	ZBTB26	C9orf40	chromatin immunoprecipitation assay	27924024	Homo sapiens	GTRD	No	Mm:Q6P9Q3;Rn:D3ZG35	Dr:A2BF92	Mm:Q8VCE4;Rn:Q66H24	-
Q9HCK0	Q86YT9	57684	120425	ZBTB26	JAML	chromatin immunoprecipitation assay	27924024	Homo sapiens	GTRD	No	Mm:Q6P9Q3;Rn:D3ZG35	Dr:A2BF92	Mm:Q80UL9	Rn:D4A1C2
Q9HCK0	P51610	57684	3054	ZBTB26	HCFC1	chromatin immunoprecipitation assay	27924024	Homo sapiens	GTRD	No	Mm:Q6P9Q3;Rn:D3ZG35	Dr:A2BF92	Dr:F1Q750;Dr:A8WIP5;Mm:Q61191;Rn:D3ZN95	-
Q9HCK0	Q04771	57684	90	ZBTB26	ACVR1	chromatin immunoprecipitation assay	27924024	Homo sapiens	GTRD	No	Mm:Q6P9Q3;Rn:D3ZG35	Dr:A2BF92	Mm:P37172	Rn:A0A0G2K2P7
Q9HCK0	Q8NAT1	57684	84892	ZBTB26	POMGNT2	chromatin immunoprecipitation assay	27924024	Homo sapiens	GTRD	No	Mm:Q6P9Q3;Rn:D3ZG35	Dr:A2BF92	Mm:Q8BW41;Rn:Q5NDF0	Dr:F1QAS8
Q9HCK0	Q8NA42	57684	163087	ZBTB26	ZNF383	chromatin immunoprecipitation assay	27924024	Homo sapiens	GTRD	No	Mm:Q6P9Q3;Rn:D3ZG35	Dr:A2BF92	Mm:A0A087WRR7	Rn:M0R5R2
Q9HCK0	Q96SA4	57684	347735	ZBTB26	SERINC2	chromatin immunoprecipitation assay	27924024	Homo sapiens	GTRD	No	Mm:Q6P9Q3;Rn:D3ZG35	Dr:A2BF92	Dr:Q1LXL6;Mm:Q8K0E7;Rn:Q4FZV1	Dr:E9QIY8
Q9HCK0	Q9Y6M9	57684	4715	ZBTB26	NDUFB9	chromatin immunoprecipitation assay	27924024	Homo sapiens	GTRD	No	Mm:Q6P9Q3;Rn:D3ZG35	Dr:A2BF92	Dm:Q9VJZ4;Dr:Q567Y4;Mm:Q9CQJ8;Rn:B2RYW3	Ce:Q18036
Q9HCK0	Q6ZUM4	57684	201176	ZBTB26	ARHGAP27	chromatin immunoprecipitation assay	27924024	Homo sapiens	GTRD	No	Mm:Q6P9Q3;Rn:D3ZG35	Dr:A2BF92	Mm:A2AB59	Dr:E7FCI7;Dr:E7F1R9;Rn:F1LQ24
Q9HCK0	O43427	57684	9158	ZBTB26	FIBP	chromatin immunoprecipitation assay	27924024	Homo sapiens	GTRD	No	Mm:Q6P9Q3;Rn:D3ZG35	Dr:A2BF92	Dr:A2CEN0;Rn:Q6P775	Dm:Q7K1D3;Mm:Q8K2D8
Q9HCK0	Q14331	57684	2483	ZBTB26	FRG1	chromatin immunoprecipitation assay	27924024	Homo sapiens	GTRD	No	Mm:Q6P9Q3;Rn:D3ZG35	Dr:A2BF92	Ce:O18282;Dm:Q9VWA8;Dr:Q566W5;Mm:P97376;Rn:D3ZZK8	-
Q9HCK0	Q12926	57684	1993	ZBTB26	ELAVL2	chromatin immunoprecipitation assay	27924024	Homo sapiens	GTRD	No	Mm:Q6P9Q3;Rn:D3ZG35	Dr:A2BF92	Dr:A0A2R8S0A2;Mm:Q60899	-
Q9HCK0	Q9ULU4	57684	23613	ZBTB26	ZMYND8	chromatin immunoprecipitation assay	27924024	Homo sapiens	GTRD	No	Mm:Q6P9Q3;Rn:D3ZG35	Dr:A2BF92	Dm:Q7KRS9;Mm:A2A484;Rn:A8C4G9	-
Q9HCK0	P43007	57684	6509	ZBTB26	SLC1A4	chromatin immunoprecipitation assay	27924024	Homo sapiens	GTRD	No	Mm:Q6P9Q3;Rn:D3ZG35	Dr:A2BF92	Mm:O35874;Rn:Q76GL9	Dr:Q7ZZ28
Q9HCK0	Q68CQ7	57684	55830	ZBTB26	GLT8D1	chromatin immunoprecipitation assay	27924024	Homo sapiens	GTRD	No	Mm:Q6P9Q3;Rn:D3ZG35	Dr:A2BF92	Mm:Q6NSU3	Rn:Q7TP03
Q9HCK0	P23786	57684	1376	ZBTB26	CPT2	chromatin immunoprecipitation assay	27924024	Homo sapiens	GTRD	No	Mm:Q6P9Q3;Rn:D3ZG35	Dr:A2BF92	-	-
Q9HCK0	Q6P1R4	57684	64118	ZBTB26	DUS1L	chromatin immunoprecipitation assay	27924024	Homo sapiens	GTRD	No	Mm:Q6P9Q3;Rn:D3ZG35	Dr:A2BF92	Dm:Q9VPM1;Dr:B0S7L0;Mm:Q8C2P3;Rn:A0A0G2KA47;Sc:P53759	Ce:Q9XVN8
Q9HCK0	Q8NFU5	57684	253430	ZBTB26	IPMK	chromatin immunoprecipitation assay	27924024	Homo sapiens	GTRD	No	Mm:Q6P9Q3;Rn:D3ZG35	Dr:A2BF92	Dr:A1A5W8;Dr:F1RAP1;Rn:Q99NI4	Mm:D3YWA2
Q9HCK0	Q9Y5M8	57684	58477	ZBTB26	SRPRB	chromatin immunoprecipitation assay	27924024	Homo sapiens	GTRD	No	Mm:Q6P9Q3;Rn:D3ZG35	Dr:A2BF92	Ce:Q22013;Dm:Q9VSN9;Dr:F1QSB3;Mm:P47758	-
Q9HCK0	Q9BY12	57684	49855	ZBTB26	SCAPER	chromatin immunoprecipitation assay	27924024	Homo sapiens	GTRD	No	Mm:Q6P9Q3;Rn:D3ZG35	Dr:A2BF92	Mm:F8VQ70;Rn:F1LRM0	-
Q9HCK0	Q86TB9	57684	219988	ZBTB26	PATL1	chromatin immunoprecipitation assay	27924024	Homo sapiens	GTRD	No	Mm:Q6P9Q3;Rn:D3ZG35	Dr:A2BF92	Mm:Q3TC46;Rn:B5DF93	Dr:B8JLU1
Q9HCK0	Q9H5F2	57684	64776	ZBTB26	C11orf1	chromatin immunoprecipitation assay	27924024	Homo sapiens	GTRD	No	Mm:Q6P9Q3;Rn:D3ZG35	Dr:A2BF92	Dr:A0A0G2L2X8;Mm:Q9D131	Rn:D3ZGF3
Q9HCK0	C9J1V9	57684	-	ZBTB26	EEF1E1-BLOC1S5	chromatin immunoprecipitation assay	27924024	Homo sapiens	GTRD	No	Mm:Q6P9Q3;Rn:D3ZG35	Dr:A2BF92	-	-
Q9HCK0	Q969F1	57684	112495	ZBTB26	GTF3C6	chromatin immunoprecipitation assay	27924024	Homo sapiens	GTRD	No	Mm:Q6P9Q3;Rn:D3ZG35	Dr:A2BF92	Mm:Q9D8P7;Rn:B0K037	-
Q9HCK0	Q04446	57684	2632	ZBTB26	GBE1	chromatin immunoprecipitation assay	27924024	Homo sapiens	GTRD	No	Mm:Q6P9Q3;Rn:D3ZG35	Dr:A2BF92	Ce:Q22137;Dm:A1Z992;Mm:Q9D6Y9;Rn:A0A0G2JTB2;Sc:P32775	Dr:A0A0R4IN76
Q9HCK0	Q9UMD9	57684	1308	ZBTB26	COL17A1	chromatin immunoprecipitation assay	27924024	Homo sapiens	GTRD	No	Mm:Q6P9Q3;Rn:D3ZG35	Dr:A2BF92	Mm:Q07563	Dr:F1R619;Rn:A0A0G2K449
Q9HCK0	Q9NZL6	57684	23179	ZBTB26	RGL1	chromatin immunoprecipitation assay	27924024	Homo sapiens	GTRD	No	Mm:Q6P9Q3;Rn:D3ZG35	Dr:A2BF92	Mm:Q60695	Ce:Q19852;Dr:A0A0R4ICN7;Rn:A0A0G2JV91
Q9HCK0	P26006	57684	3675	ZBTB26	ITGA3	chromatin immunoprecipitation assay	27924024	Homo sapiens	GTRD	No	Mm:Q6P9Q3;Rn:D3ZG35	Dr:A2BF92	Dr:F1R2R3;Mm:Q62470;Rn:D3ZQM3	-
Q9HCK0	P04150	57684	2908	ZBTB26	NR3C1	chromatin immunoprecipitation assay	27924024	Homo sapiens	GTRD	No	Mm:Q6P9Q3;Rn:D3ZG35	Dr:A2BF92	Dr:Q1XHK0	Mm:E9PYV1
Q9HCK0	Q9NP92	57684	10884	ZBTB26	MRPS30	chromatin immunoprecipitation assay	27924024	Homo sapiens	GTRD	No	Mm:Q6P9Q3;Rn:D3ZG35	Dr:A2BF92	Dm:Q9VXP3;Dr:A0A0R4IFK5;Mm:Q9D0G0;Rn:D4A833	-
Q9HCK0	P30085	57684	51727	ZBTB26	CMPK1	chromatin immunoprecipitation assay	27924024	Homo sapiens	GTRD	No	Mm:Q6P9Q3;Rn:D3ZG35	Dr:A2BF92	Ce:O17622;Dm:Q9VBI2;Mm:A0A0R4J093	Ce:A0A0K3ARK6;Dr:F1QP56;Rn:A0A0G2JTN5
Q9HCK0	O14745	57684	9368	ZBTB26	SLC9A3R1	chromatin immunoprecipitation assay	27924024	Homo sapiens	GTRD	No	Mm:Q6P9Q3;Rn:D3ZG35	Dr:A2BF92	Mm:P70441;Rn:Q9JJ19	-
Q9HCK0	Q9H6U6	57684	54828	ZBTB26	BCAS3	chromatin immunoprecipitation assay	27924024	Homo sapiens	GTRD	No	Mm:Q6P9Q3;Rn:D3ZG35	Dr:A2BF92	Ce:Q8MQ22	Dr:F1QA02;Mm:B1AR74
Q9HCK0	Q6UWP7	57684	253558	ZBTB26	LCLAT1	chromatin immunoprecipitation assay	27924024	Homo sapiens	GTRD	No	Mm:Q6P9Q3;Rn:D3ZG35	Dr:A2BF92	-	-
Q9HCK0	Q9UPV7	57684	23349	ZBTB26	PHF24	chromatin immunoprecipitation assay	27924024	Homo sapiens	GTRD	No	Mm:Q6P9Q3;Rn:D3ZG35	Dr:A2BF92	Mm:Q80TL4	Dr:E9QE66;Rn:D3ZB78
Q9HCK0	Q9UJU2	57684	51176	ZBTB26	LEF1	chromatin immunoprecipitation assay	27924024	Homo sapiens	GTRD	No	Mm:Q6P9Q3;Rn:D3ZG35	Dr:A2BF92	Dr:Q9W7C0;Mm:P27782;Rn:G3V7C1	-
Q9HCK0	Q9ULD8	57684	23416	ZBTB26	KCNH3	chromatin immunoprecipitation assay	27924024	Homo sapiens	GTRD	No	Mm:Q6P9Q3;Rn:D3ZG35	Dr:A2BF92	Dr:A8WHX9;Mm:Q9WVJ0	Rn:O89047
Q9HCK0	Q6NUP7	57684	57718	ZBTB26	PPP4R4	chromatin immunoprecipitation assay	27924024	Homo sapiens	GTRD	No	Mm:Q6P9Q3;Rn:D3ZG35	Dr:A2BF92	Ce:G5EGI8;Dr:F1QXK8;Mm:Q8C0Y0;Rn:A0A0G2JV26	-
Q9HCK0	Q9NYL5	57684	51302	ZBTB26	CYP39A1	chromatin immunoprecipitation assay	27924024	Homo sapiens	GTRD	No	Mm:Q6P9Q3;Rn:D3ZG35	Dr:A2BF92	Dr:Q5VSI8;Mm:Q9JKJ9;Rn:D4AE09	-
Q9HCK0	Q96AY3	57684	60681	ZBTB26	FKBP10	chromatin immunoprecipitation assay	27924024	Homo sapiens	GTRD	No	Mm:Q6P9Q3;Rn:D3ZG35	Dr:A2BF92	Dr:B3DKC0;Dr:A0A0R4IBI6;Mm:Q61576;Rn:Q5U2V1	-
Q9HCK0	A0A1W2PQS6	57684	100529239	ZBTB26	RPS10-NUDT3	chromatin immunoprecipitation assay	27924024	Homo sapiens	GTRD	No	Mm:Q6P9Q3;Rn:D3ZG35	Dr:A2BF92	-	Mm:A0A3B2W864
Q9HCK0	P19404	57684	4729	ZBTB26	NDUFV2	chromatin immunoprecipitation assay	27924024	Homo sapiens	GTRD	No	Mm:Q6P9Q3;Rn:D3ZG35	Dr:A2BF92	Ce:Q20719;Dm:Q9VX36;Dr:Q6PBX8;Mm:Q9D6J6;Rn:P19234	-
Q9HCK0	Q14643	57684	3708	ZBTB26	ITPR1	chromatin immunoprecipitation assay	27924024	Homo sapiens	GTRD	No	Mm:Q6P9Q3;Rn:D3ZG35	Dr:A2BF92	Ce:Q9Y0A1;Mm:P11881;Rn:F1LNT1	-
Q9HCK0	Q92915	57684	2259	ZBTB26	FGF14	chromatin immunoprecipitation assay	27924024	Homo sapiens	GTRD	No	Mm:Q6P9Q3;Rn:D3ZG35	Dr:A2BF92	-	Dr:Q5TKR1;Mm:A0A0R4J063;Rn:Q8R5L7
Q9HCK0	Q02962	57684	5076	ZBTB26	PAX2	chromatin immunoprecipitation assay	27924024	Homo sapiens	GTRD	No	Mm:Q6P9Q3;Rn:D3ZG35	Dr:A2BF92	Dr:F1R139;Rn:D4ACZ2	Dr:F1Q6N9;Mm:G3X8Q7
Q9HCK0	Q9Y2M5	57684	27252	ZBTB26	KLHL20	chromatin immunoprecipitation assay	27924024	Homo sapiens	GTRD	No	Mm:Q6P9Q3;Rn:D3ZG35	Dr:A2BF92	Ce:O61795;Dr:E9QC58;Mm:Q8VCK5;Rn:D3Z8N4	Dm:M9PFL3
Q9HCK0	Q96FZ7	57684	79643	ZBTB26	CHMP6	chromatin immunoprecipitation assay	27924024	Homo sapiens	GTRD	No	Mm:Q6P9Q3;Rn:D3ZG35	Dr:A2BF92	Ce:Q9BL60;Dm:Q9W236;Mm:P0C0A3;Rn:D3ZDR2;Sc:Q04272	Dr:A0A0R4IMY8
Q9HCK0	P36941	57684	4055	ZBTB26	LTBR	chromatin immunoprecipitation assay	27924024	Homo sapiens	GTRD	No	Mm:Q6P9Q3;Rn:D3ZG35	Dr:A2BF92	Mm:P50284;Rn:Q5U2S8	-
Q9HCK0	Q14542	57684	3177	ZBTB26	SLC29A2	chromatin immunoprecipitation assay	27924024	Homo sapiens	GTRD	No	Mm:Q6P9Q3;Rn:D3ZG35	Dr:A2BF92	Mm:Q61672	Dr:F1R134;Rn:O54699
Q9HCK0	O14543	57684	9021	ZBTB26	SOCS3	chromatin immunoprecipitation assay	27924024	Homo sapiens	GTRD	No	Mm:Q6P9Q3;Rn:D3ZG35	Dr:A2BF92	Dr:Q7ZUC6;Mm:O35718;Rn:G3V6D2	-
Q9HCK0	P28562	57684	1843	ZBTB26	DUSP1	chromatin immunoprecipitation assay	27924024	Homo sapiens	GTRD	No	Mm:Q6P9Q3;Rn:D3ZG35	Dr:A2BF92	Dr:A0A0R4IS50;Mm:P28563;Rn:Q64623	-
Q9HCK0	P24522	57684	1647	ZBTB26	GADD45A	chromatin immunoprecipitation assay	27924024	Homo sapiens	GTRD	No	Mm:Q6P9Q3;Rn:D3ZG35	Dr:A2BF92	Dr:Q6GMM1;Mm:P48316;Rn:Q66HL6	-
Q9HCK0	Q9NPH5	57684	50507	ZBTB26	NOX4	chromatin immunoprecipitation assay	27924024	Homo sapiens	GTRD	No	Mm:Q6P9Q3;Rn:D3ZG35	Dr:A2BF92	Mm:Q9JHI8;Rn:Q924V1	-
Q9HCK0	O43761	57684	9143	ZBTB26	SYNGR3	chromatin immunoprecipitation assay	27924024	Homo sapiens	GTRD	No	Mm:Q6P9Q3;Rn:D3ZG35	Dr:A2BF92	Dr:Q503N6;Mm:Q8R191	Dr:A7E288;Rn:D4ABK1
Q9HCK0	Q9H0C5	57684	53339	ZBTB26	BTBD1	chromatin immunoprecipitation assay	27924024	Homo sapiens	GTRD	No	Mm:Q6P9Q3;Rn:D3ZG35	Dr:A2BF92	Mm:P58544;Rn:Q5RKI2	-
Q9HCK0	O60437	57684	5493	ZBTB26	PPL	chromatin immunoprecipitation assay	27924024	Homo sapiens	GTRD	No	Mm:Q6P9Q3;Rn:D3ZG35	Dr:A2BF92	Dr:A0A0R4IAS2;Mm:G5E898;Rn:D4A5T8	-
Q9HCK0	Q6WBX8	57684	144715	ZBTB26	RAD9B	chromatin immunoprecipitation assay	27924024	Homo sapiens	GTRD	No	Mm:Q6P9Q3;Rn:D3ZG35	Dr:A2BF92	Dm:A8JNV5;Mm:Q6WBX7;Rn:Q499V3	Ce:A0A1W7LFZ8;Dr:B0S509
Q9HCK0	Q6IQ26	57684	23258	ZBTB26	DENND5A	chromatin immunoprecipitation assay	27924024	Homo sapiens	GTRD	No	Mm:Q6P9Q3;Rn:D3ZG35	Dr:A2BF92	Dr:E7F1J4;Mm:Q6PAL8;Rn:G3V7Q0	-
Q9HCK0	Q659C4	57684	55132	ZBTB26	LARP1B	chromatin immunoprecipitation assay	27924024	Homo sapiens	GTRD	No	Mm:Q6P9Q3;Rn:D3ZG35	Dr:A2BF92	-	-
Q9HCK0	Q07817	57684	598	ZBTB26	BCL2L1	chromatin immunoprecipitation assay	27924024	Homo sapiens	GTRD	No	Mm:Q6P9Q3;Rn:D3ZG35	Dr:A2BF92	Dr:Q90Z98;Mm:Q64373;Rn:E9PU78;Rn:P53563	-
Q9HCK0	P34820	57684	656	ZBTB26	BMP8B	chromatin immunoprecipitation assay	27924024	Homo sapiens	GTRD	No	Mm:Q6P9Q3;Rn:D3ZG35	Dr:A2BF92	-	-
Q9HCK0	O60336	57684	23005	ZBTB26	MAPKBP1	chromatin immunoprecipitation assay	27924024	Homo sapiens	GTRD	No	Mm:Q6P9Q3;Rn:D3ZG35	Dr:A2BF92	Mm:A0A0A0MQA2;Rn:D3ZSY0	Dr:A0A0R4IV51
Q9HCK0	P13497	57684	649	ZBTB26	BMP1	chromatin immunoprecipitation assay	27924024	Homo sapiens	GTRD	No	Mm:Q6P9Q3;Rn:D3ZG35	Dr:A2BF92	Dr:F1REM3;Mm:P98063;Rn:F1M798	-
Q9HCK0	P47895	57684	220	ZBTB26	ALDH1A3	chromatin immunoprecipitation assay	27924024	Homo sapiens	GTRD	No	Mm:Q6P9Q3;Rn:D3ZG35	Dr:A2BF92	Dr:Q0H2G3;Mm:Q9JHW9;Rn:A0A0G2JUS6	-
Q9HCK0	A0A0B4J2F0	57684	101928527	ZBTB26	PIGBOS1	chromatin immunoprecipitation assay	27924024	Homo sapiens	GTRD	No	Mm:Q6P9Q3;Rn:D3ZG35	Dr:A2BF92	-	Mm:A0A5F8MPY0
Q9HCK0	Q4G0U5	57684	200373	ZBTB26	CFAP221	chromatin immunoprecipitation assay	27924024	Homo sapiens	GTRD	No	Mm:Q6P9Q3;Rn:D3ZG35	Dr:A2BF92	Mm:A9Q751;Rn:A0A0G2K0U0	Dr:E9QB66
Q9HCK0	Q8NG66	57684	79858	ZBTB26	NEK11	chromatin immunoprecipitation assay	27924024	Homo sapiens	GTRD	No	Mm:Q6P9Q3;Rn:D3ZG35	Dr:A2BF92	-	-
Q9HCK0	Q96SB3	57684	84687	ZBTB26	PPP1R9B	chromatin immunoprecipitation assay	27924024	Homo sapiens	GTRD	No	Mm:Q6P9Q3;Rn:D3ZG35	Dr:A2BF92	Dr:E7F3J0;Mm:Q6R891;Rn:O35274	-
Q9HCK0	P41220	57684	5997	ZBTB26	RGS2	chromatin immunoprecipitation assay	27924024	Homo sapiens	GTRD	No	Mm:Q6P9Q3;Rn:D3ZG35	Dr:A2BF92	Mm:O08849;Rn:Q9JHX0	Ce:H2KYQ8;Dr:A0A0R4I9J6
Q9HCK0	Q13077	57684	7185	ZBTB26	TRAF1	chromatin immunoprecipitation assay	27924024	Homo sapiens	GTRD	No	Mm:Q6P9Q3;Rn:D3ZG35	Dr:A2BF92	Mm:P39428;Rn:M0R5V5	-
Q9HCK0	P28360	57684	4487	ZBTB26	MSX1	chromatin immunoprecipitation assay	27924024	Homo sapiens	GTRD	No	Mm:Q6P9Q3;Rn:D3ZG35	Dr:A2BF92	Dr:B3DG59;Mm:P13297;Rn:G3V6U7	-
Q9HCK0	Q9H2U2	57684	27068	ZBTB26	PPA2	chromatin immunoprecipitation assay	27924024	Homo sapiens	GTRD	No	Mm:Q6P9Q3;Rn:D3ZG35	Dr:A2BF92	Mm:Q91VM9;Rn:D4A830;Sc:P00817	-
Q9HCK0	Q9ULV3	57684	25792	ZBTB26	CIZ1	chromatin immunoprecipitation assay	27924024	Homo sapiens	GTRD	No	Mm:Q6P9Q3;Rn:D3ZG35	Dr:A2BF92	-	-
Q9HCK0	Q7Z7L8	57684	387763	ZBTB26	C11orf96	chromatin immunoprecipitation assay	27924024	Homo sapiens	GTRD	No	Mm:Q6P9Q3;Rn:D3ZG35	Dr:A2BF92	-	-
Q9HCK0	Q5U5R9	57684	143279	ZBTB26	HECTD2	chromatin immunoprecipitation assay	27924024	Homo sapiens	GTRD	No	Mm:Q6P9Q3;Rn:D3ZG35	Dr:A2BF92	Rn:A0A0G2JU58	Dr:R4GEF8;Mm:B2RPZ5
Q9HCK0	Q6ZMJ4	57684	146433	ZBTB26	IL34	chromatin immunoprecipitation assay	27924024	Homo sapiens	GTRD	No	Mm:Q6P9Q3;Rn:D3ZG35	Dr:A2BF92	Mm:Q8R1R4	Dr:B3DLJ8;Rn:A0A140TAD0
Q9HCK0	Q9C073	57684	81558	ZBTB26	FAM117A	chromatin immunoprecipitation assay	27924024	Homo sapiens	GTRD	No	Mm:Q6P9Q3;Rn:D3ZG35	Dr:A2BF92	Mm:Q7TNF9;Rn:A0A0G2QC58	-
Q9HCK0	Q9NP79	57684	51534	ZBTB26	VTA1	chromatin immunoprecipitation assay	27924024	Homo sapiens	GTRD	No	Mm:Q6P9Q3;Rn:D3ZG35	Dr:A2BF92	Ce:O45812;Dm:Q9W0B3;Mm:Q9CR26;Rn:A0A096MKH2	Dr:Q5RJ50
Q9HCK0	Q8NFV4	57684	83451	ZBTB26	ABHD11	chromatin immunoprecipitation assay	27924024	Homo sapiens	GTRD	No	Mm:Q6P9Q3;Rn:D3ZG35	Dr:A2BF92	Ce:O45707;Dm:Q9W3R8;Dr:Q6DRD9;Mm:Q8K4F5;Rn:D3ZXK4;Sc:P53219	-
Q9HCK0	Q9H0R8	57684	23710	ZBTB26	GABARAPL1	chromatin immunoprecipitation assay	27924024	Homo sapiens	GTRD	No	Mm:Q6P9Q3;Rn:D3ZG35	Dr:A2BF92	Mm:Q8R3R8;Rn:Q0VGK0	-
Q9HCK0	Q8IYA7	57684	283078	ZBTB26	MKX	chromatin immunoprecipitation assay	27924024	Homo sapiens	GTRD	No	Mm:Q6P9Q3;Rn:D3ZG35	Dr:A2BF92	Dr:A9UGK1;Mm:B2RQ30;Rn:D3ZUL2	-
Q9HCK0	P0DPB6	57684	51082	ZBTB26	POLR1D	chromatin immunoprecipitation assay	27924024	Homo sapiens	GTRD	No	Mm:Q6P9Q3;Rn:D3ZG35	Dr:A2BF92	Dm:Q9VIZ0;Mm:P97304;Sc:P28000	Dr:Q6DRI4
Q9HCK0	Q6NXT1	57684	129138	ZBTB26	ANKRD54	chromatin immunoprecipitation assay	27924024	Homo sapiens	GTRD	No	Mm:Q6P9Q3;Rn:D3ZG35	Dr:A2BF92	Dr:Q6DGX3;Mm:Q91WK7;Rn:A0A0H2UHI6	-
Q9HCK0	Q96N03	57684	128434	ZBTB26	VSTM2L	chromatin immunoprecipitation assay	27924024	Homo sapiens	GTRD	No	Mm:Q6P9Q3;Rn:D3ZG35	Dr:A2BF92	Dr:A0A0R4ILX9;Mm:A2ACD2;Rn:D3ZDJ6	-
Q9HCK0	Q08495	57684	2039	ZBTB26	DMTN	chromatin immunoprecipitation assay	27924024	Homo sapiens	GTRD	No	Mm:Q6P9Q3;Rn:D3ZG35	Dr:A2BF92	Dr:E7FCX5;Mm:Q9WV69	Rn:B2GUY4
Q9HCK0	P52789	57684	3099	ZBTB26	HK2	chromatin immunoprecipitation assay	27924024	Homo sapiens	GTRD	No	Mm:Q6P9Q3;Rn:D3ZG35	Dr:A2BF92	Mm:O08528;Rn:P27881	Dr:B8JKC9
Q9HCK0	P16455	57684	4255	ZBTB26	MGMT	chromatin immunoprecipitation assay	27924024	Homo sapiens	GTRD	No	Mm:Q6P9Q3;Rn:D3ZG35	Dr:A2BF92	-	-
Q9HCK0	Q8IZD0	57684	201191	ZBTB26	SAMD14	chromatin immunoprecipitation assay	27924024	Homo sapiens	GTRD	No	Mm:Q6P9Q3;Rn:D3ZG35	Dr:A2BF92	Mm:Q8K070	Rn:F1LN57
Q9HCK0	Q86UF1	57684	340348	ZBTB26	TSPAN33	chromatin immunoprecipitation assay	27924024	Homo sapiens	GTRD	No	Mm:Q6P9Q3;Rn:D3ZG35	Dr:A2BF92	Dm:Q9W4X6;Dr:Q5RH71;Mm:Q8R3S2;Rn:D3Z967	Dm:Q9VGV3
Q9HCK0	H0Y858	57684	-	ZBTB26	-	chromatin immunoprecipitation assay	27924024	Homo sapiens	GTRD	No	Mm:Q6P9Q3;Rn:D3ZG35	Dr:A2BF92	-	-
Q9HCK0	Q49AA0	57684	339559	ZBTB26	ZFP69	chromatin immunoprecipitation assay	27924024	Homo sapiens	GTRD	No	Mm:Q6P9Q3;Rn:D3ZG35	Dr:A2BF92	Dm:Q4V3F5;Mm:A2A761	Rn:D4AAX1
Q9HCK0	Q9NZM5	57684	29997	ZBTB26	NOP53	chromatin immunoprecipitation assay	27924024	Homo sapiens	GTRD	No	Mm:Q6P9Q3;Rn:D3ZG35	Dr:A2BF92	Ce:Q9NEU5;Dm:Q9W3C2;Dr:A0A2R8Q037;Mm:Q8BK35;Rn:Q6QLN3;Sc:Q12080	-
Q9HCK0	Q96QB1	57684	10395	ZBTB26	DLC1	chromatin immunoprecipitation assay	27924024	Homo sapiens	GTRD	No	Mm:Q6P9Q3;Rn:D3ZG35	Dr:A2BF92	Dr:E7FBY0;Rn:A0A0G2K9I2	Mm:E9QKB1
Q9HCK0	Q8N6N6	57684	256302	ZBTB26	NATD1	chromatin immunoprecipitation assay	27924024	Homo sapiens	GTRD	No	Mm:Q6P9Q3;Rn:D3ZG35	Dr:A2BF92	Dr:Q5D014;Mm:Q9DBW3	Ce:G5EE42;Rn:D4A230
Q9HCK0	Q9H4G0	57684	2036	ZBTB26	EPB41L1	chromatin immunoprecipitation assay	27924024	Homo sapiens	GTRD	No	Mm:Q6P9Q3;Rn:D3ZG35	Dr:A2BF92	-	-
Q9HCK0	Q16773	57684	883	ZBTB26	KYAT1	chromatin immunoprecipitation assay	27924024	Homo sapiens	GTRD	No	Mm:Q6P9Q3;Rn:D3ZG35	Dr:A2BF92	-	-
Q9HCK0	P00734	57684	2147	ZBTB26	F2	chromatin immunoprecipitation assay	27924024	Homo sapiens	GTRD	No	Mm:Q6P9Q3;Rn:D3ZG35	Dr:A2BF92	Mm:P19221;Rn:G3V843	-
Q9HCK0	Q8TCY9	57684	55665	ZBTB26	URGCP	chromatin immunoprecipitation assay	27924024	Homo sapiens	GTRD	No	Mm:Q6P9Q3;Rn:D3ZG35	Dr:A2BF92	Mm:Q5NCI0;Rn:A0A096MJ37	-
Q9HCK0	P51808	57684	6990	ZBTB26	DYNLT3	chromatin immunoprecipitation assay	27924024	Homo sapiens	GTRD	No	Mm:Q6P9Q3;Rn:D3ZG35	Dr:A2BF92	Dr:Q6TGT3;Mm:P56387;Rn:Q5XI90	-
Q9HCK0	Q10713	57684	23203	ZBTB26	PMPCA	chromatin immunoprecipitation assay	27924024	Homo sapiens	GTRD	No	Mm:Q6P9Q3;Rn:D3ZG35	Dr:A2BF92	Ce:Q95XN2;Dm:Q7K3W2;Dr:A0A0R4IFK9;Mm:Q9DC61;Rn:Q68FX8;Sc:P11914	-
Q9HCK0	Q9UPW6	57684	23314	ZBTB26	SATB2	chromatin immunoprecipitation assay	27924024	Homo sapiens	GTRD	No	Mm:Q6P9Q3;Rn:D3ZG35	Dr:A2BF92	Mm:Q8VI24;Rn:D3ZJ19	Dr:A8WIP9
Q9HCK0	P10909	57684	1191	ZBTB26	CLU	chromatin immunoprecipitation assay	27924024	Homo sapiens	GTRD	No	Mm:Q6P9Q3;Rn:D3ZG35	Dr:A2BF92	Dr:Q5SPR2;Mm:Q06890;Rn:G3V836	-
Q9HCK0	Q9H2D6	57684	11078	ZBTB26	TRIOBP	chromatin immunoprecipitation assay	27924024	Homo sapiens	GTRD	No	Mm:Q6P9Q3;Rn:D3ZG35	Dr:A2BF92	Mm:Q99KW3;Rn:A0A0G2K1P8	-
Q9HCK0	Q16549	57684	9159	ZBTB26	PCSK7	chromatin immunoprecipitation assay	27924024	Homo sapiens	GTRD	No	Mm:Q6P9Q3;Rn:D3ZG35	Dr:A2BF92	Dr:F1R440;Mm:Q61139;Rn:Q62849	-
Q9HCK0	Q86VU5	57684	118881	ZBTB26	COMTD1	chromatin immunoprecipitation assay	27924024	Homo sapiens	GTRD	No	Mm:Q6P9Q3;Rn:D3ZG35	Dr:A2BF92	Ce:Q965W4;Ce:Q8WTM3;Ce:Q965W3;Ce:Q9XXH0;Mm:Q8BIG7;Rn:D3ZM21	Dr:F1Q6A4
Q9HCK0	Q96EL2	57684	64951	ZBTB26	MRPS24	chromatin immunoprecipitation assay	27924024	Homo sapiens	GTRD	No	Mm:Q6P9Q3;Rn:D3ZG35	Dr:A2BF92	Ce:Q688C0;Dm:Q9VCC3;Dr:Q502C1;Mm:Q9CQV5	Rn:A0A0G2K9G3
Q9HCK0	Q6UX40	57684	84314	ZBTB26	TMEM107	chromatin immunoprecipitation assay	27924024	Homo sapiens	GTRD	No	Mm:Q6P9Q3;Rn:D3ZG35	Dr:A2BF92	Dr:Q6NZZ4;Dr:E7F1V6;Mm:Q9CPV0;Rn:D3ZFW5	-
Q9HCK0	Q64LD2	57684	79446	ZBTB26	WDR25	chromatin immunoprecipitation assay	27924024	Homo sapiens	GTRD	No	Mm:Q6P9Q3;Rn:D3ZG35	Dr:A2BF92	Mm:E9Q349;Rn:B2RYB0	-
Q9HCK0	Q9NYM4	57684	10888	ZBTB26	GPR83	chromatin immunoprecipitation assay	27924024	Homo sapiens	GTRD	No	Mm:Q6P9Q3;Rn:D3ZG35	Dr:A2BF92	Mm:P30731;Rn:Q8VHD7	-
Q9HCK0	P60228	57684	3646	ZBTB26	EIF3E	chromatin immunoprecipitation assay	27924024	Homo sapiens	GTRD	No	Mm:Q6P9Q3;Rn:D3ZG35	Dr:A2BF92	Ce:O61820;Dm:O77410;Dr:F1QHS3;Mm:P60229;Rn:Q641X8	-
Q9HCK0	Q8IWA5	57684	57153	ZBTB26	SLC44A2	chromatin immunoprecipitation assay	27924024	Homo sapiens	GTRD	No	Mm:Q6P9Q3;Rn:D3ZG35	Dr:A2BF92	Dr:E7F1Z8;Mm:Q8BY89;Rn:B4F795	-
Q9HCK0	O14653	57684	9570	ZBTB26	GOSR2	chromatin immunoprecipitation assay	27924024	Homo sapiens	GTRD	No	Mm:Q6P9Q3;Rn:D3ZG35	Dr:A2BF92	-	-
Q9HCK0	M0R135	57684	-	ZBTB26	-	chromatin immunoprecipitation assay	27924024	Homo sapiens	GTRD	No	Mm:Q6P9Q3;Rn:D3ZG35	Dr:A2BF92	-	Mm:A2ARL4;Mm:A2AW65
Q9HCK0	Q7Z4L5	57684	79809	ZBTB26	TTC21B	chromatin immunoprecipitation assay	27924024	Homo sapiens	GTRD	No	Mm:Q6P9Q3;Rn:D3ZG35	Dr:A2BF92	Dr:B0R0W1;Mm:Q0HA38;Rn:D4A333	-
Q9HCK0	O00214	57684	3964	ZBTB26	LGALS8	chromatin immunoprecipitation assay	27924024	Homo sapiens	GTRD	No	Mm:Q6P9Q3;Rn:D3ZG35	Dr:A2BF92	Rn:Q6IN24	Dr:F1QIE5;Mm:A8DIL0
Q9HCK0	Q969V3	57684	56926	ZBTB26	NCLN	chromatin immunoprecipitation assay	27924024	Homo sapiens	GTRD	No	Mm:Q6P9Q3;Rn:D3ZG35	Dr:A2BF92	Ce:A5JYX8;Dm:Q9VKZ7;Dr:Q6NZ07;Mm:Q8VCM8;Rn:A0A0H2UHD9	-
Q9HCK0	O60547	57684	2762	ZBTB26	GMDS	chromatin immunoprecipitation assay	27924024	Homo sapiens	GTRD	No	Mm:Q6P9Q3;Rn:D3ZG35	Dr:A2BF92	Ce:O45583;Ce:Q18801;Dm:Q9VMW9;Mm:Q8K0C9;Rn:Q3MHS7	Dr:Q1LVF8
Q9HCK0	Q6NT16	57684	116843	ZBTB26	SLC18B1	chromatin immunoprecipitation assay	27924024	Homo sapiens	GTRD	No	Mm:Q6P9Q3;Rn:D3ZG35	Dr:A2BF92	Ce:H2KYF2;Mm:D3Z5L6;Rn:D4A9K4	Dr:E9QG57
Q9HCK0	Q8NI77	57684	81930	ZBTB26	KIF18A	chromatin immunoprecipitation assay	27924024	Homo sapiens	GTRD	No	Mm:Q6P9Q3;Rn:D3ZG35	Dr:A2BF92	Dr:B0V302;Mm:Q91WD7;Rn:D3ZIA5	-
Q9HCK0	E0CX11	57684	647087	ZBTB26	STMP1	chromatin immunoprecipitation assay	27924024	Homo sapiens	GTRD	No	Mm:Q6P9Q3;Rn:D3ZG35	Dr:A2BF92	-	-
Q9HCK0	Q9H8H3	57684	25840	ZBTB26	METTL7A	chromatin immunoprecipitation assay	27924024	Homo sapiens	GTRD	No	Mm:Q6P9Q3;Rn:D3ZG35	Dr:A2BF92	Dr:Q05AJ2;Dr:E7EZR9;Mm:Q8C6B0;Rn:Q3KRE2	-
Q9HCK0	Q96Q15	57684	23049	ZBTB26	SMG1	chromatin immunoprecipitation assay	27924024	Homo sapiens	GTRD	No	Mm:Q6P9Q3;Rn:D3ZG35	Dr:A2BF92	Dm:Q70PP2;Mm:Q8BKX6	-
Q9HCK0	O75410	57684	6867	ZBTB26	TACC1	chromatin immunoprecipitation assay	27924024	Homo sapiens	GTRD	No	Mm:Q6P9Q3;Rn:D3ZG35	Dr:A2BF92	Rn:A0A0G2K9K2	Mm:F8VQ95
Q9HCK0	Q06787	57684	2332	ZBTB26	FMR1	chromatin immunoprecipitation assay	27924024	Homo sapiens	GTRD	No	Mm:Q6P9Q3;Rn:D3ZG35	Dr:A2BF92	Dr:F1R159	Mm:E9QAS8;Rn:A0A0G2JZV8
Q9HCK0	P16152	57684	873	ZBTB26	CBR1	chromatin immunoprecipitation assay	27924024	Homo sapiens	GTRD	No	Mm:Q6P9Q3;Rn:D3ZG35	Dr:A2BF92	Dr:Q7SYD0;Mm:P48758;Mm:A0A1B0GRG8	Rn:A0A0G2K658;Rn:A0A0G2JSV2
Q9HCK0	O94844	57684	9886	ZBTB26	RHOBTB1	chromatin immunoprecipitation assay	27924024	Homo sapiens	GTRD	No	Mm:Q6P9Q3;Rn:D3ZG35	Dr:A2BF92	Mm:Q9DAK3;Rn:A0A0G2JWZ1	Dr:E7FDG6
Q9HCK0	Q8IY33	57684	79778	ZBTB26	MICALL2	chromatin immunoprecipitation assay	27924024	Homo sapiens	GTRD	No	Mm:Q6P9Q3;Rn:D3ZG35	Dr:A2BF92	Dr:F1QAZ3;Mm:Q3TN34;Rn:D3ZEN0	-
Q9HCK0	Q92823	57684	4897	ZBTB26	NRCAM	chromatin immunoprecipitation assay	27924024	Homo sapiens	GTRD	No	Mm:Q6P9Q3;Rn:D3ZG35	Dr:A2BF92	Ce:Q53U87;Mm:Q810U4	Rn:A0A0G2K3Q5
Q9HCK0	P45985	57684	6416	ZBTB26	MAP2K4	chromatin immunoprecipitation assay	27924024	Homo sapiens	GTRD	No	Mm:Q6P9Q3;Rn:D3ZG35	Dr:A2BF92	Dm:O61444;Dr:A4UU31;Mm:P47809;Rn:F1LP57	Ce:Q20347;Dr:F1RDF6
Q9HCK0	P09651	57684	3178	ZBTB26	HNRNPA1	chromatin immunoprecipitation assay	27924024	Homo sapiens	GTRD	No	Mm:Q6P9Q3;Rn:D3ZG35	Dr:A2BF92	-	-
Q9HCK0	P28347	57684	7003	ZBTB26	TEAD1	chromatin immunoprecipitation assay	27924024	Homo sapiens	GTRD	No	Mm:Q6P9Q3;Rn:D3ZG35	Dr:A2BF92	Rn:A0A0G2K2N3	Dm:A8JUY5;Dr:F8W5M8
Q9HCK0	Q9H2S9	57684	64375	ZBTB26	IKZF4	chromatin immunoprecipitation assay	27924024	Homo sapiens	GTRD	No	Mm:Q6P9Q3;Rn:D3ZG35	Dr:A2BF92	Mm:Q8C208;Rn:D4A636	-
Q9HCK0	Q86VD9	57684	80235	ZBTB26	PIGZ	chromatin immunoprecipitation assay	27924024	Homo sapiens	GTRD	No	Mm:Q6P9Q3;Rn:D3ZG35	Dr:A2BF92	Dm:Q8MT80;Mm:Q8BTP0;Sc:Q04174	Rn:M0R5R3
Q9HCK0	Q9BY08	57684	84650	ZBTB26	EBPL	chromatin immunoprecipitation assay	27924024	Homo sapiens	GTRD	No	Mm:Q6P9Q3;Rn:D3ZG35	Dr:A2BF92	Dr:B8A4R3;Mm:Q9D0P0;Rn:D3ZXC8	-
Q9HCK0	Q9BYP7	57684	65267	ZBTB26	WNK3	chromatin immunoprecipitation assay	27924024	Homo sapiens	GTRD	No	Mm:Q6P9Q3;Rn:D3ZG35	Dr:A2BF92	Mm:Q80XP9;Rn:A0A0G2K2Y2	-
Q9HCK0	P10606	57684	1329	ZBTB26	COX5B	chromatin immunoprecipitation assay	27924024	Homo sapiens	GTRD	No	Mm:Q6P9Q3;Rn:D3ZG35	Dr:A2BF92	Ce:P90849;Dm:Q9VMB9;Dr:F1RCH5;Dr:A0A2R8QF52;Mm:Q9D881;Rn:P12075	Rn:F1LTG5
Q9HCK0	P80723	57684	10409	ZBTB26	BASP1	chromatin immunoprecipitation assay	27924024	Homo sapiens	GTRD	No	Mm:Q6P9Q3;Rn:D3ZG35	Dr:A2BF92	Dr:Q1RM09;Mm:Q91XV3;Rn:A0A0G2K1L8	-
Q9HCK0	Q9NQ89	57684	57102	ZBTB26	C12orf4	chromatin immunoprecipitation assay	27924024	Homo sapiens	GTRD	No	Mm:Q6P9Q3;Rn:D3ZG35	Dr:A2BF92	Dm:Q9VAU6;Dr:A0JMN9;Mm:Q91YN0;Rn:D4A770	-
Q9HCK0	Q709C8	57684	54832	ZBTB26	VPS13C	chromatin immunoprecipitation assay	27924024	Homo sapiens	GTRD	No	Mm:Q6P9Q3;Rn:D3ZG35	Dr:A2BF92	Dr:A0A1D5NSX1;Mm:Q8BX70;Rn:D4A4K4	-
Q9HCK0	Q9NVM1	57684	55194	ZBTB26	EVA1B	chromatin immunoprecipitation assay	27924024	Homo sapiens	GTRD	No	Mm:Q6P9Q3;Rn:D3ZG35	Dr:A2BF92	Dr:F1QWY0;Mm:Q8K2Y3;Rn:B2RZB3	-
Q9HCK0	Q9UKT9	57684	22806	ZBTB26	IKZF3	chromatin immunoprecipitation assay	27924024	Homo sapiens	GTRD	No	Mm:Q6P9Q3;Rn:D3ZG35	Dr:A2BF92	Mm:O08900;Rn:D3ZSW3	-
Q9HCK0	O00750	57684	5287	ZBTB26	PIK3C2B	chromatin immunoprecipitation assay	27924024	Homo sapiens	GTRD	No	Mm:Q6P9Q3;Rn:D3ZG35	Dr:A2BF92	Mm:E9QAN8;Rn:D3ZVF3	Dr:F1QWN6
Q9HCK0	O14965	57684	6790	ZBTB26	AURKA	chromatin immunoprecipitation assay	27924024	Homo sapiens	GTRD	No	Mm:Q6P9Q3;Rn:D3ZG35	Dr:A2BF92	-	-
Q9HCK0	Q14964	57684	54734	ZBTB26	RAB39A	chromatin immunoprecipitation assay	27924024	Homo sapiens	GTRD	No	Mm:Q6P9Q3;Rn:D3ZG35	Dr:A2BF92	Mm:Q8BHD0;Rn:D3ZZP2	-
Q9HCK0	Q9BVA1	57684	347733	ZBTB26	TUBB2B	chromatin immunoprecipitation assay	27924024	Homo sapiens	GTRD	No	Mm:Q6P9Q3;Rn:D3ZG35	Dr:A2BF92	-	-
Q9HCK0	Q8IV08	57684	23646	ZBTB26	PLD3	chromatin immunoprecipitation assay	27924024	Homo sapiens	GTRD	No	Mm:Q6P9Q3;Rn:D3ZG35	Dr:A2BF92	Dm:Q9VIF2;Dr:Q1L8A0;Mm:O35405;Rn:Q5FVH2	-
Q9HCK0	P07306	57684	432	ZBTB26	ASGR1	chromatin immunoprecipitation assay	27924024	Homo sapiens	GTRD	No	Mm:Q6P9Q3;Rn:D3ZG35	Dr:A2BF92	Mm:P34927;Rn:P02706	Dr:A2CEH8
Q9HCK0	Q9HCM4	57684	57669	ZBTB26	EPB41L5	chromatin immunoprecipitation assay	27924024	Homo sapiens	GTRD	No	Mm:Q6P9Q3;Rn:D3ZG35	Dr:A2BF92	Mm:Q8BGS1	Dr:F1QVV9;Rn:D3ZK45
Q9HCK0	Q9H4E7	57684	50619	ZBTB26	DEF6	chromatin immunoprecipitation assay	27924024	Homo sapiens	GTRD	No	Mm:Q6P9Q3;Rn:D3ZG35	Dr:A2BF92	Mm:A0A0R4IZX1	Dr:Q7SYB5;Rn:D3ZCK4
Q9HCK0	O60244	57684	9282	ZBTB26	MED14	chromatin immunoprecipitation assay	27924024	Homo sapiens	GTRD	No	Mm:Q6P9Q3;Rn:D3ZG35	Dr:A2BF92	Dm:Q9W0P8;Mm:A2ABV5;Rn:D4A020	Dr:E9QDB5
Q9HCK0	Q86X67	57684	25961	ZBTB26	NUDT13	chromatin immunoprecipitation assay	27924024	Homo sapiens	GTRD	No	Mm:Q6P9Q3;Rn:D3ZG35	Dr:A2BF92	Mm:Q8JZU0;Rn:M0R515	Dr:E7F6K6
Q9HCK0	Q8IWS0	57684	84295	ZBTB26	PHF6	chromatin immunoprecipitation assay	27924024	Homo sapiens	GTRD	No	Mm:Q6P9Q3;Rn:D3ZG35	Dr:A2BF92	Dr:F1QPB3;Mm:Q9D4J7	Rn:D3ZQV8
Q9HCK0	Q92621	57684	23165	ZBTB26	NUP205	chromatin immunoprecipitation assay	27924024	Homo sapiens	GTRD	No	Mm:Q6P9Q3;Rn:D3ZG35	Dr:A2BF92	Ce:Q21436;Dm:Q8IQV9;Mm:B9EJ54;Rn:D4A7R3	-
Q9HCK0	P41743	57684	5584	ZBTB26	PRKCI	chromatin immunoprecipitation assay	27924024	Homo sapiens	GTRD	No	Mm:Q6P9Q3;Rn:D3ZG35	Dr:A2BF92	Dm:A1Z9X0;Dr:Q90XF2;Mm:Q62074;Rn:F1M7Y5	-
Q9HCK0	P59998	57684	10093	ZBTB26	ARPC4	chromatin immunoprecipitation assay	27924024	Homo sapiens	GTRD	No	Mm:Q6P9Q3;Rn:D3ZG35	Dr:A2BF92	-	-
Q9HCK0	Q709F0	57684	84129	ZBTB26	ACAD11	chromatin immunoprecipitation assay	27924024	Homo sapiens	GTRD	No	Mm:Q6P9Q3;Rn:D3ZG35	Dr:A2BF92	Mm:A0A0R4J0I6;Rn:B3DMA2	-
Q9HCK0	O95298	57684	4718	ZBTB26	NDUFC2	chromatin immunoprecipitation assay	27924024	Homo sapiens	GTRD	No	Mm:Q6P9Q3;Rn:D3ZG35	Dr:A2BF92	-	-
Q9HCK0	Q9H161	57684	60529	ZBTB26	ALX4	chromatin immunoprecipitation assay	27924024	Homo sapiens	GTRD	No	Mm:Q6P9Q3;Rn:D3ZG35	Dr:A2BF92	Mm:O35137	Dr:E7FGP3;Rn:D3ZEM1
Q9HCK0	Q6P4F1	57684	84750	ZBTB26	FUT10	chromatin immunoprecipitation assay	27924024	Homo sapiens	GTRD	No	Mm:Q6P9Q3;Rn:D3ZG35	Dr:A2BF92	Dm:Q9VLC1;Mm:Q5F2L2;Rn:M0R8J2	-
Q9HCK0	Q99720	57684	10280	ZBTB26	SIGMAR1	chromatin immunoprecipitation assay	27924024	Homo sapiens	GTRD	No	Mm:Q6P9Q3;Rn:D3ZG35	Dr:A2BF92	Dr:F1QUF7;Mm:O55242;Rn:Q9R0C9	-
Q9HCK0	Q9Y620	57684	25788	ZBTB26	RAD54B	chromatin immunoprecipitation assay	27924024	Homo sapiens	GTRD	No	Mm:Q6P9Q3;Rn:D3ZG35	Dr:A2BF92	Dr:E9QHY4;Mm:Q6PFE3	Rn:F1LYB7
Q9HCK0	P52798	57684	1945	ZBTB26	EFNA4	chromatin immunoprecipitation assay	27924024	Homo sapiens	GTRD	No	Mm:Q6P9Q3;Rn:D3ZG35	Dr:A2BF92	Mm:O08542;Rn:D3ZEN1	-
Q9HCK0	Q9UBP9	57684	51454	ZBTB26	GULP1	chromatin immunoprecipitation assay	27924024	Homo sapiens	GTRD	No	Mm:Q6P9Q3;Rn:D3ZG35	Dr:A2BF92	Mm:Q8K2A1;Rn:Q5PQS4	Dr:Q32PV0
Q9HCK0	O00425	57684	10643	ZBTB26	IGF2BP3	chromatin immunoprecipitation assay	27924024	Homo sapiens	GTRD	No	Mm:Q6P9Q3;Rn:D3ZG35	Dr:A2BF92	Mm:Q9CPN8;Rn:A0A0G2K0Y2	Dr:A0A0R4IYT0
Q9HCK0	A0A087WZK3	57684	-	ZBTB26	-	chromatin immunoprecipitation assay	27924024	Homo sapiens	GTRD	No	Mm:Q6P9Q3;Rn:D3ZG35	Dr:A2BF92	-	-
Q9HCK0	Q96AX9	57684	142678	ZBTB26	MIB2	chromatin immunoprecipitation assay	27924024	Homo sapiens	GTRD	No	Mm:Q6P9Q3;Rn:D3ZG35	Dr:A2BF92	-	-
Q9HCK0	Q16659	57684	5597	ZBTB26	MAPK6	chromatin immunoprecipitation assay	27924024	Homo sapiens	GTRD	No	Mm:Q6P9Q3;Rn:D3ZG35	Dr:A2BF92	Dr:Q0H1F2;Mm:Q61532;Rn:P27704	-
Q9HCK0	Q6N022	57684	26011	ZBTB26	TENM4	chromatin immunoprecipitation assay	27924024	Homo sapiens	GTRD	No	Mm:Q6P9Q3;Rn:D3ZG35	Dr:A2BF92	Mm:Q3UHK6;Rn:F1LZ38	Dr:A0A0R4IGJ8
Q9HCK0	Q86WV5	57684	100134934	ZBTB26	TEN1	chromatin immunoprecipitation assay	27924024	Homo sapiens	GTRD	No	Mm:Q6P9Q3;Rn:D3ZG35	Dr:A2BF92	-	-
Q9HCK0	Q92520	57684	10447	ZBTB26	FAM3C	chromatin immunoprecipitation assay	27924024	Homo sapiens	GTRD	No	Mm:Q6P9Q3;Rn:D3ZG35	Dr:A2BF92	Rn:Q810F4	Dr:Q7ZYY4;Mm:E9Q6F0
Q9HCK0	P98161	57684	5310	ZBTB26	PKD1	chromatin immunoprecipitation assay	27924024	Homo sapiens	GTRD	No	Mm:Q6P9Q3;Rn:D3ZG35	Dr:A2BF92	Mm:O08852;Rn:F1MAD3	-
Q9HCK0	P26639	57684	6897	ZBTB26	TARS1	chromatin immunoprecipitation assay	27924024	Homo sapiens	GTRD	No	Mm:Q6P9Q3;Rn:D3ZG35	Dr:A2BF92	Ce:P52709;Dr:A2BIM7;Mm:Q9D0R2;Sc:P04801	Rn:A0A0G2K9V6
Q9HCK0	Q96QC0	57684	5514	ZBTB26	PPP1R10	chromatin immunoprecipitation assay	27924024	Homo sapiens	GTRD	No	Mm:Q6P9Q3;Rn:D3ZG35	Dr:A2BF92	Ce:Q8MQ25;Dr:A3KPX4;Mm:Q80W00;Rn:A0A0G2K3G9	-
Q9HCK0	O14763	57684	8795	ZBTB26	TNFRSF10B	chromatin immunoprecipitation assay	27924024	Homo sapiens	GTRD	No	Mm:Q6P9Q3;Rn:D3ZG35	Dr:A2BF92	-	-
Q9HCK0	O95197	57684	10313	ZBTB26	RTN3	chromatin immunoprecipitation assay	27924024	Homo sapiens	GTRD	No	Mm:Q6P9Q3;Rn:D3ZG35	Dr:A2BF92	Mm:Q9ES97	-
Q9HCK0	Q3C1V1	57684	100131378	ZBTB26	C11orf91	chromatin immunoprecipitation assay	27924024	Homo sapiens	GTRD	No	Mm:Q6P9Q3;Rn:D3ZG35	Dr:A2BF92	Mm:Q9D1Z2;Rn:D4A0Z9	-
Q9HCK0	P20702	57684	3687	ZBTB26	ITGAX	chromatin immunoprecipitation assay	27924024	Homo sapiens	GTRD	No	Mm:Q6P9Q3;Rn:D3ZG35	Dr:A2BF92	Mm:Q9QXH4	Rn:D3ZWZ1
Q9HCK0	Q86VV4	57684	202151	ZBTB26	RANBP3L	chromatin immunoprecipitation assay	27924024	Homo sapiens	GTRD	No	Mm:Q6P9Q3;Rn:D3ZG35	Dr:A2BF92	-	Mm:E9QP10
Q9HCK0	P00519	57684	25	ZBTB26	ABL1	chromatin immunoprecipitation assay	27924024	Homo sapiens	GTRD	No	Mm:Q6P9Q3;Rn:D3ZG35	Dr:A2BF92	Ce:Q22033;Mm:P00520;Rn:E9PT20	Dr:F8W5Q8;Rn:D3ZGM3
Q9HCK0	Q5ST30	57684	57176	ZBTB26	VARS2	chromatin immunoprecipitation assay	27924024	Homo sapiens	GTRD	No	Mm:Q6P9Q3;Rn:D3ZG35	Dr:A2BF92	Dr:F1QSW0;Mm:Q3U2A8;Rn:A0A0H2UHY0	-
Q9HCK0	P25398	57684	6206	ZBTB26	RPS12	chromatin immunoprecipitation assay	27924024	Homo sapiens	GTRD	No	Mm:Q6P9Q3;Rn:D3ZG35	Dr:A2BF92	Ce:P49196;Dm:P80455;Dr:Q6PC90;Mm:Q6ZWZ6;Rn:Q6PDW1;Sc:P48589	Rn:D3ZHB3
Q9HCK0	P23378	57684	2731	ZBTB26	GLDC	chromatin immunoprecipitation assay	27924024	Homo sapiens	GTRD	No	Mm:Q6P9Q3;Rn:D3ZG35	Dr:A2BF92	Ce:Q21962;Dr:A0A0G2KSN1;Mm:Q91W43;Sc:P49095	Dm:Q9VH09;Rn:A0A0G2JUZ5
Q9HCK0	Q96RR4	57684	10645	ZBTB26	CAMKK2	chromatin immunoprecipitation assay	27924024	Homo sapiens	GTRD	No	Mm:Q6P9Q3;Rn:D3ZG35	Dr:A2BF92	Mm:Q8C078	Rn:F1LPT4
Q9HCK0	O14662	57684	8675	ZBTB26	STX16	chromatin immunoprecipitation assay	27924024	Homo sapiens	GTRD	No	Mm:Q6P9Q3;Rn:D3ZG35	Dr:A2BF92	Sc:Q08144	-
Q9HCK0	P62995	57684	6434	ZBTB26	TRA2B	chromatin immunoprecipitation assay	27924024	Homo sapiens	GTRD	No	Mm:Q6P9Q3;Rn:D3ZG35	Dr:A2BF92	Dr:B0V332;Mm:P62996;Rn:P62997	-
Q9HCK0	P62380	57684	9519	ZBTB26	TBPL1	chromatin immunoprecipitation assay	27924024	Homo sapiens	GTRD	No	Mm:Q6P9Q3;Rn:D3ZG35	Dr:A2BF92	Dr:Q5U385;Mm:P62340;Rn:D4A898;Sc:P13393	-
Q9HCK0	Q2PPJ7	57684	57186	ZBTB26	RALGAPA2	chromatin immunoprecipitation assay	27924024	Homo sapiens	GTRD	No	Mm:Q6P9Q3;Rn:D3ZG35	Dr:A2BF92	Rn:D3ZKI6	Mm:A0A0A0MQD7
Q9HCK0	O95096	57684	4821	ZBTB26	NKX2-2	chromatin immunoprecipitation assay	27924024	Homo sapiens	GTRD	No	Mm:Q6P9Q3;Rn:D3ZG35	Dr:A2BF92	Dr:Q90481	Mm:Q8BRS9;Rn:D3ZDQ2
Q9HCK0	H0YIP1	57684	-	ZBTB26	-	chromatin immunoprecipitation assay	27924024	Homo sapiens	GTRD	No	Mm:Q6P9Q3;Rn:D3ZG35	Dr:A2BF92	-	-
Q9HCK0	Q9NWK9	57684	54680	ZBTB26	ZNHIT6	chromatin immunoprecipitation assay	27924024	Homo sapiens	GTRD	No	Mm:Q6P9Q3;Rn:D3ZG35	Dr:A2BF92	Mm:Q3UFB2;Rn:B1WC05	-
Q9HCK0	A0A087X2D5	57684	84311	ZBTB26	MRPL45	chromatin immunoprecipitation assay	27924024	Homo sapiens	GTRD	No	Mm:Q6P9Q3;Rn:D3ZG35	Dr:A2BF92	Ce:Q95Y71;Dr:E9QEK4;Mm:Q9D0Q7;Rn:D4A104	-
Q9HCK0	Q9BUP3	57684	10553	ZBTB26	HTATIP2	chromatin immunoprecipitation assay	27924024	Homo sapiens	GTRD	No	Mm:Q6P9Q3;Rn:D3ZG35	Dr:A2BF92	Ce:Q5DX36;Rn:A0A0G2QC15;Sc:P40008	Dr:Q90Z77
Q9HCK0	Q2NL68	57684	148137	ZBTB26	PROSER3	chromatin immunoprecipitation assay	27924024	Homo sapiens	GTRD	No	Mm:Q6P9Q3;Rn:D3ZG35	Dr:A2BF92	Rn:B2GV25	Mm:A0A1L1SQ61
Q9HCK0	P07741	57684	353	ZBTB26	APRT	chromatin immunoprecipitation assay	27924024	Homo sapiens	GTRD	No	Mm:Q6P9Q3;Rn:D3ZG35	Dr:A2BF92	Ce:P91455;Dm:P12426;Mm:P08030;Rn:P36972;Sc:P49435	Dr:F8W4R3
Q9HCK0	Q8NCW0	57684	79412	ZBTB26	KREMEN2	chromatin immunoprecipitation assay	27924024	Homo sapiens	GTRD	No	Mm:Q6P9Q3;Rn:D3ZG35	Dr:A2BF92	Mm:Q8K1S7;Rn:D4ADS5	-
Q9HCK0	P41440	57684	6573	ZBTB26	SLC19A1	chromatin immunoprecipitation assay	27924024	Homo sapiens	GTRD	No	Mm:Q6P9Q3;Rn:D3ZG35	Dr:A2BF92	Dr:E7F2A7;Mm:P41438	Rn:Q62866
Q9HCK0	Q8TEL6	57684	26133	ZBTB26	TRPC4AP	chromatin immunoprecipitation assay	27924024	Homo sapiens	GTRD	No	Mm:Q6P9Q3;Rn:D3ZG35	Dr:A2BF92	Dr:F1QM16;Mm:Q9JLV2;Rn:B2RYF4	-
Q9HCK0	Q6ICL7	57684	339665	ZBTB26	SLC35E4	chromatin immunoprecipitation assay	27924024	Homo sapiens	GTRD	No	Mm:Q6P9Q3;Rn:D3ZG35	Dr:A2BF92	Dr:F1R2Y7;Rn:Q5RKL7	Mm:A0A0R4J0N3
Q9HCK0	P57060	57684	10069	ZBTB26	RWDD2B	chromatin immunoprecipitation assay	27924024	Homo sapiens	GTRD	No	Mm:Q6P9Q3;Rn:D3ZG35	Dr:A2BF92	Dr:F1QVU7;Mm:Q99M03;Rn:B1WBW2	-
Q9HCK0	P55040	57684	2669	ZBTB26	GEM	chromatin immunoprecipitation assay	27924024	Homo sapiens	GTRD	No	Mm:Q6P9Q3;Rn:D3ZG35	Dr:A2BF92	Mm:P55041;Rn:E9PT99	-
Q9HCK0	O14561	57684	4706	ZBTB26	NDUFAB1	chromatin immunoprecipitation assay	27924024	Homo sapiens	GTRD	No	Mm:Q6P9Q3;Rn:D3ZG35	Dr:A2BF92	Mm:Q9CR21;Rn:D3ZF13	Dr:F1R611
Q9HCK0	P17301	57684	3673	ZBTB26	ITGA2	chromatin immunoprecipitation assay	27924024	Homo sapiens	GTRD	No	Mm:Q6P9Q3;Rn:D3ZG35	Dr:A2BF92	-	-
Q9HCK0	Q9UNX3	57684	51121	ZBTB26	RPL26L1	chromatin immunoprecipitation assay	27924024	Homo sapiens	GTRD	No	Mm:Q6P9Q3;Rn:D3ZG35	Dr:A2BF92	-	-
Q9HCK0	A9UHW6	57684	57409	ZBTB26	MIF4GD	chromatin immunoprecipitation assay	27924024	Homo sapiens	GTRD	No	Mm:Q6P9Q3;Rn:D3ZG35	Dr:A2BF92	-	-
Q9HCK0	Q5R3I4	57684	55020	ZBTB26	TTC38	chromatin immunoprecipitation assay	27924024	Homo sapiens	GTRD	No	Mm:Q6P9Q3;Rn:D3ZG35	Dr:A2BF92	Ce:Q9XW02;Ce:Q9XW01;Mm:A3KMP2;Rn:D4ACL2	Dr:F1R9P3
Q9HCK0	Q6I9Y2	57684	80145	ZBTB26	THOC7	chromatin immunoprecipitation assay	27924024	Homo sapiens	GTRD	No	Mm:Q6P9Q3;Rn:D3ZG35	Dr:A2BF92	Ce:Q9U3S3;Dm:Q8IRJ8;Dr:Q6DGZ3;Mm:Q7TMY4;Rn:A0A0G2JWV8	-
Q9HCK0	P08397	57684	3145	ZBTB26	HMBS	chromatin immunoprecipitation assay	27924024	Homo sapiens	GTRD	No	Mm:Q6P9Q3;Rn:D3ZG35	Dr:A2BF92	Mm:P22907;Rn:Q5M893;Sc:P28789	Dr:R4GE91
Q9HCK0	Q9H0E3	57684	79595	ZBTB26	SAP130	chromatin immunoprecipitation assay	27924024	Homo sapiens	GTRD	No	Mm:Q6P9Q3;Rn:D3ZG35	Dr:A2BF92	Dr:B0S8H2;Dr:F1REK0;Rn:D3ZLP9	Mm:A0A0R4J060
Q9HCK0	Q8IY42	57684	55286	ZBTB26	C4orf19	chromatin immunoprecipitation assay	27924024	Homo sapiens	GTRD	No	Mm:Q6P9Q3;Rn:D3ZG35	Dr:A2BF92	Mm:Q99K99;Rn:Q6AYA8	-
Q9HCK0	E7ESA3	57684	-	ZBTB26	-	chromatin immunoprecipitation assay	27924024	Homo sapiens	GTRD	No	Mm:Q6P9Q3;Rn:D3ZG35	Dr:A2BF92	-	-
Q9HCK0	E5RI56	57684	-	ZBTB26	-	chromatin immunoprecipitation assay	27924024	Homo sapiens	GTRD	No	Mm:Q6P9Q3;Rn:D3ZG35	Dr:A2BF92	-	-
Q9HCK0	O76075	57684	1677	ZBTB26	DFFB	chromatin immunoprecipitation assay	27924024	Homo sapiens	GTRD	No	Mm:Q6P9Q3;Rn:D3ZG35	Dr:A2BF92	Dr:Q1L9C6;Mm:O54788;Rn:A0A0H2UHU4	-
Q9HCK0	Q712K3	57684	54926	ZBTB26	UBE2R2	chromatin immunoprecipitation assay	27924024	Homo sapiens	GTRD	No	Mm:Q6P9Q3;Rn:D3ZG35	Dr:A2BF92	Dr:Q6DHH9;Mm:Q6ZWZ2;Rn:B2RZ96	-
Q9HCK0	Q99808	57684	2030	ZBTB26	SLC29A1	chromatin immunoprecipitation assay	27924024	Homo sapiens	GTRD	No	Mm:Q6P9Q3;Rn:D3ZG35	Dr:A2BF92	Dm:Q9VPP0;Mm:Q9JIM1;Rn:O54698	Dr:A0A140LG26
Q9HCK0	Q8IUB2	57684	140686	ZBTB26	WFDC3	chromatin immunoprecipitation assay	27924024	Homo sapiens	GTRD	No	Mm:Q6P9Q3;Rn:D3ZG35	Dr:A2BF92	-	-
Q9HCK0	R4GMT4	57684	-	ZBTB26	-	chromatin immunoprecipitation assay	27924024	Homo sapiens	GTRD	No	Mm:Q6P9Q3;Rn:D3ZG35	Dr:A2BF92	-	-
Q9HCK0	O43555	57684	2797	ZBTB26	GNRH2	chromatin immunoprecipitation assay	27924024	Homo sapiens	GTRD	No	Mm:Q6P9Q3;Rn:D3ZG35	Dr:A2BF92	-	-
Q9HCK0	Q9UBB5	57684	8932	ZBTB26	MBD2	chromatin immunoprecipitation assay	27924024	Homo sapiens	GTRD	No	Mm:Q6P9Q3;Rn:D3ZG35	Dr:A2BF92	Mm:Q9Z2E1;Rn:D4A986	-
Q9HCK0	F5H423	57684	-	ZBTB26	-	chromatin immunoprecipitation assay	27924024	Homo sapiens	GTRD	No	Mm:Q6P9Q3;Rn:D3ZG35	Dr:A2BF92	Ce:Q10943	-
Q9HCK0	Q5TA31	57684	149603	ZBTB26	RNF187	chromatin immunoprecipitation assay	27924024	Homo sapiens	GTRD	No	Mm:Q6P9Q3;Rn:D3ZG35	Dr:A2BF92	Rn:M0R8K1	Mm:A0A0J9YQM4
Q9HCK0	Q8WXB1	57684	151194	ZBTB26	METTL21A	chromatin immunoprecipitation assay	27924024	Homo sapiens	GTRD	No	Mm:Q6P9Q3;Rn:D3ZG35	Dr:A2BF92	-	-
Q9HCK0	Q02040	57684	8227	ZBTB26	AKAP17A	chromatin immunoprecipitation assay	27924024	Homo sapiens	GTRD	No	Mm:Q6P9Q3;Rn:D3ZG35	Dr:A2BF92	Dr:Q6PE21;Rn:F1MAF2	-
Q9HCK0	Q5BKT4	57684	84920	ZBTB26	ALG10	chromatin immunoprecipitation assay	27924024	Homo sapiens	GTRD	No	Mm:Q6P9Q3;Rn:D3ZG35	Dr:A2BF92	-	-
Q9HCK0	Q5SVQ8	57684	360023	ZBTB26	ZBTB41	chromatin immunoprecipitation assay	27924024	Homo sapiens	GTRD	No	Mm:Q6P9Q3;Rn:D3ZG35	Dr:A2BF92	Mm:Q811F1;Rn:D3ZMX0	Dr:X1WHY9
Q9HCK0	Q92731	57684	2100	ZBTB26	ESR2	chromatin immunoprecipitation assay	27924024	Homo sapiens	GTRD	No	Mm:Q6P9Q3;Rn:D3ZG35	Dr:A2BF92	Mm:O08537;Rn:Q59IV8	-
Q9HCK0	Q75QN2	57684	55656	ZBTB26	INTS8	chromatin immunoprecipitation assay	27924024	Homo sapiens	GTRD	No	Mm:Q6P9Q3;Rn:D3ZG35	Dr:A2BF92	Ce:H2KML7;Dm:A1ZAK1;Dr:A3KQN9;Mm:Q80V86;Rn:D3ZLQ6	-
Q9HCK0	Q96SD1	57684	64421	ZBTB26	DCLRE1C	chromatin immunoprecipitation assay	27924024	Homo sapiens	GTRD	No	Mm:Q6P9Q3;Rn:D3ZG35	Dr:A2BF92	-	-
Q9HCK0	Q99707	57684	4548	ZBTB26	MTR	chromatin immunoprecipitation assay	27924024	Homo sapiens	GTRD	No	Mm:Q6P9Q3;Rn:D3ZG35	Dr:A2BF92	Ce:Q09582;Mm:A6H5Y3;Rn:G3V8A4	-
Q9HCK0	Q8IZC6	57684	85301	ZBTB26	COL27A1	chromatin immunoprecipitation assay	27924024	Homo sapiens	GTRD	No	Mm:Q6P9Q3;Rn:D3ZG35	Dr:A2BF92	Mm:Q5QNQ9;Rn:Q80ZF0	-
Q9HCK0	Q6IPT2	57684	112703	ZBTB26	FAM71E1	chromatin immunoprecipitation assay	27924024	Homo sapiens	GTRD	No	Mm:Q6P9Q3;Rn:D3ZG35	Dr:A2BF92	-	-
Q9HCK0	Q66K64	57684	90379	ZBTB26	DCAF15	chromatin immunoprecipitation assay	27924024	Homo sapiens	GTRD	No	Mm:Q6P9Q3;Rn:D3ZG35	Dr:A2BF92	Dr:E7F3Z0;Mm:Q6PFH3;Rn:D3ZFW6	-
Q9HCK0	P61812	57684	7042	ZBTB26	TGFB2	chromatin immunoprecipitation assay	27924024	Homo sapiens	GTRD	No	Mm:Q6P9Q3;Rn:D3ZG35	Dr:A2BF92	Dr:F8W4A6;Mm:P27090	Rn:G3V6B1
Q9HCK0	O14974	57684	4659	ZBTB26	PPP1R12A	chromatin immunoprecipitation assay	27924024	Homo sapiens	GTRD	No	Mm:Q6P9Q3;Rn:D3ZG35	Dr:A2BF92	Mm:Q9DBR7;Rn:A0A0G2JWJ0	-
Q9HCK0	Q8IVQ6	57684	340481	ZBTB26	ZDHHC21	chromatin immunoprecipitation assay	27924024	Homo sapiens	GTRD	No	Mm:Q6P9Q3;Rn:D3ZG35	Dr:A2BF92	Mm:Q9D270	Rn:Q2TGI9
Q9HCK0	H0YL14	57684	90120	ZBTB26	TMEM250	chromatin immunoprecipitation assay	27924024	Homo sapiens	GTRD	No	Mm:Q6P9Q3;Rn:D3ZG35	Dr:A2BF92	Rn:B2GNF0	Mm:A0A571BES4
Q9HCK0	Q53EZ4	57684	55165	ZBTB26	CEP55	chromatin immunoprecipitation assay	27924024	Homo sapiens	GTRD	No	Mm:Q6P9Q3;Rn:D3ZG35	Dr:A2BF92	Dr:Q502I3;Mm:Q8BT07;Rn:Q4V7C8	-
Q9HCK0	P07315	57684	1420	ZBTB26	CRYGC	chromatin immunoprecipitation assay	27924024	Homo sapiens	GTRD	No	Mm:Q6P9Q3;Rn:D3ZG35	Dr:A2BF92	-	Mm:A3RLD5;Rn:F1LQX2
Q9HCK0	P43034	57684	5048	ZBTB26	PAFAH1B1	chromatin immunoprecipitation assay	27924024	Homo sapiens	GTRD	No	Mm:Q6P9Q3;Rn:D3ZG35	Dr:A2BF92	Ce:Q9NDC9;Dm:Q7KNS3;Dr:Q7T394;Dr:A0A0R4I9B2;Mm:P63005;Rn:P63004;Sc:P39946	-
Q9HCK0	Q9HCN3	57684	58986	ZBTB26	PGAP6	chromatin immunoprecipitation assay	27924024	Homo sapiens	GTRD	No	Mm:Q6P9Q3;Rn:D3ZG35	Dr:A2BF92	Mm:Q9ESN3;Rn:D3ZKI8	-
Q9HCK0	Q00534	57684	1021	ZBTB26	CDK6	chromatin immunoprecipitation assay	27924024	Homo sapiens	GTRD	No	Mm:Q6P9Q3;Rn:D3ZG35	Dr:A2BF92	Dr:I3IT74;Mm:Q64261;Rn:F1MA87	-
Q9HCK0	P08195	57684	6520	ZBTB26	SLC3A2	chromatin immunoprecipitation assay	27924024	Homo sapiens	GTRD	No	Mm:Q6P9Q3;Rn:D3ZG35	Dr:A2BF92	-	-
Q9HCK0	Q9BRP0	57684	58495	ZBTB26	OVOL2	chromatin immunoprecipitation assay	27924024	Homo sapiens	GTRD	No	Mm:Q6P9Q3;Rn:D3ZG35	Dr:A2BF92	Mm:Q8CIV7;Rn:D4A5U5	-
Q9HCK0	Q9BR01	57684	25830	ZBTB26	SULT4A1	chromatin immunoprecipitation assay	27924024	Homo sapiens	GTRD	No	Mm:Q6P9Q3;Rn:D3ZG35	Dr:A2BF92	Dr:A0A0R4ICJ4;Mm:P63046;Rn:P63047	-
Q9HCK0	Q8WYQ5	57684	54487	ZBTB26	DGCR8	chromatin immunoprecipitation assay	27924024	Homo sapiens	GTRD	No	Mm:Q6P9Q3;Rn:D3ZG35	Dr:A2BF92	Dr:A2BEG3;Mm:Q9EQM6;Rn:D4A2G4	-
Q9HCK0	Q96BY9	57684	51669	ZBTB26	SARAF	chromatin immunoprecipitation assay	27924024	Homo sapiens	GTRD	No	Mm:Q6P9Q3;Rn:D3ZG35	Dr:A2BF92	Ce:Q22254;Dr:F1QPC3;Mm:A0A0R4J0D1;Rn:Q6AYN2	-
Q9HCK0	Q9C091	57684	80000	ZBTB26	GREB1L	chromatin immunoprecipitation assay	27924024	Homo sapiens	GTRD	No	Mm:Q6P9Q3;Rn:D3ZG35	Dr:A2BF92	Dr:B8JKP6;Mm:B9EJV3;Rn:F1LTR0	-
Q9HCK0	Q9Y3A0	57684	51117	ZBTB26	COQ4	chromatin immunoprecipitation assay	27924024	Homo sapiens	GTRD	No	Mm:Q6P9Q3;Rn:D3ZG35	Dr:A2BF92	Ce:P91428;Dm:Q9VVG6;Dr:A0A0R4IVM0;Mm:Q8BGB8;Rn:A0A0H2UHW2;Sc:O13525	-
Q9HCK0	Q16769	57684	25797	ZBTB26	QPCT	chromatin immunoprecipitation assay	27924024	Homo sapiens	GTRD	No	Mm:Q6P9Q3;Rn:D3ZG35	Dr:A2BF92	Ce:G5EBT9;Mm:A0A0R4J0G6;Rn:D4AC85	Dm:Q7KTY3;Dr:X1WGU8
Q9HCK0	Q9NP97	57684	83658	ZBTB26	DYNLRB1	chromatin immunoprecipitation assay	27924024	Homo sapiens	GTRD	No	Mm:Q6P9Q3;Rn:D3ZG35	Dr:A2BF92	Dr:Q7ZUX8;Mm:P62627;Rn:P62628	-
Q9HCK0	Q86X76	57684	4817	ZBTB26	NIT1	chromatin immunoprecipitation assay	27924024	Homo sapiens	GTRD	No	Mm:Q6P9Q3;Rn:D3ZG35	Dr:A2BF92	Ce:O76463;Dr:F1R1E1;Mm:Q8VDK1;Rn:Q7TQ94;Sc:P47016	-
Q9HCK0	Q8IW40	57684	388389	ZBTB26	CCDC103	chromatin immunoprecipitation assay	27924024	Homo sapiens	GTRD	No	Mm:Q6P9Q3;Rn:D3ZG35	Dr:A2BF92	-	-
Q9HCK0	Q92630	57684	8445	ZBTB26	DYRK2	chromatin immunoprecipitation assay	27924024	Homo sapiens	GTRD	No	Mm:Q6P9Q3;Rn:D3ZG35	Dr:A2BF92	Mm:Q5U4C9;Rn:F1LYY7	Dr:Q5RHV3
Q9HCK0	O75608	57684	10434	ZBTB26	LYPLA1	chromatin immunoprecipitation assay	27924024	Homo sapiens	GTRD	No	Mm:Q6P9Q3;Rn:D3ZG35	Dr:A2BF92	Mm:P97823;Rn:P70470	Dr:A0A0R4INL5
Q9HCK0	Q14749	57684	27232	ZBTB26	GNMT	chromatin immunoprecipitation assay	27924024	Homo sapiens	GTRD	No	Mm:Q6P9Q3;Rn:D3ZG35	Dr:A2BF92	Dm:Q9VG42;Mm:Q9QXF8	Dr:F1Q884;Rn:M0RDH0;Rn:P13255
Q9HCK0	Q14134	57684	23650	ZBTB26	TRIM29	chromatin immunoprecipitation assay	27924024	Homo sapiens	GTRD	No	Mm:Q6P9Q3;Rn:D3ZG35	Dr:A2BF92	Mm:Q8R2Q0;Rn:A0A0G2K659	-
Q9HCK0	P48728	57684	275	ZBTB26	AMT	chromatin immunoprecipitation assay	27924024	Homo sapiens	GTRD	No	Mm:Q6P9Q3;Rn:D3ZG35	Dr:A2BF92	-	-
Q9HCK0	O43353	57684	8767	ZBTB26	RIPK2	chromatin immunoprecipitation assay	27924024	Homo sapiens	GTRD	No	Mm:Q6P9Q3;Rn:D3ZG35	Dr:A2BF92	Mm:P58801;Rn:G3V783	-
Q9HCK0	Q8NHG8	57684	223082	ZBTB26	ZNRF2	chromatin immunoprecipitation assay	27924024	Homo sapiens	GTRD	No	Mm:Q6P9Q3;Rn:D3ZG35	Dr:A2BF92	Mm:Q71FD5;Rn:M0RBD9	-
Q9HCK0	Q96N21	57684	146705	ZBTB26	TEPSIN	chromatin immunoprecipitation assay	27924024	Homo sapiens	GTRD	No	Mm:Q6P9Q3;Rn:D3ZG35	Dr:A2BF92	-	-
Q9HCK0	Q14872	57684	4520	ZBTB26	MTF1	chromatin immunoprecipitation assay	27924024	Homo sapiens	GTRD	No	Mm:Q6P9Q3;Rn:D3ZG35	Dr:A2BF92	Mm:Q07243;Rn:D3ZBT4	Dr:E7F5B0
Q9HCK0	Q12852	57684	7786	ZBTB26	MAP3K12	chromatin immunoprecipitation assay	27924024	Homo sapiens	GTRD	No	Mm:Q6P9Q3;Rn:D3ZG35	Dr:A2BF92	Mm:Q60700;Rn:F1LQ89	-
Q9HCK0	Q5VVM6	57684	728621	ZBTB26	CCDC30	chromatin immunoprecipitation assay	27924024	Homo sapiens	GTRD	No	Mm:Q6P9Q3;Rn:D3ZG35	Dr:A2BF92	-	-
Q9HCK0	P16473	57684	7253	ZBTB26	TSHR	chromatin immunoprecipitation assay	27924024	Homo sapiens	GTRD	No	Mm:Q6P9Q3;Rn:D3ZG35	Dr:A2BF92	-	-
Q9HCK0	O14649	57684	3777	ZBTB26	KCNK3	chromatin immunoprecipitation assay	27924024	Homo sapiens	GTRD	No	Mm:Q6P9Q3;Rn:D3ZG35	Dr:A2BF92	Dr:Q5TZ59;Mm:O35111	Rn:O54912
Q9HCK0	Q5TCQ9	57684	260425	ZBTB26	MAGI3	chromatin immunoprecipitation assay	27924024	Homo sapiens	GTRD	No	Mm:Q6P9Q3;Rn:D3ZG35	Dr:A2BF92	Dr:A0A0R4IGT8;Mm:Q9EQJ9;Rn:F1M7S0	-
Q9HCK0	Q08289	57684	783	ZBTB26	CACNB2	chromatin immunoprecipitation assay	27924024	Homo sapiens	GTRD	No	Mm:Q6P9Q3;Rn:D3ZG35	Dr:A2BF92	Rn:D3ZWK0	Mm:C7IVS7
Q9HCK0	Q9UIU6	57684	51804	ZBTB26	SIX4	chromatin immunoprecipitation assay	27924024	Homo sapiens	GTRD	No	Mm:Q6P9Q3;Rn:D3ZG35	Dr:A2BF92	Mm:Q61321;Rn:D3ZAJ7	-
Q9HCK0	Q86SE5	57684	138046	ZBTB26	RALYL	chromatin immunoprecipitation assay	27924024	Homo sapiens	GTRD	No	Mm:Q6P9Q3;Rn:D3ZG35	Dr:A2BF92	-	-
Q9HCK0	Q15911	57684	463	ZBTB26	ZFHX3	chromatin immunoprecipitation assay	27924024	Homo sapiens	GTRD	No	Mm:Q6P9Q3;Rn:D3ZG35	Dr:A2BF92	Mm:E9QMD3;Rn:F1M4Q6	Dr:A0A0R4ISP1
Q9HCK0	P04792	57684	3315	ZBTB26	HSPB1	chromatin immunoprecipitation assay	27924024	Homo sapiens	GTRD	No	Mm:Q6P9Q3;Rn:D3ZG35	Dr:A2BF92	-	-
Q9HCK0	Q58EX2	57684	54549	ZBTB26	SDK2	chromatin immunoprecipitation assay	27924024	Homo sapiens	GTRD	No	Mm:Q6P9Q3;Rn:D3ZG35	Dr:A2BF92	Mm:Q6V4S5;Rn:A0A0G2K999	Dr:A0A0R4ISZ1
Q9HCK0	O43252	57684	9061	ZBTB26	PAPSS1	chromatin immunoprecipitation assay	27924024	Homo sapiens	GTRD	No	Mm:Q6P9Q3;Rn:D3ZG35	Dr:A2BF92	Dr:B3DJF3;Mm:Q60967;Rn:A0A0G2K0L0	-
Q9HCK0	Q96M20	57684	140894	ZBTB26	CNBD2	chromatin immunoprecipitation assay	27924024	Homo sapiens	GTRD	No	Mm:Q6P9Q3;Rn:D3ZG35	Dr:A2BF92	Mm:Q9D5U8	Dm:Q9VGW3
Q9HCK0	P19532	57684	7030	ZBTB26	TFE3	chromatin immunoprecipitation assay	27924024	Homo sapiens	GTRD	No	Mm:Q6P9Q3;Rn:D3ZG35	Dr:A2BF92	Mm:Q64092;Rn:D3ZAW6	-
Q9HCK0	O14772	57684	8790	ZBTB26	FPGT	chromatin immunoprecipitation assay	27924024	Homo sapiens	GTRD	No	Mm:Q6P9Q3;Rn:D3ZG35	Dr:A2BF92	Mm:G5E8F4	Rn:A0A0G2K0C0
Q9HCK0	P51826	57684	3899	ZBTB26	AFF3	chromatin immunoprecipitation assay	27924024	Homo sapiens	GTRD	No	Mm:Q6P9Q3;Rn:D3ZG35	Dr:A2BF92	Mm:P51827;Rn:A0A0G2K1Y7	-
Q9HCK0	Q6P9H4	57684	154043	ZBTB26	CNKSR3	chromatin immunoprecipitation assay	27924024	Homo sapiens	GTRD	No	Mm:Q6P9Q3;Rn:D3ZG35	Dr:A2BF92	Mm:Q8BMA3;Rn:Q5SGD7	-
Q9HCK0	Q9P2N4	57684	56999	ZBTB26	ADAMTS9	chromatin immunoprecipitation assay	27924024	Homo sapiens	GTRD	No	Mm:Q6P9Q3;Rn:D3ZG35	Dr:A2BF92	Dr:F1R6Q4;Rn:D3ZMB0	Mm:E9PUN6
Q9HCK0	Q8NCU7	57684	145741	ZBTB26	C2CD4A	chromatin immunoprecipitation assay	27924024	Homo sapiens	GTRD	No	Mm:Q6P9Q3;Rn:D3ZG35	Dr:A2BF92	-	-
Q9HCK0	Q9NXL9	57684	254394	ZBTB26	MCM9	chromatin immunoprecipitation assay	27924024	Homo sapiens	GTRD	No	Mm:Q6P9Q3;Rn:D3ZG35	Dr:A2BF92	Rn:K3W4U8	-
Q9HCK0	Q7Z5N4	57684	221935	ZBTB26	SDK1	chromatin immunoprecipitation assay	27924024	Homo sapiens	GTRD	No	Mm:Q6P9Q3;Rn:D3ZG35	Dr:A2BF92	Mm:Q3UH53	Dr:F1QC95
Q9HCK0	P20711	57684	1644	ZBTB26	DDC	chromatin immunoprecipitation assay	27924024	Homo sapiens	GTRD	No	Mm:Q6P9Q3;Rn:D3ZG35	Dr:A2BF92	Dr:Q7SZR0;Mm:O88533;Rn:P14173	-
Q9HCK0	Q09328	57684	4249	ZBTB26	MGAT5	chromatin immunoprecipitation assay	27924024	Homo sapiens	GTRD	No	Mm:Q6P9Q3;Rn:D3ZG35	Dr:A2BF92	Ce:Q9NDH7;Dr:Q1ECU6;Mm:Q8R4G6	Rn:Q08834
Q9HCK0	Q70EL1	57684	159195	ZBTB26	USP54	chromatin immunoprecipitation assay	27924024	Homo sapiens	GTRD	No	Mm:Q6P9Q3;Rn:D3ZG35	Dr:A2BF92	Mm:Q8BL06	Rn:A0A0G2JTN3
Q9HCK0	O14548	57684	9167	ZBTB26	COX7A2L	chromatin immunoprecipitation assay	27924024	Homo sapiens	GTRD	No	Mm:Q6P9Q3;Rn:D3ZG35	Dr:A2BF92	Mm:Q61387;Rn:D3ZYX8	Dr:Q7SXI1
Q9HCK0	P09871	57684	716	ZBTB26	C1S	chromatin immunoprecipitation assay	27924024	Homo sapiens	GTRD	No	Mm:Q6P9Q3;Rn:D3ZG35	Dr:A2BF92	Mm:E9Q6C2;Rn:G3V7L3	Mm:A0A1W2P7F1
Q9HCK0	P53007	57684	6576	ZBTB26	SLC25A1	chromatin immunoprecipitation assay	27924024	Homo sapiens	GTRD	No	Mm:Q6P9Q3;Rn:D3ZG35	Dr:A2BF92	Ce:P34519;Dm:Q7KSQ0;Mm:Q8JZU2;Rn:P32089	Dr:F1R4U0;Dr:F1QEP1
Q9HCK0	A6BM72	57684	84465	ZBTB26	MEGF11	chromatin immunoprecipitation assay	27924024	Homo sapiens	GTRD	No	Mm:Q6P9Q3;Rn:D3ZG35	Dr:A2BF92	Mm:Q80T91	Rn:F1M370
Q9HCK0	Q5EBL2	57684	89887	ZBTB26	ZNF628	chromatin immunoprecipitation assay	27924024	Homo sapiens	GTRD	No	Mm:Q6P9Q3;Rn:D3ZG35	Dr:A2BF92	Dm:P28166;Dr:F1RAH4;Mm:Q8CJ78	Rn:D4A8F7
Q9HCK0	Q9H9J2	57684	65080	ZBTB26	MRPL44	chromatin immunoprecipitation assay	27924024	Homo sapiens	GTRD	No	Mm:Q6P9Q3;Rn:D3ZG35	Dr:A2BF92	Dm:Q9VNC1;Dr:F1RB48;Mm:Q9CY73;Rn:Q4G067	-
Q9HCK0	P59190	57684	376267	ZBTB26	RAB15	chromatin immunoprecipitation assay	27924024	Homo sapiens	GTRD	No	Mm:Q6P9Q3;Rn:D3ZG35	Dr:A2BF92	-	-
Q9HCK0	O43151	57684	200424	ZBTB26	TET3	chromatin immunoprecipitation assay	27924024	Homo sapiens	GTRD	No	Mm:Q6P9Q3;Rn:D3ZG35	Dr:A2BF92	Mm:Q8BG87;Rn:D3ZQT7	-
Q9HCK0	P02671	57684	2243	ZBTB26	FGA	chromatin immunoprecipitation assay	27924024	Homo sapiens	GTRD	No	Mm:Q6P9Q3;Rn:D3ZG35	Dr:A2BF92	Mm:E9PV24;Rn:Q7TQ70	-
Q9HCK0	Q16690	57684	1847	ZBTB26	DUSP5	chromatin immunoprecipitation assay	27924024	Homo sapiens	GTRD	No	Mm:Q6P9Q3;Rn:D3ZG35	Dr:A2BF92	Mm:Q1HL35;Rn:F1LPJ5	Dr:Q6PBT4
Q9HCK0	Q9H583	57684	55127	ZBTB26	HEATR1	chromatin immunoprecipitation assay	27924024	Homo sapiens	GTRD	No	Mm:Q6P9Q3;Rn:D3ZG35	Dr:A2BF92	Dm:Q9VM75;Dr:A0A0R4IAU8	Mm:G3X9B1;Rn:D3ZL86
Q9HCK0	Q93084	57684	489	ZBTB26	ATP2A3	chromatin immunoprecipitation assay	27924024	Homo sapiens	GTRD	No	Mm:Q6P9Q3;Rn:D3ZG35	Dr:A2BF92	Mm:Q64518	Rn:D3ZHJ6
Q9HCK0	P14866	57684	3191	ZBTB26	HNRNPL	chromatin immunoprecipitation assay	27924024	Homo sapiens	GTRD	No	Mm:Q6P9Q3;Rn:D3ZG35	Dr:A2BF92	Dr:Q7ZW09;Mm:Q8R081;Rn:F1LQ48	-
Q9HCK0	O00232	57684	5718	ZBTB26	PSMD12	chromatin immunoprecipitation assay	27924024	Homo sapiens	GTRD	No	Mm:Q6P9Q3;Rn:D3ZG35	Dr:A2BF92	Ce:Q19324;Dm:Q9V3Z4;Mm:Q9D8W5;Rn:Q5XIC6;Sc:Q12250	Dr:Q8AW07
Q9HCK0	Q969X1	57684	64114	ZBTB26	TMBIM1	chromatin immunoprecipitation assay	27924024	Homo sapiens	GTRD	No	Mm:Q6P9Q3;Rn:D3ZG35	Dr:A2BF92	Mm:Q3U717;Rn:Q6AYE0	-
Q9HCK0	Q9UKG4	57684	26266	ZBTB26	SLC13A4	chromatin immunoprecipitation assay	27924024	Homo sapiens	GTRD	No	Mm:Q6P9Q3;Rn:D3ZG35	Dr:A2BF92	Dr:B8A5J0;Mm:Q8BZ82	Rn:Q5EC47
Q9HCK0	Q9Y6B2	57684	23741	ZBTB26	EID1	chromatin immunoprecipitation assay	27924024	Homo sapiens	GTRD	No	Mm:Q6P9Q3;Rn:D3ZG35	Dr:A2BF92	Mm:Q9DCR4;Rn:B1WC74	-
Q9HCK0	Q8IZ52	57684	79586	ZBTB26	CHPF	chromatin immunoprecipitation assay	27924024	Homo sapiens	GTRD	No	Mm:Q6P9Q3;Rn:D3ZG35	Dr:A2BF92	Dr:F1R7L6;Mm:Q6IQX7;Rn:Q5XIQ8	Dr:I3ISR1
Q9HCK0	Q86UW2	57684	123264	ZBTB26	SLC51B	chromatin immunoprecipitation assay	27924024	Homo sapiens	GTRD	No	Mm:Q6P9Q3;Rn:D3ZG35	Dr:A2BF92	Mm:Q80WK2;Rn:D3ZYJ2	-
Q9HCK0	Q8N4P2	57684	150737	ZBTB26	TTC30B	chromatin immunoprecipitation assay	27924024	Homo sapiens	GTRD	No	Mm:Q6P9Q3;Rn:D3ZG35	Dr:A2BF92	Mm:Q9CY00;Mm:A2AKQ8	-
Q9HCK0	Q6ZW13	57684	388284	ZBTB26	C16orf86	chromatin immunoprecipitation assay	27924024	Homo sapiens	GTRD	No	Mm:Q6P9Q3;Rn:D3ZG35	Dr:A2BF92	Mm:Q9D4A5;Rn:A0A0H2UHP2	-
Q9HCK0	O43665	57684	6001	ZBTB26	RGS10	chromatin immunoprecipitation assay	27924024	Homo sapiens	GTRD	No	Mm:Q6P9Q3;Rn:D3ZG35	Dr:A2BF92	Mm:Q9CQE5;Rn:P49806	-
Q9HCK0	Q05925	57684	2019	ZBTB26	EN1	chromatin immunoprecipitation assay	27924024	Homo sapiens	GTRD	No	Mm:Q6P9Q3;Rn:D3ZG35	Dr:A2BF92	Mm:P09065;Rn:A0A0G2JT82	Dr:Q5BJ08
Q9HCK0	Q06190	57684	5523	ZBTB26	PPP2R3A	chromatin immunoprecipitation assay	27924024	Homo sapiens	GTRD	No	Mm:Q6P9Q3;Rn:D3ZG35	Dr:A2BF92	Rn:D3ZLD7	-
Q9HCK0	Q96BK5	57684	54984	ZBTB26	PINX1	chromatin immunoprecipitation assay	27924024	Homo sapiens	GTRD	No	Mm:Q6P9Q3;Rn:D3ZG35	Dr:A2BF92	Mm:Q9CZX5;Rn:A4L691	Ce:Q22705
Q9HCK0	Q9H4X1	57684	28984	ZBTB26	RGCC	chromatin immunoprecipitation assay	27924024	Homo sapiens	GTRD	No	Mm:Q6P9Q3;Rn:D3ZG35	Dr:A2BF92	Dr:A8WHV1;Mm:Q9DBX1;Rn:Q9Z2P4	-
Q9HCK0	Q96SB8	57684	79677	ZBTB26	SMC6	chromatin immunoprecipitation assay	27924024	Homo sapiens	GTRD	No	Mm:Q6P9Q3;Rn:D3ZG35	Dr:A2BF92	Ce:G5EG17;Ce:Q93250;Dm:Q9VCB8;Mm:Q924W5;Rn:D4AB26;Sc:Q12749	Dr:A5PN27
Q9HCK0	O00746	57684	4833	ZBTB26	NME4	chromatin immunoprecipitation assay	27924024	Homo sapiens	GTRD	No	Mm:Q6P9Q3;Rn:D3ZG35	Dr:A2BF92	-	Dr:F1R2F7;Mm:A0A494BA94
Q9HCK0	Q9BZR6	57684	65078	ZBTB26	RTN4R	chromatin immunoprecipitation assay	27924024	Homo sapiens	GTRD	No	Mm:Q6P9Q3;Rn:D3ZG35	Dr:A2BF92	Mm:Q99PI8;Rn:Q99M75	Dr:X1WD08
Q9HCK0	Q8N2M8	57684	11129	ZBTB26	CLASRP	chromatin immunoprecipitation assay	27924024	Homo sapiens	GTRD	No	Mm:Q6P9Q3;Rn:D3ZG35	Dr:A2BF92	-	-
Q9HCK0	Q9NRZ7	57684	56894	ZBTB26	AGPAT3	chromatin immunoprecipitation assay	27924024	Homo sapiens	GTRD	No	Mm:Q6P9Q3;Rn:D3ZG35	Dr:A2BF92	Dr:Q7ZWC9;Mm:Q9D517;Rn:G3V648	-
Q9HCK0	Q92841	57684	10521	ZBTB26	DDX17	chromatin immunoprecipitation assay	27924024	Homo sapiens	GTRD	No	Mm:Q6P9Q3;Rn:D3ZG35	Dr:A2BF92	Ce:Q9XUW5;Rn:A0A096MIX2;Sc:P24783	Mm:Q3U741
Q9HCK0	O75204	57684	55654	ZBTB26	TMEM127	chromatin immunoprecipitation assay	27924024	Homo sapiens	GTRD	No	Mm:Q6P9Q3;Rn:D3ZG35	Dr:A2BF92	Mm:Q8BGP5;Rn:A2RRU2	Dr:Q504G0;Rn:M0RC06
Q9HCK0	Q8N302	57684	55109	ZBTB26	AGGF1	chromatin immunoprecipitation assay	27924024	Homo sapiens	GTRD	No	Mm:Q6P9Q3;Rn:D3ZG35	Dr:A2BF92	-	-
Q9HCK0	Q9UQK1	57684	5507	ZBTB26	PPP1R3C	chromatin immunoprecipitation assay	27924024	Homo sapiens	GTRD	No	Mm:Q6P9Q3;Rn:D3ZG35	Dr:A2BF92	Dr:F1QTR4;Mm:Q7TMB3;Rn:G3V8E0	-
Q9HCK0	Q9UHD9	57684	29978	ZBTB26	UBQLN2	chromatin immunoprecipitation assay	27924024	Homo sapiens	GTRD	No	Mm:Q6P9Q3;Rn:D3ZG35	Dr:A2BF92	Mm:Q9QZM0;Rn:D4AA63	-
Q9HCK0	Q96GL9	57684	148753	ZBTB26	FAM163A	chromatin immunoprecipitation assay	27924024	Homo sapiens	GTRD	No	Mm:Q6P9Q3;Rn:D3ZG35	Dr:A2BF92	Dr:A5WWK4;Dr:B0S6B8;Mm:Q8CAA5;Rn:D3ZIK4	-
Q9HCK0	P51523	57684	7637	ZBTB26	ZNF84	chromatin immunoprecipitation assay	27924024	Homo sapiens	GTRD	No	Mm:Q6P9Q3;Rn:D3ZG35	Dr:A2BF92	-	-
Q9HCK0	Q9UMY1	57684	51406	ZBTB26	NOL7	chromatin immunoprecipitation assay	27924024	Homo sapiens	GTRD	No	Mm:Q6P9Q3;Rn:D3ZG35	Dr:A2BF92	Dr:F1QS46;Mm:Q9D7Z3	Rn:D3ZAQ6
Q9HCK0	Q86WI0	57684	340596	ZBTB26	LHFPL1	chromatin immunoprecipitation assay	27924024	Homo sapiens	GTRD	No	Mm:Q6P9Q3;Rn:D3ZG35	Dr:A2BF92	Mm:Q80SV1	Rn:Q80WE5
Q9HCK0	P12644	57684	652	ZBTB26	BMP4	chromatin immunoprecipitation assay	27924024	Homo sapiens	GTRD	No	Mm:Q6P9Q3;Rn:D3ZG35	Dr:A2BF92	Dr:F1QAD6;Mm:P21275;Rn:Q6AYU9	-
Q9HCK0	O94761	57684	9401	ZBTB26	RECQL4	chromatin immunoprecipitation assay	27924024	Homo sapiens	GTRD	No	Mm:Q6P9Q3;Rn:D3ZG35	Dr:A2BF92	Mm:A0A0R4J0J3;Rn:D4A5W5	-
Q9HCK0	Q6NXT6	57684	202018	ZBTB26	TAPT1	chromatin immunoprecipitation assay	27924024	Homo sapiens	GTRD	No	Mm:Q6P9Q3;Rn:D3ZG35	Dr:A2BF92	Mm:Q4VBD2;Rn:D4A533	-
Q9HCK0	Q9NQZ6	57684	55906	ZBTB26	ZC4H2	chromatin immunoprecipitation assay	27924024	Homo sapiens	GTRD	No	Mm:Q6P9Q3;Rn:D3ZG35	Dr:A2BF92	Dm:Q9VX94;Dr:Q7T3I0;Mm:Q68FG0;Rn:B1WC48	Ce:Q23665
Q9HCK0	O75718	57684	10491	ZBTB26	CRTAP	chromatin immunoprecipitation assay	27924024	Homo sapiens	GTRD	No	Mm:Q6P9Q3;Rn:D3ZG35	Dr:A2BF92	Dr:Q1L8P0;Mm:Q9CYD3	Rn:A0A096MK61
Q9HCK0	Q8N816	57684	-	ZBTB26	TMEM99	chromatin immunoprecipitation assay	27924024	Homo sapiens	GTRD	No	Mm:Q6P9Q3;Rn:D3ZG35	Dr:A2BF92	-	-
Q9HCK0	P52179	57684	8736	ZBTB26	MYOM1	chromatin immunoprecipitation assay	27924024	Homo sapiens	GTRD	No	Mm:Q6P9Q3;Rn:D3ZG35	Dr:A2BF92	Mm:Q62234;Rn:A0A0G2K5P5	Dr:A0A0R4IUZ8
Q9HCK0	Q8N201	57684	26173	ZBTB26	INTS1	chromatin immunoprecipitation assay	27924024	Homo sapiens	GTRD	No	Mm:Q6P9Q3;Rn:D3ZG35	Dr:A2BF92	Dm:Q9W1C5;Dr:A0A0R4IJ75;Mm:A0A0G2JH17	-
Q9HCK0	Q6UWE0	57684	90678	ZBTB26	LRSAM1	chromatin immunoprecipitation assay	27924024	Homo sapiens	GTRD	No	Mm:Q6P9Q3;Rn:D3ZG35	Dr:A2BF92	Dr:A2CF42;Mm:Q80ZI6;Rn:D3ZI42	-
Q9HCK0	O43463	57684	6839	ZBTB26	SUV39H1	chromatin immunoprecipitation assay	27924024	Homo sapiens	GTRD	No	Mm:Q6P9Q3;Rn:D3ZG35	Dr:A2BF92	Dr:B0S6M0;Mm:O54864;Rn:G3V6S6	-
Q9HCK0	Q9GZP4	57684	57095	ZBTB26	PITHD1	chromatin immunoprecipitation assay	27924024	Homo sapiens	GTRD	No	Mm:Q6P9Q3;Rn:D3ZG35	Dr:A2BF92	Dm:Q9VK68;Mm:Q8BWR2	Ce:Q95ZI6
Q9HCK0	Q12962	57684	6881	ZBTB26	TAF10	chromatin immunoprecipitation assay	27924024	Homo sapiens	GTRD	No	Mm:Q6P9Q3;Rn:D3ZG35	Dr:A2BF92	Mm:Q8K0H5;Rn:B4F7B2	-
Q9HCK0	Q5VWN6	57684	54906	ZBTB26	TASOR2	chromatin immunoprecipitation assay	27924024	Homo sapiens	GTRD	No	Mm:Q6P9Q3;Rn:D3ZG35	Dr:A2BF92	Mm:Q5DTT3	Rn:D3ZVI2
Q9HCK0	Q96FL8	57684	55244	ZBTB26	SLC47A1	chromatin immunoprecipitation assay	27924024	Homo sapiens	GTRD	No	Mm:Q6P9Q3;Rn:D3ZG35	Dr:A2BF92	Mm:Q8K0H1;Rn:Q5I0E9	-
Q9HCK0	P50897	57684	5538	ZBTB26	PPT1	chromatin immunoprecipitation assay	27924024	Homo sapiens	GTRD	No	Mm:Q6P9Q3;Rn:D3ZG35	Dr:A2BF92	Ce:Q20390;Dm:Q9W3C7;Dr:F1R8J6;Mm:O88531;Rn:P45479	-
Q9HCK0	Q96BZ8	57684	79165	ZBTB26	LENG1	chromatin immunoprecipitation assay	27924024	Homo sapiens	GTRD	No	Mm:Q6P9Q3;Rn:D3ZG35	Dr:A2BF92	-	-
Q9HCK0	Q9UNH6	57684	51375	ZBTB26	SNX7	chromatin immunoprecipitation assay	27924024	Homo sapiens	GTRD	No	Mm:Q6P9Q3;Rn:D3ZG35	Dr:A2BF92	Dr:A0A0R4IBS8;Mm:Q9CY18;Rn:Q66H41	-
Q9HCK0	Q6P161	57684	116541	ZBTB26	MRPL54	chromatin immunoprecipitation assay	27924024	Homo sapiens	GTRD	No	Mm:Q6P9Q3;Rn:D3ZG35	Dr:A2BF92	Dr:Q1LXI5;Mm:Q9CPW3;Rn:D3Z9K2	-
Q9HCK0	Q16778	57684	8349	ZBTB26	H2BC21	chromatin immunoprecipitation assay	27924024	Homo sapiens	GTRD	No	Mm:Q6P9Q3;Rn:D3ZG35	Dr:A2BF92	-	-
Q9HCK0	Q9NPZ5	57684	135152	ZBTB26	B3GAT2	chromatin immunoprecipitation assay	27924024	Homo sapiens	GTRD	No	Mm:Q6P9Q3;Rn:D3ZG35	Dr:A2BF92	Dm:O97422;Dr:Q6DBR2;Mm:P59270	Rn:M0R3R1
Q9HCK0	Q86XX4	57684	80144	ZBTB26	FRAS1	chromatin immunoprecipitation assay	27924024	Homo sapiens	GTRD	No	Mm:Q6P9Q3;Rn:D3ZG35	Dr:A2BF92	Mm:Q80T14	Dr:F1Q633;Rn:F1M3H3
Q9HCK0	P54098	57684	5428	ZBTB26	POLG	chromatin immunoprecipitation assay	27924024	Homo sapiens	GTRD	No	Mm:Q6P9Q3;Rn:D3ZG35	Dr:A2BF92	Ce:Q9U208;Dm:Q27607;Dr:F8W5R6;Mm:Q75WC0;Rn:Q9QYV8;Sc:P15801	-
Q9HCK0	P37198	57684	23636	ZBTB26	NUP62	chromatin immunoprecipitation assay	27924024	Homo sapiens	GTRD	No	Mm:Q6P9Q3;Rn:D3ZG35	Dr:A2BF92	Dm:Q7JXF5;Rn:P17955	Dr:E9QIQ3;Mm:Q63850
Q9HCK0	Q9NYM9	57684	51272	ZBTB26	BET1L	chromatin immunoprecipitation assay	27924024	Homo sapiens	GTRD	No	Mm:Q6P9Q3;Rn:D3ZG35	Dr:A2BF92	Mm:O35153;Rn:A0A0G2JSM4	Mm:A0A1B0GT05
Q9HCK0	Q8NDV7	57684	27327	ZBTB26	TNRC6A	chromatin immunoprecipitation assay	27924024	Homo sapiens	GTRD	No	Mm:Q6P9Q3;Rn:D3ZG35	Dr:A2BF92	Dr:A0A0R4IJ26;Mm:Q3UHK8;Rn:A0A0G2JZJ3	-
Q9HCK0	Q9H5V9	57684	63932	ZBTB26	CXorf56	chromatin immunoprecipitation assay	27924024	Homo sapiens	GTRD	No	Mm:Q6P9Q3;Rn:D3ZG35	Dr:A2BF92	Ce:Q95Q06;Dm:Q9V412;Mm:Q8VDP2;Rn:D4A067	Dr:F1QKV3
Q9HCK0	O00219	57684	3038	ZBTB26	HAS3	chromatin immunoprecipitation assay	27924024	Homo sapiens	GTRD	No	Mm:Q6P9Q3;Rn:D3ZG35	Dr:A2BF92	Mm:O08650	Rn:Q8CH92
Q9HCK0	O43261	57684	-	ZBTB26	DLEU1	chromatin immunoprecipitation assay	27924024	Homo sapiens	GTRD	No	Mm:Q6P9Q3;Rn:D3ZG35	Dr:A2BF92	-	-
Q9HCK0	Q96ST3	57684	25942	ZBTB26	SIN3A	chromatin immunoprecipitation assay	27924024	Homo sapiens	GTRD	No	Mm:Q6P9Q3;Rn:D3ZG35	Dr:A2BF92	Dr:A5D6S0;Mm:Q60520;Sc:P22579	Rn:A0A0G2K3H5
Q9HCK0	Q9BZD2	57684	55315	ZBTB26	SLC29A3	chromatin immunoprecipitation assay	27924024	Homo sapiens	GTRD	No	Mm:Q6P9Q3;Rn:D3ZG35	Dr:A2BF92	Mm:Q99P65;Rn:Q80WK7	Dr:F1QCI9
Q9HCK0	Q8IZS8	57684	55799	ZBTB26	CACNA2D3	chromatin immunoprecipitation assay	27924024	Homo sapiens	GTRD	No	Mm:Q6P9Q3;Rn:D3ZG35	Dr:A2BF92	Mm:Q9Z1L5;Rn:F1LSR8	Dm:A8DZ06
Q9HCK0	Q2M3C6	57684	123591	ZBTB26	TMEM266	chromatin immunoprecipitation assay	27924024	Homo sapiens	GTRD	No	Mm:Q6P9Q3;Rn:D3ZG35	Dr:A2BF92	Mm:Q8BZB3	Rn:D3ZYW8
Q9HCK0	Q9H6Y2	57684	54853	ZBTB26	WDR55	chromatin immunoprecipitation assay	27924024	Homo sapiens	GTRD	No	Mm:Q6P9Q3;Rn:D3ZG35	Dr:A2BF92	Dm:Q8T088;Mm:Q9CX97	Ce:G5EEZ4;Dr:A0A0R4IEK9
Q9HCK0	Q9H693	57684	100506581	ZBTB26	C16orf95	chromatin immunoprecipitation assay	27924024	Homo sapiens	GTRD	No	Mm:Q6P9Q3;Rn:D3ZG35	Dr:A2BF92	-	-
Q9HCK0	Q9UPZ3	57684	11234	ZBTB26	HPS5	chromatin immunoprecipitation assay	27924024	Homo sapiens	GTRD	No	Mm:Q6P9Q3;Rn:D3ZG35	Dr:A2BF92	Dr:F6NLH0;Mm:P59438;Rn:F1LS35	-
Q9HCK0	P07737	57684	5216	ZBTB26	PFN1	chromatin immunoprecipitation assay	27924024	Homo sapiens	GTRD	No	Mm:Q6P9Q3;Rn:D3ZG35	Dr:A2BF92	Mm:P62962;Rn:P62963	-
Q9HCK0	Q8NC67	57684	81831	ZBTB26	NETO2	chromatin immunoprecipitation assay	27924024	Homo sapiens	GTRD	No	Mm:Q6P9Q3;Rn:D3ZG35	Dr:A2BF92	Mm:Q8BNJ6	Rn:F1MA16
Q9HCK0	Q9NRL3	57684	29888	ZBTB26	STRN4	chromatin immunoprecipitation assay	27924024	Homo sapiens	GTRD	No	Mm:Q6P9Q3;Rn:D3ZG35	Dr:A2BF92	Mm:P58404;Rn:F1M6V8	Dr:A0A0R4IRQ4
Q9HCK0	Q00341	57684	3069	ZBTB26	HDLBP	chromatin immunoprecipitation assay	27924024	Homo sapiens	GTRD	No	Mm:Q6P9Q3;Rn:D3ZG35	Dr:A2BF92	-	-
Q9HCK0	P12956	57684	2547	ZBTB26	XRCC6	chromatin immunoprecipitation assay	27924024	Homo sapiens	GTRD	No	Mm:Q6P9Q3;Rn:D3ZG35	Dr:A2BF92	Ce:Q9U2D2;Dm:Q23976;Dr:F1QZ60;Mm:A0A0R4J187;Sc:P32807	Rn:E9PT85
Q9HCK0	Q9ULH4	57684	57497	ZBTB26	LRFN2	chromatin immunoprecipitation assay	27924024	Homo sapiens	GTRD	No	Mm:Q6P9Q3;Rn:D3ZG35	Dr:A2BF92	Mm:Q80TG9	Dr:A0A286Y8D8;Rn:G3V7J3
Q9HCK0	O60675	57684	7975	ZBTB26	MAFK	chromatin immunoprecipitation assay	27924024	Homo sapiens	GTRD	No	Mm:Q6P9Q3;Rn:D3ZG35	Dr:A2BF92	Dm:A0A0B4LH09;Dr:A0A0R4IVU1;Mm:Q61827;Rn:Q6IRI7	-
Q9HCK0	Q6NUT3	57684	126321	ZBTB26	MFSD12	chromatin immunoprecipitation assay	27924024	Homo sapiens	GTRD	No	Mm:Q6P9Q3;Rn:D3ZG35	Dr:A2BF92	Ce:Q19498;Mm:Q3U481;Rn:F1M4E3	Dr:Q1LWK8
Q9HCK0	Q16576	57684	5931	ZBTB26	RBBP7	chromatin immunoprecipitation assay	27924024	Homo sapiens	GTRD	No	Mm:Q6P9Q3;Rn:D3ZG35	Dr:A2BF92	Mm:Q60973;Rn:Q71UF4	-
Q9HCK0	Q9NNZ3	57684	3338	ZBTB26	DNAJC4	chromatin immunoprecipitation assay	27924024	Homo sapiens	GTRD	No	Mm:Q6P9Q3;Rn:D3ZG35	Dr:A2BF92	Dr:Q7ZUS6;Mm:Q9D844;Rn:A0A0G2JTP0	-
Q9HCK0	P36955	57684	5176	ZBTB26	SERPINF1	chromatin immunoprecipitation assay	27924024	Homo sapiens	GTRD	No	Mm:Q6P9Q3;Rn:D3ZG35	Dr:A2BF92	Mm:P97298;Rn:Q80ZA3	Dr:Q66I20
Q9HCK0	Q96KP4	57684	55748	ZBTB26	CNDP2	chromatin immunoprecipitation assay	27924024	Homo sapiens	GTRD	No	Mm:Q6P9Q3;Rn:D3ZG35	Dr:A2BF92	Ce:Q9BL46;Ce:O18000;Dr:A3KQX1;Mm:Q9D1A2;Rn:Q6Q0N1;Sc:P43616	Dm:A0A0B4LEQ0
Q9HCK0	Q86VX2	57684	149951	ZBTB26	COMMD7	chromatin immunoprecipitation assay	27924024	Homo sapiens	GTRD	No	Mm:Q6P9Q3;Rn:D3ZG35	Dr:A2BF92	-	-
Q9HCK0	P55036	57684	5710	ZBTB26	PSMD4	chromatin immunoprecipitation assay	27924024	Homo sapiens	GTRD	No	Mm:Q6P9Q3;Rn:D3ZG35	Dr:A2BF92	Ce:O61742;Dm:P55035;Dr:Q6IQC6;Mm:O35226;Rn:O88321;Sc:P38886	-
Q9HCK0	Q8ND90	57684	9240	ZBTB26	PNMA1	chromatin immunoprecipitation assay	27924024	Homo sapiens	GTRD	No	Mm:Q6P9Q3;Rn:D3ZG35	Dr:A2BF92	Mm:Q8C1C8;Rn:Q8VHZ4	-
Q9HCK0	Q9H469	57684	79176	ZBTB26	FBXL15	chromatin immunoprecipitation assay	27924024	Homo sapiens	GTRD	No	Mm:Q6P9Q3;Rn:D3ZG35	Dr:A2BF92	Dr:H9KUW9;Mm:Q91W61;Rn:D4ABB4	Dm:Q0E8T8
Q9HCK0	Q7L5A3	57684	80256	ZBTB26	FAM214B	chromatin immunoprecipitation assay	27924024	Homo sapiens	GTRD	No	Mm:Q6P9Q3;Rn:D3ZG35	Dr:A2BF92	Mm:Q8BR27;Rn:Q5PQM8	-
Q9HCK0	P16157	57684	286	ZBTB26	ANK1	chromatin immunoprecipitation assay	27924024	Homo sapiens	GTRD	No	Mm:Q6P9Q3;Rn:D3ZG35	Dr:A2BF92	Dm:Q0KIE7	Mm:G5E8J2;Rn:D3Z9Z0
Q9HCK0	Q7LFX5	57684	51363	ZBTB26	CHST15	chromatin immunoprecipitation assay	27924024	Homo sapiens	GTRD	No	Mm:Q6P9Q3;Rn:D3ZG35	Dr:A2BF92	Mm:Q91XQ5;Rn:G3V838	Dr:E7FD85
Q9HCK0	P23396	57684	6188	ZBTB26	RPS3	chromatin immunoprecipitation assay	27924024	Homo sapiens	GTRD	No	Mm:Q6P9Q3;Rn:D3ZG35	Dr:A2BF92	Ce:P48152;Dm:Q06559;Dr:Q6TLG8;Mm:P62908;Rn:P62909;Sc:P05750	-
Q9HCK0	Q9BYD1	57684	28998	ZBTB26	MRPL13	chromatin immunoprecipitation assay	27924024	Homo sapiens	GTRD	No	Mm:Q6P9Q3;Rn:D3ZG35	Dr:A2BF92	Ce:Q95QL2;Dm:Q9VJ38;Dr:F1QQ34;Mm:Q9D1P0;Rn:Q5XFW4;Sc:Q12487	-
Q9HCK0	Q92828	57684	7464	ZBTB26	CORO2A	chromatin immunoprecipitation assay	27924024	Homo sapiens	GTRD	No	Mm:Q6P9Q3;Rn:D3ZG35	Dr:A2BF92	Dr:F1QR96;Mm:Q8C0P5;Rn:A0A0G2QC56	-
Q9HCK0	Q9NQL2	57684	58528	ZBTB26	RRAGD	chromatin immunoprecipitation assay	27924024	Homo sapiens	GTRD	No	Mm:Q6P9Q3;Rn:D3ZG35	Dr:A2BF92	Mm:B1AWT2;Rn:B2RZ38	-
Q9HCK0	Q8WV22	57684	197370	ZBTB26	NSMCE1	chromatin immunoprecipitation assay	27924024	Homo sapiens	GTRD	No	Mm:Q6P9Q3;Rn:D3ZG35	Dr:A2BF92	Dm:Q9VMA0;Mm:A0A0R4J0C0	Dr:A0A0R4IR19;Rn:A0A0G2JSX1
Q9HCK0	Q6GQQ9	57684	56957	ZBTB26	OTUD7B	chromatin immunoprecipitation assay	27924024	Homo sapiens	GTRD	No	Mm:Q6P9Q3;Rn:D3ZG35	Dr:A2BF92	Mm:B2RUR8;Rn:D3ZH40	-
Q9HCK0	Q969Y0	57684	91775	ZBTB26	NXPE3	chromatin immunoprecipitation assay	27924024	Homo sapiens	GTRD	No	Mm:Q6P9Q3;Rn:D3ZG35	Dr:A2BF92	Dr:B0S713;Mm:B9EKK6;Rn:D4ACA1	-
Q9HCK0	O94972	57684	4591	ZBTB26	TRIM37	chromatin immunoprecipitation assay	27924024	Homo sapiens	GTRD	No	Mm:Q6P9Q3;Rn:D3ZG35	Dr:A2BF92	Dr:E7FBZ8;Mm:Q6PCX9;Rn:D3ZL82	-
Q9HCK0	A6NH21	57684	619189	ZBTB26	SERINC4	chromatin immunoprecipitation assay	27924024	Homo sapiens	GTRD	No	Mm:Q6P9Q3;Rn:D3ZG35	Dr:A2BF92	Mm:Q5XK03;Rn:A8WCG0	Dr:E7F5D2
Q9HCK0	Q9NX01	57684	54957	ZBTB26	TXNL4B	chromatin immunoprecipitation assay	27924024	Homo sapiens	GTRD	No	Mm:Q6P9Q3;Rn:D3ZG35	Dr:A2BF92	Dr:Q3B728;Mm:Q8BUH1	Rn:Q5FVI5
Q9HCK0	Q6VAB6	57684	283455	ZBTB26	KSR2	chromatin immunoprecipitation assay	27924024	Homo sapiens	GTRD	No	Mm:Q6P9Q3;Rn:D3ZG35	Dr:A2BF92	Mm:M0QW59	Dr:F5H8P1;Rn:F1LY04
Q9HCK0	Q9UMW8	57684	11274	ZBTB26	USP18	chromatin immunoprecipitation assay	27924024	Homo sapiens	GTRD	No	Mm:Q6P9Q3;Rn:D3ZG35	Dr:A2BF92	-	-
Q9HCK0	P22415	57684	7391	ZBTB26	USF1	chromatin immunoprecipitation assay	27924024	Homo sapiens	GTRD	No	Mm:Q6P9Q3;Rn:D3ZG35	Dr:A2BF92	Dr:F1QUA1;Mm:Q61069;Rn:O35410	-
Q9HCK0	Q8N4Q1	57684	131474	ZBTB26	CHCHD4	chromatin immunoprecipitation assay	27924024	Homo sapiens	GTRD	No	Mm:Q6P9Q3;Rn:D3ZG35	Dr:A2BF92	Ce:Q19342;Dm:Q9VAA6;Mm:Q8VEA4;Rn:Q5BJN5	Dr:F1QKE2
Q9HCK0	O43674	57684	4711	ZBTB26	NDUFB5	chromatin immunoprecipitation assay	27924024	Homo sapiens	GTRD	No	Mm:Q6P9Q3;Rn:D3ZG35	Dr:A2BF92	Dm:Q9VTU2;Dr:A8E5B7;Mm:Q9CQH3;Rn:D4A565	-
Q9HCK0	Q07954	57684	4035	ZBTB26	LRP1	chromatin immunoprecipitation assay	27924024	Homo sapiens	GTRD	No	Mm:Q6P9Q3;Rn:D3ZG35	Dr:A2BF92	Dm:A0A0B4KFD1;Dr:F1QY34;Mm:A0A0R4J0I9;Rn:G3V928	-
Q9HCK0	Q96Q42	57684	57679	ZBTB26	ALS2	chromatin immunoprecipitation assay	27924024	Homo sapiens	GTRD	No	Mm:Q6P9Q3;Rn:D3ZG35	Dr:A2BF92	Dm:Q9VNZ8;Mm:Q920R0;Rn:P0C5Y8	-
Q9HCK0	Q7Z7A1	57684	11064	ZBTB26	CNTRL	chromatin immunoprecipitation assay	27924024	Homo sapiens	GTRD	No	Mm:Q6P9Q3;Rn:D3ZG35	Dr:A2BF92	Rn:D4A619	Mm:R4GML3
Q9HCK0	Q6PL24	57684	283578	ZBTB26	TMED8	chromatin immunoprecipitation assay	27924024	Homo sapiens	GTRD	No	Mm:Q6P9Q3;Rn:D3ZG35	Dr:A2BF92	Mm:Q3UHI4;Rn:M0RAT6	-
Q9HCK0	Q8IXS6	57684	445815	ZBTB26	PALM2	chromatin immunoprecipitation assay	27924024	Homo sapiens	GTRD	No	Mm:Q6P9Q3;Rn:D3ZG35	Dr:A2BF92	-	-
Q9HCK0	Q9NVM6	57684	55192	ZBTB26	DNAJC17	chromatin immunoprecipitation assay	27924024	Homo sapiens	GTRD	No	Mm:Q6P9Q3;Rn:D3ZG35	Dr:A2BF92	Ce:O17002;Dm:Q9VGR0;Mm:Q91WT4;Rn:D3ZSC8	Dr:A0A0R4ILG8
Q9HCK0	O00755	57684	7476	ZBTB26	WNT7A	chromatin immunoprecipitation assay	27924024	Homo sapiens	GTRD	No	Mm:Q6P9Q3;Rn:D3ZG35	Dr:A2BF92	Mm:P24383;Rn:M0R9D3	Dr:Q4JLT0
Q9HCK0	Q9BVA6	57684	11153	ZBTB26	FICD	chromatin immunoprecipitation assay	27924024	Homo sapiens	GTRD	No	Mm:Q6P9Q3;Rn:D3ZG35	Dr:A2BF92	Ce:Q23544;Dm:Q8SWV6;Dr:Q6ZM51;Mm:Q8BIX9;Rn:Q6AY47	-
Q9HCK0	O76093	57684	8817	ZBTB26	FGF18	chromatin immunoprecipitation assay	27924024	Homo sapiens	GTRD	No	Mm:Q6P9Q3;Rn:D3ZG35	Dr:A2BF92	Mm:O89101	Dr:F1QKX4;Rn:M0R6D5
Q9HCK0	P22314	57684	7317	ZBTB26	UBA1	chromatin immunoprecipitation assay	27924024	Homo sapiens	GTRD	No	Mm:Q6P9Q3;Rn:D3ZG35	Dr:A2BF92	Ce:Q27481;Dr:F1RCA1;Mm:Q02053;Rn:Q5U300;Sc:P22515	-
Q9HCK0	Q9HCM9	57684	56658	ZBTB26	TRIM39	chromatin immunoprecipitation assay	27924024	Homo sapiens	GTRD	No	Mm:Q6P9Q3;Rn:D3ZG35	Dr:A2BF92	-	-
Q9HCK0	Q3ZCN5	57684	-	ZBTB26	OTOGL	chromatin immunoprecipitation assay	27924024	Homo sapiens	GTRD	No	Mm:Q6P9Q3;Rn:D3ZG35	Dr:A2BF92	-	-
Q9HCK0	D6REC4	57684	-	ZBTB26	CFAP99	chromatin immunoprecipitation assay	27924024	Homo sapiens	GTRD	No	Mm:Q6P9Q3;Rn:D3ZG35	Dr:A2BF92	-	-
Q9HCK0	Q9UHE8	57684	26872	ZBTB26	STEAP1	chromatin immunoprecipitation assay	27924024	Homo sapiens	GTRD	No	Mm:Q6P9Q3;Rn:D3ZG35	Dr:A2BF92	-	-
Q9HCK0	Q96GM8	57684	114034	ZBTB26	TOE1	chromatin immunoprecipitation assay	27924024	Homo sapiens	GTRD	No	Mm:Q6P9Q3;Rn:D3ZG35	Dr:A2BF92	Ce:Q9NA76;Dr:B8A5U4;Mm:Q9D2E2;Rn:A0A0G2JZE8	-
Q9HCK0	P51532	57684	6597	ZBTB26	SMARCA4	chromatin immunoprecipitation assay	27924024	Homo sapiens	GTRD	No	Mm:Q6P9Q3;Rn:D3ZG35	Dr:A2BF92	Dr:Q7ZSY3;Mm:Q3TKT4;Rn:G3V790	-
Q9HCK0	Q8NFW8	57684	55907	ZBTB26	CMAS	chromatin immunoprecipitation assay	27924024	Homo sapiens	GTRD	No	Mm:Q6P9Q3;Rn:D3ZG35	Dr:A2BF92	Mm:A0A0R4J0B4;Rn:Q5M963	-
Q9HCK0	Q00653	57684	4791	ZBTB26	NFKB2	chromatin immunoprecipitation assay	27924024	Homo sapiens	GTRD	No	Mm:Q6P9Q3;Rn:D3ZG35	Dr:A2BF92	Dr:Q0II00;Mm:Q9WTK5;Rn:Q5U2Z4	-
Q9HCK0	Q9Y6R4	57684	4216	ZBTB26	MAP3K4	chromatin immunoprecipitation assay	27924024	Homo sapiens	GTRD	No	Mm:Q6P9Q3;Rn:D3ZG35	Dr:A2BF92	Dr:A0A0R4IK63;Mm:O08648;Rn:A0A0G2K3R1	-
Q9HCK0	P12429	57684	306	ZBTB26	ANXA3	chromatin immunoprecipitation assay	27924024	Homo sapiens	GTRD	No	Mm:Q6P9Q3;Rn:D3ZG35	Dr:A2BF92	Mm:O35639	Dr:Q5U369;Rn:P14669
Q9HCK0	Q9GZQ3	57684	28991	ZBTB26	COMMD5	chromatin immunoprecipitation assay	27924024	Homo sapiens	GTRD	No	Mm:Q6P9Q3;Rn:D3ZG35	Dr:A2BF92	Dr:F1QVM4;Mm:A0A0R4J0U7	Rn:G3V6K0
Q9HCK0	Q15907	57684	9230	ZBTB26	RAB11B	chromatin immunoprecipitation assay	27924024	Homo sapiens	GTRD	No	Mm:Q6P9Q3;Rn:D3ZG35	Dr:A2BF92	Dm:O18335;Mm:P46638;Rn:O35509	-
Q9HCK0	O60271	57684	9043	ZBTB26	SPAG9	chromatin immunoprecipitation assay	27924024	Homo sapiens	GTRD	No	Mm:Q6P9Q3;Rn:D3ZG35	Dr:A2BF92	Mm:Q58A65	Rn:A0A0G2K6E8
Q9HCK0	P38571	57684	3988	ZBTB26	LIPA	chromatin immunoprecipitation assay	27924024	Homo sapiens	GTRD	No	Mm:Q6P9Q3;Rn:D3ZG35	Dr:A2BF92	Dr:A8WGN9;Mm:Q9Z0M5;Rn:Q6IMY6	-
Q9HCK0	P02768	57684	213	ZBTB26	ALB	chromatin immunoprecipitation assay	27924024	Homo sapiens	GTRD	No	Mm:Q6P9Q3;Rn:D3ZG35	Dr:A2BF92	Mm:P07724;Rn:A0A0G2JSH5	-
Q9HCK0	Q16787	57684	3909	ZBTB26	LAMA3	chromatin immunoprecipitation assay	27924024	Homo sapiens	GTRD	No	Mm:Q6P9Q3;Rn:D3ZG35	Dr:A2BF92	-	-
Q9HCK0	P36551	57684	1371	ZBTB26	CPOX	chromatin immunoprecipitation assay	27924024	Homo sapiens	GTRD	No	Mm:Q6P9Q3;Rn:D3ZG35	Dr:A2BF92	Dm:Q9V3D2;Dr:Q1LY08;Mm:P36552;Rn:Q3B7D0;Sc:P11353	-
Q9HCK0	P00748	57684	2161	ZBTB26	F12	chromatin immunoprecipitation assay	27924024	Homo sapiens	GTRD	No	Mm:Q6P9Q3;Rn:D3ZG35	Dr:A2BF92	Mm:Q80YC5	Rn:A0A0H2UI19
Q9HCK0	Q96G01	57684	636	ZBTB26	BICD1	chromatin immunoprecipitation assay	27924024	Homo sapiens	GTRD	No	Mm:Q6P9Q3;Rn:D3ZG35	Dr:A2BF92	-	Dr:B8JIT9;Mm:B2KG46;Rn:D4ADZ2
Q9HCK0	O75626	57684	639	ZBTB26	PRDM1	chromatin immunoprecipitation assay	27924024	Homo sapiens	GTRD	No	Mm:Q6P9Q3;Rn:D3ZG35	Dr:A2BF92	Dr:Q68EH4;Mm:Q60636;Rn:A0A096MJU6	-
Q9HCK0	Q14767	57684	4053	ZBTB26	LTBP2	chromatin immunoprecipitation assay	27924024	Homo sapiens	GTRD	No	Mm:Q6P9Q3;Rn:D3ZG35	Dr:A2BF92	Mm:Q0VD84;Rn:A0A0G2K1G5	-
Q9HCK0	Q14152	57684	8661	ZBTB26	EIF3A	chromatin immunoprecipitation assay	27924024	Homo sapiens	GTRD	No	Mm:Q6P9Q3;Rn:D3ZG35	Dr:A2BF92	Ce:P34339;Dm:Q9VN25;Mm:P23116;Rn:Q1JU68;Sc:P38249	Dr:Q6PCR7
Q9HCK0	Q8WUA4	57684	2976	ZBTB26	GTF3C2	chromatin immunoprecipitation assay	27924024	Homo sapiens	GTRD	No	Mm:Q6P9Q3;Rn:D3ZG35	Dr:A2BF92	Dr:F1R215;Mm:Q3UU56;Mm:Q8BL74;Rn:A0A0G2K679	-
Q9HCK0	Q8NFZ0	57684	84893	ZBTB26	FBH1	chromatin immunoprecipitation assay	27924024	Homo sapiens	GTRD	No	Mm:Q6P9Q3;Rn:D3ZG35	Dr:A2BF92	-	-
Q9HCK0	A0A087WSV2	57684	-	ZBTB26	-	chromatin immunoprecipitation assay	27924024	Homo sapiens	GTRD	No	Mm:Q6P9Q3;Rn:D3ZG35	Dr:A2BF92	-	-
Q9HCK0	Q99624	57684	10991	ZBTB26	SLC38A3	chromatin immunoprecipitation assay	27924024	Homo sapiens	GTRD	No	Mm:Q6P9Q3;Rn:D3ZG35	Dr:A2BF92	Mm:Q9DCP2;Rn:Q9JHZ9	Dr:B0S6G0;Dr:A0A0R4IAD9
Q9HCK0	O00329	57684	5293	ZBTB26	PIK3CD	chromatin immunoprecipitation assay	27924024	Homo sapiens	GTRD	No	Mm:Q6P9Q3;Rn:D3ZG35	Dr:A2BF92	Dr:F1RB17	Mm:Q3T9Y0;Rn:D4A5Q1
Q9HCK0	P31371	57684	2254	ZBTB26	FGF9	chromatin immunoprecipitation assay	27924024	Homo sapiens	GTRD	No	Mm:Q6P9Q3;Rn:D3ZG35	Dr:A2BF92	Dr:Q2LJ24;Mm:P54130;Rn:P36364	-
Q9HCK0	A1XBS5	57684	137392	ZBTB26	FAM92A	chromatin immunoprecipitation assay	27924024	Homo sapiens	GTRD	No	Mm:Q6P9Q3;Rn:D3ZG35	Dr:A2BF92	Rn:D3ZP87	Dr:E9QCT2;Mm:J3KMP6
Q9HCK0	P53350	57684	5347	ZBTB26	PLK1	chromatin immunoprecipitation assay	27924024	Homo sapiens	GTRD	No	Mm:Q6P9Q3;Rn:D3ZG35	Dr:A2BF92	Ce:Q9N2L7;Ce:P34331;Dm:P52304;Dr:Q6DRK7;Mm:Q07832;Rn:A0A140TAD2;Sc:P32562	-
Q9HCK0	Q7LDG7	57684	10235	ZBTB26	RASGRP2	chromatin immunoprecipitation assay	27924024	Homo sapiens	GTRD	No	Mm:Q6P9Q3;Rn:D3ZG35	Dr:A2BF92	Mm:Q9QUG9;Rn:R9PXW6	-
Q9HCK0	Q8IWB9	57684	55852	ZBTB26	TEX2	chromatin immunoprecipitation assay	27924024	Homo sapiens	GTRD	No	Mm:Q6P9Q3;Rn:D3ZG35	Dr:A2BF92	Mm:Q6ZPJ0;Rn:G3V9L1	Dr:E7F4E5
Q9HCK0	Q9H3H3	57684	83638	ZBTB26	C11orf68	chromatin immunoprecipitation assay	27924024	Homo sapiens	GTRD	No	Mm:Q6P9Q3;Rn:D3ZG35	Dr:A2BF92	-	Dr:Q6NWH0;Mm:Q8VD62;Rn:Q566Q8
Q9HCK0	O43147	57684	9905	ZBTB26	SGSM2	chromatin immunoprecipitation assay	27924024	Homo sapiens	GTRD	No	Mm:Q6P9Q3;Rn:D3ZG35	Dr:A2BF92	Mm:Q80U12;Rn:A0A0U1RS33	-
Q9HCK0	Q96L15	57684	116969	ZBTB26	ART5	chromatin immunoprecipitation assay	27924024	Homo sapiens	GTRD	No	Mm:Q6P9Q3;Rn:D3ZG35	Dr:A2BF92	Mm:P70352	Rn:Q5XHY4
Q9HCK0	O75525	57684	10656	ZBTB26	KHDRBS3	chromatin immunoprecipitation assay	27924024	Homo sapiens	GTRD	No	Mm:Q6P9Q3;Rn:D3ZG35	Dr:A2BF92	Mm:Q9R226	Rn:F1LMN8
Q9HCK0	Q9H579	57684	140699	ZBTB26	MROH8	chromatin immunoprecipitation assay	27924024	Homo sapiens	GTRD	No	Mm:Q6P9Q3;Rn:D3ZG35	Dr:A2BF92	-	-
Q9HCK0	Q99523	57684	6272	ZBTB26	SORT1	chromatin immunoprecipitation assay	27924024	Homo sapiens	GTRD	No	Mm:Q6P9Q3;Rn:D3ZG35	Dr:A2BF92	Dr:A0A0R4IEP6;Dr:A5PMG8;Mm:Q6PHU5;Rn:O54861	-
Q9HCK0	P22626	57684	3181	ZBTB26	HNRNPA2B1	chromatin immunoprecipitation assay	27924024	Homo sapiens	GTRD	No	Mm:Q6P9Q3;Rn:D3ZG35	Dr:A2BF92	Ce:Q22037;Mm:O88569;Rn:F1LNF1	-
Q9HCK0	P31270	57684	3207	ZBTB26	HOXA11	chromatin immunoprecipitation assay	27924024	Homo sapiens	GTRD	No	Mm:Q6P9Q3;Rn:D3ZG35	Dr:A2BF92	Dr:F1RBM6;Mm:P31311	Rn:G3V6Z0
Q9HCK0	P48645	57684	10874	ZBTB26	NMU	chromatin immunoprecipitation assay	27924024	Homo sapiens	GTRD	No	Mm:Q6P9Q3;Rn:D3ZG35	Dr:A2BF92	Dr:F1R3S7;Mm:Q9QXK8	Rn:P12760
Q9HCK0	Q5I0X4	57684	441150	ZBTB26	C6orf226	chromatin immunoprecipitation assay	27924024	Homo sapiens	GTRD	No	Mm:Q6P9Q3;Rn:D3ZG35	Dr:A2BF92	-	-
Q9HCK0	Q96S53	57684	10420	ZBTB26	TESK2	chromatin immunoprecipitation assay	27924024	Homo sapiens	GTRD	No	Mm:Q6P9Q3;Rn:D3ZG35	Dr:A2BF92	Dr:B8A5U8;Mm:Q8VCT9;Rn:Q924U5	-
Q9HCK0	P55884	57684	8662	ZBTB26	EIF3B	chromatin immunoprecipitation assay	27924024	Homo sapiens	GTRD	No	Mm:Q6P9Q3;Rn:D3ZG35	Dr:A2BF92	Ce:Q9XWI6;Dm:Q0E940;Dr:F1QX66;Dr:X1WET9;Mm:Q8JZQ9;Rn:Q4G061;Sc:P06103	-
Q9HCK0	Q9BZE1	57684	51253	ZBTB26	MRPL37	chromatin immunoprecipitation assay	27924024	Homo sapiens	GTRD	No	Mm:Q6P9Q3;Rn:D3ZG35	Dr:A2BF92	Dm:Q9VGW9;Dr:B0UYI3;Mm:Q921S7;Rn:Q6AXT0	-
Q9HCK0	Q6UWU2	57684	79411	ZBTB26	GLB1L	chromatin immunoprecipitation assay	27924024	Homo sapiens	GTRD	No	Mm:Q6P9Q3;Rn:D3ZG35	Dr:A2BF92	Mm:Q8VC60;Rn:B1WBS6	-
Q9HCK0	Q9P203	57684	55727	ZBTB26	BTBD7	chromatin immunoprecipitation assay	27924024	Homo sapiens	GTRD	No	Mm:Q6P9Q3;Rn:D3ZG35	Dr:A2BF92	Dr:Q5TZA6;Mm:Q8CFE5	Rn:A0A0G2K9E3
Q9HCK0	Q8NCW5	57684	128240	ZBTB26	NAXE	chromatin immunoprecipitation assay	27924024	Homo sapiens	GTRD	No	Mm:Q6P9Q3;Rn:D3ZG35	Dr:A2BF92	Dm:Q9W2Y3;Mm:Q8K4Z3;Rn:B0BNM1;Sc:P40165	Dr:Q6DHK1
Q9HCK0	Q9NRM2	57684	11179	ZBTB26	ZNF277	chromatin immunoprecipitation assay	27924024	Homo sapiens	GTRD	No	Mm:Q6P9Q3;Rn:D3ZG35	Dr:A2BF92	Ce:Q20448;Dm:Q9W1V7;Dr:F8W3G1;Rn:M0RDU3	Mm:Q3U0V6
Q9HCK0	P05111	57684	3623	ZBTB26	INHA	chromatin immunoprecipitation assay	27924024	Homo sapiens	GTRD	No	Mm:Q6P9Q3;Rn:D3ZG35	Dr:A2BF92	Mm:Q04997	Dr:Q1LYE4;Rn:P17490
Q9HCK0	Q9ULI3	57684	57493	ZBTB26	HEG1	chromatin immunoprecipitation assay	27924024	Homo sapiens	GTRD	No	Mm:Q6P9Q3;Rn:D3ZG35	Dr:A2BF92	Mm:E9Q7X6;Rn:F1M9I4	-
Q9HCK0	Q07326	57684	5281	ZBTB26	PIGF	chromatin immunoprecipitation assay	27924024	Homo sapiens	GTRD	No	Mm:Q6P9Q3;Rn:D3ZG35	Dr:A2BF92	Dr:Q6P0J9;Mm:O09101	Rn:D3ZZU7
Q9HCK0	Q16585	57684	6443	ZBTB26	SGCB	chromatin immunoprecipitation assay	27924024	Homo sapiens	GTRD	No	Mm:Q6P9Q3;Rn:D3ZG35	Dr:A2BF92	Dm:Q9VG77;Mm:P82349;Rn:A0A0G2K1V7	Dr:Q3ZB93
Q9HCK0	Q96QR8	57684	5814	ZBTB26	PURB	chromatin immunoprecipitation assay	27924024	Homo sapiens	GTRD	No	Mm:Q6P9Q3;Rn:D3ZG35	Dr:A2BF92	Dr:Q6PHK6;Dr:A0A0R4IS70;Mm:O35295;Rn:A0A0G2JUX5	-
Q9HCK0	Q75T13	57684	80055	ZBTB26	PGAP1	chromatin immunoprecipitation assay	27924024	Homo sapiens	GTRD	No	Mm:Q6P9Q3;Rn:D3ZG35	Dr:A2BF92	Dm:Q9W495;Dr:F1R8J0;Mm:Q3UUQ7;Rn:Q765A7	-
Q9HCK0	Q14565	57684	11144	ZBTB26	DMC1	chromatin immunoprecipitation assay	27924024	Homo sapiens	GTRD	No	Mm:Q6P9Q3;Rn:D3ZG35	Dr:A2BF92	Dr:B3DIR0;Mm:Q61880;Sc:P25453	Rn:D3ZJ85
Q9HCK0	Q9BRA2	57684	84817	ZBTB26	TXNDC17	chromatin immunoprecipitation assay	27924024	Homo sapiens	GTRD	No	Mm:Q6P9Q3;Rn:D3ZG35	Dr:A2BF92	Dm:Q9VMQ9;Mm:Q9CQM5;Rn:B0K010	Ce:Q9BL27;Dr:Q6DBT3
Q9HCK0	P62899	57684	6160	ZBTB26	RPL31	chromatin immunoprecipitation assay	27924024	Homo sapiens	GTRD	No	Mm:Q6P9Q3;Rn:D3ZG35	Dr:A2BF92	Ce:Q9U332;Dm:Q9V597;Dr:Q24JV3;Mm:P62900;Rn:D4ABZ9;Rn:D3ZX87;Rn:P62902;Sc:P0C2H8;Sc:P0C2H9	-
Q9HCK0	Q9NPJ8	57684	55916	ZBTB26	NXT2	chromatin immunoprecipitation assay	27924024	Homo sapiens	GTRD	No	Mm:Q6P9Q3;Rn:D3ZG35	Dr:A2BF92	Dr:E9QCN6;Rn:A0A140TAD4	-
Q9HCK0	Q9BTP7	57684	91442	ZBTB26	FAAP24	chromatin immunoprecipitation assay	27924024	Homo sapiens	GTRD	No	Mm:Q6P9Q3;Rn:D3ZG35	Dr:A2BF92	Dr:F1RAG8;Mm:Q8BHL6;Rn:D3ZE71	-
Q9HCK0	P48544	57684	3762	ZBTB26	KCNJ5	chromatin immunoprecipitation assay	27924024	Homo sapiens	GTRD	No	Mm:Q6P9Q3;Rn:D3ZG35	Dr:A2BF92	Mm:P48545	Dr:I3ISI0;Rn:P48548
Q9HCK0	Q9Y5A7	57684	51667	ZBTB26	NUB1	chromatin immunoprecipitation assay	27924024	Homo sapiens	GTRD	No	Mm:Q6P9Q3;Rn:D3ZG35	Dr:A2BF92	Dm:Q9VBQ3;Dm:Q9VRF3;Rn:F7ES73	-
Q9HCK0	Q8IY47	57684	25948	ZBTB26	KBTBD2	chromatin immunoprecipitation assay	27924024	Homo sapiens	GTRD	No	Mm:Q6P9Q3;Rn:D3ZG35	Dr:A2BF92	Dr:Q08CL1;Mm:G3X9X1;Rn:D3ZVS6	-
Q9HCK0	Q92837	57684	10023	ZBTB26	FRAT1	chromatin immunoprecipitation assay	27924024	Homo sapiens	GTRD	No	Mm:Q6P9Q3;Rn:D3ZG35	Dr:A2BF92	-	-
Q9HCK0	Q8NHX9	57684	219931	ZBTB26	TPCN2	chromatin immunoprecipitation assay	27924024	Homo sapiens	GTRD	No	Mm:Q6P9Q3;Rn:D3ZG35	Dr:A2BF92	Mm:Q8BWC0;Rn:D3ZTJ6	-
Q9HCK0	Q8NBW4	57684	153129	ZBTB26	SLC38A9	chromatin immunoprecipitation assay	27924024	Homo sapiens	GTRD	No	Mm:Q6P9Q3;Rn:D3ZG35	Dr:A2BF92	Dr:Q08BA4;Mm:Q8BGD6;Rn:Q3B8Q3	Ce:Q8T3E2
Q9HCK0	Q7Z402	57684	79905	ZBTB26	TMC7	chromatin immunoprecipitation assay	27924024	Homo sapiens	GTRD	No	Mm:Q6P9Q3;Rn:D3ZG35	Dr:A2BF92	Mm:Q8C428;Rn:D3ZJC3	-
Q9HCK0	Q53S33	57684	388962	ZBTB26	BOLA3	chromatin immunoprecipitation assay	27924024	Homo sapiens	GTRD	No	Mm:Q6P9Q3;Rn:D3ZG35	Dr:A2BF92	Ce:Q9NEY7;Mm:Q8CEI1;Rn:D3ZT98	Dr:Q6DC87
Q9HCK0	Q9UKI2	57684	10602	ZBTB26	CDC42EP3	chromatin immunoprecipitation assay	27924024	Homo sapiens	GTRD	No	Mm:Q6P9Q3;Rn:D3ZG35	Dr:A2BF92	Dr:Q66HU1;Mm:Q9CQC5;Rn:Q0VGK8	-
Q9HCK0	O60583	57684	905	ZBTB26	CCNT2	chromatin immunoprecipitation assay	27924024	Homo sapiens	GTRD	No	Mm:Q6P9Q3;Rn:D3ZG35	Dr:A2BF92	Mm:Q7TQK0;Rn:D3ZGL6	Dr:Q803Q8
Q9HCK0	Q6NZ67	57684	80097	ZBTB26	MZT2B	chromatin immunoprecipitation assay	27924024	Homo sapiens	GTRD	No	Mm:Q6P9Q3;Rn:D3ZG35	Dr:A2BF92	-	-
Q9HCK0	Q96JQ2	57684	79789	ZBTB26	CLMN	chromatin immunoprecipitation assay	27924024	Homo sapiens	GTRD	No	Mm:Q6P9Q3;Rn:D3ZG35	Dr:A2BF92	Mm:Q8C5W0;Rn:D4A626	-
Q9HCK0	O75323	57684	2631	ZBTB26	NIPSNAP2	chromatin immunoprecipitation assay	27924024	Homo sapiens	GTRD	No	Mm:Q6P9Q3;Rn:D3ZG35	Dr:A2BF92	Mm:Q7TMG8;Rn:Q5RK08	-
Q9HCK0	P53539	57684	2354	ZBTB26	FOSB	chromatin immunoprecipitation assay	27924024	Homo sapiens	GTRD	No	Mm:Q6P9Q3;Rn:D3ZG35	Dr:A2BF92	Dr:Q1LXX4;Mm:P13346;Rn:D3ZLB7	-
Q9HCK0	Q9BQA1	57684	79084	ZBTB26	WDR77	chromatin immunoprecipitation assay	27924024	Homo sapiens	GTRD	No	Mm:Q6P9Q3;Rn:D3ZG35	Dr:A2BF92	Dm:Q9VIP8;Mm:Q99J09	Rn:Q7TPI7
Q9HCK0	P18085	57684	378	ZBTB26	ARF4	chromatin immunoprecipitation assay	27924024	Homo sapiens	GTRD	No	Mm:Q6P9Q3;Rn:D3ZG35	Dr:A2BF92	Dm:P40945;Dr:Q6DC20;Dr:Q6P5M5;Mm:P61750;Rn:P61751	-
Q9HCK0	Q9Y221	57684	51388	ZBTB26	NIP7	chromatin immunoprecipitation assay	27924024	Homo sapiens	GTRD	No	Mm:Q6P9Q3;Rn:D3ZG35	Dr:A2BF92	Ce:P91154;Dm:Q9VC28;Dr:Q503P2;Mm:Q9CXK8;Rn:Q9WV50;Sc:Q08962	-
Q9HCK0	Q9Y2R0	57684	28958	ZBTB26	COA3	chromatin immunoprecipitation assay	27924024	Homo sapiens	GTRD	No	Mm:Q6P9Q3;Rn:D3ZG35	Dr:A2BF92	Dm:P0DKM0;Dr:F1QBJ3;Mm:Q9D2R6;Rn:D3Z9I1	-
Q9HCK0	Q02045	57684	4636	ZBTB26	MYL5	chromatin immunoprecipitation assay	27924024	Homo sapiens	GTRD	No	Mm:Q6P9Q3;Rn:D3ZG35	Dr:A2BF92	-	-
Q9HCK0	P54802	57684	4669	ZBTB26	NAGLU	chromatin immunoprecipitation assay	27924024	Homo sapiens	GTRD	No	Mm:Q6P9Q3;Rn:D3ZG35	Dr:A2BF92	Ce:Q9NAP6;Dm:Q9VLL5;Dr:E7EYP9;Mm:O88325;Rn:D3ZZL3	-
Q9HCK0	Q9UIF8	57684	29994	ZBTB26	BAZ2B	chromatin immunoprecipitation assay	27924024	Homo sapiens	GTRD	No	Mm:Q6P9Q3;Rn:D3ZG35	Dr:A2BF92	Mm:A2AUY4;Rn:A0A0G2K175	-
Q9HCK0	Q5TH74	57684	90529	ZBTB26	STPG1	chromatin immunoprecipitation assay	27924024	Homo sapiens	GTRD	No	Mm:Q6P9Q3;Rn:D3ZG35	Dr:A2BF92	Dr:A0A0R4IZT8;Mm:Q9D2F5;Rn:Q4KLY8	-
Q9HCK0	P36639	57684	4521	ZBTB26	NUDT1	chromatin immunoprecipitation assay	27924024	Homo sapiens	GTRD	No	Mm:Q6P9Q3;Rn:D3ZG35	Dr:A2BF92	-	-
Q9HCK0	Q8IXT5	57684	389677	ZBTB26	RBM12B	chromatin immunoprecipitation assay	27924024	Homo sapiens	GTRD	No	Mm:Q6P9Q3;Rn:D3ZG35	Dr:A2BF92	Mm:Q66JV4;Mm:Q80YR9	Rn:D3ZM54
Q9HCK0	Q92736	57684	6262	ZBTB26	RYR2	chromatin immunoprecipitation assay	27924024	Homo sapiens	GTRD	No	Mm:Q6P9Q3;Rn:D3ZG35	Dr:A2BF92	Mm:E9Q401	Rn:F1LS89
Q9HCK0	P15923	57684	6929	ZBTB26	TCF3	chromatin immunoprecipitation assay	27924024	Homo sapiens	GTRD	No	Mm:Q6P9Q3;Rn:D3ZG35	Dr:A2BF92	Dr:B1H1L4;Mm:P15806;Rn:A0A0G2K030	-
Q9HCK0	P68402	57684	5049	ZBTB26	PAFAH1B2	chromatin immunoprecipitation assay	27924024	Homo sapiens	GTRD	No	Mm:Q6P9Q3;Rn:D3ZG35	Dr:A2BF92	Dm:Q9VXP4;Dr:A2BGB4;Mm:Q61206;Rn:O35264	-
Q9HCK0	O00764	57684	8566	ZBTB26	PDXK	chromatin immunoprecipitation assay	27924024	Homo sapiens	GTRD	No	Mm:Q6P9Q3;Rn:D3ZG35	Dr:A2BF92	Dm:Q7KUC2;Dr:B8A4Q2;Mm:Q8K183;Rn:D3Z8P5;Rn:G3V647;Sc:P39988;Sc:P53727	Ce:G8JXZ7;Dr:B0S7H1
Q9HCK0	Q9BT30	57684	84266	ZBTB26	ALKBH7	chromatin immunoprecipitation assay	27924024	Homo sapiens	GTRD	No	Mm:Q6P9Q3;Rn:D3ZG35	Dr:A2BF92	Ce:Q7YWP5;Dm:Q9VTP1;Dr:Q5PNQ5;Mm:Q9D6Z0;Rn:M0R7T2	-
Q9HCK0	O15504	57684	11097	ZBTB26	NUP42	chromatin immunoprecipitation assay	27924024	Homo sapiens	GTRD	No	Mm:Q6P9Q3;Rn:D3ZG35	Dr:A2BF92	Mm:E9QL43;Rn:D3ZHV0	Dr:Q6P0U9
Q9HCK0	Q9H0H0	57684	57508	ZBTB26	INTS2	chromatin immunoprecipitation assay	27924024	Homo sapiens	GTRD	No	Mm:Q6P9Q3;Rn:D3ZG35	Dr:A2BF92	-	-
Q9HCK0	Q6P996	57684	23042	ZBTB26	PDXDC1	chromatin immunoprecipitation assay	27924024	Homo sapiens	GTRD	No	Mm:Q6P9Q3;Rn:D3ZG35	Dr:A2BF92	Ce:B1Q254;Dm:Q9VRG8;Mm:Q99K01;Rn:G3V6B0	Dr:A0A0R4IQA6;Rn:F1M024
Q9HCK0	O94880	57684	9678	ZBTB26	PHF14	chromatin immunoprecipitation assay	27924024	Homo sapiens	GTRD	No	Mm:Q6P9Q3;Rn:D3ZG35	Dr:A2BF92	-	-
Q9HCK0	Q86T90	57684	57536	ZBTB26	KIAA1328	chromatin immunoprecipitation assay	27924024	Homo sapiens	GTRD	No	Mm:Q6P9Q3;Rn:D3ZG35	Dr:A2BF92	Dr:F1Q4N8	Mm:E9QPX6;Rn:F1LT68
Q9HCK0	Q6PJP8	57684	9937	ZBTB26	DCLRE1A	chromatin immunoprecipitation assay	27924024	Homo sapiens	GTRD	No	Mm:Q6P9Q3;Rn:D3ZG35	Dr:A2BF92	Mm:S4R1N2;Rn:D3Z924	-
Q9HCK0	O14979	57684	9987	ZBTB26	HNRNPDL	chromatin immunoprecipitation assay	27924024	Homo sapiens	GTRD	No	Mm:Q6P9Q3;Rn:D3ZG35	Dr:A2BF92	Dr:Q7SXN2;Mm:D3YTQ3;Rn:Q3SWU3	-
Q9HCK0	Q14978	57684	9221	ZBTB26	NOLC1	chromatin immunoprecipitation assay	27924024	Homo sapiens	GTRD	No	Mm:Q6P9Q3;Rn:D3ZG35	Dr:A2BF92	Ce:Q9XVS4;Dr:B8JIY2;Mm:E9Q5C9;Rn:P41777	-
Q9HCK0	Q8WWB5	57684	120379	ZBTB26	PIH1D2	chromatin immunoprecipitation assay	27924024	Homo sapiens	GTRD	No	Mm:Q6P9Q3;Rn:D3ZG35	Dr:A2BF92	Mm:Q8CHR9;Rn:D3ZRH4	Dr:F1RA60
Q9HCK0	Q99835	57684	6608	ZBTB26	SMO	chromatin immunoprecipitation assay	27924024	Homo sapiens	GTRD	No	Mm:Q6P9Q3;Rn:D3ZG35	Dr:A2BF92	Dr:Q5RH73;Mm:P56726;Rn:G3V736	-
Q9HCK0	P52298	57684	22916	ZBTB26	NCBP2	chromatin immunoprecipitation assay	27924024	Homo sapiens	GTRD	No	Mm:Q6P9Q3;Rn:D3ZG35	Dr:A2BF92	Ce:Q93594;Dm:Q9V3L6;Dr:Q8JGR6;Mm:Q9CQ49	Rn:B1WC40
Q9HCK0	G3V2T6	57684	-	ZBTB26	-	chromatin immunoprecipitation assay	27924024	Homo sapiens	GTRD	No	Mm:Q6P9Q3;Rn:D3ZG35	Dr:A2BF92	-	-
Q9HCK0	Q9HCN8	57684	23753	ZBTB26	SDF2L1	chromatin immunoprecipitation assay	27924024	Homo sapiens	GTRD	No	Mm:Q6P9Q3;Rn:D3ZG35	Dr:A2BF92	Mm:Q9ESP1;Rn:D4A9Y0	Dr:A2BIR7
Q9HCK0	P46937	57684	10413	ZBTB26	YAP1	chromatin immunoprecipitation assay	27924024	Homo sapiens	GTRD	No	Mm:Q6P9Q3;Rn:D3ZG35	Dr:A2BF92	Dr:Q1L8J7;Mm:P46938;Rn:Q2EJA0	-
Q9HCK0	Q96P50	57684	116983	ZBTB26	ACAP3	chromatin immunoprecipitation assay	27924024	Homo sapiens	GTRD	No	Mm:Q6P9Q3;Rn:D3ZG35	Dr:A2BF92	Mm:Q6NXL5;Rn:A0A0G2K5N8	Dr:A0A0R4IAC2;Dr:E7FEY6
Q9HCK0	Q9Y3A5	57684	51119	ZBTB26	SBDS	chromatin immunoprecipitation assay	27924024	Homo sapiens	GTRD	No	Mm:Q6P9Q3;Rn:D3ZG35	Dr:A2BF92	-	-
Q9HCK0	Q8N5A5	57684	84619	ZBTB26	ZGPAT	chromatin immunoprecipitation assay	27924024	Homo sapiens	GTRD	No	Mm:Q6P9Q3;Rn:D3ZG35	Dr:A2BF92	-	-
Q9HCK0	Q8IW45	57684	55739	ZBTB26	NAXD	chromatin immunoprecipitation assay	27924024	Homo sapiens	GTRD	No	Mm:Q6P9Q3;Rn:D3ZG35	Dr:A2BF92	Dr:F1Q575;Rn:D3ZLK9	Mm:J3QMM7
Q9HCK0	Q14139	57684	9354	ZBTB26	UBE4A	chromatin immunoprecipitation assay	27924024	Homo sapiens	GTRD	No	Mm:Q6P9Q3;Rn:D3ZG35	Dr:A2BF92	Dm:Q9U4F8;Dr:E7F6E1	Mm:G3X9Y5;Rn:Q7TP51
Q9HCK0	P15822	57684	3096	ZBTB26	HIVEP1	chromatin immunoprecipitation assay	27924024	Homo sapiens	GTRD	No	Mm:Q6P9Q3;Rn:D3ZG35	Dr:A2BF92	-	-
Q9HCK0	Q8NFX7	57684	29091	ZBTB26	STXBP6	chromatin immunoprecipitation assay	27924024	Homo sapiens	GTRD	No	Mm:Q6P9Q3;Rn:D3ZG35	Dr:A2BF92	Mm:Q3TYA4;Rn:D3ZCI5	-
Q9HCK0	P35398	57684	6095	ZBTB26	RORA	chromatin immunoprecipitation assay	27924024	Homo sapiens	GTRD	No	Mm:Q6P9Q3;Rn:D3ZG35	Dr:A2BF92	Mm:P51448;Rn:F1LZZ3	Dr:F1QLY4
Q9HCK0	P05423	57684	661	ZBTB26	POLR3D	chromatin immunoprecipitation assay	27924024	Homo sapiens	GTRD	No	Mm:Q6P9Q3;Rn:D3ZG35	Dr:A2BF92	Dm:Q8SYM9;Mm:Q91WD1;Rn:Q4FZS9	Dr:A8E5I3
Q9HCK0	Q9BYT3	57684	65975	ZBTB26	STK33	chromatin immunoprecipitation assay	27924024	Homo sapiens	GTRD	No	Mm:Q6P9Q3;Rn:D3ZG35	Dr:A2BF92	Dr:Q5RHZ0;Mm:Q924X7	Rn:D4A165
Q9HCK0	Q9BY44	57684	83939	ZBTB26	EIF2A	chromatin immunoprecipitation assay	27924024	Homo sapiens	GTRD	No	Mm:Q6P9Q3;Rn:D3ZG35	Dr:A2BF92	Ce:Q19052;Dm:Q9VNX8;Dr:F1QYG1;Mm:Q8BJW6;Rn:D3ZUV3;Sc:P53235	-
Q9HCK0	O15403	57684	9120	ZBTB26	SLC16A6	chromatin immunoprecipitation assay	27924024	Homo sapiens	GTRD	No	Mm:Q6P9Q3;Rn:D3ZG35	Dr:A2BF92	Dr:A0A0G2L0H0;Dr:I3ITI5;Mm:B1AT66;Rn:A0A0G2K5U1	Dr:A0A0R4IHG0
Q9HCK0	O60381	57684	26959	ZBTB26	HBP1	chromatin immunoprecipitation assay	27924024	Homo sapiens	GTRD	No	Mm:Q6P9Q3;Rn:D3ZG35	Dr:A2BF92	Dr:F1QK54;Mm:E9Q1A8;Rn:Z4YNI2	-
Q9HCK0	Q6P280	57684	57711	ZBTB26	ZNF529	chromatin immunoprecipitation assay	27924024	Homo sapiens	GTRD	No	Mm:Q6P9Q3;Rn:D3ZG35	Dr:A2BF92	-	-
Q9HCK0	Q96HQ0	57684	79744	ZBTB26	ZNF419	chromatin immunoprecipitation assay	27924024	Homo sapiens	GTRD	No	Mm:Q6P9Q3;Rn:D3ZG35	Dr:A2BF92	-	-
Q9HCK0	A0A0U1RRN3	57684	-	ZBTB26	SPTY2D1OS	chromatin immunoprecipitation assay	27924024	Homo sapiens	GTRD	No	Mm:Q6P9Q3;Rn:D3ZG35	Dr:A2BF92	-	-
Q9HCK0	O75121	57684	9848	ZBTB26	MFAP3L	chromatin immunoprecipitation assay	27924024	Homo sapiens	GTRD	No	Mm:Q6P9Q3;Rn:D3ZG35	Dr:A2BF92	Dr:E7F6P5;Mm:Q9D3X9	Rn:Q6AYP2
Q9HCK0	Q9BUB4	57684	23536	ZBTB26	ADAT1	chromatin immunoprecipitation assay	27924024	Homo sapiens	GTRD	No	Mm:Q6P9Q3;Rn:D3ZG35	Dr:A2BF92	Dm:Q9V3R6;Dr:F1R076;Mm:Q9JHI2;Rn:D4ADL5	-
Q9HCK0	Q12857	57684	4774	ZBTB26	NFIA	chromatin immunoprecipitation assay	27924024	Homo sapiens	GTRD	No	Mm:Q6P9Q3;Rn:D3ZG35	Dr:A2BF92	Dr:Q1L9B0;Mm:Q02780;Rn:A0A0G2K5I9	-
Q9HCK0	Q969I3	57684	92292	ZBTB26	GLYATL1	chromatin immunoprecipitation assay	27924024	Homo sapiens	GTRD	No	Mm:Q6P9Q3;Rn:D3ZG35	Dr:A2BF92	-	-
Q9HCK0	Q9H175	57684	81566	ZBTB26	CSRNP2	chromatin immunoprecipitation assay	27924024	Homo sapiens	GTRD	No	Mm:Q6P9Q3;Rn:D3ZG35	Dr:A2BF92	Mm:Q8BGQ2;Rn:D4A1W4	-
Q9HCK0	Q9UKX5	57684	22801	ZBTB26	ITGA11	chromatin immunoprecipitation assay	27924024	Homo sapiens	GTRD	No	Mm:Q6P9Q3;Rn:D3ZG35	Dr:A2BF92	Dr:X1WBF9;Mm:A0A0B4J1F0	Dr:F1QWI2;Rn:F1LUU1
Q9HCK0	Q496M5	57684	126520	ZBTB26	PLK5	chromatin immunoprecipitation assay	27924024	Homo sapiens	GTRD	No	Mm:Q6P9Q3;Rn:D3ZG35	Dr:A2BF92	-	-
Q9HCK0	Q9GZR2	57684	57109	ZBTB26	REXO4	chromatin immunoprecipitation assay	27924024	Homo sapiens	GTRD	No	Mm:Q6P9Q3;Rn:D3ZG35	Dr:A2BF92	Mm:Q6PAQ4;Rn:B1WBN4	-
Q9HCK0	Q9Y2A4	57684	10224	ZBTB26	ZNF443	chromatin immunoprecipitation assay	27924024	Homo sapiens	GTRD	No	Mm:Q6P9Q3;Rn:D3ZG35	Dr:A2BF92	-	-
Q9HCK0	Q03721	57684	3749	ZBTB26	KCNC4	chromatin immunoprecipitation assay	27924024	Homo sapiens	GTRD	No	Mm:Q6P9Q3;Rn:D3ZG35	Dr:A2BF92	Mm:Q8R1C0	Rn:A0A0G2JTV8
Q9HCK0	Q12980	57684	8131	ZBTB26	NPRL3	chromatin immunoprecipitation assay	27924024	Homo sapiens	GTRD	No	Mm:Q6P9Q3;Rn:D3ZG35	Dr:A2BF92	Dm:Q9VUB4;Dr:F1QH43;Mm:Q8VIJ8;Rn:A0A0G2K0K3	Ce:Q20069
Q9HCK0	Q6DN90	57684	9922	ZBTB26	IQSEC1	chromatin immunoprecipitation assay	27924024	Homo sapiens	GTRD	No	Mm:Q6P9Q3;Rn:D3ZG35	Dr:A2BF92	-	-
Q9HCK0	P98175	57684	8241	ZBTB26	RBM10	chromatin immunoprecipitation assay	27924024	Homo sapiens	GTRD	No	Mm:Q6P9Q3;Rn:D3ZG35	Dr:A2BF92	Mm:Q99KG3	Dr:F1R4L1;Rn:A0A0G2K3S6
Q9HCK0	Q9NTN3	57684	23169	ZBTB26	SLC35D1	chromatin immunoprecipitation assay	27924024	Homo sapiens	GTRD	No	Mm:Q6P9Q3;Rn:D3ZG35	Dr:A2BF92	Dm:Q95YI5;Dr:E9QF41;Dr:F1QZD9;Mm:A2AKQ0;Rn:D3ZVG2	Ce:Q18779
Q9HCK0	P05937	57684	793	ZBTB26	CALB1	chromatin immunoprecipitation assay	27924024	Homo sapiens	GTRD	No	Mm:Q6P9Q3;Rn:D3ZG35	Dr:A2BF92	Mm:P12658;Rn:P07171	Dr:E9QJF8
Q9HCK0	Q4L180	57684	11259	ZBTB26	FILIP1L	chromatin immunoprecipitation assay	27924024	Homo sapiens	GTRD	No	Mm:Q6P9Q3;Rn:D3ZG35	Dr:A2BF92	Rn:D4A900	Mm:E0CYH7
Q9HCK0	O00562	57684	9600	ZBTB26	PITPNM1	chromatin immunoprecipitation assay	27924024	Homo sapiens	GTRD	No	Mm:Q6P9Q3;Rn:D3ZG35	Dr:A2BF92	Mm:O35954;Rn:Q5U2N3	-
Q9HCK0	Q9H4I3	57684	80305	ZBTB26	TRABD	chromatin immunoprecipitation assay	27924024	Homo sapiens	GTRD	No	Mm:Q6P9Q3;Rn:D3ZG35	Dr:A2BF92	Ce:H2KZA2;Dr:Q7SXD1;Mm:Q99JY4;Rn:D3ZML4	-
Q9HCK0	Q58EX7	57684	25894	ZBTB26	PLEKHG4	chromatin immunoprecipitation assay	27924024	Homo sapiens	GTRD	No	Mm:Q6P9Q3;Rn:D3ZG35	Dr:A2BF92	Mm:F8VPS6;Rn:D3ZQ60	-
Q9HCK0	O14777	57684	10403	ZBTB26	NDC80	chromatin immunoprecipitation assay	27924024	Homo sapiens	GTRD	No	Mm:Q6P9Q3;Rn:D3ZG35	Dr:A2BF92	Ce:Q17635;Dm:Q9VYB1;Dr:Q6DRJ7;Mm:Q9D0F1;Rn:F7F189;Sc:P40460	-
Q9HCK0	Q14161	57684	9815	ZBTB26	GIT2	chromatin immunoprecipitation assay	27924024	Homo sapiens	GTRD	No	Mm:Q6P9Q3;Rn:D3ZG35	Dr:A2BF92	Dm:Q95RG8;Dr:A2BG45;Rn:Q66H91	Mm:E9PVA6
Q9HCK0	Q9H074	57684	10605	ZBTB26	PAIP1	chromatin immunoprecipitation assay	27924024	Homo sapiens	GTRD	No	Mm:Q6P9Q3;Rn:D3ZG35	Dr:A2BF92	Rn:A0A0G2JVP5	Dr:Q6DBW2;Mm:F6Y616
Q9HCK0	Q9UJX4	57684	51433	ZBTB26	ANAPC5	chromatin immunoprecipitation assay	27924024	Homo sapiens	GTRD	No	Mm:Q6P9Q3;Rn:D3ZG35	Dr:A2BF92	Dm:Q9VZL2;Mm:Q8BTZ4;Rn:A0A0H2UH97	Dr:A0A0R4IBB9
Q9HCK0	Q99633	57684	8559	ZBTB26	PRPF18	chromatin immunoprecipitation assay	27924024	Homo sapiens	GTRD	No	Mm:Q6P9Q3;Rn:D3ZG35	Dr:A2BF92	Ce:O45431;Dm:Q9V437;Mm:Q8BM39	Dr:Z4YHX5;Rn:A0A0G2K7J2
Q9HCK0	Q9Y5S2	57684	9578	ZBTB26	CDC42BPB	chromatin immunoprecipitation assay	27924024	Homo sapiens	GTRD	No	Mm:Q6P9Q3;Rn:D3ZG35	Dr:A2BF92	Dr:Q5TZ42;Mm:Q7TT50;Rn:Q7TT49	-
Q9HCK0	P22736	57684	3164	ZBTB26	NR4A1	chromatin immunoprecipitation assay	27924024	Homo sapiens	GTRD	No	Mm:Q6P9Q3;Rn:D3ZG35	Dr:A2BF92	Mm:P12813;Rn:P22829	-
Q9HCK0	Q9BV19	57684	79078	ZBTB26	C1orf50	chromatin immunoprecipitation assay	27924024	Homo sapiens	GTRD	No	Mm:Q6P9Q3;Rn:D3ZG35	Dr:A2BF92	Dr:F1Q9L1;Mm:Q5EBG8;Rn:D4A7G9	Ce:Q09227
Q9HCK0	Q9H2F9	57684	80323	ZBTB26	CCDC68	chromatin immunoprecipitation assay	27924024	Homo sapiens	GTRD	No	Mm:Q6P9Q3;Rn:D3ZG35	Dr:A2BF92	Mm:Q8BVC4;Rn:A0JPN5	-
Q9HCK0	Q69YZ2	57684	399474	ZBTB26	TMEM200B	chromatin immunoprecipitation assay	27924024	Homo sapiens	GTRD	No	Mm:Q6P9Q3;Rn:D3ZG35	Dr:A2BF92	Mm:D3Z0P8;Rn:D3Z9B6	-
Q9HCK0	Q8N9B8	57684	221002	ZBTB26	RASGEF1A	chromatin immunoprecipitation assay	27924024	Homo sapiens	GTRD	No	Mm:Q6P9Q3;Rn:D3ZG35	Dr:A2BF92	-	-
Q9HCK0	Q9C0H9	57684	80725	ZBTB26	SRCIN1	chromatin immunoprecipitation assay	27924024	Homo sapiens	GTRD	No	Mm:Q6P9Q3;Rn:D3ZG35	Dr:A2BF92	Rn:Q9QXY2	Mm:A0A571BG39
Q9HCK0	O00461	57684	27333	ZBTB26	GOLIM4	chromatin immunoprecipitation assay	27924024	Homo sapiens	GTRD	No	Mm:Q6P9Q3;Rn:D3ZG35	Dr:A2BF92	Ce:B7FAR9	Mm:D3YVW2;Rn:A0A0G2K571
Q9HCK0	Q9BWT1	57684	83879	ZBTB26	CDCA7	chromatin immunoprecipitation assay	27924024	Homo sapiens	GTRD	No	Mm:Q6P9Q3;Rn:D3ZG35	Dr:A2BF92	Dr:B0S4Y9;Mm:Q9D0M2;Rn:Q4KM91	-
Q9HCK0	P33176	57684	3799	ZBTB26	KIF5B	chromatin immunoprecipitation assay	27924024	Homo sapiens	GTRD	No	Mm:Q6P9Q3;Rn:D3ZG35	Dr:A2BF92	Mm:Q61768;Rn:Q2PQA9	Dr:A0A0R4IRM1;Dr:B0UYK4
Q9HCK0	O43156	57684	9675	ZBTB26	TTI1	chromatin immunoprecipitation assay	27924024	Homo sapiens	GTRD	No	Mm:Q6P9Q3;Rn:D3ZG35	Dr:A2BF92	Dm:Q9VH80;Dr:E7F9V6;Mm:Q91V83;Sc:P36097	Rn:D3Z854
Q9HCK0	P27815	57684	5141	ZBTB26	PDE4A	chromatin immunoprecipitation assay	27924024	Homo sapiens	GTRD	No	Mm:Q6P9Q3;Rn:D3ZG35	Dr:A2BF92	Dr:E7FAS0;Mm:O89084;Rn:F1M8I9	-
Q9HCK0	O75534	57684	7812	ZBTB26	CSDE1	chromatin immunoprecipitation assay	27924024	Homo sapiens	GTRD	No	Mm:Q6P9Q3;Rn:D3ZG35	Dr:A2BF92	Dr:E9QFH8;Mm:Q91W50	Dm:Q9VSK3;Rn:P18395
Q9HCK0	Q7Z4N8	57684	283208	ZBTB26	P4HA3	chromatin immunoprecipitation assay	27924024	Homo sapiens	GTRD	No	Mm:Q6P9Q3;Rn:D3ZG35	Dr:A2BF92	Mm:H7BX23;Rn:F1LQ79	-
Q9HCK0	O00237	57684	7844	ZBTB26	RNF103	chromatin immunoprecipitation assay	27924024	Homo sapiens	GTRD	No	Mm:Q6P9Q3;Rn:D3ZG35	Dr:A2BF92	Dr:Q66I18;Mm:Q9R1W3;Rn:F1LNY7	-
Q9HCK0	Q7KZI7	57684	2011	ZBTB26	MARK2	chromatin immunoprecipitation assay	27924024	Homo sapiens	GTRD	No	Mm:Q6P9Q3;Rn:D3ZG35	Dr:A2BF92	Dr:A0A1D5NT00;Mm:E9QMP6	Dr:E9QGG3;Rn:A0A0G2K6X6
Q9HCK0	P12236	57684	293	ZBTB26	SLC25A6	chromatin immunoprecipitation assay	27924024	Homo sapiens	GTRD	No	Mm:Q6P9Q3;Rn:D3ZG35	Dr:A2BF92	-	Dr:B0S730
Q9HCK0	Q969X6	57684	84916	ZBTB26	UTP4	chromatin immunoprecipitation assay	27924024	Homo sapiens	GTRD	No	Mm:Q6P9Q3;Rn:D3ZG35	Dr:A2BF92	Dm:M9PFG1;Dr:Q6P125;Mm:Q8R2N2;Rn:Q5I0C9;Sc:Q06679	-
Q9HCK0	Q9UKG9	57684	54677	ZBTB26	CROT	chromatin immunoprecipitation assay	27924024	Homo sapiens	GTRD	No	Mm:Q6P9Q3;Rn:D3ZG35	Dr:A2BF92	Ce:Q9XUN8;Dm:Q9VB02;Dr:F1QAI1;Mm:Q9DC50;Rn:Q6GMN6	-
Q9HCK0	Q9Y6B7	57684	10717	ZBTB26	AP4B1	chromatin immunoprecipitation assay	27924024	Homo sapiens	GTRD	No	Mm:Q6P9Q3;Rn:D3ZG35	Dr:A2BF92	Mm:Q9WV76;Rn:D4AD35	Dr:F1QV11;Mm:B0V3P3
Q9HCK0	Q8N8B7	57684	170082	ZBTB26	TCEANC	chromatin immunoprecipitation assay	27924024	Homo sapiens	GTRD	No	Mm:Q6P9Q3;Rn:D3ZG35	Dr:A2BF92	Mm:Q3US16;Rn:D4AEK4	-
Q9HCK0	Q86UW7	57684	93664	ZBTB26	CADPS2	chromatin immunoprecipitation assay	27924024	Homo sapiens	GTRD	No	Mm:Q6P9Q3;Rn:D3ZG35	Dr:A2BF92	Mm:Q8BYR5;Rn:F1LWT1	-
Q9HCK0	Q7Z5Q1	57684	132864	ZBTB26	CPEB2	chromatin immunoprecipitation assay	27924024	Homo sapiens	GTRD	No	Mm:Q6P9Q3;Rn:D3ZG35	Dr:A2BF92	Mm:E9Q5X2;Rn:D3ZHK8	-
Q9HCK0	Q9Y2P7	57684	10172	ZBTB26	ZNF256	chromatin immunoprecipitation assay	27924024	Homo sapiens	GTRD	No	Mm:Q6P9Q3;Rn:D3ZG35	Dr:A2BF92	-	-
Q9HCK0	Q15714	57684	8848	ZBTB26	TSC22D1	chromatin immunoprecipitation assay	27924024	Homo sapiens	GTRD	No	Mm:Q6P9Q3;Rn:D3ZG35	Dr:A2BF92	Ce:Q9N5K0	Dr:F1R1Z6;Mm:E9QLZ1;Rn:D3Z8M8
Q9HCK0	Q16594	57684	6880	ZBTB26	TAF9	chromatin immunoprecipitation assay	27924024	Homo sapiens	GTRD	No	Mm:Q6P9Q3;Rn:D3ZG35	Dr:A2BF92	Mm:Q8VI33;Rn:Q5BKE0	-
Q9HCK0	Q14574	57684	1825	ZBTB26	DSC3	chromatin immunoprecipitation assay	27924024	Homo sapiens	GTRD	No	Mm:Q6P9Q3;Rn:D3ZG35	Dr:A2BF92	Mm:P55850	Rn:D3ZZI6
Q9HCK0	Q9C0K1	57684	64116	ZBTB26	SLC39A8	chromatin immunoprecipitation assay	27924024	Homo sapiens	GTRD	No	Mm:Q6P9Q3;Rn:D3ZG35	Dr:A2BF92	Mm:Q91W10;Rn:Q5FVQ0	-
Q9HCK0	Q8N531	57684	26233	ZBTB26	FBXL6	chromatin immunoprecipitation assay	27924024	Homo sapiens	GTRD	No	Mm:Q6P9Q3;Rn:D3ZG35	Dr:A2BF92	-	-
Q9HCK0	Q86XI6	57684	79660	ZBTB26	PPP1R3B	chromatin immunoprecipitation assay	27924024	Homo sapiens	GTRD	No	Mm:Q6P9Q3;Rn:D3ZG35	Dr:A2BF92	Dr:Q803M0;Mm:Q8C767;Rn:Q6IN01	-
Q9HCK0	Q9BT17	57684	92170	ZBTB26	MTG1	chromatin immunoprecipitation assay	27924024	Homo sapiens	GTRD	No	Mm:Q6P9Q3;Rn:D3ZG35	Dr:A2BF92	Ce:G4SNS6;Dm:Q9VCU5;Mm:Q8R2R6;Rn:E9PTB3	Dr:B7ZV49
Q9HCK0	P48553	57684	7109	ZBTB26	TRAPPC10	chromatin immunoprecipitation assay	27924024	Homo sapiens	GTRD	No	Mm:Q6P9Q3;Rn:D3ZG35	Dr:A2BF92	Dm:Q9VFB7;Rn:F1MAQ4	Mm:Q3TLI0
Q9HCK0	Q53LP3	57684	65124	ZBTB26	SOWAHC	chromatin immunoprecipitation assay	27924024	Homo sapiens	GTRD	No	Mm:Q6P9Q3;Rn:D3ZG35	Dr:A2BF92	Dr:A0A0R4IS55;Mm:Q8C0J6;Rn:M0R7U6	-
Q9HCK0	Q8WU17	57684	11236	ZBTB26	RNF139	chromatin immunoprecipitation assay	27924024	Homo sapiens	GTRD	No	Mm:Q6P9Q3;Rn:D3ZG35	Dr:A2BF92	Mm:A0A0R4J0K8;Rn:M0RCM9	Dr:B1H1M0
Q9HCK0	Q9H0F7	57684	84100	ZBTB26	ARL6	chromatin immunoprecipitation assay	27924024	Homo sapiens	GTRD	No	Mm:Q6P9Q3;Rn:D3ZG35	Dr:A2BF92	Ce:Q18510;Dm:A1ZBK9;Dr:Q5M9P8;Mm:O88848;Rn:B1WC73	-
Q9HCK0	O60469	57684	1826	ZBTB26	DSCAM	chromatin immunoprecipitation assay	27924024	Homo sapiens	GTRD	No	Mm:Q6P9Q3;Rn:D3ZG35	Dr:A2BF92	Dr:F1Q4W9;Mm:Q9ERC8	Dr:F1QGY4;Rn:F1M9F4
Q9HCK0	Q9Y5B6	57684	94104	ZBTB26	PAXBP1	chromatin immunoprecipitation assay	27924024	Homo sapiens	GTRD	No	Mm:Q6P9Q3;Rn:D3ZG35	Dr:A2BF92	Dm:Q9VI54;Mm:P58501;Rn:D4A8C8	-
Q9HCK0	Q6NS38	57684	121642	ZBTB26	ALKBH2	chromatin immunoprecipitation assay	27924024	Homo sapiens	GTRD	No	Mm:Q6P9Q3;Rn:D3ZG35	Dr:A2BF92	Dr:A3QK41;Mm:Q6P6J4;Rn:A0A0G2K5G5	-
Q9HCK0	Q8N7B6	57684	133015	ZBTB26	PACRGL	chromatin immunoprecipitation assay	27924024	Homo sapiens	GTRD	No	Mm:Q6P9Q3;Rn:D3ZG35	Dr:A2BF92	Mm:Q9D3X5;Rn:D3ZE96	-
Q9HCK0	Q9P1Q0	57684	51542	ZBTB26	VPS54	chromatin immunoprecipitation assay	27924024	Homo sapiens	GTRD	No	Mm:Q6P9Q3;Rn:D3ZG35	Dr:A2BF92	Ce:Q22639;Dm:Q9VLC0;Mm:Q5SPW0;Rn:G3V6Z1	Dr:A0A0R4IA59
Q9HCK0	Q9BU40	57684	91851	ZBTB26	CHRDL1	chromatin immunoprecipitation assay	27924024	Homo sapiens	GTRD	No	Mm:Q6P9Q3;Rn:D3ZG35	Dr:A2BF92	Mm:Q920C1	Rn:F1LQZ2
Q9HCK0	Q8IUC6	57684	148022	ZBTB26	TICAM1	chromatin immunoprecipitation assay	27924024	Homo sapiens	GTRD	No	Mm:Q6P9Q3;Rn:D3ZG35	Dr:A2BF92	Mm:Q80UF7	Dr:Q1LUQ2
Q9HCK0	P61927	57684	6167	ZBTB26	RPL37	chromatin immunoprecipitation assay	27924024	Homo sapiens	GTRD	No	Mm:Q6P9Q3;Rn:D3ZG35	Dr:A2BF92	-	-
Q9HCK0	O75947	57684	10476	ZBTB26	ATP5PD	chromatin immunoprecipitation assay	27924024	Homo sapiens	GTRD	No	Mm:Q6P9Q3;Rn:D3ZG35	Dr:A2BF92	Dm:Q24251;Dr:Q6PC77;Mm:Q9DCX2;Rn:P31399	-
Q9HCK0	Q5TA45	57684	54973	ZBTB26	INTS11	chromatin immunoprecipitation assay	27924024	Homo sapiens	GTRD	No	Mm:Q6P9Q3;Rn:D3ZG35	Dr:A2BF92	Ce:Q9U3K2;Dm:Q9VAH9;Mm:Q9CWS4;Rn:Q3MHC2	Dr:E9QFP8
Q9HCK0	Q5SY80	57684	257044	ZBTB26	CATSPERE	chromatin immunoprecipitation assay	27924024	Homo sapiens	GTRD	No	Mm:Q6P9Q3;Rn:D3ZG35	Dr:A2BF92	-	Mm:A0A5F8MPP5;Mm:A0A571BGH9;Rn:A0A0G2K0P3
Q9HCK0	Q9BSQ5	57684	83605	ZBTB26	CCM2	chromatin immunoprecipitation assay	27924024	Homo sapiens	GTRD	No	Mm:Q6P9Q3;Rn:D3ZG35	Dr:A2BF92	Dr:Q6DRP4;Mm:Q8K2Y9	Rn:A0A0G2K1S9
Q9HCK0	P12034	57684	2250	ZBTB26	FGF5	chromatin immunoprecipitation assay	27924024	Homo sapiens	GTRD	No	Mm:Q6P9Q3;Rn:D3ZG35	Dr:A2BF92	Dr:Q5TLE2;Mm:P15656	Rn:G3V8W5
Q9HCK0	Q9Y4B5	57684	23255	ZBTB26	MTCL1	chromatin immunoprecipitation assay	27924024	Homo sapiens	GTRD	No	Mm:Q6P9Q3;Rn:D3ZG35	Dr:A2BF92	Mm:Q3UHU5;Rn:D4A5D4	-
Q9HCK0	O94766	57684	26229	ZBTB26	B3GAT3	chromatin immunoprecipitation assay	27924024	Homo sapiens	GTRD	No	Mm:Q6P9Q3;Rn:D3ZG35	Dr:A2BF92	Dr:F8W289;Mm:P58158;Rn:B2GV35	-
Q9HCK0	P53671	57684	3985	ZBTB26	LIMK2	chromatin immunoprecipitation assay	27924024	Homo sapiens	GTRD	No	Mm:Q6P9Q3;Rn:D3ZG35	Dr:A2BF92	Dr:Q6DG29;Mm:O54785;Rn:P53670	-
Q9HCK0	Q96BN2	57684	117143	ZBTB26	TADA1	chromatin immunoprecipitation assay	27924024	Homo sapiens	GTRD	No	Mm:Q6P9Q3;Rn:D3ZG35	Dr:A2BF92	Dm:Q8IPA1;Mm:Q99LM9	Dm:Q8IP99;Rn:A0A0H2UHC2
Q9HCK0	Q14249	57684	2021	ZBTB26	ENDOG	chromatin immunoprecipitation assay	27924024	Homo sapiens	GTRD	No	Mm:Q6P9Q3;Rn:D3ZG35	Dr:A2BF92	Dm:Q7JXB9;Mm:O08600;Rn:Q3V5X8;Sc:P08466	Ce:Q95NM6;Dr:Q503Y0
Q9HCK0	Q8NAX2	57684	126695	ZBTB26	KDF1	chromatin immunoprecipitation assay	27924024	Homo sapiens	GTRD	No	Mm:Q6P9Q3;Rn:D3ZG35	Dr:A2BF92	Mm:A2A9F4	Dr:E7F2A2;Rn:Q6AY88;Rn:A0A0G2K5S1
Q9HCK0	P41252	57684	3376	ZBTB26	IARS1	chromatin immunoprecipitation assay	27924024	Homo sapiens	GTRD	No	Mm:Q6P9Q3;Rn:D3ZG35	Dr:A2BF92	Ce:Q21926;Dm:Q8MSW0;Mm:Q8BU30;Sc:P09436	Rn:F1LS86
Q9HCK0	Q53R41	57684	79675	ZBTB26	FASTKD1	chromatin immunoprecipitation assay	27924024	Homo sapiens	GTRD	No	Mm:Q6P9Q3;Rn:D3ZG35	Dr:A2BF92	Dr:E7F8W7;Mm:Q6DI86;Rn:D3ZFR0	-
Q9HCK0	Q9GZP9	57684	51009	ZBTB26	DERL2	chromatin immunoprecipitation assay	27924024	Homo sapiens	GTRD	No	Mm:Q6P9Q3;Rn:D3ZG35	Dr:A2BF92	Dr:Q4VBS8;Mm:Q8BNI4;Rn:A0A0G2JTX9	Ce:Q21997
Q9HCK0	Q9BVC4	57684	64223	ZBTB26	MLST8	chromatin immunoprecipitation assay	27924024	Homo sapiens	GTRD	No	Mm:Q6P9Q3;Rn:D3ZG35	Dr:A2BF92	Dm:Q9W328;Mm:Q9DCJ1;Rn:G3V7F1;Sc:P41318	Ce:P91040;Dr:Q803V5
Q9HCK0	Q12967	57684	5900	ZBTB26	RALGDS	chromatin immunoprecipitation assay	27924024	Homo sapiens	GTRD	No	Mm:Q6P9Q3;Rn:D3ZG35	Dr:A2BF92	-	-
Q9HCK0	Q8WWC4	57684	79568	ZBTB26	MAIP1	chromatin immunoprecipitation assay	27924024	Homo sapiens	GTRD	No	Mm:Q6P9Q3;Rn:D3ZG35	Dr:A2BF92	Dm:Q9W0X3;Dr:Q32LQ2;Mm:Q8BHE8;Rn:Q6AY04	-
Q9HCK0	Q8TDP1	57684	84153	ZBTB26	RNASEH2C	chromatin immunoprecipitation assay	27924024	Homo sapiens	GTRD	No	Mm:Q6P9Q3;Rn:D3ZG35	Dr:A2BF92	Dr:E9QD20;Mm:Q9CQ18;Rn:D4A434	-
Q9HCK0	Q8N944	57684	205147	ZBTB26	AMER3	chromatin immunoprecipitation assay	27924024	Homo sapiens	GTRD	No	Mm:Q6P9Q3;Rn:D3ZG35	Dr:A2BF92	Mm:Q6NS69	Rn:D3ZHS8
Q9HCK0	P56730	57684	8492	ZBTB26	PRSS12	chromatin immunoprecipitation assay	27924024	Homo sapiens	GTRD	No	Mm:Q6P9Q3;Rn:D3ZG35	Dr:A2BF92	Mm:O08762	Dr:F1QC16;Rn:G3V801
Q9HCK0	Q9Y3B4	57684	51639	ZBTB26	SF3B6	chromatin immunoprecipitation assay	27924024	Homo sapiens	GTRD	No	Mm:Q6P9Q3;Rn:D3ZG35	Dr:A2BF92	Ce:Q8ITY4;Dm:Q9VRV7;Dr:Q6IQM0;Mm:P59708;Rn:M0R835	-
Q9HCK0	Q9UD57	57684	390010	ZBTB26	NKX1-2	chromatin immunoprecipitation assay	27924024	Homo sapiens	GTRD	No	Mm:Q6P9Q3;Rn:D3ZG35	Dr:A2BF92	Mm:P42580	Rn:D3Z9E2
Q9HCK0	Q9Y5Q9	57684	9330	ZBTB26	GTF3C3	chromatin immunoprecipitation assay	27924024	Homo sapiens	GTRD	No	Mm:Q6P9Q3;Rn:D3ZG35	Dr:A2BF92	Ce:Q95PV7;Dm:Q7JVW5;Dr:F1RDA7;Mm:Q3TMP1;Rn:D4A7Q9;Sc:P33339	-
Q9HCK0	Q8TBM7	57684	80195	ZBTB26	TMEM254	chromatin immunoprecipitation assay	27924024	Homo sapiens	GTRD	No	Mm:Q6P9Q3;Rn:D3ZG35	Dr:A2BF92	Dr:A0A2R8QAG5;Rn:Q5U220	Mm:P0DN89
Q9HCK0	Q8IYD9	57684	162681	ZBTB26	LAS2	chromatin immunoprecipitation assay	27924024	Homo sapiens	GTRD	No	Mm:Q6P9Q3;Rn:D3ZG35	Dr:A2BF92	Mm:Q8CB14	Rn:Q66H35
Q9HCK0	Q6ZTQ4	57684	222256	ZBTB26	CDHR3	chromatin immunoprecipitation assay	27924024	Homo sapiens	GTRD	No	Mm:Q6P9Q3;Rn:D3ZG35	Dr:A2BF92	Mm:Q8BL00;Rn:M0RBV0	-
Q9HCK0	Q12866	57684	10461	ZBTB26	MERTK	chromatin immunoprecipitation assay	27924024	Homo sapiens	GTRD	No	Mm:Q6P9Q3;Rn:D3ZG35	Dr:A2BF92	Dr:F1QWE3;Mm:Q60805;Rn:P57097	-
Q9HCK0	Q9H799	57684	65250	ZBTB26	CPLANE1	chromatin immunoprecipitation assay	27924024	Homo sapiens	GTRD	No	Mm:Q6P9Q3;Rn:D3ZG35	Dr:A2BF92	Mm:Q8CE72;Rn:D3ZK35	-
Q9HCK0	Q6UXT9	57684	116236	ZBTB26	ABHD15	chromatin immunoprecipitation assay	27924024	Homo sapiens	GTRD	No	Mm:Q6P9Q3;Rn:D3ZG35	Dr:A2BF92	Mm:Q5F2F2;Rn:D3Z8B6	-
Q9HCK0	Q9H1X3	57684	548645;552891	ZBTB26	DNAJC25	chromatin immunoprecipitation assay	27924024	Homo sapiens	GTRD	No	Mm:Q6P9Q3;Rn:D3ZG35	Dr:A2BF92	Dm:Q9VXT2;Dr:F1RA77;Mm:A2ALW5;Mm:G3UZK1;Rn:F1LQT0	Ce:Q17433
Q9HCK0	A0A024RBG1	57684	11163	ZBTB26	NUDT4B	chromatin immunoprecipitation assay	27924024	Homo sapiens	GTRD	No	Mm:Q6P9Q3;Rn:D3ZG35	Dr:A2BF92	-	-
Q9HCK0	Q9UKY4	57684	29954	ZBTB26	POMT2	chromatin immunoprecipitation assay	27924024	Homo sapiens	GTRD	No	Mm:Q6P9Q3;Rn:D3ZG35	Dr:A2BF92	Dm:Q9W5D4;Dr:F1Q8R9;Mm:Q8BGQ4;Rn:Q14U74;Sc:P31382;Sc:P42934;Sc:P47190	-
Q9HCK0	Q99743	57684	4862	ZBTB26	NPAS2	chromatin immunoprecipitation assay	27924024	Homo sapiens	GTRD	No	Mm:Q6P9Q3;Rn:D3ZG35	Dr:A2BF92	Mm:G3X9B7;Rn:F1MAG2	Dm:M9PDQ7
Q9HCK0	O95704	57684	10307	ZBTB26	APBB3	chromatin immunoprecipitation assay	27924024	Homo sapiens	GTRD	No	Mm:Q6P9Q3;Rn:D3ZG35	Dr:A2BF92	Dr:E7FF73;Mm:Q8R1C9;Rn:F1LPF8	-
Q9HCK0	Q9BQQ3	57684	64689	ZBTB26	GORASP1	chromatin immunoprecipitation assay	27924024	Homo sapiens	GTRD	No	Mm:Q6P9Q3;Rn:D3ZG35	Dr:A2BF92	Mm:Q91X51	Rn:A0A0G2JWJ7
Q9HCK0	O43490	57684	8842	ZBTB26	PROM1	chromatin immunoprecipitation assay	27924024	Homo sapiens	GTRD	No	Mm:Q6P9Q3;Rn:D3ZG35	Dr:A2BF92	Ce:Q19188;Mm:G5E8G5;Rn:A0A0G2JWD0	Dm:M9PDX6;Dr:A0A0R4IAM7
Q9HCK0	Q9GZS1	57684	64425	ZBTB26	POLR1E	chromatin immunoprecipitation assay	27924024	Homo sapiens	GTRD	No	Mm:Q6P9Q3;Rn:D3ZG35	Dr:A2BF92	Dr:Q501W9;Mm:Q8K202;Rn:B0BN64;Sc:Q01080	-
Q9HCK0	Q92543	57684	399979	ZBTB26	SNX19	chromatin immunoprecipitation assay	27924024	Homo sapiens	GTRD	No	Mm:Q6P9Q3;Rn:D3ZG35	Dr:A2BF92	Dr:E7F2X4;Mm:Q6P4T1;Rn:D3ZXB9	-
Q9HCK0	P28067	57684	-	ZBTB26	HLA-DMA	chromatin immunoprecipitation assay	27924024	Homo sapiens	GTRD	No	Mm:Q6P9Q3;Rn:D3ZG35	Dr:A2BF92	-	-
Q9HCK0	Q9NZ08	57684	51752	ZBTB26	ERAP1	chromatin immunoprecipitation assay	27924024	Homo sapiens	GTRD	No	Mm:Q6P9Q3;Rn:D3ZG35	Dr:A2BF92	Ce:G5EGH4;Dr:E9QIR0;Mm:Q9EQH2;Rn:Q4KMA8	Dr:A2BGR0
Q9HCK0	E5RQL4	57684	-	ZBTB26	FTCDNL1	chromatin immunoprecipitation assay	27924024	Homo sapiens	GTRD	No	Mm:Q6P9Q3;Rn:D3ZG35	Dr:A2BF92	-	-
Q9HCK0	Q96QE3	57684	79915	ZBTB26	ATAD5	chromatin immunoprecipitation assay	27924024	Homo sapiens	GTRD	No	Mm:Q6P9Q3;Rn:D3ZG35	Dr:A2BF92	Dr:E7FE92;Mm:Q4QY64;Rn:D4A058	-
Q9HCK0	Q99519	57684	4758	ZBTB26	NEU1	chromatin immunoprecipitation assay	27924024	Homo sapiens	GTRD	No	Mm:Q6P9Q3;Rn:D3ZG35	Dr:A2BF92	Dr:Q1LWP9;Mm:O35657;Rn:Q6MG70	-
Q9HCK0	O00571	57684	1654	ZBTB26	DDX3X	chromatin immunoprecipitation assay	27924024	Homo sapiens	GTRD	No	Mm:Q6P9Q3;Rn:D3ZG35	Dr:A2BF92	-	-
Q9HCK0	Q8TAM6	57684	57471	ZBTB26	ERMN	chromatin immunoprecipitation assay	27924024	Homo sapiens	GTRD	No	Mm:Q6P9Q3;Rn:D3ZG35	Dr:A2BF92	Mm:Q5EBJ4;Rn:Q5RJL0	-
Q9HCK0	Q13905	57684	2889	ZBTB26	RAPGEF1	chromatin immunoprecipitation assay	27924024	Homo sapiens	GTRD	No	Mm:Q6P9Q3;Rn:D3ZG35	Dr:A2BF92	Dr:E7F4B2;Rn:F1M8L9	Dr:F1QA44;Mm:Q91ZZ2
Q9HCK0	P02786	57684	7037	ZBTB26	TFRC	chromatin immunoprecipitation assay	27924024	Homo sapiens	GTRD	No	Mm:Q6P9Q3;Rn:D3ZG35	Dr:A2BF92	Mm:Q62351	Dr:Q5MPX4;Rn:Q99376
Q9HCK0	Q96ST8	57684	84902	ZBTB26	CEP89	chromatin immunoprecipitation assay	27924024	Homo sapiens	GTRD	No	Mm:Q6P9Q3;Rn:D3ZG35	Dr:A2BF92	Mm:Q9CZX2;Rn:A0A0G2JZG8	-
Q9HCK0	P55265	57684	103	ZBTB26	ADAR	chromatin immunoprecipitation assay	27924024	Homo sapiens	GTRD	No	Mm:Q6P9Q3;Rn:D3ZG35	Dr:A2BF92	Mm:Q99MU3;Rn:G3V8T3	-
Q9HCK0	O14786	57684	8829	ZBTB26	NRP1	chromatin immunoprecipitation assay	27924024	Homo sapiens	GTRD	No	Mm:Q6P9Q3;Rn:D3ZG35	Dr:A2BF92	Mm:P97333;Rn:Q9QWJ9	Dr:Q1RLY9
Q9HCK0	Q9BZD7	57684	79057	ZBTB26	PRRG3	chromatin immunoprecipitation assay	27924024	Homo sapiens	GTRD	No	Mm:Q6P9Q3;Rn:D3ZG35	Dr:A2BF92	Dr:F1R3D1;Mm:Q6PAQ9	Rn:M0R4Y6;Rn:M0R8H6
Q9HCK0	Q9H6Y7	57684	26001	ZBTB26	RNF167	chromatin immunoprecipitation assay	27924024	Homo sapiens	GTRD	No	Mm:Q6P9Q3;Rn:D3ZG35	Dr:A2BF92	Mm:Q91XF4;Rn:Q5XIL0	Dr:F1QQE8
Q9HCK0	Q6UW49	57684	246777	ZBTB26	SPESP1	chromatin immunoprecipitation assay	27924024	Homo sapiens	GTRD	No	Mm:Q6P9Q3;Rn:D3ZG35	Dr:A2BF92	Mm:Q9D5A0	Rn:A0JPP4
Q9HCK0	P60484	57684	5728	ZBTB26	PTEN	chromatin immunoprecipitation assay	27924024	Homo sapiens	GTRD	No	Mm:Q6P9Q3;Rn:D3ZG35	Dr:A2BF92	Dr:Q7ZZ56;Dr:Q6TGR7;Mm:O08586;Rn:O54857	Dm:Q9Y0B6
Q9HCK0	P05107	57684	3689	ZBTB26	ITGB2	chromatin immunoprecipitation assay	27924024	Homo sapiens	GTRD	No	Mm:Q6P9Q3;Rn:D3ZG35	Dr:A2BF92	-	-
Q9HCK0	Q86TI2	57684	91039	ZBTB26	DPP9	chromatin immunoprecipitation assay	27924024	Homo sapiens	GTRD	No	Mm:Q6P9Q3;Rn:D3ZG35	Dr:A2BF92	Mm:Q8BVG4;Rn:M0R781	Dr:B0V1L8
Q9HCK0	P42704	57684	10128	ZBTB26	LRPPRC	chromatin immunoprecipitation assay	27924024	Homo sapiens	GTRD	No	Mm:Q6P9Q3;Rn:D3ZG35	Dr:A2BF92	Dm:Q9VJ86;Dr:F5H8N4;Mm:Q6PB66;Rn:F1LM33	-
Q9HCK0	Q86V88	57684	145553	ZBTB26	MDP1	chromatin immunoprecipitation assay	27924024	Homo sapiens	GTRD	No	Mm:Q6P9Q3;Rn:D3ZG35	Dr:A2BF92	Mm:Q9D967;Rn:D4A4U3;Sc:P40081	Dr:E7F6V6
Q9HCK0	Q7L5A8	57684	79152	ZBTB26	FA2H	chromatin immunoprecipitation assay	27924024	Homo sapiens	GTRD	No	Mm:Q6P9Q3;Rn:D3ZG35	Dr:A2BF92	Ce:Q9XVS0;Dm:Q8SXY2;Dr:F1R936;Mm:Q5MPP0;Rn:Q2LAM0;Sc:Q03529	-
Q9HCK0	Q9UHV9	57684	5202	ZBTB26	PFDN2	chromatin immunoprecipitation assay	27924024	Homo sapiens	GTRD	No	Mm:Q6P9Q3;Rn:D3ZG35	Dr:A2BF92	Ce:Q9N5M2;Dm:Q9VTE5;Dr:Q1JPY6;Mm:O70591;Rn:B0BN18;Sc:P40005	-
Q9HCK0	Q96PE2	57684	9828	ZBTB26	ARHGEF17	chromatin immunoprecipitation assay	27924024	Homo sapiens	GTRD	No	Mm:Q6P9Q3;Rn:D3ZG35	Dr:A2BF92	Mm:Q80U35;Rn:A0A0G2JXT9	-
Q9HCK0	O00470	57684	4211	ZBTB26	MEIS1	chromatin immunoprecipitation assay	27924024	Homo sapiens	GTRD	No	Mm:Q6P9Q3;Rn:D3ZG35	Dr:A2BF92	Dm:O46339;Dr:Q90XH2;Mm:Q60954;Rn:B1WC31	-
Q9HCK0	P27824	57684	821	ZBTB26	CANX	chromatin immunoprecipitation assay	27924024	Homo sapiens	GTRD	No	Mm:Q6P9Q3;Rn:D3ZG35	Dr:A2BF92	Ce:P34652;Dm:Q9VXF6;Dr:F1QKS4;Mm:P35564;Rn:P35565	Dm:Q9I7S9
Q9HCK0	Q96RT7	57684	85378	ZBTB26	TUBGCP6	chromatin immunoprecipitation assay	27924024	Homo sapiens	GTRD	No	Mm:Q6P9Q3;Rn:D3ZG35	Dr:A2BF92	Mm:G5E8P0;Rn:D4A709	Dr:A0A0G2KGM8
Q9HCK0	Q14684	57684	23076	ZBTB26	RRP1B	chromatin immunoprecipitation assay	27924024	Homo sapiens	GTRD	No	Mm:Q6P9Q3;Rn:D3ZG35	Dr:A2BF92	Mm:Q91YK2;Rn:D3ZY39	-
Q9HCK0	Q9BYD6	57684	65008	ZBTB26	MRPL1	chromatin immunoprecipitation assay	27924024	Homo sapiens	GTRD	No	Mm:Q6P9Q3;Rn:D3ZG35	Dr:A2BF92	Ce:Q7KPW7;Dm:Q9VHT5;Dr:F1QMG1;Mm:Q99N96;Rn:F1M9A4	Rn:D3ZFE9
Q9HCK0	Q03405	57684	5329	ZBTB26	PLAUR	chromatin immunoprecipitation assay	27924024	Homo sapiens	GTRD	No	Mm:Q6P9Q3;Rn:D3ZG35	Dr:A2BF92	Mm:P35456;Rn:M0R3P2	-
Q9HCK0	Q8N6T0	57684	79703	ZBTB26	TOP6BL	chromatin immunoprecipitation assay	27924024	Homo sapiens	GTRD	No	Mm:Q6P9Q3;Rn:D3ZG35	Dr:A2BF92	-	-
Q9HCK0	Q86YJ6	57684	55258	ZBTB26	THNSL2	chromatin immunoprecipitation assay	27924024	Homo sapiens	GTRD	No	Mm:Q6P9Q3;Rn:D3ZG35	Dr:A2BF92	Mm:Q80W22;Rn:Q5M7T9;Sc:P16120	Dr:F1QUQ8
Q9HCK0	Q4G0J3	57684	51574	ZBTB26	LARP7	chromatin immunoprecipitation assay	27924024	Homo sapiens	GTRD	No	Mm:Q6P9Q3;Rn:D3ZG35	Dr:A2BF92	Dm:Q9W362;Dr:E7F7F2;Mm:Q05CL8;Rn:M0R7D1	-
Q9HCK0	O95502	57684	23467	ZBTB26	NPTXR	chromatin immunoprecipitation assay	27924024	Homo sapiens	GTRD	No	Mm:Q6P9Q3;Rn:D3ZG35	Dr:A2BF92	Mm:E9PZM8;Rn:F1LSY2	-
Q9HCK0	Q8IZV5	57684	157506	ZBTB26	RDH10	chromatin immunoprecipitation assay	27924024	Homo sapiens	GTRD	No	Mm:Q6P9Q3;Rn:D3ZG35	Dr:A2BF92	Dr:F1RES0;Mm:Q8VCH7;Rn:Q80ZF7	-
Q9HCK0	Q86UX6	57684	282974	ZBTB26	STK32C	chromatin immunoprecipitation assay	27924024	Homo sapiens	GTRD	No	Mm:Q6P9Q3;Rn:D3ZG35	Dr:A2BF92	Mm:Q8QZV4;Rn:D4A3D9	-
Q9HCK0	A1L020	57684	92312	ZBTB26	MEX3A	chromatin immunoprecipitation assay	27924024	Homo sapiens	GTRD	No	Mm:Q6P9Q3;Rn:D3ZG35	Dr:A2BF92	Mm:G3UYU0;Rn:A0A0G2KAA1	Dr:E7EXM9
Q9HCK0	Q15723	57684	1998	ZBTB26	ELF2	chromatin immunoprecipitation assay	27924024	Homo sapiens	GTRD	No	Mm:Q6P9Q3;Rn:D3ZG35	Dr:A2BF92	Dr:A0A2R8QIV0;Mm:Q9JHC9;Rn:Q5XIT5	-
Q9HCK0	Q96QT6	57684	57649	ZBTB26	PHF12	chromatin immunoprecipitation assay	27924024	Homo sapiens	GTRD	No	Mm:Q6P9Q3;Rn:D3ZG35	Dr:A2BF92	Dm:Q9W410;Dr:E7EXI6;Dr:X1WDS1;Mm:Q5SPL2;Rn:F1LM99	-
Q9HCK0	F5H5T6	57684	-	ZBTB26	-	chromatin immunoprecipitation assay	27924024	Homo sapiens	GTRD	No	Mm:Q6P9Q3;Rn:D3ZG35	Dr:A2BF92	-	-
Q9HCK0	Q9H4Y5	57684	119391	ZBTB26	GSTO2	chromatin immunoprecipitation assay	27924024	Homo sapiens	GTRD	No	Mm:Q6P9Q3;Rn:D3ZG35	Dr:A2BF92	Mm:Q8K2Q2;Rn:Q6AXV9	Rn:A0A0G2JTY5
Q9HCK0	Q9UH92	57684	6945	ZBTB26	MLX	chromatin immunoprecipitation assay	27924024	Homo sapiens	GTRD	No	Mm:Q6P9Q3;Rn:D3ZG35	Dr:A2BF92	Ce:Q9TZ70;Dm:Q9VB47;Mm:A2BFB0;Rn:A2VCV8	-
Q9HCK0	Q9UHY1	57684	29959	ZBTB26	NRBP1	chromatin immunoprecipitation assay	27924024	Homo sapiens	GTRD	No	Mm:Q6P9Q3;Rn:D3ZG35	Dr:A2BF92	-	-
Q9HCK0	Q02779	57684	4294	ZBTB26	MAP3K10	chromatin immunoprecipitation assay	27924024	Homo sapiens	GTRD	No	Mm:Q6P9Q3;Rn:D3ZG35	Dr:A2BF92	Mm:Q66L42;Rn:D3ZG83	Dr:F1R5V1
Q9HCK0	Q96MB7	57684	283254	ZBTB26	HARBI1	chromatin immunoprecipitation assay	27924024	Homo sapiens	GTRD	No	Mm:Q6P9Q3;Rn:D3ZG35	Dr:A2BF92	Dr:Q6AZB8;Mm:Q8BR93;Rn:A0A0H2UI16	-
Q9HCK0	Q76NI1	57684	85442	ZBTB26	KNDC1	chromatin immunoprecipitation assay	27924024	Homo sapiens	GTRD	No	Mm:Q6P9Q3;Rn:D3ZG35	Dr:A2BF92	Mm:Q0KK55;Rn:D4A8Q2	-
Q9HCK0	O60478	57684	7107	ZBTB26	GPR137B	chromatin immunoprecipitation assay	27924024	Homo sapiens	GTRD	No	Mm:Q6P9Q3;Rn:D3ZG35	Dr:A2BF92	Mm:A0A0R4J022	Dr:E7F594;Rn:A0A0G2K234
Q9HCK0	O94876	57684	23023	ZBTB26	TMCC1	chromatin immunoprecipitation assay	27924024	Homo sapiens	GTRD	No	Mm:Q6P9Q3;Rn:D3ZG35	Dr:A2BF92	Mm:Q69ZZ6;Rn:D3ZH14	Dr:Q08BC7
Q9HCK0	Q2NKX9	57684	388969	ZBTB26	C2orf68	chromatin immunoprecipitation assay	27924024	Homo sapiens	GTRD	No	Mm:Q6P9Q3;Rn:D3ZG35	Dr:A2BF92	Dr:A3KQ58;Mm:Q149G0;Rn:D3Z8R8	-
Q9HCK0	P63218	57684	2787	ZBTB26	GNG5	chromatin immunoprecipitation assay	27924024	Homo sapiens	GTRD	No	Mm:Q6P9Q3;Rn:D3ZG35	Dr:A2BF92	Dr:Q6TH03;Mm:Q80SZ7;Rn:P63219	Mm:A0A3B2WD42
Q9HCK0	Q63HM2	57684	64430	ZBTB26	PCNX4	chromatin immunoprecipitation assay	27924024	Homo sapiens	GTRD	No	Mm:Q6P9Q3;Rn:D3ZG35	Dr:A2BF92	Dr:A2RUW7;Mm:E9QN69;Rn:F1M711	-
Q9HCK0	A2A2Z9	57684	-	ZBTB26	ANKRD18B	chromatin immunoprecipitation assay	27924024	Homo sapiens	GTRD	No	Mm:Q6P9Q3;Rn:D3ZG35	Dr:A2BF92	-	-
Q9HCK0	O75956	57684	10263	ZBTB26	CDK2AP2	chromatin immunoprecipitation assay	27924024	Homo sapiens	GTRD	No	Mm:Q6P9Q3;Rn:D3ZG35	Dr:A2BF92	Dr:Q6DHQ0;Mm:Q9CPY4;Rn:D4A033	-
Q9HCK0	P16083	57684	4835	ZBTB26	NQO2	chromatin immunoprecipitation assay	27924024	Homo sapiens	GTRD	No	Mm:Q6P9Q3;Rn:D3ZG35	Dr:A2BF92	Mm:Q9JI75;Rn:Q6AY80	-
Q9HCK0	P14678	57684	6628	ZBTB26	SNRPB	chromatin immunoprecipitation assay	27924024	Homo sapiens	GTRD	No	Mm:Q6P9Q3;Rn:D3ZG35	Dr:A2BF92	Ce:Q93207;Dr:Q9I9E5;Mm:P27048	Ce:P18832;Rn:P17136
Q9HCK0	Q8WTR4	57684	81544	ZBTB26	GDPD5	chromatin immunoprecipitation assay	27924024	Homo sapiens	GTRD	No	Mm:Q6P9Q3;Rn:D3ZG35	Dr:A2BF92	Mm:Q640M6	Dr:X1WHY1;Rn:G3V9L7
Q9HCK0	Q9Y4C4	57684	9258	ZBTB26	MFHAS1	chromatin immunoprecipitation assay	27924024	Homo sapiens	GTRD	No	Mm:Q6P9Q3;Rn:D3ZG35	Dr:A2BF92	Dr:F1QVP4;Mm:Q3V1N1;Rn:D3ZJL1	-
Q9HCK0	P53680	57684	1175	ZBTB26	AP2S1	chromatin immunoprecipitation assay	27924024	Homo sapiens	GTRD	No	Mm:Q6P9Q3;Rn:D3ZG35	Dr:A2BF92	Ce:Q19123;Dm:Q9VDC3;Dr:Q6PEJ2;Mm:P62743;Rn:P62744	-
Q9HCK0	Q92754	57684	7022	ZBTB26	TFAP2C	chromatin immunoprecipitation assay	27924024	Homo sapiens	GTRD	No	Mm:Q6P9Q3;Rn:D3ZG35	Dr:A2BF92	Mm:Q61312;Rn:Q4V8P9	-
Q9HCK0	Q14258	57684	7706	ZBTB26	TRIM25	chromatin immunoprecipitation assay	27924024	Homo sapiens	GTRD	No	Mm:Q6P9Q3;Rn:D3ZG35	Dr:A2BF92	Mm:Q61510;Rn:D4A9N5	Dr:A0A0R4IKI3
Q9HCK0	P15941	57684	4582	ZBTB26	MUC1	chromatin immunoprecipitation assay	27924024	Homo sapiens	GTRD	No	Mm:Q6P9Q3;Rn:D3ZG35	Dr:A2BF92	-	-
Q9HCK0	Q9Y6R9	57684	729440	ZBTB26	CCDC61	chromatin immunoprecipitation assay	27924024	Homo sapiens	GTRD	No	Mm:Q6P9Q3;Rn:D3ZG35	Dr:A2BF92	Mm:Q3UJV1;Rn:A0JPP8	Dr:F1R867
Q9HCK0	Q13501	57684	8878	ZBTB26	SQSTM1	chromatin immunoprecipitation assay	27924024	Homo sapiens	GTRD	No	Mm:Q6P9Q3;Rn:D3ZG35	Dr:A2BF92	Dr:F1Q5Z8;Mm:Q64337;Rn:O08623	-
Q9HCK0	Q56A73	57684	139886	ZBTB26	SPIN4	chromatin immunoprecipitation assay	27924024	Homo sapiens	GTRD	No	Mm:Q6P9Q3;Rn:D3ZG35	Dr:A2BF92	Mm:Q8K1L2	-
Q9HCK0	Q9GZQ8	57684	81631	ZBTB26	MAP1LC3B	chromatin immunoprecipitation assay	27924024	Homo sapiens	GTRD	No	Mm:Q6P9Q3;Rn:D3ZG35	Dr:A2BF92	Dr:Q7ZUD8;Mm:Q9CQV6;Rn:Q62625	Rn:A0A0G2K9Q7
Q9HCK0	Q5T1M5	57684	23307	ZBTB26	FKBP15	chromatin immunoprecipitation assay	27924024	Homo sapiens	GTRD	No	Mm:Q6P9Q3;Rn:D3ZG35	Dr:A2BF92	Ce:Q8ITY8;Mm:Q6P9Q6;Rn:D4AE06	-
Q9HCK0	Q99853	57684	27023	ZBTB26	FOXB1	chromatin immunoprecipitation assay	27924024	Homo sapiens	GTRD	No	Mm:Q6P9Q3;Rn:D3ZG35	Dr:A2BF92	Dr:O73779;Mm:Q64732	-
Q9HCK0	Q9NTM9	57684	51076	ZBTB26	CUTC	chromatin immunoprecipitation assay	27924024	Homo sapiens	GTRD	No	Mm:Q6P9Q3;Rn:D3ZG35	Dr:A2BF92	Dm:Q9VF71;Mm:Q9D8X1;Rn:D4A6T5	Ce:P34630;Dr:Q5XJE1
Q9HCK0	Q9HCP6	57684	57467	ZBTB26	HHATL	chromatin immunoprecipitation assay	27924024	Homo sapiens	GTRD	No	Mm:Q6P9Q3;Rn:D3ZG35	Dr:A2BF92	Mm:Q9D1G3	Rn:D4A9P9
Q9HCK0	Q9HC07	57684	55858	ZBTB26	TMEM165	chromatin immunoprecipitation assay	27924024	Homo sapiens	GTRD	No	Mm:Q6P9Q3;Rn:D3ZG35	Dr:A2BF92	Ce:H2KZK9;Dr:Q8JJ62;Mm:P52875;Rn:Q4V899;Sc:P38301	Dm:Q7KSI9
Q9HCK0	Q96KB5	57684	55872	ZBTB26	PBK	chromatin immunoprecipitation assay	27924024	Homo sapiens	GTRD	No	Mm:Q6P9Q3;Rn:D3ZG35	Dr:A2BF92	Dm:Q9VX24;Dr:Q6DHU8;Mm:Q9JJ78;Rn:A1L1J7	-
Q9HCK0	Q3ZCQ2	57684	389289	ZBTB26	ANXA2R	chromatin immunoprecipitation assay	27924024	Homo sapiens	GTRD	No	Mm:Q6P9Q3;Rn:D3ZG35	Dr:A2BF92	-	-
Q9HCK0	P20936	57684	5921	ZBTB26	RASA1	chromatin immunoprecipitation assay	27924024	Homo sapiens	GTRD	No	Mm:Q6P9Q3;Rn:D3ZG35	Dr:A2BF92	Dm:Q8IR23;Mm:E9PYG6;Rn:G3V9H0	Dr:F6NI34
Q9HCK0	B8ZZ34	57684	440829	ZBTB26	SHISA8	chromatin immunoprecipitation assay	27924024	Homo sapiens	GTRD	No	Mm:Q6P9Q3;Rn:D3ZG35	Dr:A2BF92	Mm:J3QNX5	Dr:E7F0R2;Rn:M0R5B1
Q9HCK0	Q9BRR3	57684	84302	ZBTB26	PGAP4	chromatin immunoprecipitation assay	27924024	Homo sapiens	GTRD	No	Mm:Q6P9Q3;Rn:D3ZG35	Dr:A2BF92	Dr:Q08BD2;Mm:Q91YV9	Rn:Q5EB73
Q9HCK0	P29317	57684	1969	ZBTB26	EPHA2	chromatin immunoprecipitation assay	27924024	Homo sapiens	GTRD	No	Mm:Q6P9Q3;Rn:D3ZG35	Dr:A2BF92	Dr:E7F533;Mm:Q03145;Rn:D3ZBN3	-
Q9HCK0	Q9UBG0	57684	9902	ZBTB26	MRC2	chromatin immunoprecipitation assay	27924024	Homo sapiens	GTRD	No	Mm:Q6P9Q3;Rn:D3ZG35	Dr:A2BF92	Dr:A0A286YBI9;Mm:Q64449;Rn:F1LMA7	-
Q9HCK0	Q8IWV2	57684	152330	ZBTB26	CNTN4	chromatin immunoprecipitation assay	27924024	Homo sapiens	GTRD	No	Mm:Q6P9Q3;Rn:D3ZG35	Dr:A2BF92	Dr:F1QGN2;Mm:Q69Z26	Rn:Q62845
Q9HCK0	Q14157	57684	9898	ZBTB26	UBAP2L	chromatin immunoprecipitation assay	27924024	Homo sapiens	GTRD	No	Mm:Q6P9Q3;Rn:D3ZG35	Dr:A2BF92	Rn:E9PTR4	Dr:F6NM51;Mm:A0A0G2JDV6
Q9HCK0	Q9BTA9	57684	51322	ZBTB26	WAC	chromatin immunoprecipitation assay	27924024	Homo sapiens	GTRD	No	Mm:Q6P9Q3;Rn:D3ZG35	Dr:A2BF92	Mm:Q924H7;Rn:F1LW69	Dr:F1QS79
Q9HCK0	Q8NFZ5	57684	79155	ZBTB26	TNIP2	chromatin immunoprecipitation assay	27924024	Homo sapiens	GTRD	No	Mm:Q6P9Q3;Rn:D3ZG35	Dr:A2BF92	Dr:F1QDJ2;Mm:Q99JG7;Rn:G3V7R6	-
Q9HCK0	Q9Y5R8	57684	58485	ZBTB26	TRAPPC1	chromatin immunoprecipitation assay	27924024	Homo sapiens	GTRD	No	Mm:Q6P9Q3;Rn:D3ZG35	Dr:A2BF92	Ce:B1GRL5;Dm:Q9VA95;Dr:F1QJL7;Mm:Q5NCF2;Rn:Q2KMM2;Sc:Q03630	-
Q9HCK0	Q8N729	57684	283869	ZBTB26	NPW	chromatin immunoprecipitation assay	27924024	Homo sapiens	GTRD	No	Mm:Q6P9Q3;Rn:D3ZG35	Dr:A2BF92	Rn:Q8K1M5	-
Q9HCK0	Q68D91	57684	153364	ZBTB26	MBLAC2	chromatin immunoprecipitation assay	27924024	Homo sapiens	GTRD	No	Mm:Q6P9Q3;Rn:D3ZG35	Dr:A2BF92	Ce:Q17596;Dr:B0R0T6;Mm:Q8BL86;Rn:D4A249	-
Q9HCK0	Q8N114	57684	51246	ZBTB26	SHISA5	chromatin immunoprecipitation assay	27924024	Homo sapiens	GTRD	No	Mm:Q6P9Q3;Rn:D3ZG35	Dr:A2BF92	Dr:Q1LXB2;Mm:Q9D7I0	Dr:F6P588;Rn:A0A0G2K447
Q9HCK0	Q96NT3	57684	83606	ZBTB26	GUCD1	chromatin immunoprecipitation assay	27924024	Homo sapiens	GTRD	No	Mm:Q6P9Q3;Rn:D3ZG35	Dr:A2BF92	Dm:Q9W4Y0;Dr:Q08CN7;Mm:Q8BZI6	-
Q9HCK0	Q6PI26	57684	55164	ZBTB26	SHQ1	chromatin immunoprecipitation assay	27924024	Homo sapiens	GTRD	No	Mm:Q6P9Q3;Rn:D3ZG35	Dr:A2BF92	Ce:Q9TYM6;Dr:F1QC67;Mm:Q7TMX5;Sc:P40486	Rn:B4F784
Q9HCK0	Q03001	57684	667	ZBTB26	DST	chromatin immunoprecipitation assay	27924024	Homo sapiens	GTRD	No	Mm:Q6P9Q3;Rn:D3ZG35	Dr:A2BF92	-	-
Q9HCK0	P53355	57684	1612	ZBTB26	DAPK1	chromatin immunoprecipitation assay	27924024	Homo sapiens	GTRD	No	Mm:Q6P9Q3;Rn:D3ZG35	Dr:A2BF92	-	-
Q9HCK0	Q9H7Z7	57684	80142	ZBTB26	PTGES2	chromatin immunoprecipitation assay	27924024	Homo sapiens	GTRD	No	Mm:Q6P9Q3;Rn:D3ZG35	Dr:A2BF92	Ce:Q21925;Dm:Q9V420;Dr:B0S751;Mm:Q8BWM0;Rn:D4AE56	-
Q9HCK0	P07237	57684	5034	ZBTB26	P4HB	chromatin immunoprecipitation assay	27924024	Homo sapiens	GTRD	No	Mm:Q6P9Q3;Rn:D3ZG35	Dr:A2BF92	Ce:Q17770;Dm:P54399;Dr:A0A0R4IPV5;Mm:P09103;Rn:P04785	-
Q9HCK0	Q9Y2C2	57684	10090	ZBTB26	UST	chromatin immunoprecipitation assay	27924024	Homo sapiens	GTRD	No	Mm:Q6P9Q3;Rn:D3ZG35	Dr:A2BF92	Mm:Q8BUB6;Rn:D3ZPB6	Dr:Q402B1
Q9HCK0	Q92552	57684	23107	ZBTB26	MRPS27	chromatin immunoprecipitation assay	27924024	Homo sapiens	GTRD	No	Mm:Q6P9Q3;Rn:D3ZG35	Dr:A2BF92	Dr:F1RDR2;Mm:Q8BK72;Rn:D4A3E8	-
Q9HCK0	Q96F05	57684	53838	ZBTB26	C11orf24	chromatin immunoprecipitation assay	27924024	Homo sapiens	GTRD	No	Mm:Q6P9Q3;Rn:D3ZG35	Dr:A2BF92	Dr:A0A140LG11;Mm:Q9D8N1;Rn:Q4V7A5	Dm:Q9W4M2
Q9HCK0	P43694	57684	2626	ZBTB26	GATA4	chromatin immunoprecipitation assay	27924024	Homo sapiens	GTRD	No	Mm:Q6P9Q3;Rn:D3ZG35	Dr:A2BF92	Rn:P46152	Dr:A0A0R4ILP3;Mm:E9PXW9
Q9HCK0	Q8NEZ4	57684	58508	ZBTB26	KMT2C	chromatin immunoprecipitation assay	27924024	Homo sapiens	GTRD	No	Mm:Q6P9Q3;Rn:D3ZG35	Dr:A2BF92	Dr:F1Q6F2	Mm:F8WI37
Q9HCK0	P07360	57684	733	ZBTB26	C8G	chromatin immunoprecipitation assay	27924024	Homo sapiens	GTRD	No	Mm:Q6P9Q3;Rn:D3ZG35	Dr:A2BF92	Mm:Q8VCG4	Dr:Q6P5J2;Rn:D3ZPI8
Q9HCK0	Q9UNL2	57684	6747	ZBTB26	SSR3	chromatin immunoprecipitation assay	27924024	Homo sapiens	GTRD	No	Mm:Q6P9Q3;Rn:D3ZG35	Dr:A2BF92	Ce:Q95XS1;Dm:Q9VL69;Dr:Q7ZUR5;Mm:Q9DCF9	-
Q9HCK0	Q5JWF2	57684	2778	ZBTB26	GNAS	chromatin immunoprecipitation assay	27924024	Homo sapiens	GTRD	No	Mm:Q6P9Q3;Rn:D3ZG35	Dr:A2BF92	-	-
Q9HCK0	P02795	57684	4502	ZBTB26	MT2A	chromatin immunoprecipitation assay	27924024	Homo sapiens	GTRD	No	Mm:Q6P9Q3;Rn:D3ZG35	Dr:A2BF92	-	-
Q9HCK0	O14795	57684	10497	ZBTB26	UNC13B	chromatin immunoprecipitation assay	27924024	Homo sapiens	GTRD	No	Mm:Q6P9Q3;Rn:D3ZG35	Dr:A2BF92	-	Mm:E9Q263;Rn:F1LXM4
Q9HCK0	P17535	57684	3727	ZBTB26	JUND	chromatin immunoprecipitation assay	27924024	Homo sapiens	GTRD	No	Mm:Q6P9Q3;Rn:D3ZG35	Dr:A2BF92	Dr:B0V1Q6;Mm:P15066;Rn:P52909	-
Q9HCK0	Q12774	57684	7984	ZBTB26	ARHGEF5	chromatin immunoprecipitation assay	27924024	Homo sapiens	GTRD	No	Mm:Q6P9Q3;Rn:D3ZG35	Dr:A2BF92	Mm:E9Q7D5	Rn:E9PT59
Q9HCK0	A0A0B4J2A0	57684	23729	ZBTB26	-	chromatin immunoprecipitation assay	27924024	Homo sapiens	GTRD	No	Mm:Q6P9Q3;Rn:D3ZG35	Dr:A2BF92	-	-
Q9HCK0	E9PLN8	57684	-	ZBTB26	-	chromatin immunoprecipitation assay	27924024	Homo sapiens	GTRD	No	Mm:Q6P9Q3;Rn:D3ZG35	Dr:A2BF92	-	-
Q9HCK0	Q9NRM7	57684	26524	ZBTB26	LATS2	chromatin immunoprecipitation assay	27924024	Homo sapiens	GTRD	No	Mm:Q6P9Q3;Rn:D3ZG35	Dr:A2BF92	Dr:B0S8I4;Mm:Q7TSJ6;Rn:A0A0G2K4A8	Mm:G3UXG3
Q9HCK0	P36969	57684	2879	ZBTB26	GPX4	chromatin immunoprecipitation assay	27924024	Homo sapiens	GTRD	No	Mm:Q6P9Q3;Rn:D3ZG35	Dr:A2BF92	Ce:H2KYJ6;Ce:A8WFK6;Mm:O70325	Ce:U4PB05;Rn:A0A0G2K398
Q9HCK0	Q86V97	57684	89890	ZBTB26	KBTBD6	chromatin immunoprecipitation assay	27924024	Homo sapiens	GTRD	No	Mm:Q6P9Q3;Rn:D3ZG35	Dr:A2BF92	Rn:M0R4Q5	-
Q9HCK0	Q96K19	57684	81790	ZBTB26	RNF170	chromatin immunoprecipitation assay	27924024	Homo sapiens	GTRD	No	Mm:Q6P9Q3;Rn:D3ZG35	Dr:A2BF92	Dr:F1QB65;Mm:Q8CBG9	Rn:M0R436
Q9HCK0	P34949	57684	4351	ZBTB26	MPI	chromatin immunoprecipitation assay	27924024	Homo sapiens	GTRD	No	Mm:Q6P9Q3;Rn:D3ZG35	Dr:A2BF92	Ce:P34650;Dr:Q3ZB95;Mm:Q924M7;Rn:Q68FX1;Sc:P29952	-
Q9HCK0	Q75N03	57684	79872	ZBTB26	CBLL1	chromatin immunoprecipitation assay	27924024	Homo sapiens	GTRD	No	Mm:Q6P9Q3;Rn:D3ZG35	Dr:A2BF92	Ce:Q9U1W1;Dr:Q5RGV4;Mm:Q9JIY2;Rn:D3ZS02	-
Q9HCK0	P32929	57684	1491	ZBTB26	CTH	chromatin immunoprecipitation assay	27924024	Homo sapiens	GTRD	No	Mm:Q6P9Q3;Rn:D3ZG35	Dr:A2BF92	Ce:P55216;Ce:O45391;Dm:Q7JXZ2;Dr:F1QPF7;Mm:Q8VCN5;Sc:P31373	Rn:Q9EQS4
Q9HCK0	P32314	57684	3344	ZBTB26	FOXN2	chromatin immunoprecipitation assay	27924024	Homo sapiens	GTRD	No	Mm:Q6P9Q3;Rn:D3ZG35	Dr:A2BF92	Dr:F1Q6L3;Mm:E9Q7L6;Rn:F1LZM0	-
Q9HCK0	Q76L83	57684	55252	ZBTB26	ASXL2	chromatin immunoprecipitation assay	27924024	Homo sapiens	GTRD	No	Mm:Q6P9Q3;Rn:D3ZG35	Dr:A2BF92	Dr:E7FG88;Mm:D6REV1	Rn:D3Z8N9
Q9HCK0	Q9BW60	57684	64834	ZBTB26	ELOVL1	chromatin immunoprecipitation assay	27924024	Homo sapiens	GTRD	No	Mm:Q6P9Q3;Rn:D3ZG35	Dr:A2BF92	Mm:Q9JLJ5;Rn:Q5U2Z8	Dr:A0A0R4IT00
Q9HCK0	Q13813	57684	6709	ZBTB26	SPTAN1	chromatin immunoprecipitation assay	27924024	Homo sapiens	GTRD	No	Mm:Q6P9Q3;Rn:D3ZG35	Dr:A2BF92	Ce:Q21408;Dm:P13395	Mm:A3KGU9;Rn:A0A0G2K1Y8
Q9HCK0	O43174	57684	1592	ZBTB26	CYP26A1	chromatin immunoprecipitation assay	27924024	Homo sapiens	GTRD	No	Mm:Q6P9Q3;Rn:D3ZG35	Dr:A2BF92	Dr:Q7SXV4;Mm:A0A0R4J061;Rn:G3V861	-
Q9HCK0	Q9P107	57684	51291	ZBTB26	GMIP	chromatin immunoprecipitation assay	27924024	Homo sapiens	GTRD	No	Mm:Q6P9Q3;Rn:D3ZG35	Dr:A2BF92	Ce:G5EF80;Mm:Q6PGG2;Rn:D3ZA46	Dr:E7FEG0
Q9HCK0	Q9Y450	57684	10767	ZBTB26	HBS1L	chromatin immunoprecipitation assay	27924024	Homo sapiens	GTRD	No	Mm:Q6P9Q3;Rn:D3ZG35	Dr:A2BF92	Dm:Q9W074;Dr:F1Q5Z6;Mm:Q69ZS7;Rn:Q6AXM7	Ce:P90922
Q9HCK0	Q99550	57684	10198	ZBTB26	MPHOSPH9	chromatin immunoprecipitation assay	27924024	Homo sapiens	GTRD	No	Mm:Q6P9Q3;Rn:D3ZG35	Dr:A2BF92	Rn:D3Z9C8	Mm:E9QPF8
Q9HCK0	O00255	57684	4221	ZBTB26	MEN1	chromatin immunoprecipitation assay	27924024	Homo sapiens	GTRD	No	Mm:Q6P9Q3;Rn:D3ZG35	Dr:A2BF92	-	-
Q9HCK0	Q969Z4	57684	84957	ZBTB26	RELT	chromatin immunoprecipitation assay	27924024	Homo sapiens	GTRD	No	Mm:Q6P9Q3;Rn:D3ZG35	Dr:A2BF92	Mm:Q8BX43;Rn:F1LVW5	Dr:A0A0R4IG80
Q9HCK0	O94986	57684	22995	ZBTB26	CEP152	chromatin immunoprecipitation assay	27924024	Homo sapiens	GTRD	No	Mm:Q6P9Q3;Rn:D3ZG35	Dr:A2BF92	Mm:A2AUM9	-
Q9HCK0	Q14469	57684	3280	ZBTB26	HES1	chromatin immunoprecipitation assay	27924024	Homo sapiens	GTRD	No	Mm:Q6P9Q3;Rn:D3ZG35	Dr:A2BF92	Dr:Q6PBX3;Mm:P35428;Rn:D4ADT9	-
Q9HCK0	Q9NR00	57684	56892	ZBTB26	TCIM	chromatin immunoprecipitation assay	27924024	Homo sapiens	GTRD	No	Mm:Q6P9Q3;Rn:D3ZG35	Dr:A2BF92	Dr:Q5BJJ4;Mm:Q9D915;Rn:B0BND1	-
Q9HCK0	O43688	57684	8612	ZBTB26	PLPP2	chromatin immunoprecipitation assay	27924024	Homo sapiens	GTRD	No	Mm:Q6P9Q3;Rn:D3ZG35	Dr:A2BF92	Mm:Q9DAX2;Rn:Q8K593	Dr:Q1LWG9;Dr:E7F890
Q9HCK0	A4FU49	57684	79729	ZBTB26	SH3D21	chromatin immunoprecipitation assay	27924024	Homo sapiens	GTRD	No	Mm:Q6P9Q3;Rn:D3ZG35	Dr:A2BF92	Rn:F6PUS4	Mm:Z4YK11
Q9HCK0	P55072	57684	7415	ZBTB26	VCP	chromatin immunoprecipitation assay	27924024	Homo sapiens	GTRD	No	Mm:Q6P9Q3;Rn:D3ZG35	Dr:A2BF92	Ce:P54812;Ce:P54811;Dr:Q7ZU99;Mm:Q01853;Rn:P46462;Sc:P25694	-
Q9HCK0	O14593	57684	8625	ZBTB26	RFXANK	chromatin immunoprecipitation assay	27924024	Homo sapiens	GTRD	No	Mm:Q6P9Q3;Rn:D3ZG35	Dr:A2BF92	Dm:Q9VL58;Dr:B3DI78;Mm:Q9Z205;Rn:Q5PQM6	-
Q9HCK0	Q14592	57684	10794	ZBTB26	ZNF460	chromatin immunoprecipitation assay	27924024	Homo sapiens	GTRD	No	Mm:Q6P9Q3;Rn:D3ZG35	Dr:A2BF92	-	-
Q9HCK0	Q5BJH2	57684	85013	ZBTB26	TMEM128	chromatin immunoprecipitation assay	27924024	Homo sapiens	GTRD	No	Mm:Q6P9Q3;Rn:D3ZG35	Dr:A2BF92	Mm:Q9CZB9;Rn:B2RZ32	-
Q9HCK0	P17948	57684	2321	ZBTB26	FLT1	chromatin immunoprecipitation assay	27924024	Homo sapiens	GTRD	No	Mm:Q6P9Q3;Rn:D3ZG35	Dr:A2BF92	Ce:Q21038;Mm:A0A0R4J0A4	Dr:B3DKP1;Rn:G3V633
Q9HCK0	P49711	57684	10664	ZBTB26	CTCF	chromatin immunoprecipitation assay	27924024	Homo sapiens	GTRD	No	Mm:Q6P9Q3;Rn:D3ZG35	Dr:A2BF92	Dr:Q6JAA4;Mm:Q61164;Rn:A0A0H2UHP0	-
Q9HCK0	P43268	57684	2118	ZBTB26	ETV4	chromatin immunoprecipitation assay	27924024	Homo sapiens	GTRD	No	Mm:Q6P9Q3;Rn:D3ZG35	Dr:A2BF92	Dr:F1RD02;Rn:A0A0G2JX95	Mm:A2A5C3
Q9HCK0	Q96MC6	57684	64645	ZBTB26	MFSD14A	chromatin immunoprecipitation assay	27924024	Homo sapiens	GTRD	No	Mm:Q6P9Q3;Rn:D3ZG35	Dr:A2BF92	Dr:Q1LV45;Mm:P70187;Rn:B1H293	-
Q9HCK0	O00154	57684	11332	ZBTB26	ACOT7	chromatin immunoprecipitation assay	27924024	Homo sapiens	GTRD	No	Mm:Q6P9Q3;Rn:D3ZG35	Dr:A2BF92	Mm:Q91V12	Rn:F8WG67
Q9HCK0	Q9H0H5	57684	29127	ZBTB26	RACGAP1	chromatin immunoprecipitation assay	27924024	Homo sapiens	GTRD	No	Mm:Q6P9Q3;Rn:D3ZG35	Dr:A2BF92	Dm:A1Z9I5;Mm:Q9WVM1;Rn:B2GV02	Dr:A0A0R4IZK0
Q9HCK0	O60487	57684	10205	ZBTB26	MPZL2	chromatin immunoprecipitation assay	27924024	Homo sapiens	GTRD	No	Mm:Q6P9Q3;Rn:D3ZG35	Dr:A2BF92	Mm:F6RG10;Rn:D4AAE2	-
Q9HCK0	O94885	57684	23328	ZBTB26	SASH1	chromatin immunoprecipitation assay	27924024	Homo sapiens	GTRD	No	Mm:Q6P9Q3;Rn:D3ZG35	Dr:A2BF92	Dr:Q5TZ33;Mm:F8VQK5;Rn:F1LU97	-
Q9HCK0	P26368	57684	11338	ZBTB26	U2AF2	chromatin immunoprecipitation assay	27924024	Homo sapiens	GTRD	No	Mm:Q6P9Q3;Rn:D3ZG35	Dr:A2BF92	Ce:P90978;Dm:Q24562;Dr:E7F8Y4;Mm:P26369;Rn:F2Z3T9	Dr:Q6P022
Q9HCK0	Q15631	57684	7247	ZBTB26	TSN	chromatin immunoprecipitation assay	27924024	Homo sapiens	GTRD	No	Mm:Q6P9Q3;Rn:D3ZG35	Dr:A2BF92	Dm:Q7JVK6;Dr:Q4V9N1;Mm:Q62348	Rn:E9PT79
Q9HCK0	Q96PU4	57684	115426	ZBTB26	UHRF2	chromatin immunoprecipitation assay	27924024	Homo sapiens	GTRD	No	Mm:Q6P9Q3;Rn:D3ZG35	Dr:A2BF92	Mm:Q7TMI3;Rn:D3ZK36	-
Q9HCK0	O14492	57684	10603	ZBTB26	SH2B2	chromatin immunoprecipitation assay	27924024	Homo sapiens	GTRD	No	Mm:Q6P9Q3;Rn:D3ZG35	Dr:A2BF92	Mm:Q9JID9;Rn:Q9Z200	Dr:A0A286Y8A3
Q9HCK0	Q99963	57684	6457	ZBTB26	SH3GL3	chromatin immunoprecipitation assay	27924024	Homo sapiens	GTRD	No	Mm:Q6P9Q3;Rn:D3ZG35	Dr:A2BF92	Mm:A0A0R4J0B8;Rn:O35180	Dr:A0A140LG18
Q9HCK0	Q8TER0	57684	25992	ZBTB26	SNED1	chromatin immunoprecipitation assay	27924024	Homo sapiens	GTRD	No	Mm:Q6P9Q3;Rn:D3ZG35	Dr:A2BF92	Mm:A0A0R4J0N0;Rn:D3ZNR4	Dr:E7F2S5
Q9HCK0	Q9BY49	57684	55825	ZBTB26	PECR	chromatin immunoprecipitation assay	27924024	Homo sapiens	GTRD	No	Mm:Q6P9Q3;Rn:D3ZG35	Dr:A2BF92	Mm:Q99MZ7;Rn:A0A0G2JVG4	Dr:Q567C7
Q9HCK0	Q9BYT8	57684	57486	ZBTB26	NLN	chromatin immunoprecipitation assay	27924024	Homo sapiens	GTRD	No	Mm:Q6P9Q3;Rn:D3ZG35	Dr:A2BF92	Mm:Q91YP2;Rn:A0A0G2JSY3	-
Q9HCK0	Q9BS34	57684	93474	ZBTB26	ZNF670	chromatin immunoprecipitation assay	27924024	Homo sapiens	GTRD	No	Mm:Q6P9Q3;Rn:D3ZG35	Dr:A2BF92	Dr:F1QSZ5	-
Q9HCK0	P61106	57684	51552	ZBTB26	RAB14	chromatin immunoprecipitation assay	27924024	Homo sapiens	GTRD	No	Mm:Q6P9Q3;Rn:D3ZG35	Dr:A2BF92	Dr:F1QBP2;Mm:Q91V41;Rn:B0BMW0	Ce:I7FW40
Q9HCK0	Q96B01	57684	10635	ZBTB26	RAD51AP1	chromatin immunoprecipitation assay	27924024	Homo sapiens	GTRD	No	Mm:Q6P9Q3;Rn:D3ZG35	Dr:A2BF92	Dr:Q1L8M2;Mm:A0A0R4J1G4;Rn:A1A5P3	-
Q9HCK0	Q9Y639	57684	27020	ZBTB26	NPTN	chromatin immunoprecipitation assay	27924024	Homo sapiens	GTRD	No	Mm:Q6P9Q3;Rn:D3ZG35	Dr:A2BF92	Mm:P97300;Rn:P97546	-
Q9HCK0	Q9BZ72	57684	57605	ZBTB26	PITPNM2	chromatin immunoprecipitation assay	27924024	Homo sapiens	GTRD	No	Mm:Q6P9Q3;Rn:D3ZG35	Dr:A2BF92	Mm:Q6ZPQ6	Rn:F1LXD6
Q9HCK0	Q5VUA4	57684	24149	ZBTB26	ZNF318	chromatin immunoprecipitation assay	27924024	Homo sapiens	GTRD	No	Mm:Q6P9Q3;Rn:D3ZG35	Dr:A2BF92	Mm:Q99PP2;Rn:F1M0H0	-
Q9HCK0	Q9H6L2	57684	79583	ZBTB26	TMEM231	chromatin immunoprecipitation assay	27924024	Homo sapiens	GTRD	No	Mm:Q6P9Q3;Rn:D3ZG35	Dr:A2BF92	Dr:Q7T316;Mm:Q3U284;Rn:Q5FVM1	Ce:Q22804;Dm:Q9VMR1
Q9HCK0	H3BS24	57684	-	ZBTB26	-	chromatin immunoprecipitation assay	27924024	Homo sapiens	GTRD	No	Mm:Q6P9Q3;Rn:D3ZG35	Dr:A2BF92	-	-
Q9HCK0	Q13510	57684	427	ZBTB26	ASAH1	chromatin immunoprecipitation assay	27924024	Homo sapiens	GTRD	No	Mm:Q6P9Q3;Rn:D3ZG35	Dr:A2BF92	Ce:O45686;Dr:F1Q7Z4;Dr:Q6PH71;Mm:Q9WV54	Rn:A0A0G2K8T0
Q9HCK0	Q8NCI6	57684	112937	ZBTB26	GLB1L3	chromatin immunoprecipitation assay	27924024	Homo sapiens	GTRD	No	Mm:Q6P9Q3;Rn:D3ZG35	Dr:A2BF92	Mm:A0A1B0GSK9	Rn:F1LQ73
Q9HCK0	Q5H9F3	57684	63035	ZBTB26	BCORL1	chromatin immunoprecipitation assay	27924024	Homo sapiens	GTRD	No	Mm:Q6P9Q3;Rn:D3ZG35	Dr:A2BF92	-	-
Q9HCK0	Q9GZR7	57684	57062	ZBTB26	DDX24	chromatin immunoprecipitation assay	27924024	Homo sapiens	GTRD	No	Mm:Q6P9Q3;Rn:D3ZG35	Dr:A2BF92	Dm:Q6NQY9;Mm:Q9ESV0;Rn:Q6VEU8	Ce:P91340;Dr:A0A0R4IPU2
Q9HCK0	O75864	57684	284352	ZBTB26	PPP1R37	chromatin immunoprecipitation assay	27924024	Homo sapiens	GTRD	No	Mm:Q6P9Q3;Rn:D3ZG35	Dr:A2BF92	Mm:Q8BKR5;Rn:B2RYF1	-
Q9HCK0	Q03111	57684	4298	ZBTB26	MLLT1	chromatin immunoprecipitation assay	27924024	Homo sapiens	GTRD	No	Mm:Q6P9Q3;Rn:D3ZG35	Dr:A2BF92	Dr:E9QEN8;Mm:Q9ERL0;Rn:M0R462	-
Q9HCK0	Q92539	57684	9663	ZBTB26	LPIN2	chromatin immunoprecipitation assay	27924024	Homo sapiens	GTRD	No	Mm:Q6P9Q3;Rn:D3ZG35	Dr:A2BF92	Mm:Q99PI5;Rn:A0A0G2JY62	Dr:F1QXM6
Q9HCK0	Q96QD9	57684	84248	ZBTB26	FYTTD1	chromatin immunoprecipitation assay	27924024	Homo sapiens	GTRD	No	Mm:Q6P9Q3;Rn:D3ZG35	Dr:A2BF92	Mm:Q91Z49	Rn:F1M0P3
Q9HCK0	Q9HC16	57684	60489	ZBTB26	APOBEC3G	chromatin immunoprecipitation assay	27924024	Homo sapiens	GTRD	No	Mm:Q6P9Q3;Rn:D3ZG35	Dr:A2BF92	-	-
Q9HCK0	O00567	57684	10528	ZBTB26	NOP56	chromatin immunoprecipitation assay	27924024	Homo sapiens	GTRD	No	Mm:Q6P9Q3;Rn:D3ZG35	Dr:A2BF92	Ce:Q21276;Dm:Q95WY3;Mm:Q9D6Z1;Rn:Q4KLK7;Sc:Q12460	-
Q9HCK0	Q9BRS2	57684	83732	ZBTB26	RIOK1	chromatin immunoprecipitation assay	27924024	Homo sapiens	GTRD	No	Mm:Q6P9Q3;Rn:D3ZG35	Dr:A2BF92	Ce:O44959;Dm:Q9VTL5;Mm:Q922Q2;Rn:G3V7T0;Sc:Q12196	Dr:B0UXW2
Q9HCK0	Q9H4I8	57684	253190	ZBTB26	SERHL2	chromatin immunoprecipitation assay	27924024	Homo sapiens	GTRD	No	Mm:Q6P9Q3;Rn:D3ZG35	Dr:A2BF92	Dr:A2BGU9;Mm:Q9EPB5;Rn:D4A071	-
Q9HCK0	Q15306	57684	3662	ZBTB26	IRF4	chromatin immunoprecipitation assay	27924024	Homo sapiens	GTRD	No	Mm:Q6P9Q3;Rn:D3ZG35	Dr:A2BF92	Dr:A8B8L1;Mm:Q64287;Rn:D3ZEX6	-
Q9HCK0	Q16186	57684	11047	ZBTB26	ADRM1	chromatin immunoprecipitation assay	27924024	Homo sapiens	GTRD	No	Mm:Q6P9Q3;Rn:D3ZG35	Dr:A2BF92	Ce:Q09289;Dm:Q7K2G1;Mm:Q9JKV1;Mm:A0A0A6YVU8;Rn:Q9JMB5	Dr:A8WGS1
Q9HCK0	Q14166	57684	23170	ZBTB26	TTLL12	chromatin immunoprecipitation assay	27924024	Homo sapiens	GTRD	No	Mm:Q6P9Q3;Rn:D3ZG35	Dr:A2BF92	Dm:Q7JVG6;Mm:Q3UDE2	Ce:Q09512;Rn:D4A1Q9
Q9HCK0	Q6SZW1	57684	23098	ZBTB26	SARM1	chromatin immunoprecipitation assay	27924024	Homo sapiens	GTRD	No	Mm:Q6P9Q3;Rn:D3ZG35	Dr:A2BF92	Dr:F1QWA8;Mm:Q6PDS3;Rn:D3ZUM2	Ce:Q5I9W0
Q9HCK0	Q8WUB8	57684	55274	ZBTB26	PHF10	chromatin immunoprecipitation assay	27924024	Homo sapiens	GTRD	No	Mm:Q6P9Q3;Rn:D3ZG35	Dr:A2BF92	Ce:Q2A950;Dr:Z4YI11;Mm:K4DI61;Rn:A0A0G2K3M7	-
Q9HCK0	Q9H0W8	57684	56006	ZBTB26	SMG9	chromatin immunoprecipitation assay	27924024	Homo sapiens	GTRD	No	Mm:Q6P9Q3;Rn:D3ZG35	Dr:A2BF92	Dr:E7F7F6;Mm:Q9DB90;Rn:Q5PQS6	-
Q9HCK0	Q9H079	57684	79768	ZBTB26	KATNBL1	chromatin immunoprecipitation assay	27924024	Homo sapiens	GTRD	No	Mm:Q6P9Q3;Rn:D3ZG35	Dr:A2BF92	Dr:Q5TYV1;Mm:Q9CWJ3;Rn:B1WBZ9	-
Q9HCK0	Q96RG2	57684	23178	ZBTB26	PASK	chromatin immunoprecipitation assay	27924024	Homo sapiens	GTRD	No	Mm:Q6P9Q3;Rn:D3ZG35	Dr:A2BF92	Mm:Q8CEE6	Dr:B0S5Z9;Rn:Q5PQT0
Q9HCK0	Q99638	57684	5883	ZBTB26	RAD9A	chromatin immunoprecipitation assay	27924024	Homo sapiens	GTRD	No	Mm:Q6P9Q3;Rn:D3ZG35	Dr:A2BF92	Dr:F2Z4U5;Mm:Q9Z0F6;Rn:D3ZXM2	-
Q9HCK0	A6NGB7	57684	100130519	ZBTB26	TMEM221	chromatin immunoprecipitation assay	27924024	Homo sapiens	GTRD	No	Mm:Q6P9Q3;Rn:D3ZG35	Dr:A2BF92	Mm:Q8K071	Dr:E7EXZ1;Rn:D3ZFM0
Q9HCK0	P56524	57684	9759	ZBTB26	HDAC4	chromatin immunoprecipitation assay	27924024	Homo sapiens	GTRD	No	Mm:Q6P9Q3;Rn:D3ZG35	Dr:A2BF92	-	-
Q9HCK0	Q96T68	57684	83852	ZBTB26	SETDB2	chromatin immunoprecipitation assay	27924024	Homo sapiens	GTRD	No	Mm:Q6P9Q3;Rn:D3ZG35	Dr:A2BF92	-	Dr:E7F7L1;Mm:B2RXP3;Rn:M0RA29
Q9HCK0	Q495M9	57684	124590	ZBTB26	USH1G	chromatin immunoprecipitation assay	27924024	Homo sapiens	GTRD	No	Mm:Q6P9Q3;Rn:D3ZG35	Dr:A2BF92	Dr:E7F9U5;Mm:Q80T11;Rn:D3ZTY5	-
Q9HCK0	Q8N3A8	57684	79668	ZBTB26	PARP8	chromatin immunoprecipitation assay	27924024	Homo sapiens	GTRD	No	Mm:Q6P9Q3;Rn:D3ZG35	Dr:A2BF92	Dr:Q08CN1;Mm:Q3UD82;Rn:F1M9T2	-
Q9HCK0	P17030	57684	219749	ZBTB26	ZNF25	chromatin immunoprecipitation assay	27924024	Homo sapiens	GTRD	No	Mm:Q6P9Q3;Rn:D3ZG35	Dr:A2BF92	Mm:Q8BIS1	Rn:F1M4T8
Q9HCK0	P51959	57684	900	ZBTB26	CCNG1	chromatin immunoprecipitation assay	27924024	Homo sapiens	GTRD	No	Mm:Q6P9Q3;Rn:D3ZG35	Dr:A2BF92	Dr:F1QU95;Mm:P51945	Rn:A0A0G2K5R5
Q9HCK0	Q6UX68	57684	389610	ZBTB26	XKR5	chromatin immunoprecipitation assay	27924024	Homo sapiens	GTRD	No	Mm:Q6P9Q3;Rn:D3ZG35	Dr:A2BF92	Mm:Q5GH66;Rn:Q5GH58	-
Q9HCK0	Q9Y6V0	57684	27445	ZBTB26	PCLO	chromatin immunoprecipitation assay	27924024	Homo sapiens	GTRD	No	Mm:Q6P9Q3;Rn:D3ZG35	Dr:A2BF92	Mm:Q9QYX7;Rn:F1M7V4	Dr:F6NYB5
Q9HCK0	P68104	57684	1915	ZBTB26	EEF1A1	chromatin immunoprecipitation assay	27924024	Homo sapiens	GTRD	No	Mm:Q6P9Q3;Rn:D3ZG35	Dr:A2BF92	Dr:Q6P969;Dr:Q568F0;Mm:P10126;Rn:P62630;Sc:P02994	Rn:F1M6C2;Rn:M0R757
Q9HCK0	Q7RTY1	57684	220963	ZBTB26	SLC16A9	chromatin immunoprecipitation assay	27924024	Homo sapiens	GTRD	No	Mm:Q6P9Q3;Rn:D3ZG35	Dr:A2BF92	Dr:A0A0R4IK09;Dr:F1QFN0;Mm:Q7TM99	Rn:M0RCI4
Q9HCK0	Q9HB15	57684	56660	ZBTB26	KCNK12	chromatin immunoprecipitation assay	27924024	Homo sapiens	GTRD	No	Mm:Q6P9Q3;Rn:D3ZG35	Dr:A2BF92	Dm:Q9VE68;Mm:Q76M80;Rn:Q9ERS1	-
Q9HCK0	Q9BWT6	57684	84057	ZBTB26	MND1	chromatin immunoprecipitation assay	27924024	Homo sapiens	GTRD	No	Mm:Q6P9Q3;Rn:D3ZG35	Dr:A2BF92	Mm:Q8K396;Rn:F1LWN6;Sc:P53102	Dr:E9QC10
Q9HCK0	Q9Y2D1	57684	22809	ZBTB26	ATF5	chromatin immunoprecipitation assay	27924024	Homo sapiens	GTRD	No	Mm:Q6P9Q3;Rn:D3ZG35	Dr:A2BF92	Mm:O70191;Rn:A0A0G2JSS0	-
Q9HCK0	Q6NVV7	57684	150383	ZBTB26	CDPF1	chromatin immunoprecipitation assay	27924024	Homo sapiens	GTRD	No	Mm:Q6P9Q3;Rn:D3ZG35	Dr:A2BF92	Dm:Q9VHN3;Mm:Q8R3A2	Dr:A0A0R4I9K8
Q9HCK0	Q6N063	57684	79676	ZBTB26	OGFOD2	chromatin immunoprecipitation assay	27924024	Homo sapiens	GTRD	No	Mm:Q6P9Q3;Rn:D3ZG35	Dr:A2BF92	Dr:A3KGZ2;Mm:Q9CQ04;Rn:D3ZU70	-
Q9HCK0	Q86WZ6	57684	7770	ZBTB26	ZNF227	chromatin immunoprecipitation assay	27924024	Homo sapiens	GTRD	No	Mm:Q6P9Q3;Rn:D3ZG35	Dr:A2BF92	-	-
Q9HCK0	Q5VW32	57684	148362	ZBTB26	BROX	chromatin immunoprecipitation assay	27924024	Homo sapiens	GTRD	No	Mm:Q6P9Q3;Rn:D3ZG35	Dr:A2BF92	Ce:Q22885;Dr:A3KQV2;Mm:Q8K2Q7;Rn:Q4V8K5	-
Q9HCK0	Q9BX70	57684	55643	ZBTB26	BTBD2	chromatin immunoprecipitation assay	27924024	Homo sapiens	GTRD	No	Mm:Q6P9Q3;Rn:D3ZG35	Dr:A2BF92	Dr:Q1LYG7;Dr:A0A0G2KCJ6;Mm:E9PUS2;Rn:F1M311	-
Q9HCK0	Q6VY07	57684	55690	ZBTB26	PACS1	chromatin immunoprecipitation assay	27924024	Homo sapiens	GTRD	No	Mm:Q6P9Q3;Rn:D3ZG35	Dr:A2BF92	Mm:Q8K212;Rn:F1LPG3	-
Q9HCK0	Q7Z3B1	57684	257194	ZBTB26	NEGR1	chromatin immunoprecipitation assay	27924024	Homo sapiens	GTRD	No	Mm:Q6P9Q3;Rn:D3ZG35	Dr:A2BF92	Dm:Q24372;Mm:Q80Z24;Rn:D4A2V0	Dr:A0A4W4
Q9HCK0	P55283	57684	1002	ZBTB26	CDH4	chromatin immunoprecipitation assay	27924024	Homo sapiens	GTRD	No	Mm:Q6P9Q3;Rn:D3ZG35	Dr:A2BF92	Mm:P39038	Rn:A0A0G2K728
Q9HCK0	Q9BTE0	57684	26151	ZBTB26	NAT9	chromatin immunoprecipitation assay	27924024	Homo sapiens	GTRD	No	Mm:Q6P9Q3;Rn:D3ZG35	Dr:A2BF92	-	-
Q9HCK0	P51858	57684	3068	ZBTB26	HDGF	chromatin immunoprecipitation assay	27924024	Homo sapiens	GTRD	No	Mm:Q6P9Q3;Rn:D3ZG35	Dr:A2BF92	Mm:P51859;Rn:F1LPC7	-
Q9HCK0	Q9P217	57684	57643	ZBTB26	ZSWIM5	chromatin immunoprecipitation assay	27924024	Homo sapiens	GTRD	No	Mm:Q6P9Q3;Rn:D3ZG35	Dr:A2BF92	Dr:B8JLP8;Mm:Q80TC6;Rn:D3ZI38	-
Q9HCK0	H3BSA7	57684	-	ZBTB26	-	chromatin immunoprecipitation assay	27924024	Homo sapiens	GTRD	No	Mm:Q6P9Q3;Rn:D3ZG35	Dr:A2BF92	-	-
Q9HCK0	Q96IC2	57684	81691	ZBTB26	REXO5	chromatin immunoprecipitation assay	27924024	Homo sapiens	GTRD	No	Mm:Q6P9Q3;Rn:D3ZG35	Dr:A2BF92	-	Mm:D3YW29;Rn:A0A0G2K6L8
Q9HCK0	P14384	57684	1368	ZBTB26	CPM	chromatin immunoprecipitation assay	27924024	Homo sapiens	GTRD	No	Mm:Q6P9Q3;Rn:D3ZG35	Dr:A2BF92	Dr:F1Q943;Mm:Q80V42;Rn:D4A9Q5	Dm:A4V4N7
Q9HCK0	O15105	57684	4092	ZBTB26	SMAD7	chromatin immunoprecipitation assay	27924024	Homo sapiens	GTRD	No	Mm:Q6P9Q3;Rn:D3ZG35	Dr:A2BF92	Dr:Q8AWR7;Mm:O35253;Rn:A0A0G2JSQ5	-
Q9HCK0	Q9ULJ7	57684	57182	ZBTB26	ANKRD50	chromatin immunoprecipitation assay	27924024	Homo sapiens	GTRD	No	Mm:Q6P9Q3;Rn:D3ZG35	Dr:A2BF92	Rn:F1LWB9	Dr:F1R1D9
Q9HCK0	Q6P597	57684	147700	ZBTB26	KLC3	chromatin immunoprecipitation assay	27924024	Homo sapiens	GTRD	No	Mm:Q6P9Q3;Rn:D3ZG35	Dr:A2BF92	-	-
Q9HCK0	Q86VZ5	57684	259230	ZBTB26	SGMS1	chromatin immunoprecipitation assay	27924024	Homo sapiens	GTRD	No	Mm:Q6P9Q3;Rn:D3ZG35	Dr:A2BF92	Dr:A0JMN0;Dr:Q5U3Z9;Mm:Q8VCQ6;Rn:Q7TSX5	-
Q9HCK0	O75438	57684	4707	ZBTB26	NDUFB1	chromatin immunoprecipitation assay	27924024	Homo sapiens	GTRD	No	Mm:Q6P9Q3;Rn:D3ZG35	Dr:A2BF92	-	Dr:E7F4Q5;Mm:P0DN34
Q9HCK0	Q8TF09	57684	83657	ZBTB26	DYNLRB2	chromatin immunoprecipitation assay	27924024	Homo sapiens	GTRD	No	Mm:Q6P9Q3;Rn:D3ZG35	Dr:A2BF92	Dm:Q7KMS3;Dr:K7DY76;Mm:Q9DAJ5;Rn:D4A0A0	-
Q9HCK0	P56937	57684	51478	ZBTB26	HSD17B7	chromatin immunoprecipitation assay	27924024	Homo sapiens	GTRD	No	Mm:Q6P9Q3;Rn:D3ZG35	Dr:A2BF92	Dr:Q08BC5;Mm:O88736;Sc:Q12452	Rn:Q62904
Q9HCK0	Q7L1Q6	57684	9689	ZBTB26	BZW1	chromatin immunoprecipitation assay	27924024	Homo sapiens	GTRD	No	Mm:Q6P9Q3;Rn:D3ZG35	Dr:A2BF92	-	-
Q9HCK0	P38159	57684	27316	ZBTB26	RBMX	chromatin immunoprecipitation assay	27924024	Homo sapiens	GTRD	No	Mm:Q6P9Q3;Rn:D3ZG35	Dr:A2BF92	Mm:Q9WV02;Rn:Q4V898	-
Q9HCK0	Q8N1A6	57684	132321	ZBTB26	C4orf33	chromatin immunoprecipitation assay	27924024	Homo sapiens	GTRD	No	Mm:Q6P9Q3;Rn:D3ZG35	Dr:A2BF92	Ce:Q18357;Mm:Q8BGN2;Rn:Q5M845	-
Q9HCK0	P49821	57684	4723	ZBTB26	NDUFV1	chromatin immunoprecipitation assay	27924024	Homo sapiens	GTRD	No	Mm:Q6P9Q3;Rn:D3ZG35	Dr:A2BF92	Ce:Q17880;Dm:Q9VMI3;Mm:Q91YT0;Rn:Q5XIH3	Dr:Q6AZA2
Q9HCK0	P43378	57684	5780	ZBTB26	PTPN9	chromatin immunoprecipitation assay	27924024	Homo sapiens	GTRD	No	Mm:Q6P9Q3;Rn:D3ZG35	Dr:A2BF92	Mm:O35239;Rn:Q641Z2	Dm:Q8IRM6
Q9HCK0	O00264	57684	10857	ZBTB26	PGRMC1	chromatin immunoprecipitation assay	27924024	Homo sapiens	GTRD	No	Mm:Q6P9Q3;Rn:D3ZG35	Dr:A2BF92	Dm:Q9VXM4;Dr:Q5U3G0;Mm:O55022	Rn:A0A0H2UHK2
Q9HCK0	P48681	57684	10763	ZBTB26	NES	chromatin immunoprecipitation assay	27924024	Homo sapiens	GTRD	No	Mm:Q6P9Q3;Rn:D3ZG35	Dr:A2BF92	Mm:Q6P5H2	Rn:G3V8F8
Q9HCK0	Q15003	57684	23397	ZBTB26	NCAPH	chromatin immunoprecipitation assay	27924024	Homo sapiens	GTRD	No	Mm:Q6P9Q3;Rn:D3ZG35	Dr:A2BF92	Dm:Q9VIP9;Mm:Q8C156;Rn:D4A8M7;Sc:P38170	Dr:A2BG39
Q9HCK0	P10243	57684	4603	ZBTB26	MYBL1	chromatin immunoprecipitation assay	27924024	Homo sapiens	GTRD	No	Mm:Q6P9Q3;Rn:D3ZG35	Dr:A2BF92	Dr:E7FFJ6;Rn:D3ZF01	Mm:A0A0R4J132
Q9HCK0	Q92974	57684	9181	ZBTB26	ARHGEF2	chromatin immunoprecipitation assay	27924024	Homo sapiens	GTRD	No	Mm:Q6P9Q3;Rn:D3ZG35	Dr:A2BF92	-	-
Q9HCK0	Q9NX24	57684	55651	ZBTB26	NHP2	chromatin immunoprecipitation assay	27924024	Homo sapiens	GTRD	No	Mm:Q6P9Q3;Rn:D3ZG35	Dr:A2BF92	Ce:Q9XXD4;Dm:Q9V3U2;Dr:Q6PBV6;Mm:Q9CRB2;Sc:P32495	Rn:D3ZVC6
Q9HCK0	O75460	57684	2081	ZBTB26	ERN1	chromatin immunoprecipitation assay	27924024	Homo sapiens	GTRD	No	Mm:Q6P9Q3;Rn:D3ZG35	Dr:A2BF92	Mm:Q9EQY0;Rn:A0A0G2K2H4	Dr:X1WEF9
Q9HCK0	Q9BXF3	57684	27443	ZBTB26	CECR2	chromatin immunoprecipitation assay	27924024	Homo sapiens	GTRD	No	Mm:Q6P9Q3;Rn:D3ZG35	Dr:A2BF92	-	-
Q9HCK0	P17342	57684	4883	ZBTB26	NPR3	chromatin immunoprecipitation assay	27924024	Homo sapiens	GTRD	No	Mm:Q6P9Q3;Rn:D3ZG35	Dr:A2BF92	Dr:F1R7C4;Mm:P70180;Rn:P41740	-
Q9HCK0	Q9P015	57684	29088	ZBTB26	MRPL15	chromatin immunoprecipitation assay	27924024	Homo sapiens	GTRD	No	Mm:Q6P9Q3;Rn:D3ZG35	Dr:A2BF92	Ce:Q9BPN6;Dm:Q9VPF6;Sc:P36520	Dr:A0A0R4IFR6
Q9HCK0	P49720	57684	5691	ZBTB26	PSMB3	chromatin immunoprecipitation assay	27924024	Homo sapiens	GTRD	No	Mm:Q6P9Q3;Rn:D3ZG35	Dr:A2BF92	Ce:Q23237;Dm:Q9XYN7;Dr:Q7ZUJ8;Mm:Q9R1P1;Rn:P40112;Sc:P25451	-
Q9HCK0	Q86XL3	57684	23141	ZBTB26	ANKLE2	chromatin immunoprecipitation assay	27924024	Homo sapiens	GTRD	No	Mm:Q6P9Q3;Rn:D3ZG35	Dr:A2BF92	Mm:Q6P1H6;Rn:A0A0G2JXE5	Dr:A2CEB3
Q9HCK0	P36776	57684	9361	ZBTB26	LONP1	chromatin immunoprecipitation assay	27924024	Homo sapiens	GTRD	No	Mm:Q6P9Q3;Rn:D3ZG35	Dr:A2BF92	Ce:O44952;Dm:Q7KUT2;Mm:Q8CGK3;Rn:Q924S5;Sc:P36775	Dr:A0A0R4IH79
Q9HCK0	Q96C11	57684	55277	ZBTB26	FGGY	chromatin immunoprecipitation assay	27924024	Homo sapiens	GTRD	No	Mm:Q6P9Q3;Rn:D3ZG35	Dr:A2BF92	Dm:Q9VZJ8;Mm:A2AJL3;Rn:F1LSP9;Sc:Q04585	Dr:F8W3I0
Q9HCK0	P32121	57684	409	ZBTB26	ARRB2	chromatin immunoprecipitation assay	27924024	Homo sapiens	GTRD	No	Mm:Q6P9Q3;Rn:D3ZG35	Dr:A2BF92	Dr:Q7T2D2;Mm:Q91YI4;Rn:P29067	Dr:F1QLG1
Q9HCK0	P30101	57684	2923	ZBTB26	PDIA3	chromatin immunoprecipitation assay	27924024	Homo sapiens	GTRD	No	Mm:Q6P9Q3;Rn:D3ZG35	Dr:A2BF92	Ce:G5ED07;Dm:Q3YMU0;Dr:A0A0R4IGN3;Mm:P27773;Rn:A0A0H2UHM5	-
Q9HCK0	Q8N9T8	57684	65095	ZBTB26	KRI1	chromatin immunoprecipitation assay	27924024	Homo sapiens	GTRD	No	Mm:Q6P9Q3;Rn:D3ZG35	Dr:A2BF92	Ce:Q20760;Dm:Q9VTU0;Dr:B3DKN1;Mm:F6WIU1;Rn:A0A0G2K4X2;Sc:P42846	-
Q9HCK0	Q8N3S3	57684	57157	ZBTB26	PHTF2	chromatin immunoprecipitation assay	27924024	Homo sapiens	GTRD	No	Mm:Q6P9Q3;Rn:D3ZG35	Dr:A2BF92	Mm:A0A0R4J1Q1;Rn:D3ZSS0	-
Q9HCK0	Q9UQN3	57684	25978	ZBTB26	CHMP2B	chromatin immunoprecipitation assay	27924024	Homo sapiens	GTRD	No	Mm:Q6P9Q3;Rn:D3ZG35	Dr:A2BF92	Ce:O02208;Dm:Q9VRJ5;Dr:Q6NXD2;Dr:B0UXH0;Mm:Q8BJF9;Rn:F1M8B7	-
Q9HCK0	Q13620	57684	8450	ZBTB26	CUL4B	chromatin immunoprecipitation assay	27924024	Homo sapiens	GTRD	No	Mm:Q6P9Q3;Rn:D3ZG35	Dr:A2BF92	Dr:F8W428;Mm:A2A432	Rn:D3ZK73
Q9HCK0	P19876	57684	2921	ZBTB26	CXCL3	chromatin immunoprecipitation assay	27924024	Homo sapiens	GTRD	No	Mm:Q6P9Q3;Rn:D3ZG35	Dr:A2BF92	-	Dr:A0A0G2KWZ2
Q9HCK0	Q9UBF6	57684	9616	ZBTB26	RNF7	chromatin immunoprecipitation assay	27924024	Homo sapiens	GTRD	No	Mm:Q6P9Q3;Rn:D3ZG35	Dr:A2BF92	Ce:P91404;Dm:Q7JWH5;Dr:Q5EB19;Mm:D3Z497;Mm:Q9WTZ1;Rn:D3Z8P1	-
Q9HCK0	Q9BWF2	57684	10293	ZBTB26	TRAIP	chromatin immunoprecipitation assay	27924024	Homo sapiens	GTRD	No	Mm:Q6P9Q3;Rn:D3ZG35	Dr:A2BF92	Dr:F1QL47;Mm:Q8VIG6;Rn:B1WC52	-
Q9HCK0	Q01201	57684	5971	ZBTB26	RELB	chromatin immunoprecipitation assay	27924024	Homo sapiens	GTRD	No	Mm:Q6P9Q3;Rn:D3ZG35	Dr:A2BF92	Mm:Q04863;Rn:D4A8H1	-
Q9HCK0	A0A1B0GUS4	57684	-	ZBTB26	UBE2L5	chromatin immunoprecipitation assay	27924024	Homo sapiens	GTRD	No	Mm:Q6P9Q3;Rn:D3ZG35	Dr:A2BF92	-	-
Q9HCK0	Q96RE9	57684	91975	ZBTB26	ZNF300	chromatin immunoprecipitation assay	27924024	Homo sapiens	GTRD	No	Mm:Q6P9Q3;Rn:D3ZG35	Dr:A2BF92	-	-
Q9HCK0	Q96LD4	57684	91107	ZBTB26	TRIM47	chromatin immunoprecipitation assay	27924024	Homo sapiens	GTRD	No	Mm:Q6P9Q3;Rn:D3ZG35	Dr:A2BF92	Mm:Q8C0E3;Rn:D3ZA22	Dr:F1QXB4
Q9HCK0	Q9HD26	57684	57120	ZBTB26	GOPC	chromatin immunoprecipitation assay	27924024	Homo sapiens	GTRD	No	Mm:Q6P9Q3;Rn:D3ZG35	Dr:A2BF92	Ce:O18302;Rn:B4F775	Mm:K3W4Q9
Q9HCK0	Q8WTT2	57684	64318	ZBTB26	NOC3L	chromatin immunoprecipitation assay	27924024	Homo sapiens	GTRD	No	Mm:Q6P9Q3;Rn:D3ZG35	Dr:A2BF92	Ce:P91136;Dm:Q9VI82;Dr:Q6DRN3;Mm:Q8VI84;Rn:D4AB23;Sc:Q07896	-
Q9HCK0	Q9H5J8	57684	79101	ZBTB26	TAF1D	chromatin immunoprecipitation assay	27924024	Homo sapiens	GTRD	No	Mm:Q6P9Q3;Rn:D3ZG35	Dr:A2BF92	Mm:Q9D4V4;Rn:G3V7G4	-
Q9HCK0	O15417	57684	84629	ZBTB26	TNRC18	chromatin immunoprecipitation assay	27924024	Homo sapiens	GTRD	No	Mm:Q6P9Q3;Rn:D3ZG35	Dr:A2BF92	-	-
Q9HCK0	Q5CZ79	57684	-	ZBTB26	ANKRD20A8P	chromatin immunoprecipitation assay	27924024	Homo sapiens	GTRD	No	Mm:Q6P9Q3;Rn:D3ZG35	Dr:A2BF92	-	-
Q9HCK0	Q86SZ2	57684	122553	ZBTB26	TRAPPC6B	chromatin immunoprecipitation assay	27924024	Homo sapiens	GTRD	No	Mm:Q6P9Q3;Rn:D3ZG35	Dr:A2BF92	Ce:Q9XU81;Dm:Q9VF82;Mm:Q9D289;Rn:D3ZES2	Dr:F1QMV3
Q9HCK0	Q8NCJ5	57684	84926	ZBTB26	SPRYD3	chromatin immunoprecipitation assay	27924024	Homo sapiens	GTRD	No	Mm:Q6P9Q3;Rn:D3ZG35	Dr:A2BF92	Mm:E9Q9B3;Rn:F1M7P8	Dr:A7MBV6
Q9HCK0	P00995	57684	6690	ZBTB26	SPINK1	chromatin immunoprecipitation assay	27924024	Homo sapiens	GTRD	No	Mm:Q6P9Q3;Rn:D3ZG35	Dr:A2BF92	Mm:P09036	Dr:A0A0R4IPT6;Rn:P09656;Rn:P09655
Q9HCK0	Q5VWQ8	57684	153090	ZBTB26	DAB2IP	chromatin immunoprecipitation assay	27924024	Homo sapiens	GTRD	No	Mm:Q6P9Q3;Rn:D3ZG35	Dr:A2BF92	-	Dr:F6PDT3;Dr:F1Q588;Mm:A2AUX5;Rn:A0A0G2JTF2
Q9HCK0	P15735	57684	5261	ZBTB26	PHKG2	chromatin immunoprecipitation assay	27924024	Homo sapiens	GTRD	No	Mm:Q6P9Q3;Rn:D3ZG35	Dr:A2BF92	-	-
Q9HCK0	Q5T7P8	57684	148281	ZBTB26	SYT6	chromatin immunoprecipitation assay	27924024	Homo sapiens	GTRD	No	Mm:Q6P9Q3;Rn:D3ZG35	Dr:A2BF92	Mm:Q9R0N8	Dr:F1QD38;Rn:Q62746
Q9HCK0	Q5U5X8	57684	84915	ZBTB26	FAM222A	chromatin immunoprecipitation assay	27924024	Homo sapiens	GTRD	No	Mm:Q6P9Q3;Rn:D3ZG35	Dr:A2BF92	Mm:Q6PGH4;Rn:D3ZY38	Dr:B0S6Q6
Q9HCK0	O95832	57684	9076	ZBTB26	CLDN1	chromatin immunoprecipitation assay	27924024	Homo sapiens	GTRD	No	Mm:Q6P9Q3;Rn:D3ZG35	Dr:A2BF92	Mm:O88551;Rn:P56745	-
Q9HCK0	Q2WGJ6	57684	340359	ZBTB26	KLHL38	chromatin immunoprecipitation assay	27924024	Homo sapiens	GTRD	No	Mm:Q6P9Q3;Rn:D3ZG35	Dr:A2BF92	Dr:X1WG55;Mm:Q8BSF5;Rn:Q5BK60	Dr:Q1LYM6
Q9HCK0	Q9UHJ3	57684	51460	ZBTB26	SFMBT1	chromatin immunoprecipitation assay	27924024	Homo sapiens	GTRD	No	Mm:Q6P9Q3;Rn:D3ZG35	Dr:A2BF92	Mm:Q9JMD1;Rn:Q9JMD2	-
Q9HCK0	Q9Y3E1	57684	50810	ZBTB26	HDGFL3	chromatin immunoprecipitation assay	27924024	Homo sapiens	GTRD	No	Mm:Q6P9Q3;Rn:D3ZG35	Dr:A2BF92	Mm:Q9JMG7;Rn:Q923W4	-
Q9HCK0	Q9UJ99	57684	64405	ZBTB26	CDH22	chromatin immunoprecipitation assay	27924024	Homo sapiens	GTRD	No	Mm:Q6P9Q3;Rn:D3ZG35	Dr:A2BF92	Mm:Q9WTP5	Rn:Q63315
Q9HCK0	Q9Y547	57684	51668	ZBTB26	HSPB11	chromatin immunoprecipitation assay	27924024	Homo sapiens	GTRD	No	Mm:Q6P9Q3;Rn:D3ZG35	Dr:A2BF92	Mm:Q9D6H2;Rn:A0A0G2K664	Dr:A2BIN6
Q9HCK0	Q8TB05	57684	124402	ZBTB26	UBALD1	chromatin immunoprecipitation assay	27924024	Homo sapiens	GTRD	No	Mm:Q6P9Q3;Rn:D3ZG35	Dr:A2BF92	Mm:Q6P3B2	Rn:Q6AXN0
Q9HCK0	Q8NBJ4	57684	51280	ZBTB26	GOLM1	chromatin immunoprecipitation assay	27924024	Homo sapiens	GTRD	No	Mm:Q6P9Q3;Rn:D3ZG35	Dr:A2BF92	Mm:Q91XA2;Rn:D4AEL2	-
Q9HCK0	Q12893	57684	11070	ZBTB26	TMEM115	chromatin immunoprecipitation assay	27924024	Homo sapiens	GTRD	No	Mm:Q6P9Q3;Rn:D3ZG35	Dr:A2BF92	Ce:Q9U3K1;Dm:Q9VMD2;Dr:Q1LVD9;Rn:D3ZE59;Sc:Q12239	-
Q9HCK0	Q8IU57	57684	163702	ZBTB26	IFNLR1	chromatin immunoprecipitation assay	27924024	Homo sapiens	GTRD	No	Mm:Q6P9Q3;Rn:D3ZG35	Dr:A2BF92	Mm:Q8CGK5;Rn:D3ZB58	-
Q9HCK0	P83731	57684	6152	ZBTB26	RPL24	chromatin immunoprecipitation assay	27924024	Homo sapiens	GTRD	No	Mm:Q6P9Q3;Rn:D3ZG35	Dr:A2BF92	Ce:O01868;Dm:Q9VJY6;Dr:A0A0R4IMS3;Mm:Q8BP67;Rn:A0A0H2UH99;Sc:P04449;Sc:P24000	-
Q9HCK0	Q96PE7	57684	84693	ZBTB26	MCEE	chromatin immunoprecipitation assay	27924024	Homo sapiens	GTRD	No	Mm:Q6P9Q3;Rn:D3ZG35	Dr:A2BF92	Ce:G5EEG4;Mm:Q9D1I5;Rn:D4A197	Dr:F1RDB7
Q9HCK0	Q9UBU9	57684	10482	ZBTB26	NXF1	chromatin immunoprecipitation assay	27924024	Homo sapiens	GTRD	No	Mm:Q6P9Q3;Rn:D3ZG35	Dr:A2BF92	Dr:F1Q7H6;Mm:Q99JX7;Rn:F1MA52;Sc:Q99257	Dr:E7EYP0
Q9HCK0	Q5SNT2	57684	199953	ZBTB26	TMEM201	chromatin immunoprecipitation assay	27924024	Homo sapiens	GTRD	No	Mm:Q6P9Q3;Rn:D3ZG35	Dr:A2BF92	Dr:F1RBZ0;Mm:A2A8U2;Rn:D3ZBW3	-
Q9HCK0	Q9H3J6	57684	91574	ZBTB26	C12orf65	chromatin immunoprecipitation assay	27924024	Homo sapiens	GTRD	No	Mm:Q6P9Q3;Rn:D3ZG35	Dr:A2BF92	Dm:A1ZAD7;Mm:Q80VP5;Rn:F1LWN5	-
Q9HCK0	Q92570	57684	8013	ZBTB26	NR4A3	chromatin immunoprecipitation assay	27924024	Homo sapiens	GTRD	No	Mm:Q6P9Q3;Rn:D3ZG35	Dr:A2BF92	Dr:F1R8N1;Rn:P51179	-
Q9HCK0	Q14689	57684	23181	ZBTB26	DIP2A	chromatin immunoprecipitation assay	27924024	Homo sapiens	GTRD	No	Mm:Q6P9Q3;Rn:D3ZG35	Dr:A2BF92	Dr:E7FAU4;Rn:F1LZ43	Mm:D3Z7D3
Q9HCK0	Q9Y446	57684	11187	ZBTB26	PKP3	chromatin immunoprecipitation assay	27924024	Homo sapiens	GTRD	No	Mm:Q6P9Q3;Rn:D3ZG35	Dr:A2BF92	Mm:Q9QY23	Rn:D3ZJ50
Q9HCK0	A7E2U8	57684	441054	ZBTB26	C4orf47	chromatin immunoprecipitation assay	27924024	Homo sapiens	GTRD	No	Mm:Q6P9Q3;Rn:D3ZG35	Dr:A2BF92	Dr:F1QA34;Mm:Q3U1D9;Rn:D3ZVL4	-
Q9HCK0	Q7M4L6	57684	-	ZBTB26	SHF	chromatin immunoprecipitation assay	27924024	Homo sapiens	GTRD	No	Mm:Q6P9Q3;Rn:D3ZG35	Dr:A2BF92	-	-
Q9HCK0	Q96HA8	57684	55093	ZBTB26	NTAQ1	chromatin immunoprecipitation assay	27924024	Homo sapiens	GTRD	No	Mm:Q6P9Q3;Rn:D3ZG35	Dr:A2BF92	Ce:Q21775;Dm:Q7K2Y9;Dr:Q1LWX3;Mm:Q80WB5;Rn:Q5BJV9	-
Q9HCK0	Q7L2R6	57684	91661	ZBTB26	ZNF765	chromatin immunoprecipitation assay	27924024	Homo sapiens	GTRD	No	Mm:Q6P9Q3;Rn:D3ZG35	Dr:A2BF92	-	-
Q9HCK0	P78411	57684	10265	ZBTB26	IRX5	chromatin immunoprecipitation assay	27924024	Homo sapiens	GTRD	No	Mm:Q6P9Q3;Rn:D3ZG35	Dr:A2BF92	Dm:A0AVV3;Dr:Q1LXU5;Mm:Q9JKQ4	Rn:G3V7I4
Q9HCK0	Q9HAR2	57684	23284	ZBTB26	ADGRL3	chromatin immunoprecipitation assay	27924024	Homo sapiens	GTRD	No	Mm:Q6P9Q3;Rn:D3ZG35	Dr:A2BF92	-	-
Q9HCK0	O95630	57684	10617	ZBTB26	STAMBP	chromatin immunoprecipitation assay	27924024	Homo sapiens	GTRD	No	Mm:Q6P9Q3;Rn:D3ZG35	Dr:A2BF92	Dm:Q9VA71;Mm:Q9CQ26;Rn:Q8R424	Dr:F1QBG8
Q9HCK0	Q6ZQQ6	57684	83889	ZBTB26	WDR87	chromatin immunoprecipitation assay	27924024	Homo sapiens	GTRD	No	Mm:Q6P9Q3;Rn:D3ZG35	Dr:A2BF92	-	-
Q9HCK0	Q9ULK6	57684	57484	ZBTB26	RNF150	chromatin immunoprecipitation assay	27924024	Homo sapiens	GTRD	No	Mm:Q6P9Q3;Rn:D3ZG35	Dr:A2BF92	Dr:B8A6H5;Dr:Q566M8;Mm:Q5DTZ6	Rn:D3ZV56
Q9HCK0	P57088	57684	55161	ZBTB26	TMEM33	chromatin immunoprecipitation assay	27924024	Homo sapiens	GTRD	No	Mm:Q6P9Q3;Rn:D3ZG35	Dr:A2BF92	Ce:Q9XWV0;Dm:Q9V447;Dr:Q803C2;Mm:Q9CR67;Rn:A0A0H2UHA6	-
Q9HCK0	Q05329	57684	2572	ZBTB26	GAD2	chromatin immunoprecipitation assay	27924024	Homo sapiens	GTRD	No	Mm:Q6P9Q3;Rn:D3ZG35	Dr:A2BF92	Mm:P48320	Dr:F1R9E8;Rn:Q05683
Q9HCK0	Q96K37	57684	79939	ZBTB26	SLC35E1	chromatin immunoprecipitation assay	27924024	Homo sapiens	GTRD	No	Mm:Q6P9Q3;Rn:D3ZG35	Dr:A2BF92	Dm:Q9VR50;Mm:Q8CD26;Rn:F1LSM2;Sc:P39542;Sc:P22215	Dr:Q802Y0
Q9HCK0	Q96E22	57684	116150	ZBTB26	NUS1	chromatin immunoprecipitation assay	27924024	Homo sapiens	GTRD	No	Mm:Q6P9Q3;Rn:D3ZG35	Dr:A2BF92	Dm:Q9VPX8;Dr:Q6DHR8;Mm:Q99LJ8;Rn:D3ZFM4	-
Q9HCK0	Q14588	57684	10780	ZBTB26	ZNF234	chromatin immunoprecipitation assay	27924024	Homo sapiens	GTRD	No	Mm:Q6P9Q3;Rn:D3ZG35	Dr:A2BF92	-	-
Q9HCK0	A6NKD9	57684	317762	ZBTB26	CCDC85C	chromatin immunoprecipitation assay	27924024	Homo sapiens	GTRD	No	Mm:Q6P9Q3;Rn:D3ZG35	Dr:A2BF92	Dr:Q0P485;Mm:E9Q6B2;Rn:A0A0G2K4D5	Dr:Q6DHL7
Q9HCK0	O95406	57684	10175	ZBTB26	CNIH1	chromatin immunoprecipitation assay	27924024	Homo sapiens	GTRD	No	Mm:Q6P9Q3;Rn:D3ZG35	Dr:A2BF92	Dr:B8A6D8;Mm:O35372	Rn:A0A0G2K112
Q9HCK0	O75570	57684	9617	ZBTB26	MTRF1	chromatin immunoprecipitation assay	27924024	Homo sapiens	GTRD	No	Mm:Q6P9Q3;Rn:D3ZG35	Dr:A2BF92	Mm:Q8K126;Rn:M0RDC8;Sc:P30775	-
Q9HCK0	Q9BYG3	57684	84365	ZBTB26	NIFK	chromatin immunoprecipitation assay	27924024	Homo sapiens	GTRD	No	Mm:Q6P9Q3;Rn:D3ZG35	Dr:A2BF92	Dr:Q8JIY8;Mm:Q91VE6;Rn:Q5RJM0	-
Q9HCK0	A0A0G2JLL6	57684	-	ZBTB26	-	chromatin immunoprecipitation assay	27924024	Homo sapiens	GTRD	No	Mm:Q6P9Q3;Rn:D3ZG35	Dr:A2BF92	-	-
Q9HCK0	P78310	57684	1525	ZBTB26	CXADR	chromatin immunoprecipitation assay	27924024	Homo sapiens	GTRD	No	Mm:Q6P9Q3;Rn:D3ZG35	Dr:A2BF92	Dr:Q90Y50;Mm:P97792;Rn:Q9R066	-
Q9HCK0	P51151	57684	9367	ZBTB26	RAB9A	chromatin immunoprecipitation assay	27924024	Homo sapiens	GTRD	No	Mm:Q6P9Q3;Rn:D3ZG35	Dr:A2BF92	Mm:Q9R0M6;Rn:Q99P75	Dr:Q0P458
Q9HCK0	O00273	57684	1676	ZBTB26	DFFA	chromatin immunoprecipitation assay	27924024	Homo sapiens	GTRD	No	Mm:Q6P9Q3;Rn:D3ZG35	Dr:A2BF92	Dr:F1R3G3;Mm:O54786;Rn:A0A0G2JY18	-
Q9HCK0	Q5SR56	57684	84641	ZBTB26	MFSD14B	chromatin immunoprecipitation assay	27924024	Homo sapiens	GTRD	No	Mm:Q6P9Q3;Rn:D3ZG35	Dr:A2BF92	Mm:Q8CIA9;Rn:B2RYH9	-
Q9HCK0	Q15012	57684	9741	ZBTB26	LAPTM4A	chromatin immunoprecipitation assay	27924024	Homo sapiens	GTRD	No	Mm:Q6P9Q3;Rn:D3ZG35	Dr:A2BF92	Mm:E9QLR3;Rn:Q6P501	Dr:Q5TYX5
Q9HCK0	O15013	57684	9639	ZBTB26	ARHGEF10	chromatin immunoprecipitation assay	27924024	Homo sapiens	GTRD	No	Mm:Q6P9Q3;Rn:D3ZG35	Dr:A2BF92	Mm:Q8C033	Rn:M0R3X3
Q9HCK0	Q8IZY2	57684	10347	ZBTB26	ABCA7	chromatin immunoprecipitation assay	27924024	Homo sapiens	GTRD	No	Mm:Q6P9Q3;Rn:D3ZG35	Dr:A2BF92	Rn:F1LR67	Mm:E9Q6G4
Q9HCK0	P61326	57684	4116	ZBTB26	MAGOH	chromatin immunoprecipitation assay	27924024	Homo sapiens	GTRD	No	Mm:Q6P9Q3;Rn:D3ZG35	Dr:A2BF92	-	-
Q9HCK0	Q96D21	57684	23551	ZBTB26	RASD2	chromatin immunoprecipitation assay	27924024	Homo sapiens	GTRD	No	Mm:Q6P9Q3;Rn:D3ZG35	Dr:A2BF92	Mm:P63032;Rn:P63033	-
Q9HCK0	Q8WXD9	57684	57524	ZBTB26	CASKIN1	chromatin immunoprecipitation assay	27924024	Homo sapiens	GTRD	No	Mm:Q6P9Q3;Rn:D3ZG35	Dr:A2BF92	Dr:I3ITP1;Mm:Q6P9K8;Rn:D3ZE17	-
Q9HCK0	Q9NXS2	57684	54814	ZBTB26	QPCTL	chromatin immunoprecipitation assay	27924024	Homo sapiens	GTRD	No	Mm:Q6P9Q3;Rn:D3ZG35	Dr:A2BF92	Dr:Q1LWV0;Dr:E9QEV8;Mm:Q8BH73;Rn:B5DFI7	-
Q9HCK0	P05771	57684	5579	ZBTB26	PRKCB	chromatin immunoprecipitation assay	27924024	Homo sapiens	GTRD	No	Mm:Q6P9Q3;Rn:D3ZG35	Dr:A2BF92	Dr:Q7SY24;Mm:P68404;Rn:F1LS42	-
Q9HCK0	Q99959	57684	5318	ZBTB26	PKP2	chromatin immunoprecipitation assay	27924024	Homo sapiens	GTRD	No	Mm:Q6P9Q3;Rn:D3ZG35	Dr:A2BF92	Mm:Q9CQ73;Rn:F1M7L9	-
Q9HCK0	Q9Y244	57684	51371	ZBTB26	POMP	chromatin immunoprecipitation assay	27924024	Homo sapiens	GTRD	No	Mm:Q6P9Q3;Rn:D3ZG35	Dr:A2BF92	Dm:Q9VIJ5;Dr:Q6DGT9;Mm:Q9CQT5	Rn:A5HKJ3
Q9HCK0	Q8TEQ6	57684	25929	ZBTB26	GEMIN5	chromatin immunoprecipitation assay	27924024	Homo sapiens	GTRD	No	Mm:Q6P9Q3;Rn:D3ZG35	Dr:A2BF92	Dr:E9QH84;Rn:D3ZGD0	Mm:E9PUU4
Q9HCK0	Q15750	57684	10454	ZBTB26	TAB1	chromatin immunoprecipitation assay	27924024	Homo sapiens	GTRD	No	Mm:Q6P9Q3;Rn:D3ZG35	Dr:A2BF92	Ce:G5EEM6;Mm:Q8CF89;Rn:A0A0U1RRU5	-
Q9HCK0	Q9NZB8	57684	4337	ZBTB26	MOCS1	chromatin immunoprecipitation assay	27924024	Homo sapiens	GTRD	No	Mm:Q6P9Q3;Rn:D3ZG35	Dr:A2BF92	Mm:Q5RKZ7;Rn:D3ZVG1	Ce:Q20624
Q9HCK0	Q92759	57684	2968	ZBTB26	GTF2H4	chromatin immunoprecipitation assay	27924024	Homo sapiens	GTRD	No	Mm:Q6P9Q3;Rn:D3ZG35	Dr:A2BF92	Ce:K8F7X5;Dm:Q9VUR1;Mm:O70422;Rn:Q6MG20;Sc:Q02939	Dr:Q1LWR3
Q9HCK0	P51665	57684	5713	ZBTB26	PSMD7	chromatin immunoprecipitation assay	27924024	Homo sapiens	GTRD	No	Mm:Q6P9Q3;Rn:D3ZG35	Dr:A2BF92	Ce:O61792;Dm:P26270;Dr:Q7ZYX7;Mm:P26516;Rn:D4AEH3;Sc:Q08723	-
Q9HCK0	Q10570	57684	29894	ZBTB26	CPSF1	chromatin immunoprecipitation assay	27924024	Homo sapiens	GTRD	No	Mm:Q6P9Q3;Rn:D3ZG35	Dr:A2BF92	Ce:Q9N4C2;Dm:Q9V726;Sc:Q06632	Dr:F6NXE7;Mm:A0A2R8VK76;Rn:B5DEL2
Q9HCK0	Q8TF40	57684	96459	ZBTB26	FNIP1	chromatin immunoprecipitation assay	27924024	Homo sapiens	GTRD	No	Mm:Q6P9Q3;Rn:D3ZG35	Dr:A2BF92	Dr:A0A0R4IT71;Mm:Q68FD7	Rn:F1LUD4
Q9HCK0	P22570	57684	2232	ZBTB26	FDXR	chromatin immunoprecipitation assay	27924024	Homo sapiens	GTRD	No	Mm:Q6P9Q3;Rn:D3ZG35	Dr:A2BF92	-	-
Q9HCK0	Q76I76	57684	85464	ZBTB26	SSH2	chromatin immunoprecipitation assay	27924024	Homo sapiens	GTRD	No	Mm:Q6P9Q3;Rn:D3ZG35	Dr:A2BF92	-	-
Q9HCK0	O15527	57684	4968	ZBTB26	OGG1	chromatin immunoprecipitation assay	27924024	Homo sapiens	GTRD	No	Mm:Q6P9Q3;Rn:D3ZG35	Dr:A2BF92	Dm:Q9V3I8;Dr:B0R135;Mm:O08760;Rn:O70249	-
Q9HCK0	Q15526	57684	6834	ZBTB26	SURF1	chromatin immunoprecipitation assay	27924024	Homo sapiens	GTRD	No	Mm:Q6P9Q3;Rn:D3ZG35	Dr:A2BF92	Ce:Q9N5N8;Dm:Q9U4F3;Dr:F1QUE8;Mm:P09925;Sc:P53266	-
Q9HCK0	Q13506	57684	4664	ZBTB26	NAB1	chromatin immunoprecipitation assay	27924024	Homo sapiens	GTRD	No	Mm:Q6P9Q3;Rn:D3ZG35	Dr:A2BF92	Dr:B0S788;Mm:Q61122;Rn:Q62722	-
Q9HCK0	Q8TBB0	57684	152815	ZBTB26	THAP6	chromatin immunoprecipitation assay	27924024	Homo sapiens	GTRD	No	Mm:Q6P9Q3;Rn:D3ZG35	Dr:A2BF92	Rn:A0A0G2K0Q4	-
Q9HCK0	Q8IY92	57684	84464	ZBTB26	SLX4	chromatin immunoprecipitation assay	27924024	Homo sapiens	GTRD	No	Mm:Q6P9Q3;Rn:D3ZG35	Dr:A2BF92	Mm:Q6P1D7;Rn:F1LU18	Dr:F1QPU2
Q9HCK0	Q92882	57684	26578	ZBTB26	OSTF1	chromatin immunoprecipitation assay	27924024	Homo sapiens	GTRD	No	Mm:Q6P9Q3;Rn:D3ZG35	Dr:A2BF92	Mm:Q62422;Rn:Q6P686	Ce:Q9U2Z5;Dr:Q6TGW5
Q9HCK0	P61225	57684	5912	ZBTB26	RAP2B	chromatin immunoprecipitation assay	27924024	Homo sapiens	GTRD	No	Mm:Q6P9Q3;Rn:D3ZG35	Dr:A2BF92	Dr:Q7SY59;Mm:P61226;Rn:P61227	-
Q9HCK0	P00367	57684	2746	ZBTB26	GLUD1	chromatin immunoprecipitation assay	27924024	Homo sapiens	GTRD	No	Mm:Q6P9Q3;Rn:D3ZG35	Dr:A2BF92	Mm:P26443;Rn:P10860	-
Q9HCK0	P0C2S0	57684	399697	ZBTB26	CTXN2	chromatin immunoprecipitation assay	27924024	Homo sapiens	GTRD	No	Mm:Q6P9Q3;Rn:D3ZG35	Dr:A2BF92	-	Mm:Q3URE8;Rn:D4A1T4
Q9HCK0	Q9NWS1	57684	55010	ZBTB26	PARPBP	chromatin immunoprecipitation assay	27924024	Homo sapiens	GTRD	No	Mm:Q6P9Q3;Rn:D3ZG35	Dr:A2BF92	-	-
Q9HCK0	Q9H299	57684	83442	ZBTB26	SH3BGRL3	chromatin immunoprecipitation assay	27924024	Homo sapiens	GTRD	No	Mm:Q6P9Q3;Rn:D3ZG35	Dr:A2BF92	Dr:Q7ZUC9;Mm:Q91VW3;Rn:B2RZ27	-
Q9HCK0	Q9ULZ9	57684	4326	ZBTB26	MMP17	chromatin immunoprecipitation assay	27924024	Homo sapiens	GTRD	No	Mm:Q6P9Q3;Rn:D3ZG35	Dr:A2BF92	Mm:Q9R0S3;Rn:D3ZXJ0	-
Q9HCK0	Q8TD16	57684	23299	ZBTB26	BICD2	chromatin immunoprecipitation assay	27924024	Homo sapiens	GTRD	No	Mm:Q6P9Q3;Rn:D3ZG35	Dr:A2BF92	Mm:Q921C5;Rn:Q496Z1	Dr:A0A0G2L2S4
Q9HCK0	O95819	57684	9448	ZBTB26	MAP4K4	chromatin immunoprecipitation assay	27924024	Homo sapiens	GTRD	No	Mm:Q6P9Q3;Rn:D3ZG35	Dr:A2BF92	Mm:A0A0A6YW53;Sc:P25389	Rn:A0A0G2K7W4
Q9HCK0	Q5M8T2	57684	340146	ZBTB26	SLC35D3	chromatin immunoprecipitation assay	27924024	Homo sapiens	GTRD	No	Mm:Q6P9Q3;Rn:D3ZG35	Dr:A2BF92	Mm:Q8BGF8;Rn:D4A5L7	-
Q9HCK0	A6NN90	57684	-	ZBTB26	C2orf81	chromatin immunoprecipitation assay	27924024	Homo sapiens	GTRD	No	Mm:Q6P9Q3;Rn:D3ZG35	Dr:A2BF92	-	-
Q9HCK0	Q8N5C8	57684	257397	ZBTB26	TAB3	chromatin immunoprecipitation assay	27924024	Homo sapiens	GTRD	No	Mm:Q6P9Q3;Rn:D3ZG35	Dr:A2BF92	Dm:Q6NQZ7;Dr:A4IFZ0;Mm:Q571K4;Rn:F1M1D2	-
Q9HCK0	Q8IWV7	57684	197131	ZBTB26	UBR1	chromatin immunoprecipitation assay	27924024	Homo sapiens	GTRD	No	Mm:Q6P9Q3;Rn:D3ZG35	Dr:A2BF92	Mm:O70481;Rn:D3ZQC6	-
Q9HCK0	Q8WXG1	57684	91543	ZBTB26	RSAD2	chromatin immunoprecipitation assay	27924024	Homo sapiens	GTRD	No	Mm:Q6P9Q3;Rn:D3ZG35	Dr:A2BF92	Mm:Q8CBB9;Rn:A0A0H2UHF4	Dr:Q5RH95
Q9HCK0	P09486	57684	6678	ZBTB26	SPARC	chromatin immunoprecipitation assay	27924024	Homo sapiens	GTRD	No	Mm:Q6P9Q3;Rn:D3ZG35	Dr:A2BF92	Ce:P34714;Dm:O97365;Dr:Q6PVV8;Rn:P16975	-
Q9HCK0	Q9NUP7	57684	54482	ZBTB26	TRMT13	chromatin immunoprecipitation assay	27924024	Homo sapiens	GTRD	No	Mm:Q6P9Q3;Rn:D3ZG35	Dr:A2BF92	Ce:Q9XW93;Dm:Q8SX24;Dr:A0A0R4ID18;Mm:Q8BYH3;Rn:B2GV29;Sc:Q12383	-
Q9HCK0	Q9BY67	57684	23705	ZBTB26	CADM1	chromatin immunoprecipitation assay	27924024	Homo sapiens	GTRD	No	Mm:Q6P9Q3;Rn:D3ZG35	Dr:A2BF92	Mm:Q8R5M8	Dr:F1QD76;Dr:F1QZ51;Rn:A0A5H1ZRU4
Q9HCK0	Q9BSU1	57684	80262	ZBTB26	C16orf70	chromatin immunoprecipitation assay	27924024	Homo sapiens	GTRD	No	Mm:Q6P9Q3;Rn:D3ZG35	Dr:A2BF92	Ce:P34692;Dm:Q9VSH9;Dr:Q1LV04;Mm:Q922R1;Rn:G3V7W8	-
Q9HCK0	Q6MZP7	57684	132660	ZBTB26	LIN54	chromatin immunoprecipitation assay	27924024	Homo sapiens	GTRD	No	Mm:Q6P9Q3;Rn:D3ZG35	Dr:A2BF92	Dr:F1QDM3;Mm:Q571G4	Rn:Q641Z1
Q9HCK0	Q13405	57684	740	ZBTB26	MRPL49	chromatin immunoprecipitation assay	27924024	Homo sapiens	GTRD	No	Mm:Q6P9Q3;Rn:D3ZG35	Dr:A2BF92	Ce:Q21939;Dm:Q9VYI3;Dr:E7F2U2;Mm:Q9CQ40;Rn:Q7TP77	-
Q9HCK0	Q9Y4F1	57684	10160	ZBTB26	FARP1	chromatin immunoprecipitation assay	27924024	Homo sapiens	GTRD	No	Mm:Q6P9Q3;Rn:D3ZG35	Dr:A2BF92	-	-
Q9HCK0	A6NFU0	57684	-	ZBTB26	FAM187A	chromatin immunoprecipitation assay	27924024	Homo sapiens	GTRD	No	Mm:Q6P9Q3;Rn:D3ZG35	Dr:A2BF92	-	-
Q9HCK0	Q96SI1	57684	79047	ZBTB26	KCTD15	chromatin immunoprecipitation assay	27924024	Homo sapiens	GTRD	No	Mm:Q6P9Q3;Rn:D3ZG35	Dr:A2BF92	Mm:Q8K0E1;Rn:B5DF44	-
Q9HCK0	Q99757	57684	25828	ZBTB26	TXN2	chromatin immunoprecipitation assay	27924024	Homo sapiens	GTRD	No	Mm:Q6P9Q3;Rn:D3ZG35	Dr:A2BF92	Ce:Q17424;Dr:Q6P131;Mm:P97493;Rn:P97615	Dm:Q7K037
Q9HCK0	Q9Y657	57684	10927	ZBTB26	SPIN1	chromatin immunoprecipitation assay	27924024	Homo sapiens	GTRD	No	Mm:Q6P9Q3;Rn:D3ZG35	Dr:A2BF92	Mm:Q61142	Rn:Q4V8J7
Q9HCK0	O95718	57684	2103	ZBTB26	ESRRB	chromatin immunoprecipitation assay	27924024	Homo sapiens	GTRD	No	Mm:Q6P9Q3;Rn:D3ZG35	Dr:A2BF92	-	-
Q9HCK0	Q9P2D1	57684	55636	ZBTB26	CHD7	chromatin immunoprecipitation assay	27924024	Homo sapiens	GTRD	No	Mm:Q6P9Q3;Rn:D3ZG35	Dr:A2BF92	Dr:F1QGL1;Mm:A2AJK6;Rn:D3ZAP7	-
Q9HCK0	Q9NRA1	57684	56034	ZBTB26	PDGFC	chromatin immunoprecipitation assay	27924024	Homo sapiens	GTRD	No	Mm:Q6P9Q3;Rn:D3ZG35	Dr:A2BF92	Dr:E7FB33;Mm:Q8CI19;Rn:Q9EQX6	-
Q9HCK0	P19784	57684	1459	ZBTB26	CSNK2A2	chromatin immunoprecipitation assay	27924024	Homo sapiens	GTRD	No	Mm:Q6P9Q3;Rn:D3ZG35	Dr:A2BF92	Dr:E7FCZ6;Dr:Q7ZU33;Mm:O54833;Rn:B4F7A9	-
Q9HCK0	Q9GZT5	57684	80326	ZBTB26	WNT10A	chromatin immunoprecipitation assay	27924024	Homo sapiens	GTRD	No	Mm:Q6P9Q3;Rn:D3ZG35	Dr:A2BF92	Dr:B0V1G8;Mm:P70701	Rn:D3ZRW5
Q9HCK0	O75882	57684	8455	ZBTB26	ATRN	chromatin immunoprecipitation assay	27924024	Homo sapiens	GTRD	No	Mm:Q6P9Q3;Rn:D3ZG35	Dr:A2BF92	Mm:Q9WU60;Rn:Q99J86	-
Q9HCK0	P43699	57684	7080	ZBTB26	NKX2-1	chromatin immunoprecipitation assay	27924024	Homo sapiens	GTRD	No	Mm:Q6P9Q3;Rn:D3ZG35	Dr:A2BF92	Dr:B3DH68;Mm:P50220;Rn:G3V740	-
Q9HCK0	P98198	57684	57198	ZBTB26	ATP8B2	chromatin immunoprecipitation assay	27924024	Homo sapiens	GTRD	No	Mm:Q6P9Q3;Rn:D3ZG35	Dr:A2BF92	-	-
Q9HCK0	P20963	57684	919	ZBTB26	CD247	chromatin immunoprecipitation assay	27924024	Homo sapiens	GTRD	No	Mm:Q6P9Q3;Rn:D3ZG35	Dr:A2BF92	Mm:P24161;Rn:Q4V7G0	-
Q9HCK0	O95841	57684	9068	ZBTB26	ANGPTL1	chromatin immunoprecipitation assay	27924024	Homo sapiens	GTRD	No	Mm:Q6P9Q3;Rn:D3ZG35	Dr:A2BF92	Mm:Q640P2	Dr:Q5RH53;Rn:A0A0G2K603
Q9HCK0	Q9BX66	57684	10580	ZBTB26	SORBS1	chromatin immunoprecipitation assay	27924024	Homo sapiens	GTRD	No	Mm:Q6P9Q3;Rn:D3ZG35	Dr:A2BF92	-	Mm:A0A5F8MPJ2;Rn:F1M8Z8
Q9HCK0	Q8WUD6	57684	56994	ZBTB26	CHPT1	chromatin immunoprecipitation assay	27924024	Homo sapiens	GTRD	No	Mm:Q6P9Q3;Rn:D3ZG35	Dr:A2BF92	Mm:Q8C025;Rn:Q66H21	-
Q9HCK0	P49918	57684	1028	ZBTB26	CDKN1C	chromatin immunoprecipitation assay	27924024	Homo sapiens	GTRD	No	Mm:Q6P9Q3;Rn:D3ZG35	Dr:A2BF92	Rn:Q69DC1	-
Q9HCK0	Q9UDY2	57684	9414	ZBTB26	TJP2	chromatin immunoprecipitation assay	27924024	Homo sapiens	GTRD	No	Mm:Q6P9Q3;Rn:D3ZG35	Dr:A2BF92	-	-
Q9HCK0	Q8IYH5	57684	26009	ZBTB26	ZZZ3	chromatin immunoprecipitation assay	27924024	Homo sapiens	GTRD	No	Mm:Q6P9Q3;Rn:D3ZG35	Dr:A2BF92	Dr:A5PMR0;Mm:Q6KAQ7	Rn:M0R9X4
Q9HCK0	Q8N141	57684	284406	ZBTB26	ZFP82	chromatin immunoprecipitation assay	27924024	Homo sapiens	GTRD	No	Mm:Q6P9Q3;Rn:D3ZG35	Dr:A2BF92	Mm:Q6P9Y7;Sc:P39933	Rn:A0A0G2JT46
Q9HCK0	Q8NBK3	57684	285362	ZBTB26	SUMF1	chromatin immunoprecipitation assay	27924024	Homo sapiens	GTRD	No	Mm:Q6P9Q3;Rn:D3ZG35	Dr:A2BF92	Dm:Q9W0U6;Dr:F1QHA4;Mm:Q8R0F3;Rn:D4A7I8	-
Q9HCK0	O75781	57684	5064	ZBTB26	PALM	chromatin immunoprecipitation assay	27924024	Homo sapiens	GTRD	No	Mm:Q6P9Q3;Rn:D3ZG35	Dr:A2BF92	Dr:E9QIM7;Mm:Q9Z0P4;Rn:Q920Q0	Dr:B0V0Y4
Q9HCK0	Q96E09	57684	116224	ZBTB26	FAM122A	chromatin immunoprecipitation assay	27924024	Homo sapiens	GTRD	No	Mm:Q6P9Q3;Rn:D3ZG35	Dr:A2BF92	Mm:Q9DB52;Rn:Q6AYT4	-
Q9HCK0	Q5TAG4	57684	149013	ZBTB26	NBPF12	chromatin immunoprecipitation assay	27924024	Homo sapiens	GTRD	No	Mm:Q6P9Q3;Rn:D3ZG35	Dr:A2BF92	-	-
Q9HCK0	Q15223	57684	5818	ZBTB26	NECTIN1	chromatin immunoprecipitation assay	27924024	Homo sapiens	GTRD	No	Mm:Q6P9Q3;Rn:D3ZG35	Dr:A2BF92	Dr:F1QXJ2;Rn:F1LNP8	Mm:A0A668KLC0
Q9HCK0	Q96LT6	57684	148304	ZBTB26	C1orf74	chromatin immunoprecipitation assay	27924024	Homo sapiens	GTRD	No	Mm:Q6P9Q3;Rn:D3ZG35	Dr:A2BF92	Mm:Q9DAE8;Rn:Q5U2R2	Dr:Q567C3
Q9HCK0	Q08722	57684	961	ZBTB26	CD47	chromatin immunoprecipitation assay	27924024	Homo sapiens	GTRD	No	Mm:Q6P9Q3;Rn:D3ZG35	Dr:A2BF92	-	Mm:A0A2R8VK70;Rn:A0A0G2JTH4
Q9HCK0	Q8TAQ2	57684	6601	ZBTB26	SMARCC2	chromatin immunoprecipitation assay	27924024	Homo sapiens	GTRD	No	Mm:Q6P9Q3;Rn:D3ZG35	Dr:A2BF92	-	-
Q9HCK0	P20023	57684	1380	ZBTB26	CR2	chromatin immunoprecipitation assay	27924024	Homo sapiens	GTRD	No	Mm:Q6P9Q3;Rn:D3ZG35	Dr:A2BF92	-	Ce:H2L2E9;Rn:A0A0G2K684
Q9HCK0	P12259	57684	2153	ZBTB26	F5	chromatin immunoprecipitation assay	27924024	Homo sapiens	GTRD	No	Mm:Q6P9Q3;Rn:D3ZG35	Dr:A2BF92	Mm:O88783;Rn:A0A0G2JXI1	Dr:B7ZVT7
Q9HCK0	P23921	57684	6240	ZBTB26	RRM1	chromatin immunoprecipitation assay	27924024	Homo sapiens	GTRD	No	Mm:Q6P9Q3;Rn:D3ZG35	Dr:A2BF92	Ce:Q03604;Dm:P48591;Dr:F1R2K9;Mm:P07742;Rn:Q5U2Q5;Sc:P21672;Sc:P21524	-
Q9HCK0	Q658Y4	57684	157769	ZBTB26	FAM91A1	chromatin immunoprecipitation assay	27924024	Homo sapiens	GTRD	No	Mm:Q6P9Q3;Rn:D3ZG35	Dr:A2BF92	Ce:O62219;Dm:Q9XZ12;Mm:Q3UVG3;Rn:B2RYP3	Dr:Q6TEP1
Q9HCK0	Q9NRP4	57684	57001	ZBTB26	SDHAF3	chromatin immunoprecipitation assay	27924024	Homo sapiens	GTRD	No	Mm:Q6P9Q3;Rn:D3ZG35	Dr:A2BF92	Ce:P91989;Dr:A3KQK6;Mm:Q8BQU3;Rn:Q6TUF2;Sc:Q04401	-
Q9HCK0	Q9ULL5	57684	57479	ZBTB26	PRR12	chromatin immunoprecipitation assay	27924024	Homo sapiens	GTRD	No	Mm:Q6P9Q3;Rn:D3ZG35	Dr:A2BF92	Mm:E9PYL2	-
Q9HCK0	Q0PNE2	57684	54859	ZBTB26	ELP6	chromatin immunoprecipitation assay	27924024	Homo sapiens	GTRD	No	Mm:Q6P9Q3;Rn:D3ZG35	Dr:A2BF92	Dr:Q0P424;Mm:Q8BK75;Rn:B2RYG8	-
Q9HCK0	Q5BJH7	57684	90522	ZBTB26	YIF1B	chromatin immunoprecipitation assay	27924024	Homo sapiens	GTRD	No	Mm:Q6P9Q3;Rn:D3ZG35	Dr:A2BF92	Dr:B8JMB4;Mm:Q9CX30;Sc:P53845	Rn:G3V9N6
Q9HCK0	Q9NY43	57684	343472	ZBTB26	BARHL2	chromatin immunoprecipitation assay	27924024	Homo sapiens	GTRD	No	Mm:Q6P9Q3;Rn:D3ZG35	Dr:A2BF92	Dr:Q6YI96;Mm:Q8VIB5	Rn:O88181
Q9HCK0	Q9UBY0	57684	6549	ZBTB26	SLC9A2	chromatin immunoprecipitation assay	27924024	Homo sapiens	GTRD	No	Mm:Q6P9Q3;Rn:D3ZG35	Dr:A2BF92	Ce:H2L039;Ce:P35449;Mm:Q3ZAS0;Rn:P48763	-
Q9HCK0	Q6PKG0	57684	23367	ZBTB26	LARP1	chromatin immunoprecipitation assay	27924024	Homo sapiens	GTRD	No	Mm:Q6P9Q3;Rn:D3ZG35	Dr:A2BF92	Mm:Q6ZQ58;Rn:F1M062	-
Q9HCK0	Q8N554	57684	92822	ZBTB26	ZNF276	chromatin immunoprecipitation assay	27924024	Homo sapiens	GTRD	No	Mm:Q6P9Q3;Rn:D3ZG35	Dr:A2BF92	Mm:Q8CE64;Rn:F1LN08	-
Q9HCK0	O00159	57684	4641	ZBTB26	MYO1C	chromatin immunoprecipitation assay	27924024	Homo sapiens	GTRD	No	Mm:Q6P9Q3;Rn:D3ZG35	Dr:A2BF92	Rn:Q63355	Dr:R4GEN4
Q9HCK0	O95415	57684	25798	ZBTB26	BRI3	chromatin immunoprecipitation assay	27924024	Homo sapiens	GTRD	No	Mm:Q6P9Q3;Rn:D3ZG35	Dr:A2BF92	Mm:P28662;Rn:Q5PPK1	Dr:E7FAC9
Q9HCK0	Q5TCY1	57684	84630	ZBTB26	TTBK1	chromatin immunoprecipitation assay	27924024	Homo sapiens	GTRD	No	Mm:Q6P9Q3;Rn:D3ZG35	Dr:A2BF92	Mm:Q6PCN3;Rn:A0A0G2JTK1	-
Q9HCK0	Q5VT25	57684	8476	ZBTB26	CDC42BPA	chromatin immunoprecipitation assay	27924024	Homo sapiens	GTRD	No	Mm:Q6P9Q3;Rn:D3ZG35	Dr:A2BF92	Dr:A0A0R4IDB7;Rn:G3V6C9	Mm:A0A1D5RLQ9
Q9HCK0	Q96CP6	57684	57655	ZBTB26	GRAMD1A	chromatin immunoprecipitation assay	27924024	Homo sapiens	GTRD	No	Mm:Q6P9Q3;Rn:D3ZG35	Dr:A2BF92	Dr:F1QDS3;Mm:Q8VEF1;Rn:A0A0H2UHS9	-
Q9HCK0	Q7Z434	57684	57506	ZBTB26	MAVS	chromatin immunoprecipitation assay	27924024	Homo sapiens	GTRD	No	Mm:Q6P9Q3;Rn:D3ZG35	Dr:A2BF92	Mm:Q8VCF0;Rn:Q66HG9	-
Q9HCK0	Q6PID6	57684	23548	ZBTB26	TTC33	chromatin immunoprecipitation assay	27924024	Homo sapiens	GTRD	No	Mm:Q6P9Q3;Rn:D3ZG35	Dr:A2BF92	Mm:Q9D6K7;Rn:D3ZBZ9	Dr:Q6DI40
Q9HCK0	Q8N3R9	57684	64398	ZBTB26	MPP5	chromatin immunoprecipitation assay	27924024	Homo sapiens	GTRD	No	Mm:Q6P9Q3;Rn:D3ZG35	Dr:A2BF92	Ce:Q17549;Dr:Q1LVF4;Mm:Q9JLB2;Rn:B4F7E7	-
Q9HCK0	Q15021	57684	9918	ZBTB26	NCAPD2	chromatin immunoprecipitation assay	27924024	Homo sapiens	GTRD	No	Mm:Q6P9Q3;Rn:D3ZG35	Dr:A2BF92	Ce:Q9U2M1;Dm:Q9VAJ1;Mm:A0A0R4J0H7;Rn:A0A0G2JWH3;Sc:Q06156	Dr:B0V123
Q9HCK0	Q13616	57684	8454	ZBTB26	CUL1	chromatin immunoprecipitation assay	27924024	Homo sapiens	GTRD	No	Mm:Q6P9Q3;Rn:D3ZG35	Dr:A2BF92	Ce:Q17389;Dm:Q24311;Dr:Q6NYS3;Mm:Q9WTX6;Rn:B1WBY1;Sc:Q12018	-
Q9HCK0	Q8N8G2	57684	245806	ZBTB26	VGLL2	chromatin immunoprecipitation assay	27924024	Homo sapiens	GTRD	No	Mm:Q6P9Q3;Rn:D3ZG35	Dr:A2BF92	Mm:Q8BGW8	Dr:F1QQZ3;Rn:D3ZG38
Q9HCK0	O14497	57684	8289	ZBTB26	ARID1A	chromatin immunoprecipitation assay	27924024	Homo sapiens	GTRD	No	Mm:Q6P9Q3;Rn:D3ZG35	Dr:A2BF92	Dr:A0A0R4IKJ3;Mm:A2BH40;Rn:D4A3E3	Dr:A0A0R4IR17
Q9HCK0	Q9BQD3	57684	79036	ZBTB26	KXD1	chromatin immunoprecipitation assay	27924024	Homo sapiens	GTRD	No	Mm:Q6P9Q3;Rn:D3ZG35	Dr:A2BF92	-	-
Q9HCK0	Q8TER5	57684	55701	ZBTB26	ARHGEF40	chromatin immunoprecipitation assay	27924024	Homo sapiens	GTRD	No	Mm:Q6P9Q3;Rn:D3ZG35	Dr:A2BF92	Mm:Q3UPH7;Rn:A0A0G2JZE7	Dr:E7F579
Q9HCK0	Q9Y253	57684	5429	ZBTB26	POLH	chromatin immunoprecipitation assay	27924024	Homo sapiens	GTRD	No	Mm:Q6P9Q3;Rn:D3ZG35	Dr:A2BF92	Ce:G5EFY1;Mm:Q9JJN0;Rn:D4ADZ0;Sc:Q04049	-
Q9HCK0	Q8IVH2	57684	116113	ZBTB26	FOXP4	chromatin immunoprecipitation assay	27924024	Homo sapiens	GTRD	No	Mm:Q6P9Q3;Rn:D3ZG35	Dr:A2BF92	Dr:B3DJK9	Mm:A0A0R4J161;Rn:A0A0G2JXI7
Q9HCK0	Q96FB5	57684	51093	ZBTB26	RRNAD1	chromatin immunoprecipitation assay	27924024	Homo sapiens	GTRD	No	Mm:Q6P9Q3;Rn:D3ZG35	Dr:A2BF92	Ce:Q93574;Dm:A8DY65;Dr:A0A0R4IL77;Mm:G3X8Q8	Rn:Q6AYG0
Q9HCK0	Q9NZC7	57684	51741	ZBTB26	WWOX	chromatin immunoprecipitation assay	27924024	Homo sapiens	GTRD	No	Mm:Q6P9Q3;Rn:D3ZG35	Dr:A2BF92	Ce:Q19062;Ce:O45680;Ce:Q9UAW2;Dm:Q9VLU5;Dr:F8W4Q2;Mm:Q91WL8	-
Q9HCK0	Q96Q83	57684	221120	ZBTB26	ALKBH3	chromatin immunoprecipitation assay	27924024	Homo sapiens	GTRD	No	Mm:Q6P9Q3;Rn:D3ZG35	Dr:A2BF92	Dr:F1QRD8;Mm:Q8K1E6;Rn:Q5XIC8	-
Q9HCK0	Q9Y4D8	57684	-	ZBTB26	HECTD4	chromatin immunoprecipitation assay	27924024	Homo sapiens	GTRD	No	Mm:Q6P9Q3;Rn:D3ZG35	Dr:A2BF92	-	-
Q9HCK0	Q5GH70	57684	389668	ZBTB26	XKR9	chromatin immunoprecipitation assay	27924024	Homo sapiens	GTRD	No	Mm:Q6P9Q3;Rn:D3ZG35	Dr:A2BF92	Dm:M9PHA4;Mm:Q5GH62;Rn:Q5GH54	Dr:B3DGC8
Q9HCK0	Q5VYS8	57684	79670	ZBTB26	TUT7	chromatin immunoprecipitation assay	27924024	Homo sapiens	GTRD	No	Mm:Q6P9Q3;Rn:D3ZG35	Dr:A2BF92	Mm:E9PUA2;Rn:D3ZKR9	Ce:Q09409
Q9HCK0	P51674	57684	2823	ZBTB26	GPM6A	chromatin immunoprecipitation assay	27924024	Homo sapiens	GTRD	No	Mm:Q6P9Q3;Rn:D3ZG35	Dr:A2BF92	Dr:Q6DI17;Mm:P35802;Rn:Q812E9	-
Q9HCK0	Q9P0S2	57684	51241	ZBTB26	COX16	chromatin immunoprecipitation assay	27924024	Homo sapiens	GTRD	No	Mm:Q6P9Q3;Rn:D3ZG35	Dr:A2BF92	Dr:B8JHU3;Mm:Q9CR63;Rn:D3Z8B0	Dm:A0A6I8WFC0
Q9HCK0	P05556	57684	3688	ZBTB26	ITGB1	chromatin immunoprecipitation assay	27924024	Homo sapiens	GTRD	No	Mm:Q6P9Q3;Rn:D3ZG35	Dr:A2BF92	Ce:Q27874;Dm:P11584;Mm:P09055;Rn:A0A0G2JSK5	Dr:F1QG85
Q9HCK0	Q7Z333	57684	23064	ZBTB26	SETX	chromatin immunoprecipitation assay	27924024	Homo sapiens	GTRD	No	Mm:Q6P9Q3;Rn:D3ZG35	Dr:A2BF92	Dr:E7FBJ2;Mm:A2AKX3	Rn:D4AEB3
Q9HCK0	Q5SW79	57684	9859	ZBTB26	CEP170	chromatin immunoprecipitation assay	27924024	Homo sapiens	GTRD	No	Mm:Q6P9Q3;Rn:D3ZG35	Dr:A2BF92	Dr:F1QAR8;Mm:Q6A065	-
Q9HCK0	Q8N2R8	57684	131583	ZBTB26	FAM43A	chromatin immunoprecipitation assay	27924024	Homo sapiens	GTRD	No	Mm:Q6P9Q3;Rn:D3ZG35	Dr:A2BF92	Mm:Q8BUP8;Rn:Q4KLG0	Dr:Q6NXA7
Q9HCK0	Q9UPM8	57684	23431	ZBTB26	AP4E1	chromatin immunoprecipitation assay	27924024	Homo sapiens	GTRD	No	Mm:Q6P9Q3;Rn:D3ZG35	Dr:A2BF92	Dr:A0A0R4IQI7;Mm:Q80V94;Rn:D3ZX21	-
Q9HCK0	P35914	57684	3155	ZBTB26	HMGCL	chromatin immunoprecipitation assay	27924024	Homo sapiens	GTRD	No	Mm:Q6P9Q3;Rn:D3ZG35	Dr:A2BF92	Dr:F1QTF0;Mm:P38060;Rn:P97519	-
Q9HCK0	P32754	57684	3242	ZBTB26	HPD	chromatin immunoprecipitation assay	27924024	Homo sapiens	GTRD	No	Mm:Q6P9Q3;Rn:D3ZG35	Dr:A2BF92	-	-
Q9HCK0	Q8N9V6	57684	79998	ZBTB26	ANKRD53	chromatin immunoprecipitation assay	27924024	Homo sapiens	GTRD	No	Mm:Q6P9Q3;Rn:D3ZG35	Dr:A2BF92	Mm:Q3V0J4;Rn:F1M9S7	-
Q9HCK0	Q96PX1	57684	114804	ZBTB26	RNF157	chromatin immunoprecipitation assay	27924024	Homo sapiens	GTRD	No	Mm:Q6P9Q3;Rn:D3ZG35	Dr:A2BF92	-	-
Q9HCK0	Q9Y3D7	57684	51025	ZBTB26	PAM16	chromatin immunoprecipitation assay	27924024	Homo sapiens	GTRD	No	Mm:Q6P9Q3;Rn:D3ZG35	Dr:A2BF92	Ce:O62250;Dm:Q9VF08;Dr:A0A0R4IJF5;Mm:Q9CQV1;Rn:D3ZZV1;Sc:P42949	-
Q9HCK0	Q8IWW6	57684	94134	ZBTB26	ARHGAP12	chromatin immunoprecipitation assay	27924024	Homo sapiens	GTRD	No	Mm:Q6P9Q3;Rn:D3ZG35	Dr:A2BF92	Mm:Q8C0D4;Rn:A0A0G2K1Z2	-
Q9HCK0	Q92667	57684	8165	ZBTB26	AKAP1	chromatin immunoprecipitation assay	27924024	Homo sapiens	GTRD	No	Mm:Q6P9Q3;Rn:D3ZG35	Dr:A2BF92	Mm:O08715	Rn:D4A9M6
Q9HCK0	Q8WXH0	57684	23224	ZBTB26	SYNE2	chromatin immunoprecipitation assay	27924024	Homo sapiens	GTRD	No	Mm:Q6P9Q3;Rn:D3ZG35	Dr:A2BF92	Ce:Q9N4M4;Mm:Q6ZWQ0	Dm:M9MRD4
Q9HCK0	Q96A05	57684	90423	ZBTB26	ATP6V1E2	chromatin immunoprecipitation assay	27924024	Homo sapiens	GTRD	No	Mm:Q6P9Q3;Rn:D3ZG35	Dr:A2BF92	Mm:Q9D593;Rn:D3ZJ78;Sc:P22203	-
Q9HCK0	Q9NUQ6	57684	26010	ZBTB26	SPATS2L	chromatin immunoprecipitation assay	27924024	Homo sapiens	GTRD	No	Mm:Q6P9Q3;Rn:D3ZG35	Dr:A2BF92	-	-
Q9HCK0	P05455	57684	6741	ZBTB26	SSB	chromatin immunoprecipitation assay	27924024	Homo sapiens	GTRD	No	Mm:Q6P9Q3;Rn:D3ZG35	Dr:A2BF92	Ce:O01806;Dm:P40796;Mm:P32067;Rn:Q66HM7	Rn:D3ZLH9
Q9HCK0	Q53QV2	57684	81606	ZBTB26	LBH	chromatin immunoprecipitation assay	27924024	Homo sapiens	GTRD	No	Mm:Q6P9Q3;Rn:D3ZG35	Dr:A2BF92	Mm:Q9CX60;Rn:A0A0G2KAD4	-
Q9HCK0	Q8N128	57684	283635	ZBTB26	FAM177A1	chromatin immunoprecipitation assay	27924024	Homo sapiens	GTRD	No	Mm:Q6P9Q3;Rn:D3ZG35	Dr:A2BF92	Rn:D3ZIM7	Dr:F1QAL6;Mm:Q8BR63
Q9HCK0	P12694	57684	593	ZBTB26	BCKDHA	chromatin immunoprecipitation assay	27924024	Homo sapiens	GTRD	No	Mm:Q6P9Q3;Rn:D3ZG35	Dr:A2BF92	-	-
Q9HCK0	Q8WTV0	57684	949	ZBTB26	SCARB1	chromatin immunoprecipitation assay	27924024	Homo sapiens	GTRD	No	Mm:Q6P9Q3;Rn:D3ZG35	Dr:A2BF92	Ce:Q09606;Mm:Q61009;Rn:P97943	Dr:A0A0R4IRL8
Q9HCK0	Q9H5L6	57684	79725	ZBTB26	THAP9	chromatin immunoprecipitation assay	27924024	Homo sapiens	GTRD	No	Mm:Q6P9Q3;Rn:D3ZG35	Dr:A2BF92	-	-
Q9HCK0	P35813	57684	5494	ZBTB26	PPM1A	chromatin immunoprecipitation assay	27924024	Homo sapiens	GTRD	No	Mm:Q6P9Q3;Rn:D3ZG35	Dr:A2BF92	-	-
Q9HCK0	Q96NU7	57684	144193	ZBTB26	AMDHD1	chromatin immunoprecipitation assay	27924024	Homo sapiens	GTRD	No	Mm:Q6P9Q3;Rn:D3ZG35	Dr:A2BF92	Ce:Q22419;Mm:Q9DBA8;Rn:D4AAV1	Dr:F1Q6C9
Q9HCK0	O75153	57684	23277	ZBTB26	CLUH	chromatin immunoprecipitation assay	27924024	Homo sapiens	GTRD	No	Mm:Q6P9Q3;Rn:D3ZG35	Dr:A2BF92	-	-
Q9HCK0	Q9BUE6	57684	81689	ZBTB26	ISCA1	chromatin immunoprecipitation assay	27924024	Homo sapiens	GTRD	No	Mm:Q6P9Q3;Rn:D3ZG35	Dr:A2BF92	Ce:A5HWB2;Dm:Q8T3X9;Mm:I3ITR1;Mm:Q9D924;Rn:A0A0A0MXZ0	Dr:Q4QRC6
Q9HCK0	P17035	57684	7576	ZBTB26	ZNF28	chromatin immunoprecipitation assay	27924024	Homo sapiens	GTRD	No	Mm:Q6P9Q3;Rn:D3ZG35	Dr:A2BF92	-	-
Q9HCK0	Q9Y666	57684	10723	ZBTB26	SLC12A7	chromatin immunoprecipitation assay	27924024	Homo sapiens	GTRD	No	Mm:Q6P9Q3;Rn:D3ZG35	Dr:A2BF92	Dr:E9QJH0;Mm:Q9WVL3	Rn:A0A0G2K8S1
Q9HCK0	Q99766	57684	27109	ZBTB26	DMAC2L	chromatin immunoprecipitation assay	27924024	Homo sapiens	GTRD	No	Mm:Q6P9Q3;Rn:D3ZG35	Dr:A2BF92	-	-
Q9HCK0	Q8N2U0	57684	254863	ZBTB26	TMEM256	chromatin immunoprecipitation assay	27924024	Homo sapiens	GTRD	No	Mm:Q6P9Q3;Rn:D3ZG35	Dr:A2BF92	Dm:B7Z137;Dr:F1QF26;Mm:Q5F285;Rn:F1LYI7	Ce:Q9U2Z9
Q9HCK0	Q9BQS6	57684	94086	ZBTB26	HSPB9	chromatin immunoprecipitation assay	27924024	Homo sapiens	GTRD	No	Mm:Q6P9Q3;Rn:D3ZG35	Dr:A2BF92	Mm:Q9DAM3;Rn:D4ACX7	-
Q9HCK0	Q17RQ9	57684	-	ZBTB26	NKPD1	chromatin immunoprecipitation assay	27924024	Homo sapiens	GTRD	No	Mm:Q6P9Q3;Rn:D3ZG35	Dr:A2BF92	Mm:H7BX48;Rn:D3ZR21	-
Q9HCK0	Q9NXC5	57684	54468	ZBTB26	MIOS	chromatin immunoprecipitation assay	27924024	Homo sapiens	GTRD	No	Mm:Q6P9Q3;Rn:D3ZG35	Dr:A2BF92	Dm:Q9VQ89;Mm:Q8VE19;Rn:D3Z9C0	-
Q9HCK0	Q9UGI8	57684	26136	ZBTB26	TES	chromatin immunoprecipitation assay	27924024	Homo sapiens	GTRD	No	Mm:Q6P9Q3;Rn:D3ZG35	Dr:A2BF92	Ce:Q17525;Mm:Q921W7;Rn:Q2LAP6	-
Q9HCK0	P19793	57684	6256	ZBTB26	RXRA	chromatin immunoprecipitation assay	27924024	Homo sapiens	GTRD	No	Mm:Q6P9Q3;Rn:D3ZG35	Dr:A2BF92	Dr:F1Q4V9;Mm:P28700;Rn:Q0VJ96	Dr:F1RDN3
Q9HCK0	O75891	57684	10840	ZBTB26	ALDH1L1	chromatin immunoprecipitation assay	27924024	Homo sapiens	GTRD	No	Mm:Q6P9Q3;Rn:D3ZG35	Dr:A2BF92	Mm:Q8R0Y6	Dr:I3ITN9;Rn:M0R8T2
Q9HCK0	P08514	57684	3674	ZBTB26	ITGA2B	chromatin immunoprecipitation assay	27924024	Homo sapiens	GTRD	No	Mm:Q6P9Q3;Rn:D3ZG35	Dr:A2BF92	Dm:P12080;Mm:Q9QUM0;Rn:D3ZAC0	Dr:B3DIZ6
Q9HCK0	Q6ZWE6	57684	389072	ZBTB26	PLEKHM3	chromatin immunoprecipitation assay	27924024	Homo sapiens	GTRD	No	Mm:Q6P9Q3;Rn:D3ZG35	Dr:A2BF92	Dr:F1R282;Mm:Q8BM47;Rn:D4A959	-
Q9HCK0	Q5JUX0	57684	169981	ZBTB26	SPIN3	chromatin immunoprecipitation assay	27924024	Homo sapiens	GTRD	No	Mm:Q6P9Q3;Rn:D3ZG35	Dr:A2BF92	-	-
Q9HCK0	Q9H4L5	57684	26031	ZBTB26	OSBPL3	chromatin immunoprecipitation assay	27924024	Homo sapiens	GTRD	No	Mm:Q6P9Q3;Rn:D3ZG35	Dr:A2BF92	Dr:F1R2E5;Mm:Q9DBS9	Rn:D3ZHZ3
Q9HCK0	Q9UNM6	57684	5719	ZBTB26	PSMD13	chromatin immunoprecipitation assay	27924024	Homo sapiens	GTRD	No	Mm:Q6P9Q3;Rn:D3ZG35	Dr:A2BF92	Ce:Q22253;Dm:Q7KMP8;Dr:Q7ZU69;Mm:Q9WVJ2;Rn:B0BN93;Sc:Q04062	-
Q9HCK0	P35712	57684	55553	ZBTB26	SOX6	chromatin immunoprecipitation assay	27924024	Homo sapiens	GTRD	No	Mm:Q6P9Q3;Rn:D3ZG35	Dr:A2BF92	Mm:P40645	Dr:A0A1D5NSY8;Rn:A0A6R0V8A0
Q9HCK0	P29353	57684	6464	ZBTB26	SHC1	chromatin immunoprecipitation assay	27924024	Homo sapiens	GTRD	No	Mm:Q6P9Q3;Rn:D3ZG35	Dr:A2BF92	Mm:P98083;Rn:G3V8S2	Dr:E9QCZ8
Q9HCK0	Q96MU6	57684	197320	ZBTB26	ZNF778	chromatin immunoprecipitation assay	27924024	Homo sapiens	GTRD	No	Mm:Q6P9Q3;Rn:D3ZG35	Dr:A2BF92	-	-
Q9HCK0	P61647	57684	338596	ZBTB26	ST8SIA6	chromatin immunoprecipitation assay	27924024	Homo sapiens	GTRD	No	Mm:Q6P9Q3;Rn:D3ZG35	Dr:A2BF92	Dr:F1R0F8;Mm:Q8K4T1	Rn:A0A0G2JWU8
Q9HCK0	O75052	57684	9722	ZBTB26	NOS1AP	chromatin immunoprecipitation assay	27924024	Homo sapiens	GTRD	No	Mm:Q6P9Q3;Rn:D3ZG35	Dr:A2BF92	Mm:Q9D3A8	Dm:M9MRS2;Dr:F8W2Z4;Rn:F1M9N8
Q9HCK0	Q12788	57684	10607	ZBTB26	TBL3	chromatin immunoprecipitation assay	27924024	Homo sapiens	GTRD	No	Mm:Q6P9Q3;Rn:D3ZG35	Dr:A2BF92	Ce:O18215;Dm:Q7JQT9;Mm:Q8C4J7;Rn:Q5U2W5;Sc:Q05946	-
Q9HCK0	A2VDF0	57684	282969	ZBTB26	FUOM	chromatin immunoprecipitation assay	27924024	Homo sapiens	GTRD	No	Mm:Q6P9Q3;Rn:D3ZG35	Dr:A2BF92	Mm:Q8R2K1	Dr:Q7ZZ03;Rn:D4ACG8
Q9HCK0	Q70IA8	57684	148932	ZBTB26	MOB3C	chromatin immunoprecipitation assay	27924024	Homo sapiens	GTRD	No	Mm:Q6P9Q3;Rn:D3ZG35	Dr:A2BF92	Dr:Q6GQN1;Mm:Q8BJG4;Rn:D3ZP72	-
Q9HCK0	P30532	57684	1138	ZBTB26	CHRNA5	chromatin immunoprecipitation assay	27924024	Homo sapiens	GTRD	No	Mm:Q6P9Q3;Rn:D3ZG35	Dr:A2BF92	Dr:Q567Y7;Mm:Q2MKA5	-
Q9HCK0	Q5VZE5	57684	60560	ZBTB26	NAA35	chromatin immunoprecipitation assay	27924024	Homo sapiens	GTRD	No	Mm:Q6P9Q3;Rn:D3ZG35	Dr:A2BF92	Ce:O17003;Dm:Q9W1A2;Dr:F1QIJ2;Mm:Q6PHQ8;Rn:Q6DKG0;Sc:Q02197	-
Q9HCK0	P62910	57684	6161	ZBTB26	RPL32	chromatin immunoprecipitation assay	27924024	Homo sapiens	GTRD	No	Mm:Q6P9Q3;Rn:D3ZG35	Dr:A2BF92	Ce:Q22716;Dm:P04359;Dr:Q24JV1;Mm:P62911;Rn:P62912;Sc:P38061	Rn:D4A412
Q9HCK0	Q9NYR9	57684	28511	ZBTB26	NKIRAS2	chromatin immunoprecipitation assay	27924024	Homo sapiens	GTRD	No	Mm:Q6P9Q3;Rn:D3ZG35	Dr:A2BF92	Dr:F1QJH0;Mm:Q9CR56;Rn:D3ZCK2	-
Q9HCK0	Q9NS15	57684	4054	ZBTB26	LTBP3	chromatin immunoprecipitation assay	27924024	Homo sapiens	GTRD	No	Mm:Q6P9Q3;Rn:D3ZG35	Dr:A2BF92	Dr:F1QFX6;Rn:F1LRT0	Mm:Q61810
Q9HCK0	P22891	57684	8858	ZBTB26	PROZ	chromatin immunoprecipitation assay	27924024	Homo sapiens	GTRD	No	Mm:Q6P9Q3;Rn:D3ZG35	Dr:A2BF92	Dr:F1QZU6;Dr:F1Q5S2;Mm:Q9CQW3;Rn:G3V8K8	-
Q9HCK0	P41587	57684	7434	ZBTB26	VIPR2	chromatin immunoprecipitation assay	27924024	Homo sapiens	GTRD	No	Mm:Q6P9Q3;Rn:D3ZG35	Dr:A2BF92	Mm:P41588	Rn:P35000
Q9HCK0	Q9UBW7	57684	7750	ZBTB26	ZMYM2	chromatin immunoprecipitation assay	27924024	Homo sapiens	GTRD	No	Mm:Q6P9Q3;Rn:D3ZG35	Dr:A2BF92	Dr:B0S766;Mm:Q9CU65	Rn:D4A3R6
Q9HCK0	Q96JF0	57684	84620	ZBTB26	ST6GAL2	chromatin immunoprecipitation assay	27924024	Homo sapiens	GTRD	No	Mm:Q6P9Q3;Rn:D3ZG35	Dr:A2BF92	Mm:Q76K27	Rn:Q701R3
Q9HCK0	Q8WXW3	57684	10464	ZBTB26	PIBF1	chromatin immunoprecipitation assay	27924024	Homo sapiens	GTRD	No	Mm:Q6P9Q3;Rn:D3ZG35	Dr:A2BF92	Mm:E9Q6K3;Rn:D3ZU21	Dr:B8JHR8
Q9HCK0	P35611	57684	118	ZBTB26	ADD1	chromatin immunoprecipitation assay	27924024	Homo sapiens	GTRD	No	Mm:Q6P9Q3;Rn:D3ZG35	Dr:A2BF92	-	-
Q9HCK0	Q8TED1	57684	493869	ZBTB26	GPX8	chromatin immunoprecipitation assay	27924024	Homo sapiens	GTRD	No	Mm:Q6P9Q3;Rn:D3ZG35	Dr:A2BF92	Dr:F1QNX6;Mm:Q9D7B7;Rn:D3ZPW7	-
Q9HCK0	Q6STE5	57684	6604	ZBTB26	SMARCD3	chromatin immunoprecipitation assay	27924024	Homo sapiens	GTRD	No	Mm:Q6P9Q3;Rn:D3ZG35	Dr:A2BF92	Dr:B2KL77;Mm:Q6P9Z1;Rn:Q5U3Y2	-
Q9HCK0	Q96LU5	57684	196294	ZBTB26	IMMP1L	chromatin immunoprecipitation assay	27924024	Homo sapiens	GTRD	No	Mm:Q6P9Q3;Rn:D3ZG35	Dr:A2BF92	Dm:Q9VXR8;Mm:Q9CQU8	Dr:E7FGX8;Rn:D3ZWF3
Q9HCK0	Q5TC79	57684	84614	ZBTB26	ZBTB37	chromatin immunoprecipitation assay	27924024	Homo sapiens	GTRD	No	Mm:Q6P9Q3;Rn:D3ZG35	Dr:A2BF92	Mm:Q8C3U9;Rn:D3ZGJ3	Dr:Q1LV62
Q9HCK0	Q9BSE4	57684	64224	ZBTB26	HERPUD2	chromatin immunoprecipitation assay	27924024	Homo sapiens	GTRD	No	Mm:Q6P9Q3;Rn:D3ZG35	Dr:A2BF92	Dr:F1QWT4;Mm:Q9JJC9;Rn:Q66HH4	-
Q9HCK0	P15428	57684	3248	ZBTB26	HPGD	chromatin immunoprecipitation assay	27924024	Homo sapiens	GTRD	No	Mm:Q6P9Q3;Rn:D3ZG35	Dr:A2BF92	Dr:E7F258;Mm:Q8VCC1;Rn:O08699	Dm:B7Z061
Q9HCK0	A6NFE3	57684	-	ZBTB26	EFCAB10	chromatin immunoprecipitation assay	27924024	Homo sapiens	GTRD	No	Mm:Q6P9Q3;Rn:D3ZG35	Dr:A2BF92	Dr:X1WH30;Mm:Q9D581;Rn:D4AA55	-
Q9HCK0	Q9BUT9	57684	84331	ZBTB26	MCRIP2	chromatin immunoprecipitation assay	27924024	Homo sapiens	GTRD	No	Mm:Q6P9Q3;Rn:D3ZG35	Dr:A2BF92	Dr:Q1MT54;Mm:Q9CQB2;Rn:D3ZM07	-
Q9HCK0	P12268	57684	3615	ZBTB26	IMPDH2	chromatin immunoprecipitation assay	27924024	Homo sapiens	GTRD	No	Mm:Q6P9Q3;Rn:D3ZG35	Dr:A2BF92	-	-
Q9HCK0	Q13950	57684	860	ZBTB26	RUNX2	chromatin immunoprecipitation assay	27924024	Homo sapiens	GTRD	No	Mm:Q6P9Q3;Rn:D3ZG35	Dr:A2BF92	Rn:F1M9C5	Dr:F1R272
Q9HCK0	Q15008	57684	9861	ZBTB26	PSMD6	chromatin immunoprecipitation assay	27924024	Homo sapiens	GTRD	No	Mm:Q6P9Q3;Rn:D3ZG35	Dr:A2BF92	Ce:Q20585;Dm:Q9V3G7;Dr:F1QZA5;Mm:Q99JI4;Rn:Q6PCT9;Sc:Q06103	-
Q9HCK0	Q96S94	57684	81669	ZBTB26	CCNL2	chromatin immunoprecipitation assay	27924024	Homo sapiens	GTRD	No	Mm:Q6P9Q3;Rn:D3ZG35	Dr:A2BF92	Ce:P34424;Mm:Q9JJA7	Rn:A0A0H2UHQ5
Q9HCK0	P80365	57684	3291	ZBTB26	HSD11B2	chromatin immunoprecipitation assay	27924024	Homo sapiens	GTRD	No	Mm:Q6P9Q3;Rn:D3ZG35	Dr:A2BF92	Mm:P51661;Rn:P50233	Dr:F1QLP1
Q9HCK0	Q92979	57684	10436	ZBTB26	EMG1	chromatin immunoprecipitation assay	27924024	Homo sapiens	GTRD	No	Mm:Q6P9Q3;Rn:D3ZG35	Dr:A2BF92	Dm:Q9W4J5;Mm:O35130;Rn:D3ZDS4;Sc:Q06287	Ce:Q9XX15;Dr:F1QQ17
Q9HCK0	Q9NXR8	57684	54556	ZBTB26	ING3	chromatin immunoprecipitation assay	27924024	Homo sapiens	GTRD	No	Mm:Q6P9Q3;Rn:D3ZG35	Dr:A2BF92	Ce:Q9XWJ8;Dr:Q6TEM2;Mm:Q8VEK6;Rn:Q498T3	-
Q9HCK0	Q6IAA8	57684	55004	ZBTB26	LAMTOR1	chromatin immunoprecipitation assay	27924024	Homo sapiens	GTRD	No	Mm:Q6P9Q3;Rn:D3ZG35	Dr:A2BF92	Dm:Q9VW73;Mm:Q9CQ22;Rn:Q6P791	Dr:E7FBZ6
Q9HCK0	Q5HYW3	57684	340526	ZBTB26	RTL5	chromatin immunoprecipitation assay	27924024	Homo sapiens	GTRD	No	Mm:Q6P9Q3;Rn:D3ZG35	Dr:A2BF92	Mm:Q5DTT4	-
Q9HCK0	P11511	57684	1588	ZBTB26	CYP19A1	chromatin immunoprecipitation assay	27924024	Homo sapiens	GTRD	No	Mm:Q6P9Q3;Rn:D3ZG35	Dr:A2BF92	Mm:P28649	Dr:Q1LV36;Rn:F1LPY2
Q9HCK0	Q9BV73	57684	11190	ZBTB26	CEP250	chromatin immunoprecipitation assay	27924024	Homo sapiens	GTRD	No	Mm:Q6P9Q3;Rn:D3ZG35	Dr:A2BF92	Rn:F1M7J7	Mm:A3KGJ7
Q9HCK0	Q8N4S9	57684	153562	ZBTB26	MARVELD2	chromatin immunoprecipitation assay	27924024	Homo sapiens	GTRD	No	Mm:Q6P9Q3;Rn:D3ZG35	Dr:A2BF92	Mm:Q3UZP0;Rn:A0A0G2K663	Dr:F1QIE2
Q9HCK0	A6NDB9	57684	342979	ZBTB26	PALM3	chromatin immunoprecipitation assay	27924024	Homo sapiens	GTRD	No	Mm:Q6P9Q3;Rn:D3ZG35	Dr:A2BF92	Mm:A2TJV2;Rn:D4A1J3	-
Q9HCK0	P01112	57684	3265	ZBTB26	HRAS	chromatin immunoprecipitation assay	27924024	Homo sapiens	GTRD	No	Mm:Q6P9Q3;Rn:D3ZG35	Dr:A2BF92	Dr:F1QNG4;Dr:Q503B6;Mm:Q61411;Rn:P20171	-
Q9HCK0	Q15746	57684	4638	ZBTB26	MYLK	chromatin immunoprecipitation assay	27924024	Homo sapiens	GTRD	No	Mm:Q6P9Q3;Rn:D3ZG35	Dr:A2BF92	Mm:Q6PDN3;Rn:D3ZFU9	-
Q9HCK0	Q13111	57684	10036	ZBTB26	CHAF1A	chromatin immunoprecipitation assay	27924024	Homo sapiens	GTRD	No	Mm:Q6P9Q3;Rn:D3ZG35	Dr:A2BF92	Dr:A0JMK9;Mm:Q9QWF0;Rn:M0R3S3	-
Q9HCK0	Q9HCC6	57684	57801	ZBTB26	HES4	chromatin immunoprecipitation assay	27924024	Homo sapiens	GTRD	No	Mm:Q6P9Q3;Rn:D3ZG35	Dr:A2BF92	-	-
Q9HCK0	P19367	57684	3098	ZBTB26	HK1	chromatin immunoprecipitation assay	27924024	Homo sapiens	GTRD	No	Mm:Q6P9Q3;Rn:D3ZG35	Dr:A2BF92	Dr:Q6NX09;Mm:P17710;Rn:M0RAQ6	-
Q9HCK0	Q96E40	57684	11092	ZBTB26	SPACA9	chromatin immunoprecipitation assay	27924024	Homo sapiens	GTRD	No	Mm:Q6P9Q3;Rn:D3ZG35	Dr:A2BF92	Mm:Q7TPM5	Dr:A2BFD4;Rn:Q4V8P4
Q9HCK0	B8ZZF3	57684	-	ZBTB26	-	chromatin immunoprecipitation assay	27924024	Homo sapiens	GTRD	No	Mm:Q6P9Q3;Rn:D3ZG35	Dr:A2BF92	-	-
Q9HCK0	Q9NYU1	57684	55757	ZBTB26	UGGT2	chromatin immunoprecipitation assay	27924024	Homo sapiens	GTRD	No	Mm:Q6P9Q3;Rn:D3ZG35	Dr:A2BF92	Dr:E7F6G9;Mm:E9Q4X2	-
Q9HCK0	Q6UUV9	57684	23373	ZBTB26	CRTC1	chromatin immunoprecipitation assay	27924024	Homo sapiens	GTRD	No	Mm:Q6P9Q3;Rn:D3ZG35	Dr:A2BF92	Mm:Q68ED7;Rn:Q157S1	Dr:F1QYY6
Q9HCK0	Q9Y3V2	57684	25950	ZBTB26	RWDD3	chromatin immunoprecipitation assay	27924024	Homo sapiens	GTRD	No	Mm:Q6P9Q3;Rn:D3ZG35	Dr:A2BF92	Rn:P0C7N0	Mm:Q3UYX7
Q9HCK0	Q96GC5	57684	51642	ZBTB26	MRPL48	chromatin immunoprecipitation assay	27924024	Homo sapiens	GTRD	No	Mm:Q6P9Q3;Rn:D3ZG35	Dr:A2BF92	Dr:F1QEF5;Mm:E9QPQ8;Rn:D3ZDX7	-
Q9HCK0	O00168	57684	5348	ZBTB26	FXYD1	chromatin immunoprecipitation assay	27924024	Homo sapiens	GTRD	No	Mm:Q6P9Q3;Rn:D3ZG35	Dr:A2BF92	Mm:Q9Z239;Rn:A0A0H2UHS8	-
Q9HCK0	Q9H902	57684	65055	ZBTB26	REEP1	chromatin immunoprecipitation assay	27924024	Homo sapiens	GTRD	No	Mm:Q6P9Q3;Rn:D3ZG35	Dr:A2BF92	-	-
Q9HCK0	Q9BT49	57684	80764	ZBTB26	THAP7	chromatin immunoprecipitation assay	27924024	Homo sapiens	GTRD	No	Mm:Q6P9Q3;Rn:D3ZG35	Dr:A2BF92	Mm:Q8VCZ3;Rn:G3V9P2	-
Q9HCK0	O95424	57684	28955	ZBTB26	DEXI	chromatin immunoprecipitation assay	27924024	Homo sapiens	GTRD	No	Mm:Q6P9Q3;Rn:D3ZG35	Dr:A2BF92	Dr:Q6AXJ3;Mm:Q9WUQ7;Rn:D3ZNX3	-
Q9HCK0	Q5T8D3	57684	91452	ZBTB26	ACBD5	chromatin immunoprecipitation assay	27924024	Homo sapiens	GTRD	No	Mm:Q6P9Q3;Rn:D3ZG35	Dr:A2BF92	Mm:Q5XG73;Rn:A0A0G2K3Z5;Rn:A0A096MJJ6	-
Q9HCK0	D6RGH6	57684	345643	ZBTB26	MCIDAS	chromatin immunoprecipitation assay	27924024	Homo sapiens	GTRD	No	Mm:Q6P9Q3;Rn:D3ZG35	Dr:A2BF92	Mm:Q3UZ45	Rn:A0A096MJ52
Q9HCK0	Q8TBA6	57684	9950	ZBTB26	GOLGA5	chromatin immunoprecipitation assay	27924024	Homo sapiens	GTRD	No	Mm:Q6P9Q3;Rn:D3ZG35	Dr:A2BF92	Dr:B8A4N9;Mm:Q9QYE6	Rn:G3V6Z7
Q9HCK0	Q8IYX7	57684	158297	ZBTB26	SAXO1	chromatin immunoprecipitation assay	27924024	Homo sapiens	GTRD	No	Mm:Q6P9Q3;Rn:D3ZG35	Dr:A2BF92	Ce:Q94012;Mm:B1AXP3	Rn:M0R6K6;Rn:R9PY03
Q9HCK0	Q92878	57684	10111	ZBTB26	RAD50	chromatin immunoprecipitation assay	27924024	Homo sapiens	GTRD	No	Mm:Q6P9Q3;Rn:D3ZG35	Dr:A2BF92	-	-
Q9HCK0	P51784	57684	8237	ZBTB26	USP11	chromatin immunoprecipitation assay	27924024	Homo sapiens	GTRD	No	Mm:Q6P9Q3;Rn:D3ZG35	Dr:A2BF92	-	-
Q9HCK0	P07686	57684	3074	ZBTB26	HEXB	chromatin immunoprecipitation assay	27924024	Homo sapiens	GTRD	No	Mm:Q6P9Q3;Rn:D3ZG35	Dr:A2BF92	-	-
Q9HCK0	Q96NG3	57684	83538	ZBTB26	TTC25	chromatin immunoprecipitation assay	27924024	Homo sapiens	GTRD	No	Mm:Q6P9Q3;Rn:D3ZG35	Dr:A2BF92	Mm:Q9D4B2;Rn:G3V9Y3	Dr:Q7ZU45
Q9HCK0	Q8IUF8	57684	84864	ZBTB26	RIOX2	chromatin immunoprecipitation assay	27924024	Homo sapiens	GTRD	No	Mm:Q6P9Q3;Rn:D3ZG35	Dr:A2BF92	Dr:F1R7K2;Mm:Q8CD15;Rn:A0A0A0MXT5	-
Q9HCK0	Q15645	57684	9319	ZBTB26	TRIP13	chromatin immunoprecipitation assay	27924024	Homo sapiens	GTRD	No	Mm:Q6P9Q3;Rn:D3ZG35	Dr:A2BF92	Ce:Q09535;Dm:Q8SX76;Dr:F1RBS4;Mm:Q3UA06;Rn:Q5XHZ9	-
Q9HCK0	Q6UXH8	57684	147372	ZBTB26	CCBE1	chromatin immunoprecipitation assay	27924024	Homo sapiens	GTRD	No	Mm:Q6P9Q3;Rn:D3ZG35	Dr:A2BF92	Mm:Q3MI99	Dr:A8WGB1;Rn:F1LV50
Q9HCK0	O15031	57684	23654	ZBTB26	PLXNB2	chromatin immunoprecipitation assay	27924024	Homo sapiens	GTRD	No	Mm:Q6P9Q3;Rn:D3ZG35	Dr:A2BF92	Dr:F1QBC0;Mm:B2RXS4;Rn:D3ZQ57	Dr:E7FGY1
Q9HCK0	P54105	57684	1207	ZBTB26	CLNS1A	chromatin immunoprecipitation assay	27924024	Homo sapiens	GTRD	No	Mm:Q6P9Q3;Rn:D3ZG35	Dr:A2BF92	Ce:G5EG22;Dr:A0A0R4IJ12;Mm:Q923F1;Rn:Q6P9X1	-
Q9HCK0	Q9Y6H1	57684	51142	ZBTB26	CHCHD2	chromatin immunoprecipitation assay	27924024	Homo sapiens	GTRD	No	Mm:Q6P9Q3;Rn:D3ZG35	Dr:A2BF92	Dr:Q6PBS8;Mm:Q9D1L0;Sc:Q03667	Rn:M0R785
Q9HCK0	Q13625	57684	7159	ZBTB26	TP53BP2	chromatin immunoprecipitation assay	27924024	Homo sapiens	GTRD	No	Mm:Q6P9Q3;Rn:D3ZG35	Dr:A2BF92	Mm:E9QJU8;Rn:F1M5H6	Dr:F1R419
Q9HCK0	Q8N8H1	57684	100529240	ZBTB26	ZNF321P	chromatin immunoprecipitation assay	27924024	Homo sapiens	GTRD	No	Mm:Q6P9Q3;Rn:D3ZG35	Dr:A2BF92	-	-
Q9HCK0	O75364	57684	5309	ZBTB26	PITX3	chromatin immunoprecipitation assay	27924024	Homo sapiens	GTRD	No	Mm:Q6P9Q3;Rn:D3ZG35	Dr:A2BF92	Mm:O35160;Rn:P81062	-
Q9HCK0	Q8WXF7	57684	51062	ZBTB26	ATL1	chromatin immunoprecipitation assay	27924024	Homo sapiens	GTRD	No	Mm:Q6P9Q3;Rn:D3ZG35	Dr:A2BF92	Mm:Q8BH66;Rn:Q6PST4	Dr:B8A6H1
Q9HCK0	Q9Y262	57684	51386	ZBTB26	EIF3L	chromatin immunoprecipitation assay	27924024	Homo sapiens	GTRD	No	Mm:Q6P9Q3;Rn:D3ZG35	Dr:A2BF92	Dm:Q9VTU4;Mm:Q8QZY1	Ce:Q95QW0;Dr:Q7T2A5;Rn:G3V7G9
Q9HCK0	Q9H8P0	57684	79644	ZBTB26	SRD5A3	chromatin immunoprecipitation assay	27924024	Homo sapiens	GTRD	No	Mm:Q6P9Q3;Rn:D3ZG35	Dr:A2BF92	Ce:Q17428;Dm:Q9VLP9;Dr:Q5RIU9;Mm:Q9WUP4;Rn:Q5RJM1;Sc:P40526	-
Q9HCK0	Q8TAA5	57684	134266	ZBTB26	GRPEL2	chromatin immunoprecipitation assay	27924024	Homo sapiens	GTRD	No	Mm:Q6P9Q3;Rn:D3ZG35	Dr:A2BF92	Dr:E7F0C3;Mm:O88396;Rn:D4A676	-
Q9HCK0	Q92777	57684	6854	ZBTB26	SYN2	chromatin immunoprecipitation assay	27924024	Homo sapiens	GTRD	No	Mm:Q6P9Q3;Rn:D3ZG35	Dr:A2BF92	Mm:Q64332;Rn:G3V733	Dr:F1R0A8
Q9HCK0	Q96HR9	57684	92840	ZBTB26	REEP6	chromatin immunoprecipitation assay	27924024	Homo sapiens	GTRD	No	Mm:Q6P9Q3;Rn:D3ZG35	Dr:A2BF92	Rn:Q5XI60	Dr:Q66IF1
Q9HCK0	P0DI81	57684	6399	ZBTB26	TRAPPC2	chromatin immunoprecipitation assay	27924024	Homo sapiens	GTRD	No	Mm:Q6P9Q3;Rn:D3ZG35	Dr:A2BF92	-	-
Q9HCK0	Q96MG2	57684	126306	ZBTB26	JSRP1	chromatin immunoprecipitation assay	27924024	Homo sapiens	GTRD	No	Mm:Q6P9Q3;Rn:D3ZG35	Dr:A2BF92	-	Mm:M0QW57;Rn:D4A2V6
Q9HCK0	Q15544	57684	6882	ZBTB26	TAF11	chromatin immunoprecipitation assay	27924024	Homo sapiens	GTRD	No	Mm:Q6P9Q3;Rn:D3ZG35	Dr:A2BF92	Ce:Q20361;Dr:A8KBY5;Mm:Q99JX1;Rn:Q5U1X0	-
Q9HCK0	Q9UPN7	57684	22870	ZBTB26	PPP6R1	chromatin immunoprecipitation assay	27924024	Homo sapiens	GTRD	No	Mm:Q6P9Q3;Rn:D3ZG35	Dr:A2BF92	Mm:Q7TSI3;Rn:A0A0G2JTK4	-
Q9HCK0	Q96IU2	57684	84327	ZBTB26	ZBED3	chromatin immunoprecipitation assay	27924024	Homo sapiens	GTRD	No	Mm:Q6P9Q3;Rn:D3ZG35	Dr:A2BF92	Mm:Q9D0L1;Rn:Q4V7E3	-
Q9HCK0	Q2TAP0	57684	401647	ZBTB26	GOLGA7B	chromatin immunoprecipitation assay	27924024	Homo sapiens	GTRD	No	Mm:Q6P9Q3;Rn:D3ZG35	Dr:A2BF92	Mm:Q9D428	Dr:A0A0R4IIW3;Dr:E9QGE2;Rn:F1M362
Q9HCK0	Q12999	57684	6302	ZBTB26	TSPAN31	chromatin immunoprecipitation assay	27924024	Homo sapiens	GTRD	No	Mm:Q6P9Q3;Rn:D3ZG35	Dr:A2BF92	Mm:Q9CQ88;Rn:Q5U1V9	Dr:Q7ZUB3
Q9HCK0	Q01105	57684	6418	ZBTB26	SET	chromatin immunoprecipitation assay	27924024	Homo sapiens	GTRD	No	Mm:Q6P9Q3;Rn:D3ZG35	Dr:A2BF92	Mm:Q9EQU5;Rn:Q63945	Dr:F1R3I6;Rn:A0A0G2JSU3
Q9HCK0	Q9HCR9	57684	50940	ZBTB26	PDE11A	chromatin immunoprecipitation assay	27924024	Homo sapiens	GTRD	No	Mm:Q6P9Q3;Rn:D3ZG35	Dr:A2BF92	-	-
Q9HCK0	O60299	57684	9762	ZBTB26	LZTS3	chromatin immunoprecipitation assay	27924024	Homo sapiens	GTRD	No	Mm:Q6P9Q3;Rn:D3ZG35	Dr:A2BF92	Dr:E7F179;Mm:A2AHG0;Rn:G3V8V8	-
Q9HCK0	P61981	57684	7532	ZBTB26	YWHAG	chromatin immunoprecipitation assay	27924024	Homo sapiens	GTRD	No	Mm:Q6P9Q3;Rn:D3ZG35	Dr:A2BF92	Dr:E7F354;Dr:Q6PC29;Mm:P61982;Rn:P61983	-
Q9HCK0	A4GXA9	57684	197342	ZBTB26	EME2	chromatin immunoprecipitation assay	27924024	Homo sapiens	GTRD	No	Mm:Q6P9Q3;Rn:D3ZG35	Dr:A2BF92	Mm:Q56A04;Rn:D3ZC60	-
Q9HCK0	P61019	57684	5862	ZBTB26	RAB2A	chromatin immunoprecipitation assay	27924024	Homo sapiens	GTRD	No	Mm:Q6P9Q3;Rn:D3ZG35	Dr:A2BF92	Dm:O18333;Dr:Q803J3;Mm:P53994;Rn:F1LP82	Ce:I7FN62
Q9HCK0	P15863	57684	5075	ZBTB26	PAX1	chromatin immunoprecipitation assay	27924024	Homo sapiens	GTRD	No	Mm:Q6P9Q3;Rn:D3ZG35	Dr:A2BF92	Dr:B0S7C8;Mm:P09084	Dr:E9QBN7
Q9HCK0	P30519	57684	3163	ZBTB26	HMOX2	chromatin immunoprecipitation assay	27924024	Homo sapiens	GTRD	No	Mm:Q6P9Q3;Rn:D3ZG35	Dr:A2BF92	Mm:O70252;Rn:P23711	Dr:Q1MT52;Dr:E9QDN3
Q9HCK0	Q8N137	57684	116840	ZBTB26	CNTROB	chromatin immunoprecipitation assay	27924024	Homo sapiens	GTRD	No	Mm:Q6P9Q3;Rn:D3ZG35	Dr:A2BF92	Mm:Q8CB62;Rn:B2BKY8	-
Q9HCK0	Q6DKK2	57684	54902	ZBTB26	TTC19	chromatin immunoprecipitation assay	27924024	Homo sapiens	GTRD	No	Mm:Q6P9Q3;Rn:D3ZG35	Dr:A2BF92	Dm:Q8SYD0;Dr:F1QF34;Mm:Q8CC21;Rn:D4A6D7	Ce:Q9XW00
Q9HCK0	O43399	57684	7165	ZBTB26	TPD52L2	chromatin immunoprecipitation assay	27924024	Homo sapiens	GTRD	No	Mm:Q6P9Q3;Rn:D3ZG35	Dr:A2BF92	Rn:Q6PCT3	Dr:E9QG45;Mm:A2AUD5
Q9HCK0	Q13423	57684	23530	ZBTB26	NNT	chromatin immunoprecipitation assay	27924024	Homo sapiens	GTRD	No	Mm:Q6P9Q3;Rn:D3ZG35	Dr:A2BF92	Ce:Q18031;Mm:Q8BGK0;Rn:Q5BJZ3	Dr:Q6NYQ7
Q9HCK0	Q8NBJ9	57684	51092	ZBTB26	SIDT2	chromatin immunoprecipitation assay	27924024	Homo sapiens	GTRD	No	Mm:Q6P9Q3;Rn:D3ZG35	Dr:A2BF92	-	-
Q9HCK0	P63162	57684	6638;8926	ZBTB26	SNRPN	chromatin immunoprecipitation assay	27924024	Homo sapiens	GTRD	No	Mm:Q6P9Q3;Rn:D3ZG35	Dr:A2BF92	Mm:P63163;Rn:P63164	-
Q9HCK0	Q96N67	57684	85440	ZBTB26	DOCK7	chromatin immunoprecipitation assay	27924024	Homo sapiens	GTRD	No	Mm:Q6P9Q3;Rn:D3ZG35	Dr:A2BF92	Rn:A0A0G2K3H2	Mm:A0A0U1RNK7
Q9HCK0	Q96HU1	57684	27352	ZBTB26	SGSM3	chromatin immunoprecipitation assay	27924024	Homo sapiens	GTRD	No	Mm:Q6P9Q3;Rn:D3ZG35	Dr:A2BF92	Ce:Q94222;Dm:Q9VFB6;Dr:Q7T2D0;Mm:Q8VCZ6;Rn:F1LQU9	-
Q9HCK0	Q3KRB8	57684	89839	ZBTB26	ARHGAP11B	chromatin immunoprecipitation assay	27924024	Homo sapiens	GTRD	No	Mm:Q6P9Q3;Rn:D3ZG35	Dr:A2BF92	-	-
Q9HCK0	Q9BUF5	57684	84617	ZBTB26	TUBB6	chromatin immunoprecipitation assay	27924024	Homo sapiens	GTRD	No	Mm:Q6P9Q3;Rn:D3ZG35	Dr:A2BF92	Dr:A0A0R4IXC8;Mm:Q922F4;Rn:Q4QQV0	-
Q9HCK0	Q53SF7	57684	22837	ZBTB26	COBLL1	chromatin immunoprecipitation assay	27924024	Homo sapiens	GTRD	No	Mm:Q6P9Q3;Rn:D3ZG35	Dr:A2BF92	-	-
Q9HCK0	Q8WVF5	57684	386618	ZBTB26	KCTD4	chromatin immunoprecipitation assay	27924024	Homo sapiens	GTRD	No	Mm:Q6P9Q3;Rn:D3ZG35	Dr:A2BF92	Ce:P91558;Ce:P91561;Mm:Q9D7X1;Rn:D3ZXL9	Dr:Q6GMI6
Q9HCK0	Q9Y675	57684	8926	ZBTB26	SNURF	chromatin immunoprecipitation assay	27924024	Homo sapiens	GTRD	No	Mm:Q6P9Q3;Rn:D3ZG35	Dr:A2BF92	-	-
Q9HCK0	P39023	57684	6122	ZBTB26	RPL3	chromatin immunoprecipitation assay	27924024	Homo sapiens	GTRD	No	Mm:Q6P9Q3;Rn:D3ZG35	Dr:A2BF92	Ce:P50880;Dm:O16797;Dr:Q5BJJ2;Mm:P27659;Rn:P21531	-
Q9HCK0	Q8NCM2	57684	27133	ZBTB26	KCNH5	chromatin immunoprecipitation assay	27924024	Homo sapiens	GTRD	No	Mm:Q6P9Q3;Rn:D3ZG35	Dr:A2BF92	Mm:Q920E3;Rn:Q9EPI9	Dr:B7ZCX4
Q9HCK0	Q93100	57684	5257	ZBTB26	PHKB	chromatin immunoprecipitation assay	27924024	Homo sapiens	GTRD	No	Mm:Q6P9Q3;Rn:D3ZG35	Dr:A2BF92	Ce:H2L0I6;Mm:Q7TSH2;Rn:Q5RKH5	Dm:M9PCI5;Dr:F8W2U7
Q9HCK0	Q9Y2E5	57684	23324	ZBTB26	MAN2B2	chromatin immunoprecipitation assay	27924024	Homo sapiens	GTRD	No	Mm:Q6P9Q3;Rn:D3ZG35	Dr:A2BF92	Dr:E7F2X1;Mm:O54782;Rn:Q7TP34	-
Q9HCK0	Q16099	57684	2900	ZBTB26	GRIK4	chromatin immunoprecipitation assay	27924024	Homo sapiens	GTRD	No	Mm:Q6P9Q3;Rn:D3ZG35	Dr:A2BF92	Dr:E7F1P4;Mm:Q8BMF5	Rn:A0A140TAG0
Q9HCK0	Q92575	57684	23190	ZBTB26	UBXN4	chromatin immunoprecipitation assay	27924024	Homo sapiens	GTRD	No	Mm:Q6P9Q3;Rn:D3ZG35	Dr:A2BF92	Ce:P34631;Dm:Q9Y114;Mm:A0A0R4J078;Rn:Q5HZY0	-
Q9HCK0	Q9NZS9	57684	51283	ZBTB26	BFAR	chromatin immunoprecipitation assay	27924024	Homo sapiens	GTRD	No	Mm:Q6P9Q3;Rn:D3ZG35	Dr:A2BF92	Rn:Q5PQN2	Mm:A0A0R4J040
Q9HCK0	Q9HC52	57684	57332	ZBTB26	CBX8	chromatin immunoprecipitation assay	27924024	Homo sapiens	GTRD	No	Mm:Q6P9Q3;Rn:D3ZG35	Dr:A2BF92	Dr:Q6TH37;Dr:A8KC45;Mm:Q9QXV1;Rn:Q4FZS1	-
Q9HCK0	Q9BX84	57684	140803	ZBTB26	TRPM6	chromatin immunoprecipitation assay	27924024	Homo sapiens	GTRD	No	Mm:Q6P9Q3;Rn:D3ZG35	Dr:A2BF92	Mm:Q8CIR4	Rn:F1M7G0
Q9HCK0	Q9UNN5	57684	11124	ZBTB26	FAF1	chromatin immunoprecipitation assay	27924024	Homo sapiens	GTRD	No	Mm:Q6P9Q3;Rn:D3ZG35	Dr:A2BF92	Dr:B0UXY9;Mm:P54731	Dm:A0A0B4LFH2;Rn:F1LSQ0
Q9HCK0	O43298	57684	23099	ZBTB26	ZBTB43	chromatin immunoprecipitation assay	27924024	Homo sapiens	GTRD	No	Mm:Q6P9Q3;Rn:D3ZG35	Dr:A2BF92	Dr:A2BGW8;Rn:Q5PQT4	Mm:G3X9N4
Q9HCK0	Q13322	57684	2887	ZBTB26	GRB10	chromatin immunoprecipitation assay	27924024	Homo sapiens	GTRD	No	Mm:Q6P9Q3;Rn:D3ZG35	Dr:A2BF92	Mm:Q60760;Rn:A0A0G2JYJ1	-
Q9HCK0	O75676	57684	8986	ZBTB26	RPS6KA4	chromatin immunoprecipitation assay	27924024	Homo sapiens	GTRD	No	Mm:Q6P9Q3;Rn:D3ZG35	Dr:A2BF92	Mm:Q9Z2B9;Rn:D3ZSB7	-
Q9HCK0	O75061	57684	9829	ZBTB26	DNAJC6	chromatin immunoprecipitation assay	27924024	Homo sapiens	GTRD	No	Mm:Q6P9Q3;Rn:D3ZG35	Dr:A2BF92	Rn:A0A0G2JY26	Dr:E7F8A0;Mm:B1B0B8
Q9HCK0	Q12797	57684	444	ZBTB26	ASPH	chromatin immunoprecipitation assay	27924024	Homo sapiens	GTRD	No	Mm:Q6P9Q3;Rn:D3ZG35	Dr:A2BF92	Mm:Q8BSY0;Rn:A0A0G2K2B5	Dr:F1QTN8
Q9HCK0	Q01518	57684	10487	ZBTB26	CAP1	chromatin immunoprecipitation assay	27924024	Homo sapiens	GTRD	No	Mm:Q6P9Q3;Rn:D3ZG35	Dr:A2BF92	Dr:Q6YBS2;Mm:P40124;Rn:Q08163	Dm:Q9VPX7
Q9HCK0	Q9Y574	57684	51666	ZBTB26	ASB4	chromatin immunoprecipitation assay	27924024	Homo sapiens	GTRD	No	Mm:Q6P9Q3;Rn:D3ZG35	Dr:A2BF92	Mm:Q9WV71;Rn:F7EPG5	-
Q9HCK0	Q9Y5W3	57684	10365	ZBTB26	KLF2	chromatin immunoprecipitation assay	27924024	Homo sapiens	GTRD	No	Mm:Q6P9Q3;Rn:D3ZG35	Dr:A2BF92	Mm:Q60843;Rn:Q9ET58	-
Q9HCK0	Q99674	57684	10669	ZBTB26	CGREF1	chromatin immunoprecipitation assay	27924024	Homo sapiens	GTRD	No	Mm:Q6P9Q3;Rn:D3ZG35	Dr:A2BF92	Mm:E9QPK1;Rn:A0A0A0MXV3	-
Q9HCK0	Q8IYJ3	57684	84958	ZBTB26	SYTL1	chromatin immunoprecipitation assay	27924024	Homo sapiens	GTRD	No	Mm:Q6P9Q3;Rn:D3ZG35	Dr:A2BF92	Mm:A2AE94	Dr:Q1L8P2;Rn:A0A0G2K2R4
Q9HCK0	P46776	57684	6157	ZBTB26	RPL27A	chromatin immunoprecipitation assay	27924024	Homo sapiens	GTRD	No	Mm:Q6P9Q3;Rn:D3ZG35	Dr:A2BF92	Ce:Q9BKU5;Dm:P41092;Mm:P14115;Rn:A0A0G2K7W6;Rn:P18445;Sc:P02406	Rn:D4AAY6;Rn:D3ZI60
Q9HCK0	O15119	57684	6926	ZBTB26	TBX3	chromatin immunoprecipitation assay	27924024	Homo sapiens	GTRD	No	Mm:Q6P9Q3;Rn:D3ZG35	Dr:A2BF92	Dr:B8JKS6;Mm:P70324;Rn:Q7TST9	-
Q9HCK0	Q15118	57684	5163	ZBTB26	PDK1	chromatin immunoprecipitation assay	27924024	Homo sapiens	GTRD	No	Mm:Q6P9Q3;Rn:D3ZG35	Dr:A2BF92	Dr:E7F3U3;Mm:Q8BFP9;Rn:F1MA54	-
Q9HCK0	Q9Y3T9	57684	26155	ZBTB26	NOC2L	chromatin immunoprecipitation assay	27924024	Homo sapiens	GTRD	No	Mm:Q6P9Q3;Rn:D3ZG35	Dr:A2BF92	Ce:O17580;Dm:Q9VIF0;Mm:J3QK52;Rn:E9PTF3;Sc:P39744	-
Q9HCK0	A4D0T7	57684	-	ZBTB26	SMIM30	chromatin immunoprecipitation assay	27924024	Homo sapiens	GTRD	No	Mm:Q6P9Q3;Rn:D3ZG35	Dr:A2BF92	Mm:F2Z3Y9	-
Q9HCK0	Q11201	57684	6482	ZBTB26	ST3GAL1	chromatin immunoprecipitation assay	27924024	Homo sapiens	GTRD	No	Mm:Q6P9Q3;Rn:D3ZG35	Dr:A2BF92	Mm:P54751;Rn:E9PSJ1	-
Q9HCK0	P55196	57684	4301	ZBTB26	AFDN	chromatin immunoprecipitation assay	27924024	Homo sapiens	GTRD	No	Mm:Q6P9Q3;Rn:D3ZG35	Dr:A2BF92	-	-
Q9HCK0	O75575	57684	27297	ZBTB26	CRCP	chromatin immunoprecipitation assay	27924024	Homo sapiens	GTRD	No	Mm:Q6P9Q3;Rn:D3ZG35	Dr:A2BF92	Ce:Q0G841;Dr:F1QK38;Mm:O35427;Rn:F8WFG9;Sc:P47076	-
Q9HCK0	Q9NZV1	57684	51232	ZBTB26	CRIM1	chromatin immunoprecipitation assay	27924024	Homo sapiens	GTRD	No	Mm:Q6P9Q3;Rn:D3ZG35	Dr:A2BF92	Ce:G5EF34;Mm:Q9JLL0;Rn:D4AEK3	Dr:B3DH05
Q9HCK0	Q6ZNB5	57684	-	ZBTB26	-	chromatin immunoprecipitation assay	27924024	Homo sapiens	GTRD	No	Mm:Q6P9Q3;Rn:D3ZG35	Dr:A2BF92	-	-
Q9HCK0	Q9Y473	57684	7728	ZBTB26	ZNF175	chromatin immunoprecipitation assay	27924024	Homo sapiens	GTRD	No	Mm:Q6P9Q3;Rn:D3ZG35	Dr:A2BF92	-	-
Q9HCK0	Q02297	57684	3084	ZBTB26	NRG1	chromatin immunoprecipitation assay	27924024	Homo sapiens	GTRD	No	Mm:Q6P9Q3;Rn:D3ZG35	Dr:A2BF92	-	Mm:Q6DR99;Rn:G3V7F0
Q9HCK0	P22676	57684	794	ZBTB26	CALB2	chromatin immunoprecipitation assay	27924024	Homo sapiens	GTRD	No	Mm:Q6P9Q3;Rn:D3ZG35	Dr:A2BF92	Dr:F1QUS0;Mm:Q08331;Rn:P47728	Dr:Q6PC44
Q9HCK0	P22061	57684	5110	ZBTB26	PCMT1	chromatin immunoprecipitation assay	27924024	Homo sapiens	GTRD	No	Mm:Q6P9Q3;Rn:D3ZG35	Dr:A2BF92	Ce:Q27873;Dm:Q27869;Rn:A0A140TAB9	Mm:E9PWE0
Q9HCK0	Q6PCB7	57684	376497	ZBTB26	SLC27A1	chromatin immunoprecipitation assay	27924024	Homo sapiens	GTRD	No	Mm:Q6P9Q3;Rn:D3ZG35	Dr:A2BF92	Dr:F1QEZ5;Mm:Q60714;Rn:Q6GMM8	-
Q9HCK0	P12277	57684	1152	ZBTB26	CKB	chromatin immunoprecipitation assay	27924024	Homo sapiens	GTRD	No	Mm:Q6P9Q3;Rn:D3ZG35	Dr:A2BF92	Dr:Q08BV6;Mm:Q04447	Dr:Q8AY63;Rn:P07335
Q9HCK0	P46060	57684	5905	ZBTB26	RANGAP1	chromatin immunoprecipitation assay	27924024	Homo sapiens	GTRD	No	Mm:Q6P9Q3;Rn:D3ZG35	Dr:A2BF92	Dr:A9JTA8;Dr:Q08BV5;Mm:P46061;Rn:F1MAA5;Sc:P11745	-
Q9HCK0	A0AVF1	57684	79989	ZBTB26	TTC26	chromatin immunoprecipitation assay	27924024	Homo sapiens	GTRD	No	Mm:Q6P9Q3;Rn:D3ZG35	Dr:A2BF92	Ce:Q95QT8;Dm:Q9VF41;Dr:Q5PR66;Mm:Q8BS45;Rn:Q5U2N8	-
Q9HCK0	Q9NX38	57684	54942	ZBTB26	ABITRAM	chromatin immunoprecipitation assay	27924024	Homo sapiens	GTRD	No	Mm:Q6P9Q3;Rn:D3ZG35	Dr:A2BF92	Dm:Q9VFR1;Dr:Q1LU93;Mm:Q80ZQ9;Rn:D4AE08	-
Q9HCK0	Q86Z02	57684	204851	ZBTB26	HIPK1	chromatin immunoprecipitation assay	27924024	Homo sapiens	GTRD	No	Mm:Q6P9Q3;Rn:D3ZG35	Dr:A2BF92	Mm:O88904;Rn:F1M8I6	Dr:E7F551
Q9HCK0	P05161	57684	9636	ZBTB26	ISG15	chromatin immunoprecipitation assay	27924024	Homo sapiens	GTRD	No	Mm:Q6P9Q3;Rn:D3ZG35	Dr:A2BF92	Mm:Q64339;Rn:D4A3X3	-
Q9HCK0	Q6PJF5	57684	79651	ZBTB26	RHBDF2	chromatin immunoprecipitation assay	27924024	Homo sapiens	GTRD	No	Mm:Q6P9Q3;Rn:D3ZG35	Dr:A2BF92	Mm:Q80WQ6;Rn:F1LWZ3	-
Q9HCK0	Q5NUL3	57684	338557	ZBTB26	FFAR4	chromatin immunoprecipitation assay	27924024	Homo sapiens	GTRD	No	Mm:Q6P9Q3;Rn:D3ZG35	Dr:A2BF92	Mm:Q7TMA4;Rn:Q2AC31	-
Q9HCK0	Q9H8N7	57684	55893	ZBTB26	ZNF395	chromatin immunoprecipitation assay	27924024	Homo sapiens	GTRD	No	Mm:Q6P9Q3;Rn:D3ZG35	Dr:A2BF92	Dr:F1R143;Mm:E9Q5N9;Rn:D3ZPR2	-
Q9HCK0	Q9HCD5	57684	57727	ZBTB26	NCOA5	chromatin immunoprecipitation assay	27924024	Homo sapiens	GTRD	No	Mm:Q6P9Q3;Rn:D3ZG35	Dr:A2BF92	Dr:Q66HY6;Mm:Q91W39;Rn:D3ZEI6	-
Q9HCK0	O75474	57684	23401	ZBTB26	FRAT2	chromatin immunoprecipitation assay	27924024	Homo sapiens	GTRD	No	Mm:Q6P9Q3;Rn:D3ZG35	Dr:A2BF92	-	-
Q9HCK0	Q9NY61	57684	26574	ZBTB26	AATF	chromatin immunoprecipitation assay	27924024	Homo sapiens	GTRD	No	Mm:Q6P9Q3;Rn:D3ZG35	Dr:A2BF92	Ce:Q9GUM5;Dm:Q9VM95;Dr:F1R1W8;Mm:Q9JKX4;Rn:Q9QYW0;Sc:Q06631	-
Q9HCK0	Q8WU58	57684	55731	ZBTB26	FAM222B	chromatin immunoprecipitation assay	27924024	Homo sapiens	GTRD	No	Mm:Q6P9Q3;Rn:D3ZG35	Dr:A2BF92	Mm:Q6P539	Dr:E7F6C1;Rn:D3ZPE2
Q9HCK0	Q8TBB5	57684	54758	ZBTB26	KLHDC4	chromatin immunoprecipitation assay	27924024	Homo sapiens	GTRD	No	Mm:Q6P9Q3;Rn:D3ZG35	Dr:A2BF92	Dm:Q9VTZ7;Mm:G3X961;Rn:D3ZU48;Sc:Q08979	-
Q9HCK0	P51793	57684	1183	ZBTB26	CLCN4	chromatin immunoprecipitation assay	27924024	Homo sapiens	GTRD	No	Mm:Q6P9Q3;Rn:D3ZG35	Dr:A2BF92	Dr:F1QXH5;Mm:Q61418;Rn:Q56A19	-
Q9HCK0	Q9NWS6	57684	55007	ZBTB26	FAM118A	chromatin immunoprecipitation assay	27924024	Homo sapiens	GTRD	No	Mm:Q6P9Q3;Rn:D3ZG35	Dr:A2BF92	Mm:Q91YN1;Rn:B5DFD4	-
Q9HCK0	Q9NQR1	57684	387893	ZBTB26	KMT5A	chromatin immunoprecipitation assay	27924024	Homo sapiens	GTRD	No	Mm:Q6P9Q3;Rn:D3ZG35	Dr:A2BF92	Rn:D3ZEB9	Mm:E9QNB8;Rn:A0A0G2JTW4
Q9HCK0	P05060	57684	1114	ZBTB26	CHGB	chromatin immunoprecipitation assay	27924024	Homo sapiens	GTRD	No	Mm:Q6P9Q3;Rn:D3ZG35	Dr:A2BF92	Ce:G5ED64;Mm:P16014;Rn:O35314	Dr:A5WWH0
Q9HCK0	P56749	57684	9069	ZBTB26	CLDN12	chromatin immunoprecipitation assay	27924024	Homo sapiens	GTRD	No	Mm:Q6P9Q3;Rn:D3ZG35	Dr:A2BF92	Mm:Q9ET43	Rn:D4A8Y0
Q9HCK0	P56134	57684	9551	ZBTB26	ATP5MF	chromatin immunoprecipitation assay	27924024	Homo sapiens	GTRD	No	Mm:Q6P9Q3;Rn:D3ZG35	Dr:A2BF92	Dm:Q9W141;Mm:P56135;Rn:D3ZAF6	Dr:F6P873
Q9HCK0	Q15654	57684	7205	ZBTB26	TRIP6	chromatin immunoprecipitation assay	27924024	Homo sapiens	GTRD	No	Mm:Q6P9Q3;Rn:D3ZG35	Dr:A2BF92	Mm:Q9Z1Y4;Rn:B1WC42	-
Q9HCK0	O15040	57684	9895	ZBTB26	TECPR2	chromatin immunoprecipitation assay	27924024	Homo sapiens	GTRD	No	Mm:Q6P9Q3;Rn:D3ZG35	Dr:A2BF92	Mm:Q3UH45;Rn:D4A6U4	-
Q9HCK0	Q8N8I0	57684	401474	ZBTB26	SAMD12	chromatin immunoprecipitation assay	27924024	Homo sapiens	GTRD	No	Mm:Q6P9Q3;Rn:D3ZG35	Dr:A2BF92	Mm:Q0VE29;Rn:A0A096MKI3	-
Q9HCK0	P61968	57684	8543	ZBTB26	LMO4	chromatin immunoprecipitation assay	27924024	Homo sapiens	GTRD	No	Mm:Q6P9Q3;Rn:D3ZG35	Dr:A2BF92	Dr:Q6DHC2;Mm:P61969;Rn:Q5PPG8	-
Q9HCK0	P61353	57684	6155	ZBTB26	RPL27	chromatin immunoprecipitation assay	27924024	Homo sapiens	GTRD	No	Mm:Q6P9Q3;Rn:D3ZG35	Dr:A2BF92	Ce:P91914;Dm:Q9VBN5;Dr:Q7ZV82;Mm:P61358;Rn:P61354;Sc:P0C2H7;Sc:P0C2H6	-
Q9HCK0	O75373	57684	100129842	ZBTB26	ZNF737	chromatin immunoprecipitation assay	27924024	Homo sapiens	GTRD	No	Mm:Q6P9Q3;Rn:D3ZG35	Dr:A2BF92	-	-
Q9HCK0	I3L521	57684	-	ZBTB26	-	chromatin immunoprecipitation assay	27924024	Homo sapiens	GTRD	No	Mm:Q6P9Q3;Rn:D3ZG35	Dr:A2BF92	-	-
Q9HCK0	Q9BWG6	57684	100534012;79005	ZBTB26	SCNM1	chromatin immunoprecipitation assay	27924024	Homo sapiens	GTRD	No	Mm:Q6P9Q3;Rn:D3ZG35	Dr:A2BF92	Dr:Q2YDS5;Mm:Q8K136;Rn:D3ZSG1	-
Q9HCK0	Q8WXG6	57684	8567	ZBTB26	MADD	chromatin immunoprecipitation assay	27924024	Homo sapiens	GTRD	No	Mm:Q6P9Q3;Rn:D3ZG35	Dr:A2BF92	Ce:O02626;Dr:A0A1D5NSM6	Dm:M9NGF2;Mm:A2AGQ4;Rn:A0A0G2KA27
Q9HCK0	Q99986	57684	7443	ZBTB26	VRK1	chromatin immunoprecipitation assay	27924024	Homo sapiens	GTRD	No	Mm:Q6P9Q3;Rn:D3ZG35	Dr:A2BF92	Dm:Q7KRY6;Dr:F1QA55;Mm:Q80X41;Rn:Q6AYA2	-
Q9HCK0	Q5BKY9	57684	257415	ZBTB26	FAM133B	chromatin immunoprecipitation assay	27924024	Homo sapiens	GTRD	No	Mm:Q6P9Q3;Rn:D3ZG35	Dr:A2BF92	Dm:Q9W3Z5;Mm:Q9CVI2;Rn:Q505I5	-
Q9HCK0	O95947	57684	6911	ZBTB26	TBX6	chromatin immunoprecipitation assay	27924024	Homo sapiens	GTRD	No	Mm:Q6P9Q3;Rn:D3ZG35	Dr:A2BF92	Mm:P70327;Rn:D3ZJK7	-
Q9HCK0	P54852	57684	2014	ZBTB26	EMP3	chromatin immunoprecipitation assay	27924024	Homo sapiens	GTRD	No	Mm:Q6P9Q3;Rn:D3ZG35	Dr:A2BF92	Dr:E7F9B4;Mm:O35912;Rn:Q9QYW5	Dr:Q4V8V3
Q9HCK0	C9J4A7	57684	-	ZBTB26	-	chromatin immunoprecipitation assay	27924024	Homo sapiens	GTRD	No	Mm:Q6P9Q3;Rn:D3ZG35	Dr:A2BF92	-	-
Q9HCK0	Q92786	57684	5629	ZBTB26	PROX1	chromatin immunoprecipitation assay	27924024	Homo sapiens	GTRD	No	Mm:Q6P9Q3;Rn:D3ZG35	Dr:A2BF92	Mm:P48437	Rn:D3ZU00
Q9HCK0	P61129	57684	376940	ZBTB26	ZC3H6	chromatin immunoprecipitation assay	27924024	Homo sapiens	GTRD	No	Mm:Q6P9Q3;Rn:D3ZG35	Dr:A2BF92	Rn:F1LTU5	Mm:A2AP88
Q9HCK0	P51692	57684	6777	ZBTB26	STAT5B	chromatin immunoprecipitation assay	27924024	Homo sapiens	GTRD	No	Mm:Q6P9Q3;Rn:D3ZG35	Dr:A2BF92	Mm:P42232;Rn:A0A0G2JSR4	-
Q9HCK0	Q9UEY8	57684	120	ZBTB26	ADD3	chromatin immunoprecipitation assay	27924024	Homo sapiens	GTRD	No	Mm:Q6P9Q3;Rn:D3ZG35	Dr:A2BF92	Mm:Q9QYB5;Rn:G3V9D7	Dr:Q1LUP1
Q9HCK0	Q9BZ95	57684	54904	ZBTB26	NSD3	chromatin immunoprecipitation assay	27924024	Homo sapiens	GTRD	No	Mm:Q6P9Q3;Rn:D3ZG35	Dr:A2BF92	Rn:A0A0G2K001	Dr:F1RD01;Mm:D3Z357
Q9HCK0	Q2M389	57684	23325	ZBTB26	WASHC4	chromatin immunoprecipitation assay	27924024	Homo sapiens	GTRD	No	Mm:Q6P9Q3;Rn:D3ZG35	Dr:A2BF92	-	-
Q9HCK0	Q9H0M0	57684	11059	ZBTB26	WWP1	chromatin immunoprecipitation assay	27924024	Homo sapiens	GTRD	No	Mm:Q6P9Q3;Rn:D3ZG35	Dr:A2BF92	Ce:Q9N2Z7;Mm:Q8BZZ3	Dr:X1WEK3;Rn:Q4V8H7
Q9HCK0	Q9P2D6	57684	57579	ZBTB26	FAM135A	chromatin immunoprecipitation assay	27924024	Homo sapiens	GTRD	No	Mm:Q6P9Q3;Rn:D3ZG35	Dr:A2BF92	Mm:Q6NS59;Rn:D3ZVB3	Dr:B8A4Z2
Q9HCK0	P63272	57684	6827	ZBTB26	SUPT4H1	chromatin immunoprecipitation assay	27924024	Homo sapiens	GTRD	No	Mm:Q6P9Q3;Rn:D3ZG35	Dr:A2BF92	Ce:Q9TZ93;Dm:Q9TVQ5;Mm:P63271;Rn:B5DEM7;Sc:P32914	-
Q9HCK0	P19174	57684	5335	ZBTB26	PLCG1	chromatin immunoprecipitation assay	27924024	Homo sapiens	GTRD	No	Mm:Q6P9Q3;Rn:D3ZG35	Dr:A2BF92	Mm:Q62077;Rn:G3V845	-
Q9HCK0	Q8TD43	57684	54795	ZBTB26	TRPM4	chromatin immunoprecipitation assay	27924024	Homo sapiens	GTRD	No	Mm:Q6P9Q3;Rn:D3ZG35	Dr:A2BF92	Dr:I3IS25;Mm:Q7TN37	Dr:F1RC25;Rn:A0A0H2UHX0
Q9HCK0	Q8N370	57684	124935	ZBTB26	SLC43A2	chromatin immunoprecipitation assay	27924024	Homo sapiens	GTRD	No	Mm:Q6P9Q3;Rn:D3ZG35	Dr:A2BF92	Mm:Q8CGA3;Rn:D3ZDC2	Dr:F1Q5Y9
Q9HCK0	P39748	57684	2237	ZBTB26	FEN1	chromatin immunoprecipitation assay	27924024	Homo sapiens	GTRD	No	Mm:Q6P9Q3;Rn:D3ZG35	Dr:A2BF92	Ce:Q9N3T2;Dm:Q7K7A9;Dr:Q6TNU4;Mm:Q91Z50;Rn:Q5XIP6;Sc:P26793	-
Q9HCK0	Q15329	57684	1875	ZBTB26	E2F5	chromatin immunoprecipitation assay	27924024	Homo sapiens	GTRD	No	Mm:Q6P9Q3;Rn:D3ZG35	Dr:A2BF92	Rn:F1LRB5	Mm:E9Q011
Q9HCK0	Q9UBJ2	57684	225	ZBTB26	ABCD2	chromatin immunoprecipitation assay	27924024	Homo sapiens	GTRD	No	Mm:Q6P9Q3;Rn:D3ZG35	Dr:A2BF92	Mm:A0A0R4J0U5;Rn:G3V7Z6	-
Q9HCK0	Q13309	57684	6502	ZBTB26	SKP2	chromatin immunoprecipitation assay	27924024	Homo sapiens	GTRD	No	Mm:Q6P9Q3;Rn:D3ZG35	Dr:A2BF92	Dr:A3KP53;Mm:Q9Z0Z3;Rn:B2GUZ0	-
Q9HCK0	Q8IWY4	57684	80274	ZBTB26	SCUBE1	chromatin immunoprecipitation assay	27924024	Homo sapiens	GTRD	No	Mm:Q6P9Q3;Rn:D3ZG35	Dr:A2BF92	Dr:A0A0R4IBT9;Mm:Q6NZL8;Rn:F1M987	-
Q9HCK0	Q92685	57684	10195	ZBTB26	ALG3	chromatin immunoprecipitation assay	27924024	Homo sapiens	GTRD	No	Mm:Q6P9Q3;Rn:D3ZG35	Dr:A2BF92	Dr:F1QAD8;Mm:Q8K2A8;Rn:F1M8K7;Sc:P38179	Dm:C4IXX8
Q9HCK0	Q08828	57684	107	ZBTB26	ADCY1	chromatin immunoprecipitation assay	27924024	Homo sapiens	GTRD	No	Mm:Q6P9Q3;Rn:D3ZG35	Dr:A2BF92	Mm:O88444;Rn:D4A3N4	Dr:F1R914
Q9HCK0	P62906	57684	4736	ZBTB26	RPL10A	chromatin immunoprecipitation assay	27924024	Homo sapiens	GTRD	No	Mm:Q6P9Q3;Rn:D3ZG35	Dr:A2BF92	Ce:Q9N4I4;Dm:Q9VTP4;Dr:Q6PC69;Rn:P62907;Sc:P0CX43	Mm:A0A3B2WBL1
Q9HCK0	Q13432	57684	9094	ZBTB26	UNC119	chromatin immunoprecipitation assay	27924024	Homo sapiens	GTRD	No	Mm:Q6P9Q3;Rn:D3ZG35	Dr:A2BF92	Rn:Q62885	Dr:F1QE32;Dr:Q1RM42;Mm:B1AQD9
Q9HCK0	Q6PCT2	57684	54620	ZBTB26	FBXL19	chromatin immunoprecipitation assay	27924024	Homo sapiens	GTRD	No	Mm:Q6P9Q3;Rn:D3ZG35	Dr:A2BF92	Mm:Q6PB97	Rn:A0A0G2KB30
Q9HCK0	Q01628	57684	10410	ZBTB26	IFITM3	chromatin immunoprecipitation assay	27924024	Homo sapiens	GTRD	No	Mm:Q6P9Q3;Rn:D3ZG35	Dr:A2BF92	-	-
Q9HCK0	Q99784	57684	10439	ZBTB26	OLFM1	chromatin immunoprecipitation assay	27924024	Homo sapiens	GTRD	No	Mm:Q6P9Q3;Rn:D3ZG35	Dr:A2BF92	Rn:Q62609	Dr:B7ZD17;Dr:A2AWU3;Mm:Q8R357
Q9HCK0	Q9Y6X3	57684	23383	ZBTB26	MAU2	chromatin immunoprecipitation assay	27924024	Homo sapiens	GTRD	No	Mm:Q6P9Q3;Rn:D3ZG35	Dr:A2BF92	Ce:O17581;Dm:Q9VFC0;Mm:Q9D2X5;Rn:D3Z8G8	Dr:A0A140LG49
Q9HCK0	Q8TCT1	57684	162466	ZBTB26	PHOSPHO1	chromatin immunoprecipitation assay	27924024	Homo sapiens	GTRD	No	Mm:Q6P9Q3;Rn:D3ZG35	Dr:A2BF92	Dr:G1K2M2;Mm:Q8R2H9;Rn:G3V6P4	-
Q9HCK0	Q17RS7	57684	348654	ZBTB26	GEN1	chromatin immunoprecipitation assay	27924024	Homo sapiens	GTRD	No	Mm:Q6P9Q3;Rn:D3ZG35	Dr:A2BF92	Mm:Q8BMI4;Rn:D3ZVS5	-
Q9HCK0	P52630	57684	6773	ZBTB26	STAT2	chromatin immunoprecipitation assay	27924024	Homo sapiens	GTRD	No	Mm:Q6P9Q3;Rn:D3ZG35	Dr:A2BF92	Rn:Q5XI26	Mm:E9QJX9
Q9HCK0	P25208	57684	4801	ZBTB26	NFYB	chromatin immunoprecipitation assay	27924024	Homo sapiens	GTRD	No	Mm:Q6P9Q3;Rn:D3ZG35	Dr:A2BF92	Dr:Q561X4;Mm:P63139;Rn:P63140	Dr:F6P9N2
Q9HCK0	Q63ZY3	57684	25959	ZBTB26	KANK2	chromatin immunoprecipitation assay	27924024	Homo sapiens	GTRD	No	Mm:Q6P9Q3;Rn:D3ZG35	Dr:A2BF92	Dr:X1WE18;Mm:Q8BX02;Rn:D3ZD05	-
Q9HCK0	P41091	57684	1968	ZBTB26	EIF2S3	chromatin immunoprecipitation assay	27924024	Homo sapiens	GTRD	No	Mm:Q6P9Q3;Rn:D3ZG35	Dr:A2BF92	Mm:Q9Z0N1;Rn:P81795	-
Q9HCK0	S4R325	57684	100534592	ZBTB26	URGCP-MRPS24	chromatin immunoprecipitation assay	27924024	Homo sapiens	GTRD	No	Mm:Q6P9Q3;Rn:D3ZG35	Dr:A2BF92	-	-
Q9HCK0	P62805	57684	121504;554313;8294;8359;8360;8361;8362;8363;8364;8365;8366;8367;8368;8370	ZBTB26	H4C1;H4C2;H4C3;H4C4;H4C5;H4C6;H4C8;H4C9;H4C11;H4C12;H4C13;H4C14;H4C15;H4-16	chromatin immunoprecipitation assay	27924024	Homo sapiens	GTRD	No	Mm:Q6P9Q3;Rn:D3ZG35	Dr:A2BF92	-	-
Q9HCK0	Q13946	57684	5150	ZBTB26	PDE7A	chromatin immunoprecipitation assay	27924024	Homo sapiens	GTRD	No	Mm:Q6P9Q3;Rn:D3ZG35	Dr:A2BF92	Dr:E7FFK5;Mm:P70453;Rn:F1LM88	-
Q9HCK0	Q7Z3D4	57684	116068	ZBTB26	LYSMD3	chromatin immunoprecipitation assay	27924024	Homo sapiens	GTRD	No	Mm:Q6P9Q3;Rn:D3ZG35	Dr:A2BF92	Dr:B0R0T4;Mm:Q99LE3;Rn:Q5M836	-
Q9HCK0	Q9Y5X2	57684	29886	ZBTB26	SNX8	chromatin immunoprecipitation assay	27924024	Homo sapiens	GTRD	No	Mm:Q6P9Q3;Rn:D3ZG35	Dr:A2BF92	Dr:F6NGW9;Rn:D3ZUJ9	Mm:Q3U0I9
Q9HCK0	Q99683	57684	4217	ZBTB26	MAP3K5	chromatin immunoprecipitation assay	27924024	Homo sapiens	GTRD	No	Mm:Q6P9Q3;Rn:D3ZG35	Dr:A2BF92	Dr:E7F2L3;Mm:O35099;Rn:D3ZZH6	-
Q9HCK0	Q7Z5S9	57684	55314	ZBTB26	TMEM144	chromatin immunoprecipitation assay	27924024	Homo sapiens	GTRD	No	Mm:Q6P9Q3;Rn:D3ZG35	Dr:A2BF92	Ce:O01810;Mm:Q8VEH0;Rn:D3ZTK4	Ce:Q10000;Dr:Q68EK3
Q9HCK0	Q06830	57684	5052	ZBTB26	PRDX1	chromatin immunoprecipitation assay	27924024	Homo sapiens	GTRD	No	Mm:Q6P9Q3;Rn:D3ZG35	Dr:A2BF92	Dm:Q9V3P0;Dr:A2AWE1;Mm:P35700;Rn:Q63716	Rn:A0A0G2K3Z9
Q9HCK0	Q96CD0	57684	55336	ZBTB26	FBXL8	chromatin immunoprecipitation assay	27924024	Homo sapiens	GTRD	No	Mm:Q6P9Q3;Rn:D3ZG35	Dr:A2BF92	Dr:F1QN14;Mm:Q8CIG9;Rn:D3ZYT9	-
Q9HCK0	O95644	57684	4772	ZBTB26	NFATC1	chromatin immunoprecipitation assay	27924024	Homo sapiens	GTRD	No	Mm:Q6P9Q3;Rn:D3ZG35	Dr:A2BF92	Rn:D3ZE20	Dr:F1QUZ9;Mm:B5B2N2
Q9HCK0	Q9BVV8	57684	55009	ZBTB26	FAM174C	chromatin immunoprecipitation assay	27924024	Homo sapiens	GTRD	No	Mm:Q6P9Q3;Rn:D3ZG35	Dr:A2BF92	Mm:Q9DAZ5;Rn:D4AAG2	-
Q9HCK0	Q13107	57684	7375	ZBTB26	USP4	chromatin immunoprecipitation assay	27924024	Homo sapiens	GTRD	No	Mm:Q6P9Q3;Rn:D3ZG35	Dr:A2BF92	Ce:V6CJY2;Mm:P35123;Rn:B2GUZ1	Dr:E7EZD6
Q9HCK0	Q01650	57684	8140	ZBTB26	SLC7A5	chromatin immunoprecipitation assay	27924024	Homo sapiens	GTRD	No	Mm:Q6P9Q3;Rn:D3ZG35	Dr:A2BF92	Dm:Q9VKC2;Mm:Q9Z127;Rn:Q63016	Dr:A0A0R4IFJ3
Q9HCK0	Q9Y3U8	57684	25873	ZBTB26	RPL36	chromatin immunoprecipitation assay	27924024	Homo sapiens	GTRD	No	Mm:Q6P9Q3;Rn:D3ZG35	Dr:A2BF92	Ce:P49181;Dm:P49630;Dr:Q6Q415;Mm:Q6ZWZ4;Rn:A0A140TAI6;Sc:P05745;Sc:O14455	Rn:D3ZZ95
Q9HCK0	Q9BW92	57684	80222	ZBTB26	TARS2	chromatin immunoprecipitation assay	27924024	Homo sapiens	GTRD	No	Mm:Q6P9Q3;Rn:D3ZG35	Dr:A2BF92	Mm:Q3UQ84;Rn:Q68FW7	-
Q9HCK0	Q8WX92	57684	25920	ZBTB26	NELFB	chromatin immunoprecipitation assay	27924024	Homo sapiens	GTRD	No	Mm:Q6P9Q3;Rn:D3ZG35	Dr:A2BF92	Dm:Q9Y113;Dr:F1RDH4;Rn:D4ACV0	Mm:A0A5H1ZRL3
Q9HCK0	Q08AH3	57684	123876	ZBTB26	ACSM2A	chromatin immunoprecipitation assay	27924024	Homo sapiens	GTRD	No	Mm:Q6P9Q3;Rn:D3ZG35	Dr:A2BF92	-	-
Q9HCK0	P78324	57684	140885	ZBTB26	SIRPA	chromatin immunoprecipitation assay	27924024	Homo sapiens	GTRD	No	Mm:Q6P9Q3;Rn:D3ZG35	Dr:A2BF92	-	-
Q9HCK0	Q9NZ71	57684	51750	ZBTB26	RTEL1	chromatin immunoprecipitation assay	27924024	Homo sapiens	GTRD	No	Mm:Q6P9Q3;Rn:D3ZG35	Dr:A2BF92	Dr:F1QNW3;Mm:Q0VGM9;Rn:Q5RJZ1	-
Q9HCK0	Q6ZNC4	57684	619279	ZBTB26	ZNF704	chromatin immunoprecipitation assay	27924024	Homo sapiens	GTRD	No	Mm:Q6P9Q3;Rn:D3ZG35	Dr:A2BF92	Dr:Q1LY51;Mm:Q9ERQ3;Rn:A0A0G2K951	-
Q9HCK0	Q8N682	57684	55332	ZBTB26	DRAM1	chromatin immunoprecipitation assay	27924024	Homo sapiens	GTRD	No	Mm:Q6P9Q3;Rn:D3ZG35	Dr:A2BF92	Dm:O77262;Dr:Q5RGJ7;Mm:Q9DC58;Rn:B5DEF4	-
Q9HCK0	O00287	57684	5994	ZBTB26	RFXAP	chromatin immunoprecipitation assay	27924024	Homo sapiens	GTRD	No	Mm:Q6P9Q3;Rn:D3ZG35	Dr:A2BF92	-	Mm:F7DBT7;Rn:Q4KM44
Q9HCK0	Q4G0N4	57684	133686	ZBTB26	NADK2	chromatin immunoprecipitation assay	27924024	Homo sapiens	GTRD	No	Mm:Q6P9Q3;Rn:D3ZG35	Dr:A2BF92	Ce:Q9XXI5;Dm:A0A0B4KEG0;Dr:A0A0R4IKV3;Mm:Q8C5H8	Rn:A0A096MKG5
Q9HCK0	O15027	57684	9919	ZBTB26	SEC16A	chromatin immunoprecipitation assay	27924024	Homo sapiens	GTRD	No	Mm:Q6P9Q3;Rn:D3ZG35	Dr:A2BF92	Mm:E9QAT4;Rn:D3ZN76	-
Q9HCK0	Q6NT89	57684	388610	ZBTB26	TRNP1	chromatin immunoprecipitation assay	27924024	Homo sapiens	GTRD	No	Mm:Q6P9Q3;Rn:D3ZG35	Dr:A2BF92	Mm:Q80ZI1;Rn:A0A0G2K0Y1	-
Q9HCK0	Q92997	57684	1857	ZBTB26	DVL3	chromatin immunoprecipitation assay	27924024	Homo sapiens	GTRD	No	Mm:Q6P9Q3;Rn:D3ZG35	Dr:A2BF92	Dr:E7F737;Mm:Q61062;Rn:D4ADV8	-
Q9HCK0	Q9NX47	57684	54708	ZBTB26	MARCHF5	chromatin immunoprecipitation assay	27924024	Homo sapiens	GTRD	No	Mm:Q6P9Q3;Rn:D3ZG35	Dr:A2BF92	Dm:Q9VN18;Dr:A3KP58;Mm:Q3KNM2;Rn:B0BNF6	-
Q9HCK0	Q5HY92	57684	55137	ZBTB26	FIGN	chromatin immunoprecipitation assay	27924024	Homo sapiens	GTRD	No	Mm:Q6P9Q3;Rn:D3ZG35	Dr:A2BF92	Mm:Q9ERZ6;Rn:D3ZYS4	Dr:F1QMW5
Q9HCK0	P49005	57684	5425	ZBTB26	POLD2	chromatin immunoprecipitation assay	27924024	Homo sapiens	GTRD	No	Mm:Q6P9Q3;Rn:D3ZG35	Dr:A2BF92	Ce:Q19366;Dm:Q9W088;Dr:B0R0V1;Mm:O35654;Rn:Q6AXY4;Sc:P46957	-
Q9HCK0	O95319	57684	10659	ZBTB26	CELF2	chromatin immunoprecipitation assay	27924024	Homo sapiens	GTRD	No	Mm:Q6P9Q3;Rn:D3ZG35	Dr:A2BF92	Mm:Q9Z0H4;Rn:Z4YNP1	Dr:T1ECV3
Q9HCK0	Q9BRG1	57684	84313	ZBTB26	VPS25	chromatin immunoprecipitation assay	27924024	Homo sapiens	GTRD	No	Mm:Q6P9Q3;Rn:D3ZG35	Dr:A2BF92	Ce:Q9U354;Dm:Q7JXV9;Dr:F1QSR5;Mm:Q9CQ80;Rn:P0C0A1;Sc:P47142	-
Q9HCK0	Q5T319	57684	-	ZBTB26	FAM182B	chromatin immunoprecipitation assay	27924024	Homo sapiens	GTRD	No	Mm:Q6P9Q3;Rn:D3ZG35	Dr:A2BF92	-	-
Q9HCK0	Q9C002	57684	84419	ZBTB26	NMES1	chromatin immunoprecipitation assay	27924024	Homo sapiens	GTRD	No	Mm:Q6P9Q3;Rn:D3ZG35	Dr:A2BF92	Mm:Q810Q5;Rn:M0R6G0	Dr:F1RE72
Q9HCK0	Q9Y3X0	57684	26093	ZBTB26	CCDC9	chromatin immunoprecipitation assay	27924024	Homo sapiens	GTRD	No	Mm:Q6P9Q3;Rn:D3ZG35	Dr:A2BF92	-	-
Q9HCK0	Q9NP08	57684	3166	ZBTB26	HMX1	chromatin immunoprecipitation assay	27924024	Homo sapiens	GTRD	No	Mm:Q6P9Q3;Rn:D3ZG35	Dr:A2BF92	Mm:O70218;Rn:D3ZBP8	-
Q9HCK0	Q86XN6	57684	388561	ZBTB26	ZNF761	chromatin immunoprecipitation assay	27924024	Homo sapiens	GTRD	No	Mm:Q6P9Q3;Rn:D3ZG35	Dr:A2BF92	-	-
Q9HCK0	Q9H920	57684	55298	ZBTB26	RNF121	chromatin immunoprecipitation assay	27924024	Homo sapiens	GTRD	No	Mm:Q6P9Q3;Rn:D3ZG35	Dr:A2BF92	Dr:E7EYE4;Mm:Q8R1Z9	Rn:D3ZN19
Q9HCK0	Q9BT67	57684	80762	ZBTB26	NDFIP1	chromatin immunoprecipitation assay	27924024	Homo sapiens	GTRD	No	Mm:Q6P9Q3;Rn:D3ZG35	Dr:A2BF92	Mm:Q8R0W6;Rn:Q5U2S1	Dr:A0A0R4IR59
Q9HCK0	Q9BTV6	57684	92715	ZBTB26	DPH7	chromatin immunoprecipitation assay	27924024	Homo sapiens	GTRD	No	Mm:Q6P9Q3;Rn:D3ZG35	Dr:A2BF92	Dm:Q9W3X3;Mm:Q9CYU6;Rn:D4A1S8	Dr:A3KNN6
Q9HCK0	Q8WU67	57684	171586	ZBTB26	ABHD3	chromatin immunoprecipitation assay	27924024	Homo sapiens	GTRD	No	Mm:Q6P9Q3;Rn:D3ZG35	Dr:A2BF92	Dr:F1REU1;Mm:Q91ZH7;Rn:D4A3D4;Sc:P38295	-
Q9HCK0	Q9NUE0	57684	84243	ZBTB26	ZDHHC18	chromatin immunoprecipitation assay	27924024	Homo sapiens	GTRD	No	Mm:Q6P9Q3;Rn:D3ZG35	Dr:A2BF92	Dm:A2VEY9;Mm:Q5Y5T2;Rn:A0A0G2K605	-
Q9HCK0	Q70CQ4	57684	57478	ZBTB26	USP31	chromatin immunoprecipitation assay	27924024	Homo sapiens	GTRD	No	Mm:Q6P9Q3;Rn:D3ZG35	Dr:A2BF92	-	-
Q9HCK0	Q8TBC4	57684	9039	ZBTB26	UBA3	chromatin immunoprecipitation assay	27924024	Homo sapiens	GTRD	No	Mm:Q6P9Q3;Rn:D3ZG35	Dr:A2BF92	Ce:Q19360;Dm:Q9V6U8;Dr:Q7ZVX6;Mm:Q8C878;Rn:Q99MI7;Sc:Q99344	-
Q9HCK0	Q92896	57684	2734	ZBTB26	GLG1	chromatin immunoprecipitation assay	27924024	Homo sapiens	GTRD	No	Mm:Q6P9Q3;Rn:D3ZG35	Dr:A2BF92	Ce:Q19459;Mm:Q61543;Rn:G3V8G5	Dm:Q9VP27
Q9HCK0	Q5VT52	57684	23248	ZBTB26	RPRD2	chromatin immunoprecipitation assay	27924024	Homo sapiens	GTRD	No	Mm:Q6P9Q3;Rn:D3ZG35	Dr:A2BF92	Mm:Q6NXI6;Rn:A0A0G2JTD1	-
Q9HCK0	Q96CS3	57684	23197	ZBTB26	FAF2	chromatin immunoprecipitation assay	27924024	Homo sapiens	GTRD	No	Mm:Q6P9Q3;Rn:D3ZG35	Dr:A2BF92	Ce:O45628;Dm:Q9VJ58;Dr:F1Q6Z1;Mm:Q3TDN2	Rn:A0A0G2JTA0
Q9HCK0	Q96C34	57684	-	ZBTB26	RUNDC1	chromatin immunoprecipitation assay	27924024	Homo sapiens	GTRD	No	Mm:Q6P9Q3;Rn:D3ZG35	Dr:A2BF92	Ce:Q22585;Dm:Q9W5C1;Dr:I3IT29;Mm:Q0VDN7;Rn:F1LVT5	-
Q9HCK0	O60902	57684	6474	ZBTB26	SHOX2	chromatin immunoprecipitation assay	27924024	Homo sapiens	GTRD	No	Mm:Q6P9Q3;Rn:D3ZG35	Dr:A2BF92	Dr:Q7SZN8;Mm:P70390;Rn:G3V7M9	-
Q9HCK0	Q5T4T1	57684	100113407	ZBTB26	TMEM170B	chromatin immunoprecipitation assay	27924024	Homo sapiens	GTRD	No	Mm:Q6P9Q3;Rn:D3ZG35	Dr:A2BF92	Dr:F1Q5W3;Mm:P86050;Rn:Q7TQ79	-
Q9HCK0	Q9NQ31	57684	56672	ZBTB26	AKIP1	chromatin immunoprecipitation assay	27924024	Homo sapiens	GTRD	No	Mm:Q6P9Q3;Rn:D3ZG35	Dr:A2BF92	Dr:Q1L8C6;Mm:Q9JJR5;Rn:D3ZV70	-
Q9HCK0	Q7Z4V0	57684	220929	ZBTB26	ZNF438	chromatin immunoprecipitation assay	27924024	Homo sapiens	GTRD	No	Mm:Q6P9Q3;Rn:D3ZG35	Dr:A2BF92	Dr:F1R394;Mm:Q8BFX2;Rn:A0A0G2JU08	-
Q9HCK0	Q8N357	57684	54978	ZBTB26	SLC35F6	chromatin immunoprecipitation assay	27924024	Homo sapiens	GTRD	No	Mm:Q6P9Q3;Rn:D3ZG35	Dr:A2BF92	Ce:Q18315;Dm:Q9VGF5;Dr:Q5SNR2;Mm:Q8VE96	Rn:Q5RKH7
Q9HCK0	Q13643	57684	2275	ZBTB26	FHL3	chromatin immunoprecipitation assay	27924024	Homo sapiens	GTRD	No	Mm:Q6P9Q3;Rn:D3ZG35	Dr:A2BF92	Dr:E7EZP9;Rn:D3ZPF0	Mm:F2Z455
Q9HCK0	Q8NDL9	57684	60509	ZBTB26	AGBL5	chromatin immunoprecipitation assay	27924024	Homo sapiens	GTRD	No	Mm:Q6P9Q3;Rn:D3ZG35	Dr:A2BF92	Dr:F1QNG5;Mm:Q09M02;Rn:B2GV17	-
Q9HCK0	Q96PX6	57684	114800	ZBTB26	CCDC85A	chromatin immunoprecipitation assay	27924024	Homo sapiens	GTRD	No	Mm:Q6P9Q3;Rn:D3ZG35	Dr:A2BF92	Dr:F6PBX1;Mm:Q5SP85;Rn:D3ZMD4	Dr:F1Q9C3
Q9HCK0	Q9BQG0	57684	10514	ZBTB26	MYBBP1A	chromatin immunoprecipitation assay	27924024	Homo sapiens	GTRD	No	Mm:Q6P9Q3;Rn:D3ZG35	Dr:A2BF92	Dr:A0A0R4IH55;Mm:Q7TPV4;Rn:O35821	-
Q9HCK0	Q8WXH5	57684	122809	ZBTB26	SOCS4	chromatin immunoprecipitation assay	27924024	Homo sapiens	GTRD	No	Mm:Q6P9Q3;Rn:D3ZG35	Dr:A2BF92	Mm:Q91ZA6;Rn:B5DF08	-
Q9HCK0	P49642	57684	5557	ZBTB26	PRIM1	chromatin immunoprecipitation assay	27924024	Homo sapiens	GTRD	No	Mm:Q6P9Q3;Rn:D3ZG35	Dr:A2BF92	Ce:P34471;Dm:Q24317;Dr:F1QKT6;Mm:P20664;Rn:F1LNK6;Sc:P10363	-
Q9HCK0	Q8N6G5	57684	55454	ZBTB26	CSGALNACT2	chromatin immunoprecipitation assay	27924024	Homo sapiens	GTRD	No	Mm:Q6P9Q3;Rn:D3ZG35	Dr:A2BF92	Dr:A8E7C8;Mm:Q8C1F4;Rn:D4A5Z0	-
Q9HCK0	Q96BS2	57684	54997	ZBTB26	TESC	chromatin immunoprecipitation assay	27924024	Homo sapiens	GTRD	No	Mm:Q6P9Q3;Rn:D3ZG35	Dr:A2BF92	Dr:Q6P005;Mm:Q9JKL5	Dr:Q6NYK0;Rn:D3ZTN1
Q9HCK0	P59817	57684	129025	ZBTB26	ZNF280A	chromatin immunoprecipitation assay	27924024	Homo sapiens	GTRD	No	Mm:Q6P9Q3;Rn:D3ZG35	Dr:A2BF92	-	-
Q9HCK0	P49418	57684	273	ZBTB26	AMPH	chromatin immunoprecipitation assay	27924024	Homo sapiens	GTRD	No	Mm:Q6P9Q3;Rn:D3ZG35	Dr:A2BF92	Mm:Q7TQF7;Rn:F1LPP0	Dr:F1QK94;Rn:A0A0G2K5Z4
Q9HCK0	Q8TC29	57684	219670	ZBTB26	ENKUR	chromatin immunoprecipitation assay	27924024	Homo sapiens	GTRD	No	Mm:Q6P9Q3;Rn:D3ZG35	Dr:A2BF92	Dm:Q9VZZ8;Mm:Q6SP97;Rn:D3ZWN6	Dr:F1Q677
Q9HCK0	Q5VUD6	57684	138311	ZBTB26	DIPK1B	chromatin immunoprecipitation assay	27924024	Homo sapiens	GTRD	No	Mm:Q6P9Q3;Rn:D3ZG35	Dr:A2BF92	Dr:B3DHK2;Mm:Q99ML4;Rn:Q5FVL3	-
Q9HCK0	Q15562	57684	8463	ZBTB26	TEAD2	chromatin immunoprecipitation assay	27924024	Homo sapiens	GTRD	No	Mm:Q6P9Q3;Rn:D3ZG35	Dr:A2BF92	Mm:P48301;Rn:B5DF69	-
Q9HCK0	P39019	57684	6223	ZBTB26	RPS19	chromatin immunoprecipitation assay	27924024	Homo sapiens	GTRD	No	Mm:Q6P9Q3;Rn:D3ZG35	Dr:A2BF92	Ce:O18650;Dm:P39018;Dr:Q6PBW7;Mm:Q9CZX8;Rn:F1M8C7;Sc:P07281;Sc:P07280	Rn:D3ZGN8;Rn:D4A6G6;Rn:A0A0H2UI38
Q9HCK0	Q9P2E5	57684	54480	ZBTB26	CHPF2	chromatin immunoprecipitation assay	27924024	Homo sapiens	GTRD	No	Mm:Q6P9Q3;Rn:D3ZG35	Dr:A2BF92	Dr:F1Q679;Mm:Q3UU43;Rn:D4ADR5	-
Q9HCK0	Q13542	57684	1979	ZBTB26	EIF4EBP2	chromatin immunoprecipitation assay	27924024	Homo sapiens	GTRD	No	Mm:Q6P9Q3;Rn:D3ZG35	Dr:A2BF92	Dr:Q6NYL2;Mm:P70445;Rn:Q497A9	-
Q9HCK0	Q8NCL8	57684	89894	ZBTB26	TMEM116	chromatin immunoprecipitation assay	27924024	Homo sapiens	GTRD	No	Mm:Q6P9Q3;Rn:D3ZG35	Dr:A2BF92	Dr:A2BGS3;Mm:G3X9M9;Rn:F1LRF5	-
Q9HCK0	Q4KMQ1	57684	286262	ZBTB26	TPRN	chromatin immunoprecipitation assay	27924024	Homo sapiens	GTRD	No	Mm:Q6P9Q3;Rn:D3ZG35	Dr:A2BF92	Dr:A0A0R4IHT3;Mm:A2AI08;Rn:Q5XHX2	-
Q9HCK0	Q9BXW9	57684	2177	ZBTB26	FANCD2	chromatin immunoprecipitation assay	27924024	Homo sapiens	GTRD	No	Mm:Q6P9Q3;Rn:D3ZG35	Dr:A2BF92	Ce:Q9U2H4;Dm:Q8MYL1;Dr:B3DJT4;Mm:Q80V62	Rn:A0A0G2K5U0
Q9HCK0	P54760	57684	2050	ZBTB26	EPHB4	chromatin immunoprecipitation assay	27924024	Homo sapiens	GTRD	No	Mm:Q6P9Q3;Rn:D3ZG35	Dr:A2BF92	Dr:F1R5F3;Dr:A0A0R4IJK3;Mm:P54761;Rn:M0RDA4	-
Q9HCK0	Q9NYF3	57684	51307	ZBTB26	FAM53C	chromatin immunoprecipitation assay	27924024	Homo sapiens	GTRD	No	Mm:Q6P9Q3;Rn:D3ZG35	Dr:A2BF92	Mm:Q8BXQ8	Dr:A9JTF4;Rn:D3ZH55
Q9HCK0	P27338	57684	4129	ZBTB26	MAOB	chromatin immunoprecipitation assay	27924024	Homo sapiens	GTRD	No	Mm:Q6P9Q3;Rn:D3ZG35	Dr:A2BF92	Mm:Q8BW75;Rn:P19643	-
Q9HCK0	Q8IWZ3	57684	404734;54882	ZBTB26	ANKHD1	chromatin immunoprecipitation assay	27924024	Homo sapiens	GTRD	No	Mm:Q6P9Q3;Rn:D3ZG35	Dr:A2BF92	-	-
Q9HCK0	Q96A32	57684	29895	ZBTB26	MYLPF	chromatin immunoprecipitation assay	27924024	Homo sapiens	GTRD	No	Mm:Q6P9Q3;Rn:D3ZG35	Dr:A2BF92	Dr:Q66I73;Mm:P97457	Dr:O93409;Rn:P04466
Q9HCK0	P13861	57684	5576	ZBTB26	PRKAR2A	chromatin immunoprecipitation assay	27924024	Homo sapiens	GTRD	No	Mm:Q6P9Q3;Rn:D3ZG35	Dr:A2BF92	Dr:A9C3T0;Mm:Q8K1M3	Rn:A0A0G2K405
Q9HCK0	Q8TBR7	57684	79850	ZBTB26	TLCD3A	chromatin immunoprecipitation assay	27924024	Homo sapiens	GTRD	No	Mm:Q6P9Q3;Rn:D3ZG35	Dr:A2BF92	Mm:Q5ND56;Rn:D3ZKW7	Dr:A0A0G2KHZ9
Q9HCK0	P39880	57684	1523	ZBTB26	CUX1	chromatin immunoprecipitation assay	27924024	Homo sapiens	GTRD	No	Mm:Q6P9Q3;Rn:D3ZG35	Dr:A2BF92	Dr:E7F4J9;Rn:P53565	-
Q9HCK0	P56556	57684	4700	ZBTB26	NDUFA6	chromatin immunoprecipitation assay	27924024	Homo sapiens	GTRD	No	Mm:Q6P9Q3;Rn:D3ZG35	Dr:A2BF92	Dm:Q7JZK1;Mm:Q9CQZ5;Rn:D4A3V2	Dr:F1RBK6
Q9HCK0	P17677	57684	2596	ZBTB26	GAP43	chromatin immunoprecipitation assay	27924024	Homo sapiens	GTRD	No	Mm:Q6P9Q3;Rn:D3ZG35	Dr:A2BF92	Mm:P06837;Rn:P07936	Dr:Q6DG93
Q9HCK0	P53396	57684	47	ZBTB26	ACLY	chromatin immunoprecipitation assay	27924024	Homo sapiens	GTRD	No	Mm:Q6P9Q3;Rn:D3ZG35	Dr:A2BF92	Ce:P90731;Ce:P53585;Dr:F1QZ09;Rn:G3V888	Dm:A0A0B4LFH8;Mm:Q3V117
Q9HCK0	Q9Y693	57684	10186	ZBTB26	LHFPL6	chromatin immunoprecipitation assay	27924024	Homo sapiens	GTRD	No	Mm:Q6P9Q3;Rn:D3ZG35	Dr:A2BF92	Dr:Q5PRC1;Mm:Q8BM86;Rn:Q5BJS2	-
Q9HCK0	P13637	57684	478	ZBTB26	ATP1A3	chromatin immunoprecipitation assay	27924024	Homo sapiens	GTRD	No	Mm:Q6P9Q3;Rn:D3ZG35	Dr:A2BF92	-	-
Q9HCK0	Q8IZL2	57684	84441	ZBTB26	MAML2	chromatin immunoprecipitation assay	27924024	Homo sapiens	GTRD	No	Mm:Q6P9Q3;Rn:D3ZG35	Dr:A2BF92	Mm:F6U238;Rn:F1M3B2	-
Q9HCK0	Q86UN3	57684	349667	ZBTB26	RTN4RL2	chromatin immunoprecipitation assay	27924024	Homo sapiens	GTRD	No	Mm:Q6P9Q3;Rn:D3ZG35	Dr:A2BF92	Dr:F1QA76;Mm:Q7M6Z0;Rn:Q80WD1	Dr:A8BBJ2
Q9HCK0	P39656	57684	1650	ZBTB26	DDOST	chromatin immunoprecipitation assay	27924024	Homo sapiens	GTRD	No	Mm:Q6P9Q3;Rn:D3ZG35	Dr:A2BF92	Ce:P45971;Dm:Q24319;Dr:A0A0R4I9F5;Mm:O54734;Rn:Q641Y0;Sc:P33767	-
Q9HCK0	O95754	57684	10505	ZBTB26	SEMA4F	chromatin immunoprecipitation assay	27924024	Homo sapiens	GTRD	No	Mm:Q6P9Q3;Rn:D3ZG35	Dr:A2BF92	Mm:Q9Z123;Rn:Q9Z143	-
Q9HCK0	Q13217	57684	5611	ZBTB26	DNAJC3	chromatin immunoprecipitation assay	27924024	Homo sapiens	GTRD	No	Mm:Q6P9Q3;Rn:D3ZG35	Dr:A2BF92	Ce:Q9N3E0;Ce:P91189;Dm:Q9VHA8;Dr:Q6P0U6;Mm:Q91YW3;Rn:Q9R0T3	-
Q9HCK0	Q9Y2G3	57684	23200	ZBTB26	ATP11B	chromatin immunoprecipitation assay	27924024	Homo sapiens	GTRD	No	Mm:Q6P9Q3;Rn:D3ZG35	Dr:A2BF92	Mm:Q6DFW5	Dr:A0A0R4IC01;Rn:A0A0G2K3P7
Q9HCK0	A6NJ78	57684	196074	ZBTB26	METTL15	chromatin immunoprecipitation assay	27924024	Homo sapiens	GTRD	No	Mm:Q6P9Q3;Rn:D3ZG35	Dr:A2BF92	Dm:Q9VGY5;Dr:A0A1D5NT05;Mm:Q9DCL4;Rn:F7F172	-
Q9HCK0	Q96F46	57684	23765	ZBTB26	IL17RA	chromatin immunoprecipitation assay	27924024	Homo sapiens	GTRD	No	Mm:Q6P9Q3;Rn:D3ZG35	Dr:A2BF92	Mm:Q60943;Rn:D4A740	Dr:F2Z4X3
Q9HCK0	Q9NZU7	57684	9478	ZBTB26	CABP1	chromatin immunoprecipitation assay	27924024	Homo sapiens	GTRD	No	Mm:Q6P9Q3;Rn:D3ZG35	Dr:A2BF92	Dm:A1Z777;Dr:Q6DH19;Mm:Q9JLK7;Rn:O88751	Dr:Q5XJJ6
Q9HCK0	Q32NC0	57684	83608	ZBTB26	C18orf21	chromatin immunoprecipitation assay	27924024	Homo sapiens	GTRD	No	Mm:Q6P9Q3;Rn:D3ZG35	Dr:A2BF92	Dr:Q1LUS5;Mm:Q5XFZ0;Rn:Q4V7D8	-
Q9HCK0	Q99569	57684	8502	ZBTB26	PKP4	chromatin immunoprecipitation assay	27924024	Homo sapiens	GTRD	No	Mm:Q6P9Q3;Rn:D3ZG35	Dr:A2BF92	Mm:Q68FH0;Rn:F1M2K6	-
Q9HCK0	Q5TBK1	57684	90634	ZBTB26	N4BP2L1	chromatin immunoprecipitation assay	27924024	Homo sapiens	GTRD	No	Mm:Q6P9Q3;Rn:D3ZG35	Dr:A2BF92	Mm:Q3V2Q8;Rn:A0A0G2K1B7	-
Q9HCK0	Q86SK9	57684	79966	ZBTB26	SCD5	chromatin immunoprecipitation assay	27924024	Homo sapiens	GTRD	No	Mm:Q6P9Q3;Rn:D3ZG35	Dr:A2BF92	-	-
Q9HCK0	Q96S99	57684	79156	ZBTB26	PLEKHF1	chromatin immunoprecipitation assay	27924024	Homo sapiens	GTRD	No	Mm:Q6P9Q3;Rn:D3ZG35	Dr:A2BF92	Mm:Q3TB82	Rn:Q68FU1
Q9HCK0	Q96MX3	57684	197407	ZBTB26	ZNF48	chromatin immunoprecipitation assay	27924024	Homo sapiens	GTRD	No	Mm:Q6P9Q3;Rn:D3ZG35	Dr:A2BF92	Ce:G5EFF4;Mm:Q3US17;Rn:D3ZY01	-
Q9HCK0	O75694	57684	9631	ZBTB26	NUP155	chromatin immunoprecipitation assay	27924024	Homo sapiens	GTRD	No	Mm:Q6P9Q3;Rn:D3ZG35	Dr:A2BF92	Dm:Q9V463;Dr:F1Q953;Mm:Q99P88;Rn:A0A0G2K7T6;Sc:P38181;Sc:P40064	-
Q9HCK0	Q8WUH2	57684	9392	ZBTB26	TGFBRAP1	chromatin immunoprecipitation assay	27924024	Homo sapiens	GTRD	No	Mm:Q6P9Q3;Rn:D3ZG35	Dr:A2BF92	Dr:F1QP13;Mm:Q3UR70;Rn:A0A0G2JV19	-
Q9HCK0	Q9Y592	57684	51134	ZBTB26	CEP83	chromatin immunoprecipitation assay	27924024	Homo sapiens	GTRD	No	Mm:Q6P9Q3;Rn:D3ZG35	Dr:A2BF92	Mm:Q9D5R3	Rn:Q66H89
Q9HCK0	Q9NR19	57684	55902	ZBTB26	ACSS2	chromatin immunoprecipitation assay	27924024	Homo sapiens	GTRD	No	Mm:Q6P9Q3;Rn:D3ZG35	Dr:A2BF92	Ce:Q18496;Mm:Q9QXG4;Rn:G3V9U0	Dm:Q59E09;Dr:Q6DHN4
Q9HCK0	Q2TAA2	57684	285148	ZBTB26	IAH1	chromatin immunoprecipitation assay	27924024	Homo sapiens	GTRD	No	Mm:Q6P9Q3;Rn:D3ZG35	Dr:A2BF92	Mm:Q9DB29;Rn:Q711G3;Sc:P41734	Dr:Q503L4
Q9HCK0	Q8TDD5	57684	55283	ZBTB26	MCOLN3	chromatin immunoprecipitation assay	27924024	Homo sapiens	GTRD	No	Mm:Q6P9Q3;Rn:D3ZG35	Dr:A2BF92	Mm:Q8R4F0	Rn:E9PT54
Q9HCK0	Q6V1P9	57684	54798	ZBTB26	DCHS2	chromatin immunoprecipitation assay	27924024	Homo sapiens	GTRD	No	Mm:Q6P9Q3;Rn:D3ZG35	Dr:A2BF92	Mm:A0A0A6YW72	-
Q9HCK0	Q5VV63	57684	26033	ZBTB26	ATRNL1	chromatin immunoprecipitation assay	27924024	Homo sapiens	GTRD	No	Mm:Q6P9Q3;Rn:D3ZG35	Dr:A2BF92	Dr:E7F6C7;Mm:Q6A051;Rn:F1M3T8	-
Q9HCK0	Q9NY57	57684	55351	ZBTB26	STK32B	chromatin immunoprecipitation assay	27924024	Homo sapiens	GTRD	No	Mm:Q6P9Q3;Rn:D3ZG35	Dr:A2BF92	Mm:Q9JJX8	Rn:F1M3G9
Q9HCK0	Q9NST1	57684	80339	ZBTB26	PNPLA3	chromatin immunoprecipitation assay	27924024	Homo sapiens	GTRD	No	Mm:Q6P9Q3;Rn:D3ZG35	Dr:A2BF92	Mm:E9QNZ9;Rn:D3Z9J9	-
Q9HCK0	Q6P1J9	57684	79577	ZBTB26	CDC73	chromatin immunoprecipitation assay	27924024	Homo sapiens	GTRD	No	Mm:Q6P9Q3;Rn:D3ZG35	Dr:A2BF92	Ce:Q9N5U5;Dm:Q9VHI1;Mm:Q8JZM7;Rn:F2Z3T0	Dr:Q7T3D4
Q9HCK0	Q7Z6W1	57684	127391	ZBTB26	TMCO2	chromatin immunoprecipitation assay	27924024	Homo sapiens	GTRD	No	Mm:Q6P9Q3;Rn:D3ZG35	Dr:A2BF92	Mm:J3JS82	Rn:D4A4E7
Q9HCK0	Q9UBZ4	57684	27301	ZBTB26	APEX2	chromatin immunoprecipitation assay	27924024	Homo sapiens	GTRD	No	Mm:Q6P9Q3;Rn:D3ZG35	Dr:A2BF92	Rn:D3ZPZ3;Sc:P38207	Dr:F1Q865;Mm:A2AFM4
Q9HCK0	Q8N568	57684	166614	ZBTB26	DCLK2	chromatin immunoprecipitation assay	27924024	Homo sapiens	GTRD	No	Mm:Q6P9Q3;Rn:D3ZG35	Dr:A2BF92	Mm:Q6PGN3;Rn:Q5MPA9	Dr:A0A0G2L8W3
Q9HCK0	O15260	57684	6836	ZBTB26	SURF4	chromatin immunoprecipitation assay	27924024	Homo sapiens	GTRD	No	Mm:Q6P9Q3;Rn:D3ZG35	Dr:A2BF92	Ce:Q18864;Dm:O18405;Dr:Q6DGJ8;Mm:Q64310;Sc:P53337	Dr:Q7SZQ7
Q9HCK0	P18615	57684	7936	ZBTB26	NELFE	chromatin immunoprecipitation assay	27924024	Homo sapiens	GTRD	No	Mm:Q6P9Q3;Rn:D3ZG35	Dr:A2BF92	-	-
Q9HCK0	Q96RY7	57684	9742	ZBTB26	IFT140	chromatin immunoprecipitation assay	27924024	Homo sapiens	GTRD	No	Mm:Q6P9Q3;Rn:D3ZG35	Dr:A2BF92	Ce:P90757;Dm:Q7KTZ4;Mm:E9PY46;Rn:F1LY69	Dr:F1QG20
Q9HCK0	A7MCY6	57684	9755	ZBTB26	TBKBP1	chromatin immunoprecipitation assay	27924024	Homo sapiens	GTRD	No	Mm:Q6P9Q3;Rn:D3ZG35	Dr:A2BF92	Mm:A2A9T0;Rn:Q6DG50	Dr:E7FGU2
Q9HCK0	Q9P1T7	57684	29969	ZBTB26	MDFIC	chromatin immunoprecipitation assay	27924024	Homo sapiens	GTRD	No	Mm:Q6P9Q3;Rn:D3ZG35	Dr:A2BF92	Dr:F6NQ15;Mm:Q8BX65;Rn:D3ZVM7	-
Q9HCK0	Q9NQQ7	57684	51006	ZBTB26	SLC35C2	chromatin immunoprecipitation assay	27924024	Homo sapiens	GTRD	No	Mm:Q6P9Q3;Rn:D3ZG35	Dr:A2BF92	Ce:Q9N3S9;Dm:Q9VZP2;Mm:Q8VCX2;Rn:B2RYM9;Sc:Q03697	Dr:F1R7R7
Q9HCK0	P22694	57684	5567	ZBTB26	PRKACB	chromatin immunoprecipitation assay	27924024	Homo sapiens	GTRD	No	Mm:Q6P9Q3;Rn:D3ZG35	Dr:A2BF92	Dr:Q3ZB92;Mm:P68181;Rn:P68182	-
Q9HCK0	Q8N6Y0	57684	83878	ZBTB26	USHBP1	chromatin immunoprecipitation assay	27924024	Homo sapiens	GTRD	No	Mm:Q6P9Q3;Rn:D3ZG35	Dr:A2BF92	Dr:E7F1E7;Mm:Q8R370;Rn:Q3T1I3	-
Q9HCK0	Q96NG8	57684	147948	ZBTB26	ZNF582	chromatin immunoprecipitation assay	27924024	Homo sapiens	GTRD	No	Mm:Q6P9Q3;Rn:D3ZG35	Dr:A2BF92	-	Mm:A0A1B0GSS6
Q9HCK0	C9J442	57684	-	ZBTB26	C22orf46	chromatin immunoprecipitation assay	27924024	Homo sapiens	GTRD	No	Mm:Q6P9Q3;Rn:D3ZG35	Dr:A2BF92	-	-
Q9HCK0	P20674	57684	9377	ZBTB26	COX5A	chromatin immunoprecipitation assay	27924024	Homo sapiens	GTRD	No	Mm:Q6P9Q3;Rn:D3ZG35	Dr:A2BF92	Dm:Q94514;Dr:Q4VBU7;Mm:P12787;Rn:P11240;Sc:P00427	-
Q9HCK0	Q765P7	57684	92154	ZBTB26	MTSS2	chromatin immunoprecipitation assay	27924024	Homo sapiens	GTRD	No	Mm:Q6P9Q3;Rn:D3ZG35	Dr:A2BF92	Mm:Q6P9S0;Rn:D4A3S6	-
Q9HCK0	Q15035	57684	9697	ZBTB26	TRAM2	chromatin immunoprecipitation assay	27924024	Homo sapiens	GTRD	No	Mm:Q6P9Q3;Rn:D3ZG35	Dr:A2BF92	Mm:Q924Z5;Rn:F1LUA2	Dr:Q802X7
Q9HCK0	Q5XUX1	57684	84261	ZBTB26	FBXW9	chromatin immunoprecipitation assay	27924024	Homo sapiens	GTRD	No	Mm:Q6P9Q3;Rn:D3ZG35	Dr:A2BF92	Dr:E9QHZ6;Mm:F8VPX2;Rn:F1MAM1	Ce:Q22071
Q9HCK0	Q9NXU5	57684	54622	ZBTB26	ARL15	chromatin immunoprecipitation assay	27924024	Homo sapiens	GTRD	No	Mm:Q6P9Q3;Rn:D3ZG35	Dr:A2BF92	-	-
Q9HCK0	Q86Z20	57684	202243	ZBTB26	CCDC125	chromatin immunoprecipitation assay	27924024	Homo sapiens	GTRD	No	Mm:Q6P9Q3;Rn:D3ZG35	Dr:A2BF92	Mm:Q5U465;Rn:F1LRT4	-
Q9HCK0	Q96FC9	57684	1663	ZBTB26	DDX11	chromatin immunoprecipitation assay	27924024	Homo sapiens	GTRD	No	Mm:Q6P9Q3;Rn:D3ZG35	Dr:A2BF92	Ce:Q21489;Dm:Q9XZS9;Dr:F1R345;Sc:P22516	Mm:A0A2Y9CZM3;Rn:A0A0G2K8J3
Q9HCK0	Q15773	57684	8079	ZBTB26	MLF2	chromatin immunoprecipitation assay	27924024	Homo sapiens	GTRD	No	Mm:Q6P9Q3;Rn:D3ZG35	Dr:A2BF92	Ce:Q9XXH7;Dr:Q4V8X5;Mm:Q99KX1;Rn:D3ZPN3	-
Q9HCK0	Q96KX1	57684	132989	ZBTB26	C4orf36	chromatin immunoprecipitation assay	27924024	Homo sapiens	GTRD	No	Mm:Q6P9Q3;Rn:D3ZG35	Dr:A2BF92	-	-
Q9HCK0	P51688	57684	6448	ZBTB26	SGSH	chromatin immunoprecipitation assay	27924024	Homo sapiens	GTRD	No	Mm:Q6P9Q3;Rn:D3ZG35	Dr:A2BF92	Dm:Q9VE24;Dr:B0V3V9	Mm:Q9EQ08
Q9HCK0	Q99490	57684	116986	ZBTB26	AGAP2	chromatin immunoprecipitation assay	27924024	Homo sapiens	GTRD	No	Mm:Q6P9Q3;Rn:D3ZG35	Dr:A2BF92	-	-
Q9HCK0	Q96MG7	57684	56160	ZBTB26	NSMCE3	chromatin immunoprecipitation assay	27924024	Homo sapiens	GTRD	No	Mm:Q6P9Q3;Rn:D3ZG35	Dr:A2BF92	Dr:Q7T0K5;Mm:Q99PB1;Mm:Q9CPR8	Rn:A0A0G2K397
Q9HCK0	A0PJW6	57684	79064	ZBTB26	TMEM223	chromatin immunoprecipitation assay	27924024	Homo sapiens	GTRD	No	Mm:Q6P9Q3;Rn:D3ZG35	Dr:A2BF92	Dm:Q7JW07;Mm:Q9CQE2	Dr:Q6DC58;Rn:A0A0G2JXU9;Rn:M0RCL0
Q9HCK0	P52951	57684	2637	ZBTB26	GBX2	chromatin immunoprecipitation assay	27924024	Homo sapiens	GTRD	No	Mm:Q6P9Q3;Rn:D3ZG35	Dr:A2BF92	Mm:P48031;Rn:G3V8J6	Dr:Q8QGU1
Q9HCK0	P33908	57684	4121	ZBTB26	MAN1A1	chromatin immunoprecipitation assay	27924024	Homo sapiens	GTRD	No	Mm:Q6P9Q3;Rn:D3ZG35	Dr:A2BF92	Dr:Q5RHM7;Mm:P45700;Rn:A0A0G2JW29	-
Q9HCK0	Q8N7H5	57684	54623	ZBTB26	PAF1	chromatin immunoprecipitation assay	27924024	Homo sapiens	GTRD	No	Mm:Q6P9Q3;Rn:D3ZG35	Dr:A2BF92	Ce:P90783;Dm:Q9VN55;Mm:Q8K2T8;Rn:Q4V886;Sc:P38351	Dr:A0A0R4IFZ2
Q9HCK0	Q8N1G0	57684	57592	ZBTB26	ZNF687	chromatin immunoprecipitation assay	27924024	Homo sapiens	GTRD	No	Mm:Q6P9Q3;Rn:D3ZG35	Dr:A2BF92	Dr:A0A0R4IYX6;Mm:Q9D2D7;Rn:D3ZT56	Dr:F6NSX9
Q9HCK0	O60911	57684	1515	ZBTB26	CTSV	chromatin immunoprecipitation assay	27924024	Homo sapiens	GTRD	No	Mm:Q6P9Q3;Rn:D3ZG35	Dr:A2BF92	Mm:P06797;Rn:P07154	-
Q9HCK0	Q63HR2	57684	23371	ZBTB26	TNS2	chromatin immunoprecipitation assay	27924024	Homo sapiens	GTRD	No	Mm:Q6P9Q3;Rn:D3ZG35	Dr:A2BF92	Mm:Q8CGB6;Rn:M0R671	-
Q9HCK0	Q06413	57684	4208	ZBTB26	MEF2C	chromatin immunoprecipitation assay	27924024	Homo sapiens	GTRD	No	Mm:Q6P9Q3;Rn:D3ZG35	Dr:A2BF92	-	Dr:E9QCL1;Dr:A2BGA7;Mm:A0A0H2UH28;Rn:A0A096MJY4
Q9HCK0	Q96EC8	57684	286451	ZBTB26	YIPF6	chromatin immunoprecipitation assay	27924024	Homo sapiens	GTRD	No	Mm:Q6P9Q3;Rn:D3ZG35	Dr:A2BF92	Ce:C6KRN3;Dm:Q9VQZ0;Mm:Q8BR70;Rn:Q4QQU5;Sc:P53093	Dr:A2CEG7
Q9HCK0	Q6UXK5	57684	57633	ZBTB26	LRRN1	chromatin immunoprecipitation assay	27924024	Homo sapiens	GTRD	No	Mm:Q6P9Q3;Rn:D3ZG35	Dr:A2BF92	Dr:A9JRH0;Mm:Q61809	Rn:Q32Q07
Q9HCK0	Q15672	57684	7291	ZBTB26	TWIST1	chromatin immunoprecipitation assay	27924024	Homo sapiens	GTRD	No	Mm:Q6P9Q3;Rn:D3ZG35	Dr:A2BF92	Mm:P26687;Rn:Q9EPJ1	Dr:Q568M7;Dr:Q9PTE3
Q9HCK0	Q9UQ16	57684	26052	ZBTB26	DNM3	chromatin immunoprecipitation assay	27924024	Homo sapiens	GTRD	No	Mm:Q6P9Q3;Rn:D3ZG35	Dr:A2BF92	Mm:Q8BZ98;Rn:Q08877	Dr:Q5RHR9
Q9HCK0	P29692	57684	1936	ZBTB26	EEF1D	chromatin immunoprecipitation assay	27924024	Homo sapiens	GTRD	No	Mm:Q6P9Q3;Rn:D3ZG35	Dr:A2BF92	Rn:Q68FR9	-
Q9HCK0	P54132	57684	641	ZBTB26	BLM	chromatin immunoprecipitation assay	27924024	Homo sapiens	GTRD	No	Mm:Q6P9Q3;Rn:D3ZG35	Dr:A2BF92	Mm:O88700;Rn:D3ZQW1	-
Q9HCK0	Q9NSC5	57684	9454	ZBTB26	HOMER3	chromatin immunoprecipitation assay	27924024	Homo sapiens	GTRD	No	Mm:Q6P9Q3;Rn:D3ZG35	Dr:A2BF92	Mm:Q99JP6;Rn:Q9Z2X5	-
Q9HCK0	Q96PY5	57684	114793	ZBTB26	FMNL2	chromatin immunoprecipitation assay	27924024	Homo sapiens	GTRD	No	Mm:Q6P9Q3;Rn:D3ZG35	Dr:A2BF92	Rn:A0A0G2K132	Mm:F8VPR2
Q9HCK0	P61371	57684	3670	ZBTB26	ISL1	chromatin immunoprecipitation assay	27924024	Homo sapiens	GTRD	No	Mm:Q6P9Q3;Rn:D3ZG35	Dr:A2BF92	Dr:P53405;Mm:P61372;Rn:P61374	Dm:Q9Y0Z9
Q9HCK0	O75391	57684	9552	ZBTB26	SPAG7	chromatin immunoprecipitation assay	27924024	Homo sapiens	GTRD	No	Mm:Q6P9Q3;Rn:D3ZG35	Dr:A2BF92	Dm:Q9VIL2;Dr:F1QE09;Mm:Q7TNE3;Rn:D3ZCG4	-
Q9HCK0	Q8WXI4	57684	26027	ZBTB26	ACOT11	chromatin immunoprecipitation assay	27924024	Homo sapiens	GTRD	No	Mm:Q6P9Q3;Rn:D3ZG35	Dr:A2BF92	Mm:Q8VHQ9;Rn:F1LX28	-
Q9HCK0	Q96AQ8	57684	63933	ZBTB26	MCUR1	chromatin immunoprecipitation assay	27924024	Homo sapiens	GTRD	No	Mm:Q6P9Q3;Rn:D3ZG35	Dr:A2BF92	Dr:F1Q729;Mm:Q9CXD6;Rn:D3ZEJ2	-
Q9HCK0	P51587	57684	675	ZBTB26	BRCA2	chromatin immunoprecipitation assay	27924024	Homo sapiens	GTRD	No	Mm:Q6P9Q3;Rn:D3ZG35	Dr:A2BF92	-	-
Q9HCK0	Q08209	57684	5530	ZBTB26	PPP3CA	chromatin immunoprecipitation assay	27924024	Homo sapiens	GTRD	No	Mm:Q6P9Q3;Rn:D3ZG35	Dr:A2BF92	Dm:Q27889;Dm:Q9VXF1;Mm:P63328;Rn:P63329	-
Q9HCK0	P20472	57684	5816	ZBTB26	PVALB	chromatin immunoprecipitation assay	27924024	Homo sapiens	GTRD	No	Mm:Q6P9Q3;Rn:D3ZG35	Dr:A2BF92	Dr:Q804W2;Dr:Q804W1;Mm:P32848;Rn:P02625	-
Q9HCK0	Q8WTW4	57684	10641	ZBTB26	NPRL2	chromatin immunoprecipitation assay	27924024	Homo sapiens	GTRD	No	Mm:Q6P9Q3;Rn:D3ZG35	Dr:A2BF92	Dm:Q9VXA0;Mm:Q9WUE4;Rn:D3ZPN1	Dr:Q0P403
Q9HCK0	P10073	57684	342945	ZBTB26	ZSCAN22	chromatin immunoprecipitation assay	27924024	Homo sapiens	GTRD	No	Mm:Q6P9Q3;Rn:D3ZG35	Dr:A2BF92	Mm:Q8BGS5	Rn:D4ADL6
Q9HCK0	Q13428	57684	6949	ZBTB26	TCOF1	chromatin immunoprecipitation assay	27924024	Homo sapiens	GTRD	No	Mm:Q6P9Q3;Rn:D3ZG35	Dr:A2BF92	Rn:D4A206	Mm:H3BL37
Q9HCK0	Q9Y4H4	57684	63940	ZBTB26	GPSM3	chromatin immunoprecipitation assay	27924024	Homo sapiens	GTRD	No	Mm:Q6P9Q3;Rn:D3ZG35	Dr:A2BF92	Mm:Q3U1Z5;Rn:Q6MG88	-
Q9HCK0	Q8TAD2	57684	53342	ZBTB26	IL17D	chromatin immunoprecipitation assay	27924024	Homo sapiens	GTRD	No	Mm:Q6P9Q3;Rn:D3ZG35	Dr:A2BF92	Mm:A0A0B4J1G4;Rn:A0A0G2K812	Dr:Q5TKT1
Q9HCK0	P27448	57684	4140	ZBTB26	MARK3	chromatin immunoprecipitation assay	27924024	Homo sapiens	GTRD	No	Mm:Q6P9Q3;Rn:D3ZG35	Dr:A2BF92	Dr:A2CEF7;Mm:Q03141	Rn:A0A0G2JU56
Q9HCK0	P63167	57684	8655	ZBTB26	DYNLL1	chromatin immunoprecipitation assay	27924024	Homo sapiens	GTRD	No	Mm:Q6P9Q3;Rn:D3ZG35	Dr:A2BF92	Mm:P63168;Rn:P63170	-
Q9HCK0	Q96B42	57684	129787	ZBTB26	TMEM18	chromatin immunoprecipitation assay	27924024	Homo sapiens	GTRD	No	Mm:Q6P9Q3;Rn:D3ZG35	Dr:A2BF92	Dm:A1Z903;Dr:Q641M3;Mm:Q3TUD9;Rn:Q6DGF8	-
Q9HCK0	O75167	57684	9749	ZBTB26	PHACTR2	chromatin immunoprecipitation assay	27924024	Homo sapiens	GTRD	No	Mm:Q6P9Q3;Rn:D3ZG35	Dr:A2BF92	-	Ce:Q95QG4;Mm:B1AVP0;Rn:G3V9F4
Q9HCK0	P49427	57684	997	ZBTB26	CDC34	chromatin immunoprecipitation assay	27924024	Homo sapiens	GTRD	No	Mm:Q6P9Q3;Rn:D3ZG35	Dr:A2BF92	Dr:Q803V7;Mm:Q8CFI2;Rn:D4A453;Sc:P14682	-
Q9HCK0	Q5VUE5	57684	388722	ZBTB26	C1orf53	chromatin immunoprecipitation assay	27924024	Homo sapiens	GTRD	No	Mm:Q6P9Q3;Rn:D3ZG35	Dr:A2BF92	Mm:D3Z1T2;Rn:B2RYR4	-
Q9HCK0	Q96DC7	57684	55374	ZBTB26	TMCO6	chromatin immunoprecipitation assay	27924024	Homo sapiens	GTRD	No	Mm:Q6P9Q3;Rn:D3ZG35	Dr:A2BF92	Dr:F1QXX0;Mm:Q8BQX5;Rn:G3V979	-
Q9HCK0	P20248	57684	890	ZBTB26	CCNA2	chromatin immunoprecipitation assay	27924024	Homo sapiens	GTRD	No	Mm:Q6P9Q3;Rn:D3ZG35	Dr:A2BF92	Mm:P51943;Rn:G3V802	Dr:Q6NV43
Q9HCK0	Q9UPQ4	57684	23087	ZBTB26	TRIM35	chromatin immunoprecipitation assay	27924024	Homo sapiens	GTRD	No	Mm:Q6P9Q3;Rn:D3ZG35	Dr:A2BF92	Dr:F1QZQ5;Dr:A0A0R4ILE2;Mm:A0A0R4J031;Rn:G3V769	Dr:F1R7D2;Dr:B8JLS7;Dr:F2Z4W9;Dr:I3ITQ0;Dr:F1QMZ7;Dr:F1QWI8;Dr:E7F8T5;Dr:A0A0R4ICE2;Dr:A0A0R4IPB1;Dr:A0A0J9YJA4;Dr:Q1MT09;Dr:A0A0R4IIJ3;Dr:Q1MT11;Dr:A0A0R4INQ4;Dr:A0A0R4IBN3;Dr:F1Q6F7;Dr:F1QS63
Q9HCK0	P54646	57684	5563	ZBTB26	PRKAA2	chromatin immunoprecipitation assay	27924024	Homo sapiens	GTRD	No	Mm:Q6P9Q3;Rn:D3ZG35	Dr:A2BF92	-	-
Q9HCK0	Q9HAF1	57684	64769	ZBTB26	MEAF6	chromatin immunoprecipitation assay	27924024	Homo sapiens	GTRD	No	Mm:Q6P9Q3;Rn:D3ZG35	Dr:A2BF92	Dr:Q6AZD3;Mm:Q2VPQ9;Rn:B0BNB4	-
Q9HCK0	O75290	57684	284323	ZBTB26	ZNF780A	chromatin immunoprecipitation assay	27924024	Homo sapiens	GTRD	No	Mm:Q6P9Q3;Rn:D3ZG35	Dr:A2BF92	-	-
Q9HCK0	Q6PD62	57684	9646	ZBTB26	CTR9	chromatin immunoprecipitation assay	27924024	Homo sapiens	GTRD	No	Mm:Q6P9Q3;Rn:D3ZG35	Dr:A2BF92	Ce:Q03560;Dm:Q7K0X3;Dr:A3KDM3;Mm:Q62018;Rn:G3V897;Sc:P89105	-
Q9HCK0	P17787	57684	1141	ZBTB26	CHRNB2	chromatin immunoprecipitation assay	27924024	Homo sapiens	GTRD	No	Mm:Q6P9Q3;Rn:D3ZG35	Dr:A2BF92	-	-
Q9HCK0	Q6NUK4	57684	221035	ZBTB26	REEP3	chromatin immunoprecipitation assay	27924024	Homo sapiens	GTRD	No	Mm:Q6P9Q3;Rn:D3ZG35	Dr:A2BF92	Dr:Q7ZVX5;Mm:Q99KK1;Rn:D4A0H1	-
Q9HCK0	O95864	57684	9415	ZBTB26	FADS2	chromatin immunoprecipitation assay	27924024	Homo sapiens	GTRD	No	Mm:Q6P9Q3;Rn:D3ZG35	Dr:A2BF92	Mm:Q9Z0R9;Rn:A0A140TAE1	Dr:F1R3G9
Q9HCK0	H7C5I2	57684	-	ZBTB26	-	chromatin immunoprecipitation assay	27924024	Homo sapiens	GTRD	No	Mm:Q6P9Q3;Rn:D3ZG35	Dr:A2BF92	-	-
Q9HCK0	Q9NYG2	57684	51304	ZBTB26	ZDHHC3	chromatin immunoprecipitation assay	27924024	Homo sapiens	GTRD	No	Mm:Q6P9Q3;Rn:D3ZG35	Dr:A2BF92	-	-
Q9HCK0	Q9H4M9	57684	10938	ZBTB26	EHD1	chromatin immunoprecipitation assay	27924024	Homo sapiens	GTRD	No	Mm:Q6P9Q3;Rn:D3ZG35	Dr:A2BF92	Dr:Q66HW2;Mm:Q9WVK4;Rn:Q641Z6	-
Q9HCK0	P08651	57684	4782	ZBTB26	NFIC	chromatin immunoprecipitation assay	27924024	Homo sapiens	GTRD	No	Mm:Q6P9Q3;Rn:D3ZG35	Dr:A2BF92	Mm:P70255;Rn:O70188	-
Q9HCK0	Q9NU53	57684	116254	ZBTB26	GINM1	chromatin immunoprecipitation assay	27924024	Homo sapiens	GTRD	No	Mm:Q6P9Q3;Rn:D3ZG35	Dr:A2BF92	Dr:Q5RII3;Mm:Q91WR6;Rn:D3ZJB2	-
Q9HCK0	P49326	57684	2330	ZBTB26	FMO5	chromatin immunoprecipitation assay	27924024	Homo sapiens	GTRD	No	Mm:Q6P9Q3;Rn:D3ZG35	Dr:A2BF92	Dr:Q7T1D7;Mm:P97872;Rn:A0A0G2JSQ2	Dr:Q5TZD3
Q9HCK0	Q9Y5W8	57684	23161	ZBTB26	SNX13	chromatin immunoprecipitation assay	27924024	Homo sapiens	GTRD	No	Mm:Q6P9Q3;Rn:D3ZG35	Dr:A2BF92	Ce:Q9U2U6	Mm:Q6PHS6;Rn:A0A0G2JUH8
Q9HCK0	Q8TB37	57684	80224	ZBTB26	NUBPL	chromatin immunoprecipitation assay	27924024	Homo sapiens	GTRD	No	Mm:Q6P9Q3;Rn:D3ZG35	Dr:A2BF92	Dr:Q6DH61;Mm:Q9CWD8;Rn:D3ZFQ3	-
Q9HCK0	O95025	57684	223117	ZBTB26	SEMA3D	chromatin immunoprecipitation assay	27924024	Homo sapiens	GTRD	No	Mm:Q6P9Q3;Rn:D3ZG35	Dr:A2BF92	Mm:Q8BH34;Rn:F1MAG8	-
Q9HCK0	Q9P1F3	57684	58527	ZBTB26	ABRACL	chromatin immunoprecipitation assay	27924024	Homo sapiens	GTRD	No	Mm:Q6P9Q3;Rn:D3ZG35	Dr:A2BF92	Dr:Q6TGV7;Mm:E9QMV2;Rn:D3ZSL2	-
Q9HCK0	Q9NWD8	57684	55069	ZBTB26	TMEM248	chromatin immunoprecipitation assay	27924024	Homo sapiens	GTRD	No	Mm:Q6P9Q3;Rn:D3ZG35	Dr:A2BF92	Dr:F1QDI7;Mm:Q3TBN1;Rn:Q6AY76	-
Q9HCK0	Q9NQC3	57684	57142	ZBTB26	RTN4	chromatin immunoprecipitation assay	27924024	Homo sapiens	GTRD	No	Mm:Q6P9Q3;Rn:D3ZG35	Dr:A2BF92	Mm:Q99P72	Dr:F1QT89
Q9HCK0	Q8N3E9	57684	113026	ZBTB26	PLCD3	chromatin immunoprecipitation assay	27924024	Homo sapiens	GTRD	No	Mm:Q6P9Q3;Rn:D3ZG35	Dr:A2BF92	Dr:F1QJ13;Mm:Q8K2J0;Rn:D4A978	Dr:A5D6R3
Q9HCK0	P42126	57684	1632	ZBTB26	ECI1	chromatin immunoprecipitation assay	27924024	Homo sapiens	GTRD	No	Mm:Q6P9Q3;Rn:D3ZG35	Dr:A2BF92	Dm:Q9VL68;Dm:Q9VL67;Dm:Q9VL66;Mm:P42125;Rn:Q68G41	-
Q9HCK0	Q8WXX7	57684	26053	ZBTB26	AUTS2	chromatin immunoprecipitation assay	27924024	Homo sapiens	GTRD	No	Mm:Q6P9Q3;Rn:D3ZG35	Dr:A2BF92	-	Mm:A0A2C9F2I4;Rn:F1M388
Q9HCK0	P35625	57684	7078	ZBTB26	TIMP3	chromatin immunoprecipitation assay	27924024	Homo sapiens	GTRD	No	Mm:Q6P9Q3;Rn:D3ZG35	Dr:A2BF92	Mm:P39876;Rn:Q4V8L0	-
Q9HCK0	Q9Y2H2	57684	22876	ZBTB26	INPP5F	chromatin immunoprecipitation assay	27924024	Homo sapiens	GTRD	No	Mm:Q6P9Q3;Rn:D3ZG35	Dr:A2BF92	Dm:Q0KI33;Dr:A8E7C5;Mm:Q8CDA1;Rn:D3ZKG7	-
Q9HCK0	Q11206	57684	6484	ZBTB26	ST3GAL4	chromatin immunoprecipitation assay	27924024	Homo sapiens	GTRD	No	Mm:Q6P9Q3;Rn:D3ZG35	Dr:A2BF92	Dr:F1QZT7;Mm:Q91Y74;Rn:P61131	-
Q9HCK0	Q1ZZU3	57684	375757	ZBTB26	SWI5	chromatin immunoprecipitation assay	27924024	Homo sapiens	GTRD	No	Mm:Q6P9Q3;Rn:D3ZG35	Dr:A2BF92	-	-
Q9HCK0	Q9BSF8	57684	84280	ZBTB26	BTBD10	chromatin immunoprecipitation assay	27924024	Homo sapiens	GTRD	No	Mm:Q6P9Q3;Rn:D3ZG35	Dr:A2BF92	Dr:A4IG48;Dr:X1WDG9;Mm:Q80X66	Rn:A0A0G2JZA0
Q9HCK0	Q9NZV6	57684	51734	ZBTB26	MSRB1	chromatin immunoprecipitation assay	27924024	Homo sapiens	GTRD	No	Mm:Q6P9Q3;Rn:D3ZG35	Dr:A2BF92	Dr:Q802G6;Mm:Q9JLC3;Rn:A0A0G2K906	-
Q9HCK0	Q9Y478	57684	5564	ZBTB26	PRKAB1	chromatin immunoprecipitation assay	27924024	Homo sapiens	GTRD	No	Mm:Q6P9Q3;Rn:D3ZG35	Dr:A2BF92	Dr:Q6DHM2;Mm:Q9R078;Rn:P80386	-
Q9HCK0	O15370	57684	6666	ZBTB26	SOX12	chromatin immunoprecipitation assay	27924024	Homo sapiens	GTRD	No	Mm:Q6P9Q3;Rn:D3ZG35	Dr:A2BF92	Mm:Q04890;Rn:D3ZZ13	-
Q9HCK0	Q9UNQ2	57684	27292	ZBTB26	DIMT1	chromatin immunoprecipitation assay	27924024	Homo sapiens	GTRD	No	Mm:Q6P9Q3;Rn:D3ZG35	Dr:A2BF92	Ce:Q09522;Dm:Q9VAQ5;Mm:Q9D0D4;Rn:G3V7R8;Sc:P41819	Dr:B0S688
Q9HCK0	Q9NVD7	57684	55742	ZBTB26	PARVA	chromatin immunoprecipitation assay	27924024	Homo sapiens	GTRD	No	Mm:Q6P9Q3;Rn:D3ZG35	Dr:A2BF92	Mm:Q9EPC1;Rn:G3V818	Dr:Q6DRM4;Dr:A4IG46
Q9HCK0	Q9NPC2	57684	51305	ZBTB26	KCNK9	chromatin immunoprecipitation assay	27924024	Homo sapiens	GTRD	No	Mm:Q6P9Q3;Rn:D3ZG35	Dr:A2BF92	Ce:O17185;Dm:Q9VHE0;Mm:Q3LS21	Dm:A0A0B4KFZ5;Dr:A0A0R4ISF0;Rn:Q9ES08
Q9HCK0	Q9BZJ6	57684	81491	ZBTB26	GPR63	chromatin immunoprecipitation assay	27924024	Homo sapiens	GTRD	No	Mm:Q6P9Q3;Rn:D3ZG35	Dr:A2BF92	Dr:E7FF58;Mm:Q9EQQ3	Rn:D3ZNT8
Q9HCK0	P42025	57684	10120	ZBTB26	ACTR1B	chromatin immunoprecipitation assay	27924024	Homo sapiens	GTRD	No	Mm:Q6P9Q3;Rn:D3ZG35	Dr:A2BF92	Dr:Q7ZUZ2;Mm:Q8R5C5;Rn:B2RYJ7	-
Q9HCK0	Q6UWZ7	57684	84142	ZBTB26	ABRAXAS1	chromatin immunoprecipitation assay	27924024	Homo sapiens	GTRD	No	Mm:Q6P9Q3;Rn:D3ZG35	Dr:A2BF92	Dr:Q1LVP6;Mm:Q8BPZ8;Rn:G3V696	-
Q9HCK0	Q9P258	57684	55920	ZBTB26	RCC2	chromatin immunoprecipitation assay	27924024	Homo sapiens	GTRD	No	Mm:Q6P9Q3;Rn:D3ZG35	Dr:A2BF92	Dm:Q9VMI5;Dr:Q6NYE2;Mm:Q8BK67	Rn:F1LVV4
Q9HCK0	Q9Y5Z0	57684	25825	ZBTB26	BACE2	chromatin immunoprecipitation assay	27924024	Homo sapiens	GTRD	No	Mm:Q6P9Q3;Rn:D3ZG35	Dr:A2BF92	Mm:A0A0R4J0I8;Rn:Q6IE75	Dr:X1WCB9
Q9HCK0	A0A0U1RQV1	57684	-	ZBTB26	ERVK3-1	chromatin immunoprecipitation assay	27924024	Homo sapiens	GTRD	No	Mm:Q6P9Q3;Rn:D3ZG35	Dr:A2BF92	-	-
Q9HCK0	Q9NR28	57684	56616	ZBTB26	DIABLO	chromatin immunoprecipitation assay	27924024	Homo sapiens	GTRD	No	Mm:Q6P9Q3;Rn:D3ZG35	Dr:A2BF92	Dr:A0A0R4IUC3;Mm:Q9JIQ3;Rn:Q5RK17;Rn:D4A7Z5	Dr:B8JI27
Q9HCK0	P05166	57684	5096	ZBTB26	PCCB	chromatin immunoprecipitation assay	27924024	Homo sapiens	GTRD	No	Mm:Q6P9Q3;Rn:D3ZG35	Dr:A2BF92	Ce:Q20676;Dr:B0V0X1;Mm:Q99MN9;Rn:Q68FZ8	-
Q9HCK0	Q9HAU4	57684	64750	ZBTB26	SMURF2	chromatin immunoprecipitation assay	27924024	Homo sapiens	GTRD	No	Mm:Q6P9Q3;Rn:D3ZG35	Dr:A2BF92	Dr:A9JRZ0;Mm:A2A5Z6;Rn:F1M3F2	-
Q9HCK0	Q9BV87	57684	27013	ZBTB26	CNPPD1	chromatin immunoprecipitation assay	27924024	Homo sapiens	GTRD	No	Mm:Q6P9Q3;Rn:D3ZG35	Dr:A2BF92	Mm:Q8K158;Rn:Q6P7B2	-
Q9HCK0	Q71RC2	57684	113251	ZBTB26	LARP4	chromatin immunoprecipitation assay	27924024	Homo sapiens	GTRD	No	Mm:Q6P9Q3;Rn:D3ZG35	Dr:A2BF92	Mm:G3X9Q6	Dr:X1WDN3
Q9HCK0	Q6P1K8	57684	728340;730394	ZBTB26	GTF2H2C;GTF2H2C_2	chromatin immunoprecipitation assay	27924024	Homo sapiens	GTRD	No	Mm:Q6P9Q3;Rn:D3ZG35	Dr:A2BF92	-	-
Q9HCK0	Q96L92	57684	81609	ZBTB26	SNX27	chromatin immunoprecipitation assay	27924024	Homo sapiens	GTRD	No	Mm:Q6P9Q3;Rn:D3ZG35	Dr:A2BF92	Ce:Q93566;Dr:Q6P3G2;Mm:Q3UHD6;Rn:M0RBS9	Dm:X2JIH1
Q9HCK0	P51798	57684	1186	ZBTB26	CLCN7	chromatin immunoprecipitation assay	27924024	Homo sapiens	GTRD	No	Mm:Q6P9Q3;Rn:D3ZG35	Dr:A2BF92	Ce:G5EC75;Dm:Q7JZ25;Rn:P51799	Mm:F6SUM2
Q9HCK0	Q5T4S7	57684	23352	ZBTB26	UBR4	chromatin immunoprecipitation assay	27924024	Homo sapiens	GTRD	No	Mm:Q6P9Q3;Rn:D3ZG35	Dr:A2BF92	Dm:Q9VLT5;Mm:A2AN08;Rn:F1LQI5	Dr:F1R984
Q9HCK0	Q7LGA3	57684	9653	ZBTB26	HS2ST1	chromatin immunoprecipitation assay	27924024	Homo sapiens	GTRD	No	Mm:Q6P9Q3;Rn:D3ZG35	Dr:A2BF92	Dm:P25722	-
Q9HCK0	Q96D53	57684	79934	ZBTB26	COQ8B	chromatin immunoprecipitation assay	27924024	Homo sapiens	GTRD	No	Mm:Q6P9Q3;Rn:D3ZG35	Dr:A2BF92	Dr:A3QJU3;Mm:E9QLB8;Rn:Q6AY19	-
Q9HCK0	Q9NX65	57684	54925	ZBTB26	ZSCAN32	chromatin immunoprecipitation assay	27924024	Homo sapiens	GTRD	No	Mm:Q6P9Q3;Rn:D3ZG35	Dr:A2BF92	-	-
Q9HCK0	Q9NR50	57684	8891	ZBTB26	EIF2B3	chromatin immunoprecipitation assay	27924024	Homo sapiens	GTRD	No	Mm:Q6P9Q3;Rn:D3ZG35	Dr:A2BF92	Ce:P80361;Dm:A1ZA22;Dr:Q7ZTY5;Mm:B1AUN2;Rn:P70541;Sc:P09032	-
Q9HCK0	P49638	57684	7274	ZBTB26	TTPA	chromatin immunoprecipitation assay	27924024	Homo sapiens	GTRD	No	Mm:Q6P9Q3;Rn:D3ZG35	Dr:A2BF92	Dr:B0S5J5;Mm:Q8BWP5;Rn:P41034	-
Q9HCK0	Q8TE49	57684	161725	ZBTB26	OTUD7A	chromatin immunoprecipitation assay	27924024	Homo sapiens	GTRD	No	Mm:Q6P9Q3;Rn:D3ZG35	Dr:A2BF92	Mm:Q8R554	Dr:X1WEZ5;Rn:D4ABZ4
Q9HCK0	P49023	57684	5829	ZBTB26	PXN	chromatin immunoprecipitation assay	27924024	Homo sapiens	GTRD	No	Mm:Q6P9Q3;Rn:D3ZG35	Dr:A2BF92	-	-
Q9HCK0	Q9ULQ0	57684	57464	ZBTB26	STRIP2	chromatin immunoprecipitation assay	27924024	Homo sapiens	GTRD	No	Mm:Q6P9Q3;Rn:D3ZG35	Dr:A2BF92	Mm:Q8C9H6;Rn:A0A0G2JT26	Dr:X1WE96
Q9HCK0	Q5VST6	57684	51104	ZBTB26	ABHD17B	chromatin immunoprecipitation assay	27924024	Homo sapiens	GTRD	No	Mm:Q6P9Q3;Rn:D3ZG35	Dr:A2BF92	Mm:Q7M759;Rn:Q6AY17	Dr:A3KPQ6
Q9HCK0	P34059	57684	2588	ZBTB26	GALNS	chromatin immunoprecipitation assay	27924024	Homo sapiens	GTRD	No	Mm:Q6P9Q3;Rn:D3ZG35	Dr:A2BF92	Mm:Q571E4;Rn:Q32KJ6	Dr:F8W261
Q9HCK0	P49761	57684	1198	ZBTB26	CLK3	chromatin immunoprecipitation assay	27924024	Homo sapiens	GTRD	No	Mm:Q6P9Q3;Rn:D3ZG35	Dr:A2BF92	-	-
Q9HCK0	Q6P1N0	57684	54862	ZBTB26	CC2D1A	chromatin immunoprecipitation assay	27924024	Homo sapiens	GTRD	No	Mm:Q6P9Q3;Rn:D3ZG35	Dr:A2BF92	Dr:E7FAN0;Mm:Q8K1A6;Rn:Q66HA5	-
Q9HCK0	A0A1B0GW94	57684	-	ZBTB26	-	chromatin immunoprecipitation assay	27924024	Homo sapiens	GTRD	No	Mm:Q6P9Q3;Rn:D3ZG35	Dr:A2BF92	-	-
Q9HCK0	Q8TF72	57684	57619	ZBTB26	SHROOM3	chromatin immunoprecipitation assay	27924024	Homo sapiens	GTRD	No	Mm:Q6P9Q3;Rn:D3ZG35	Dr:A2BF92	Mm:E9QMY5;Rn:F1LP26	Dr:A0A0R4IET4
Q9HCK0	Q96MH6	57684	137695	ZBTB26	TMEM68	chromatin immunoprecipitation assay	27924024	Homo sapiens	GTRD	No	Mm:Q6P9Q3;Rn:D3ZG35	Dr:A2BF92	Ce:H2KZW7;Dm:Q9VZ05;Mm:Q9D850;Rn:D3ZF19	-
Q9HCK0	A0A1B0GU92	57684	-	ZBTB26	-	chromatin immunoprecipitation assay	27924024	Homo sapiens	GTRD	No	Mm:Q6P9Q3;Rn:D3ZG35	Dr:A2BF92	-	-
Q9HCK0	Q9Y5I4	57684	56134	ZBTB26	PCDHAC2	chromatin immunoprecipitation assay	27924024	Homo sapiens	GTRD	No	Mm:Q6P9Q3;Rn:D3ZG35	Dr:A2BF92	Mm:Q91Y09	Dr:A0A0R4IMS0
Q9HCK0	Q96IV6	57684	10826	ZBTB26	FAXDC2	chromatin immunoprecipitation assay	27924024	Homo sapiens	GTRD	No	Mm:Q6P9Q3;Rn:D3ZG35	Dr:A2BF92	Ce:Q20611;Dr:Q803P4;Rn:F1M8Z0	Dm:E1JJN0;Mm:A0A1W2P8B8
Q9HCK0	Q9NW64	57684	55696	ZBTB26	RBM22	chromatin immunoprecipitation assay	27924024	Homo sapiens	GTRD	No	Mm:Q6P9Q3;Rn:D3ZG35	Dr:A2BF92	Ce:Q22412;Dm:Q95RB1;Dr:Q6NZZ9;Mm:Q8BHS3;Rn:Q4V7D7	-
Q9HCK0	A8K830	57684	120376	ZBTB26	COLCA2	chromatin immunoprecipitation assay	27924024	Homo sapiens	GTRD	No	Mm:Q6P9Q3;Rn:D3ZG35	Dr:A2BF92	Dr:X1WEY2;Mm:F8VPY8;Rn:D4A677	-
Q9HCK0	Q4KMP7	57684	26000	ZBTB26	TBC1D10B	chromatin immunoprecipitation assay	27924024	Homo sapiens	GTRD	No	Mm:Q6P9Q3;Rn:D3ZG35	Dr:A2BF92	Mm:Q8BHL3;Rn:D3ZSY8	-
Q9HCK0	O14802	57684	11128	ZBTB26	POLR3A	chromatin immunoprecipitation assay	27924024	Homo sapiens	GTRD	No	Mm:Q6P9Q3;Rn:D3ZG35	Dr:A2BF92	Ce:Q18566;Dm:A8JUY3;Mm:B2RXC6;Rn:E9PTB6;Sc:P04051	Dr:A0A0R4IV41
Q9HCK0	Q9H714	57684	80183	ZBTB26	RUBCNL	chromatin immunoprecipitation assay	27924024	Homo sapiens	GTRD	No	Mm:Q6P9Q3;Rn:D3ZG35	Dr:A2BF92	Mm:F8WGX2;Rn:D4A680	-
Q9HCK0	P54756	57684	2044	ZBTB26	EPHA5	chromatin immunoprecipitation assay	27924024	Homo sapiens	GTRD	No	Mm:Q6P9Q3;Rn:D3ZG35	Dr:A2BF92	Rn:F1M7W0	Mm:E9PUQ0
Q9HCK0	Q9UK10	57684	7768	ZBTB26	ZNF225	chromatin immunoprecipitation assay	27924024	Homo sapiens	GTRD	No	Mm:Q6P9Q3;Rn:D3ZG35	Dr:A2BF92	-	-
Q9HCK0	Q9NSD4	57684	-	ZBTB26	ZNF275	chromatin immunoprecipitation assay	27924024	Homo sapiens	GTRD	No	Mm:Q6P9Q3;Rn:D3ZG35	Dr:A2BF92	Rn:D3ZRH5	-
Q9HCK0	P52736	57684	7692	ZBTB26	ZNF133	chromatin immunoprecipitation assay	27924024	Homo sapiens	GTRD	No	Mm:Q6P9Q3;Rn:D3ZG35	Dr:A2BF92	Rn:F7FQD8	-
Q9HCK0	Q8IWY9	57684	146059	ZBTB26	CDAN1	chromatin immunoprecipitation assay	27924024	Homo sapiens	GTRD	No	Mm:Q6P9Q3;Rn:D3ZG35	Dr:A2BF92	Dr:F8W3W0;Mm:Q8CC12;Rn:D4A1U4	-
Q9HCK0	Q17RG1	57684	146212	ZBTB26	KCTD19	chromatin immunoprecipitation assay	27924024	Homo sapiens	GTRD	No	Mm:Q6P9Q3;Rn:D3ZG35	Dr:A2BF92	Mm:Q562E2;Rn:F1LYX1	-
Q9HCK0	P0C0S8	57684	8329;8330;8332;8336;8969	ZBTB26	H2AC11;H2AC13;H2AC15;H2AC16;H2AC17	chromatin immunoprecipitation assay	27924024	Homo sapiens	GTRD	No	Mm:Q6P9Q3;Rn:D3ZG35	Dr:A2BF92	-	-
Q9HCK0	Q8TEW0	57684	56288	ZBTB26	PARD3	chromatin immunoprecipitation assay	27924024	Homo sapiens	GTRD	No	Mm:Q6P9Q3;Rn:D3ZG35	Dr:A2BF92	Dm:Q0KHR3;Rn:Q9Z340	Dr:A2BEM5;Mm:G3XA13
Q9HCK0	Q9HD67	57684	4651	ZBTB26	MYO10	chromatin immunoprecipitation assay	27924024	Homo sapiens	GTRD	No	Mm:Q6P9Q3;Rn:D3ZG35	Dr:A2BF92	Dr:B0S541;Mm:F8VQB6;Rn:D3ZJP6	-
Q9HCK0	P35221	57684	1495	ZBTB26	CTNNA1	chromatin immunoprecipitation assay	27924024	Homo sapiens	GTRD	No	Mm:Q6P9Q3;Rn:D3ZG35	Dr:A2BF92	Dr:Q9PVF8;Mm:P26231	Rn:Q5U302
Q9HCK0	Q96HV5	57684	90407	ZBTB26	TMEM41A	chromatin immunoprecipitation assay	27924024	Homo sapiens	GTRD	No	Mm:Q6P9Q3;Rn:D3ZG35	Dr:A2BF92	Ce:Q9XXB4;Ce:Q22316;Dr:Q502G2;Mm:Q9D8U2;Rn:M0R9Y7	Dr:Q6NV38
Q9HCK0	Q9NVV2	57684	55150	ZBTB26	C19orf73	chromatin immunoprecipitation assay	27924024	Homo sapiens	GTRD	No	Mm:Q6P9Q3;Rn:D3ZG35	Dr:A2BF92	-	-
Q9HCK0	Q9Y689	57684	26225	ZBTB26	ARL5A	chromatin immunoprecipitation assay	27924024	Homo sapiens	GTRD	No	Mm:Q6P9Q3;Rn:D3ZG35	Dr:A2BF92	Mm:Q80ZU0;Rn:P51646	Dr:Q6DHP0
Q9HCK0	Q9Y6X8	57684	22882	ZBTB26	ZHX2	chromatin immunoprecipitation assay	27924024	Homo sapiens	GTRD	No	Mm:Q6P9Q3;Rn:D3ZG35	Dr:A2BF92	Dr:F1Q9L7;Mm:Q8C0C0	Rn:Q80VX4
Q9HCK0	P30041	57684	9588	ZBTB26	PRDX6	chromatin immunoprecipitation assay	27924024	Homo sapiens	GTRD	No	Mm:Q6P9Q3;Rn:D3ZG35	Dr:A2BF92	Ce:Q8MXT1;Dm:Q9VQI7;Mm:Q6GT24;Rn:O35244;Sc:P34227	Dr:A0A2R8QA71
Q9HCK0	Q8TCT6	57684	121665	ZBTB26	SPPL3	chromatin immunoprecipitation assay	27924024	Homo sapiens	GTRD	No	Mm:Q6P9Q3;Rn:D3ZG35	Dr:A2BF92	Mm:Q9CUS9;Rn:D3ZY49	Dm:Q9VBL1;Dr:Q5BP97
Q9HCK0	Q6ZUX3	57684	165186	ZBTB26	TOGARAM2	chromatin immunoprecipitation assay	27924024	Homo sapiens	GTRD	No	Mm:Q6P9Q3;Rn:D3ZG35	Dr:A2BF92	Mm:Q3TYG6;Rn:D4A1L0	-
Q9HCK0	Q9UPR3	57684	23381	ZBTB26	SMG5	chromatin immunoprecipitation assay	27924024	Homo sapiens	GTRD	No	Mm:Q6P9Q3;Rn:D3ZG35	Dr:A2BF92	Dm:Q9V414;Dr:F1R7R1;Mm:Q6ZPY2;Rn:E9PU03	-
Q9HCK0	Q6P9A3	57684	256051	ZBTB26	ZNF549	chromatin immunoprecipitation assay	27924024	Homo sapiens	GTRD	No	Mm:Q6P9Q3;Rn:D3ZG35	Dr:A2BF92	-	-
Q9HCK0	Q9NXE8	57684	54883	ZBTB26	CWC25	chromatin immunoprecipitation assay	27924024	Homo sapiens	GTRD	No	Mm:Q6P9Q3;Rn:D3ZG35	Dr:A2BF92	Dm:Q9VQF5;Dr:Q7ZVW8;Mm:Q9DBF7;Rn:G3V6I3	-
Q9HCK0	Q5HYJ3	57684	143684	ZBTB26	FAM76B	chromatin immunoprecipitation assay	27924024	Homo sapiens	GTRD	No	Mm:Q6P9Q3;Rn:D3ZG35	Dr:A2BF92	Dr:Q6PBM7;Mm:Q80XP8;Rn:D3Z8B9	-
Q9HCK0	Q9Y2F9	57684	22903	ZBTB26	BTBD3	chromatin immunoprecipitation assay	27924024	Homo sapiens	GTRD	No	Mm:Q6P9Q3;Rn:D3ZG35	Dr:A2BF92	Rn:D3ZJC0	Dm:Q9VEL0
Q9HCK0	P17181	57684	3454	ZBTB26	IFNAR1	chromatin immunoprecipitation assay	27924024	Homo sapiens	GTRD	No	Mm:Q6P9Q3;Rn:D3ZG35	Dr:A2BF92	Mm:P33896;Rn:D3ZDS9	-
Q9HCK0	A6NDU8	57684	285636	ZBTB26	C5orf51	chromatin immunoprecipitation assay	27924024	Homo sapiens	GTRD	No	Mm:Q6P9Q3;Rn:D3ZG35	Dr:A2BF92	Dr:A8Y5U1;Mm:Q8BR90;Rn:A0A0G2JVL5	-
Q9HCK0	Q7Z769	57684	55508	ZBTB26	SLC35E3	chromatin immunoprecipitation assay	27924024	Homo sapiens	GTRD	No	Mm:Q6P9Q3;Rn:D3ZG35	Dr:A2BF92	Dr:Q5VSE1;Mm:Q6PGC7;Rn:B2GUZ8	-
Q9HCK0	O95873	57684	57827	ZBTB26	C6orf47	chromatin immunoprecipitation assay	27924024	Homo sapiens	GTRD	No	Mm:Q6P9Q3;Rn:D3ZG35	Dr:A2BF92	Mm:Q9Z1R4;Rn:Q6MG51	-
Q9HCK0	Q9BRX2	57684	53918	ZBTB26	PELO	chromatin immunoprecipitation assay	27924024	Homo sapiens	GTRD	No	Mm:Q6P9Q3;Rn:D3ZG35	Dr:A2BF92	Ce:P50444;Dm:P48612;Dr:Q7ZWC4;Mm:Q80X73;Rn:Q5XIP1;Sc:P33309	-
Q9HCK0	O15357	57684	3636	ZBTB26	INPPL1	chromatin immunoprecipitation assay	27924024	Homo sapiens	GTRD	No	Mm:Q6P9Q3;Rn:D3ZG35	Dr:A2BF92	Mm:Q6P549;Rn:V9GZ88	-
Q9HCK0	Q6ZMT4	57684	80853	ZBTB26	KDM7A	chromatin immunoprecipitation assay	27924024	Homo sapiens	GTRD	No	Mm:Q6P9Q3;Rn:D3ZG35	Dr:A2BF92	Dr:Q5RHD1;Mm:Q3UWM4	Rn:A0A0G2K1Z1
Q9HCK0	Q8N5I2	57684	92714	ZBTB26	ARRDC1	chromatin immunoprecipitation assay	27924024	Homo sapiens	GTRD	No	Mm:Q6P9Q3;Rn:D3ZG35	Dr:A2BF92	Dm:Q9VHZ9;Dm:Q9VGU7;Mm:Q99KN1;Rn:B0BNL6	-
Q9HCK0	Q8N1W2	57684	374655	ZBTB26	ZNF710	chromatin immunoprecipitation assay	27924024	Homo sapiens	GTRD	No	Mm:Q6P9Q3;Rn:D3ZG35	Dr:A2BF92	Dm:Q9VS55;Mm:Q3U288;Rn:D4A0K8	-
Q9HCK0	Q03060	57684	1390	ZBTB26	CREM	chromatin immunoprecipitation assay	27924024	Homo sapiens	GTRD	No	Mm:Q6P9Q3;Rn:D3ZG35	Dr:A2BF92	Rn:Q03061	Mm:D3Z7M6
Q9HCK0	Q8N3F8	57684	85377	ZBTB26	MICALL1	chromatin immunoprecipitation assay	27924024	Homo sapiens	GTRD	No	Mm:Q6P9Q3;Rn:D3ZG35	Dr:A2BF92	Mm:Q8BGT6;Rn:D3ZQL6	Dr:E7FA45
Q9HCK0	Q969Q0	57684	6166	ZBTB26	RPL36AL	chromatin immunoprecipitation assay	27924024	Homo sapiens	GTRD	No	Mm:Q6P9Q3;Rn:D3ZG35	Dr:A2BF92	-	-
Q9HCK0	O95772	57684	83930	ZBTB26	STARD3NL	chromatin immunoprecipitation assay	27924024	Homo sapiens	GTRD	No	Mm:Q6P9Q3;Rn:D3ZG35	Dr:A2BF92	Dr:F1RE09;Mm:Q9DCI3;Rn:Q5U205	-
Q9HCK0	P29275	57684	136	ZBTB26	ADORA2B	chromatin immunoprecipitation assay	27924024	Homo sapiens	GTRD	No	Mm:Q6P9Q3;Rn:D3ZG35	Dr:A2BF92	Dr:Q29ST4;Mm:Q60614;Rn:B1WBR3	-
Q9HCK0	Q9Y2I1	57684	11188	ZBTB26	NISCH	chromatin immunoprecipitation assay	27924024	Homo sapiens	GTRD	No	Mm:Q6P9Q3;Rn:D3ZG35	Dr:A2BF92	Dr:F1QM84;Mm:Q80TM9;Rn:Q4G017	-
Q9HCK0	Q6ZWJ1	57684	252983	ZBTB26	STXBP4	chromatin immunoprecipitation assay	27924024	Homo sapiens	GTRD	No	Mm:Q6P9Q3;Rn:D3ZG35	Dr:A2BF92	Dr:U3JAI8;Mm:Q9WV89;Rn:A0A0G2JXI5	-
Q9HCK0	Q9NZW5	57684	51678	ZBTB26	MPP6	chromatin immunoprecipitation assay	27924024	Homo sapiens	GTRD	No	Mm:Q6P9Q3;Rn:D3ZG35	Dr:A2BF92	Dr:F1QKE3;Mm:Q9JLB0	Rn:A0A0G2K4N7
Q9HCK0	Q9Y487	57684	23545	ZBTB26	ATP6V0A2	chromatin immunoprecipitation assay	27924024	Homo sapiens	GTRD	No	Mm:Q6P9Q3;Rn:D3ZG35	Dr:A2BF92	Dr:E7F7W2;Mm:P15920	Rn:Q2I6B1
Q9HCK0	Q96HE9	57684	55771	ZBTB26	PRR11	chromatin immunoprecipitation assay	27924024	Homo sapiens	GTRD	No	Mm:Q6P9Q3;Rn:D3ZG35	Dr:A2BF92	Mm:Q8BHE0;Rn:D4ADC1	-
Q9HCK0	M0QXF5	57684	-	ZBTB26	-	chromatin immunoprecipitation assay	27924024	Homo sapiens	GTRD	No	Mm:Q6P9Q3;Rn:D3ZG35	Dr:A2BF92	-	-
Q9HCK0	Q6ZS82	57684	388531	ZBTB26	RGS9BP	chromatin immunoprecipitation assay	27924024	Homo sapiens	GTRD	No	Mm:Q6P9Q3;Rn:D3ZG35	Dr:A2BF92	Mm:Q148R9;Rn:D3ZC97	-
Q9HCK0	Q8WUJ0	57684	6815	ZBTB26	STYX	chromatin immunoprecipitation assay	27924024	Homo sapiens	GTRD	No	Mm:Q6P9Q3;Rn:D3ZG35	Dr:A2BF92	Dr:F1RCJ1;Mm:Q60969;Rn:D3ZH31	-
Q9HCK0	P07195	57684	3945	ZBTB26	LDHB	chromatin immunoprecipitation assay	27924024	Homo sapiens	GTRD	No	Mm:Q6P9Q3;Rn:D3ZG35	Dr:A2BF92	-	-
Q9HCK0	Q9NRS6	57684	29907	ZBTB26	SNX15	chromatin immunoprecipitation assay	27924024	Homo sapiens	GTRD	No	Mm:Q6P9Q3;Rn:D3ZG35	Dr:A2BF92	Mm:Q91WE1;Rn:Q4V896	Dr:F1QIB4
Q9HCK0	Q9HA64	57684	79672	ZBTB26	FN3KRP	chromatin immunoprecipitation assay	27924024	Homo sapiens	GTRD	No	Mm:Q6P9Q3;Rn:D3ZG35	Dr:A2BF92	Mm:Q8K274;Rn:B2RYN1	Dr:A8KBX3
Q9HCK0	Q6PJG9	57684	78999	ZBTB26	LRFN4	chromatin immunoprecipitation assay	27924024	Homo sapiens	GTRD	No	Mm:Q6P9Q3;Rn:D3ZG35	Dr:A2BF92	Mm:Q80XU8;Rn:D4ABX8	-
Q9HCK0	Q149N8	57684	257218	ZBTB26	SHPRH	chromatin immunoprecipitation assay	27924024	Homo sapiens	GTRD	No	Mm:Q6P9Q3;Rn:D3ZG35	Dr:A2BF92	-	-
Q9HCK0	O95671	57684	8623	ZBTB26	ASMTL	chromatin immunoprecipitation assay	27924024	Homo sapiens	GTRD	No	Mm:Q6P9Q3;Rn:D3ZG35	Dr:A2BF92	-	Dr:B0S731
Q9HCK0	P01135	57684	7039	ZBTB26	TGFA	chromatin immunoprecipitation assay	27924024	Homo sapiens	GTRD	No	Mm:Q6P9Q3;Rn:D3ZG35	Dr:A2BF92	Mm:P48030;Rn:P01134	Dr:I3ISP4
Q9HCK0	Q15154	57684	5108	ZBTB26	PCM1	chromatin immunoprecipitation assay	27924024	Homo sapiens	GTRD	No	Mm:Q6P9Q3;Rn:D3ZG35	Dr:A2BF92	-	-
Q9HCK0	O15155	57684	10282	ZBTB26	BET1	chromatin immunoprecipitation assay	27924024	Homo sapiens	GTRD	No	Mm:Q6P9Q3;Rn:D3ZG35	Dr:A2BF92	Ce:G5EEU1;Dm:Q9VVX6;Dr:Q6IQT6;Mm:O35623;Rn:Q62896	-
Q9HCK0	P52209	57684	5226	ZBTB26	PGD	chromatin immunoprecipitation assay	27924024	Homo sapiens	GTRD	No	Mm:Q6P9Q3;Rn:D3ZG35	Dr:A2BF92	Ce:Q17761;Dr:F1Q883;Mm:Q9DCD0;Sc:P53319;Sc:P38720	Dm:M9PIS3
Q9HCK0	P42772	57684	1030	ZBTB26	CDKN2B	chromatin immunoprecipitation assay	27924024	Homo sapiens	GTRD	No	Mm:Q6P9Q3;Rn:D3ZG35	Dr:A2BF92	-	-
Q9HCK0	Q9HCE9	57684	57719	ZBTB26	ANO8	chromatin immunoprecipitation assay	27924024	Homo sapiens	GTRD	No	Mm:Q6P9Q3;Rn:D3ZG35	Dr:A2BF92	Ce:H2L2L3;Mm:Q6PB70;Rn:A0A0G2K5K1	Dr:E7F191
Q9HCK0	Q96K78	57684	84873	ZBTB26	ADGRG7	chromatin immunoprecipitation assay	27924024	Homo sapiens	GTRD	No	Mm:Q6P9Q3;Rn:D3ZG35	Dr:A2BF92	Dm:Q8SZ78;Mm:Q8BM96	Rn:D4AAI8
Q9HCK0	Q96EV2	57684	155435	ZBTB26	RBM33	chromatin immunoprecipitation assay	27924024	Homo sapiens	GTRD	No	Mm:Q6P9Q3;Rn:D3ZG35	Dr:A2BF92	Ce:Q95QA6;Dm:Q9VZ60;Dr:F1QAC0;Mm:Q9CXK9	Rn:D3ZTA8
Q9HCK0	Q9UQD0	57684	6334	ZBTB26	SCN8A	chromatin immunoprecipitation assay	27924024	Homo sapiens	GTRD	No	Mm:Q6P9Q3;Rn:D3ZG35	Dr:A2BF92	Dr:F1RE76	Dr:Q9DF53;Mm:F7D6K4;Rn:A0A0G2KB93
Q9HCK0	P21709	57684	2041	ZBTB26	EPHA1	chromatin immunoprecipitation assay	27924024	Homo sapiens	GTRD	No	Mm:Q6P9Q3;Rn:D3ZG35	Dr:A2BF92	Mm:Q60750;Rn:D3ZDH4	-
Q9HCK0	Q10589	57684	684	ZBTB26	BST2	chromatin immunoprecipitation assay	27924024	Homo sapiens	GTRD	No	Mm:Q6P9Q3;Rn:D3ZG35	Dr:A2BF92	Mm:Q8R2Q8	-
Q9HCK0	P49748	57684	37	ZBTB26	ACADVL	chromatin immunoprecipitation assay	27924024	Homo sapiens	GTRD	No	Mm:Q6P9Q3;Rn:D3ZG35	Dr:A2BF92	Ce:Q19057;Dm:A1ZBJ2;Dr:F1Q8J4;Mm:P50544;Rn:Q5M9H2	-
Q9HCK0	Q4VC05	57684	605	ZBTB26	BCL7A	chromatin immunoprecipitation assay	27924024	Homo sapiens	GTRD	No	Mm:Q6P9Q3;Rn:D3ZG35	Dr:A2BF92	Mm:Q9CXE2;Rn:A0A0G2K1R2	Dr:A3QK39
Q9HCK0	O95447	57684	150082	ZBTB26	LCA5L	chromatin immunoprecipitation assay	27924024	Homo sapiens	GTRD	No	Mm:Q6P9Q3;Rn:D3ZG35	Dr:A2BF92	-	Mm:A0A5H1ZRK7;Rn:A0A140UHY0
Q9HCK0	Q9UM21	57684	11320	ZBTB26	MGAT4A	chromatin immunoprecipitation assay	27924024	Homo sapiens	GTRD	No	Mm:Q6P9Q3;Rn:D3ZG35	Dr:A2BF92	Mm:Q812G0;Rn:F1LMP1	-
Q9HCK0	Q53FT3	57684	51501	ZBTB26	HIKESHI	chromatin immunoprecipitation assay	27924024	Homo sapiens	GTRD	No	Mm:Q6P9Q3;Rn:D3ZG35	Dr:A2BF92	Ce:K8ERU5;Dm:Q9W0C7;Dr:Q568T4;Mm:Q9DD02	Rn:A0A0G2K3R7
Q9HCK0	M0QYU9	57684	-	ZBTB26	-	chromatin immunoprecipitation assay	27924024	Homo sapiens	GTRD	No	Mm:Q6P9Q3;Rn:D3ZG35	Dr:A2BF92	-	-
Q9HCK0	Q01453	57684	5376	ZBTB26	PMP22	chromatin immunoprecipitation assay	27924024	Homo sapiens	GTRD	No	Mm:Q6P9Q3;Rn:D3ZG35	Dr:A2BF92	Dr:Q1RLQ8;Mm:Q5SXS3;Rn:P25094	-
Q9HCK0	O60907	57684	6907	ZBTB26	TBL1X	chromatin immunoprecipitation assay	27924024	Homo sapiens	GTRD	No	Mm:Q6P9Q3;Rn:D3ZG35	Dr:A2BF92	Dr:A2RUX0;Mm:Q9QXE7;Rn:G3V6G5	-
Q9HCK0	Q5T447	57684	79654	ZBTB26	HECTD3	chromatin immunoprecipitation assay	27924024	Homo sapiens	GTRD	No	Mm:Q6P9Q3;Rn:D3ZG35	Dr:A2BF92	Mm:Q3U487;Rn:F1LVZ9	Dr:F1Q5V5
Q9HCK0	Q5T4T6	57684	221711	ZBTB26	SYCP2L	chromatin immunoprecipitation assay	27924024	Homo sapiens	GTRD	No	Mm:Q6P9Q3;Rn:D3ZG35	Dr:A2BF92	Mm:A0A0M3U1B0	Rn:F1M2G0
Q9HCK0	Q53HC9	57684	7260	ZBTB26	EIPR1	chromatin immunoprecipitation assay	27924024	Homo sapiens	GTRD	No	Mm:Q6P9Q3;Rn:D3ZG35	Dr:A2BF92	Dm:Q9VTY5;Dr:F1R8B7;Mm:Q8K0G5;Rn:F1LNX7	Ce:Q9U1Q0
Q9HCK0	Q96NI6	57684	145581	ZBTB26	LRFN5	chromatin immunoprecipitation assay	27924024	Homo sapiens	GTRD	No	Mm:Q6P9Q3;Rn:D3ZG35	Dr:A2BF92	Mm:Q8BXA0	Dr:F1Q9H7;Rn:A0A0G2K532
Q9HCK0	P01034	57684	1471	ZBTB26	CST3	chromatin immunoprecipitation assay	27924024	Homo sapiens	GTRD	No	Mm:Q6P9Q3;Rn:D3ZG35	Dr:A2BF92	Mm:P21460;Rn:P14841	-
Q9HCK0	O15054	57684	23135	ZBTB26	KDM6B	chromatin immunoprecipitation assay	27924024	Homo sapiens	GTRD	No	Mm:Q6P9Q3;Rn:D3ZG35	Dr:A2BF92	Mm:Q5NCY0	Rn:G3V9U4
Q9HCK0	Q15053	57684	9674	ZBTB26	KIAA0040	chromatin immunoprecipitation assay	27924024	Homo sapiens	GTRD	No	Mm:Q6P9Q3;Rn:D3ZG35	Dr:A2BF92	Mm:E9Q2T4	-
Q9HCK0	Q2KHT3	57684	23274	ZBTB26	CLEC16A	chromatin immunoprecipitation assay	27924024	Homo sapiens	GTRD	No	Mm:Q6P9Q3;Rn:D3ZG35	Dr:A2BF92	Ce:P46578;Dm:Q9VEV4;Dr:X1WGI7;Mm:Q80U30;Rn:A0A0G2KA14	-
Q9HCK0	Q13033	57684	29966	ZBTB26	STRN3	chromatin immunoprecipitation assay	27924024	Homo sapiens	GTRD	No	Mm:Q6P9Q3;Rn:D3ZG35	Dr:A2BF92	Dr:F1R1W1;Mm:Q9ERG2;Rn:P58405	-
Q9HCK0	O75387	57684	8501	ZBTB26	SLC43A1	chromatin immunoprecipitation assay	27924024	Homo sapiens	GTRD	No	Mm:Q6P9Q3;Rn:D3ZG35	Dr:A2BF92	Dr:F2Z4V7;Mm:Q8BSM7;Rn:F7FL53	Dr:B8A5B4
Q9HCK0	Q9NX74	57684	54920	ZBTB26	DUS2	chromatin immunoprecipitation assay	27924024	Homo sapiens	GTRD	No	Mm:Q6P9Q3;Rn:D3ZG35	Dr:A2BF92	Ce:Q9XWJ9;Dm:Q9VY45;Dr:E7F220;Mm:Q9D7B1;Rn:B0BN89	-
Q9HCK0	Q8TE58	57684	170689	ZBTB26	ADAMTS15	chromatin immunoprecipitation assay	27924024	Homo sapiens	GTRD	No	Mm:Q6P9Q3;Rn:D3ZG35	Dr:A2BF92	Mm:P59384;Rn:D3ZXM1	Dr:X1WDJ8
Q9HCK0	Q6KC79	57684	25836	ZBTB26	NIPBL	chromatin immunoprecipitation assay	27924024	Homo sapiens	GTRD	No	Mm:Q6P9Q3;Rn:D3ZG35	Dr:A2BF92	Dr:F1QBY1;Mm:Q6KCD5;Rn:A0A0G2K0J4	-
Q9HCK0	P08133	57684	309	ZBTB26	ANXA6	chromatin immunoprecipitation assay	27924024	Homo sapiens	GTRD	No	Mm:Q6P9Q3;Rn:D3ZG35	Dr:A2BF92	Mm:P14824;Rn:Q6IMZ3	Dr:F8W331
Q9HCK0	Q92185	57684	6489	ZBTB26	ST8SIA1	chromatin immunoprecipitation assay	27924024	Homo sapiens	GTRD	No	Mm:Q6P9Q3;Rn:D3ZG35	Dr:A2BF92	Dr:Q6KC13;Mm:Q64687;Rn:G3V7T2	-
Q9HCK0	P49770	57684	8892	ZBTB26	EIF2B2	chromatin immunoprecipitation assay	27924024	Homo sapiens	GTRD	No	Mm:Q6P9Q3;Rn:D3ZG35	Dr:A2BF92	Ce:Q9XWD5;Dm:O76863;Mm:Q99LD9;Sc:P32502	Dr:Q6NXC7;Rn:F7EVX2
Q9HCK0	Q9NVT9	57684	55156	ZBTB26	ARMC1	chromatin immunoprecipitation assay	27924024	Homo sapiens	GTRD	No	Mm:Q6P9Q3;Rn:D3ZG35	Dr:A2BF92	Mm:Q9D7A8;Rn:B0BN83	Dr:Q5PR58
Q9HCK0	A0A087WUV0	57684	-	ZBTB26	-	chromatin immunoprecipitation assay	27924024	Homo sapiens	GTRD	No	Mm:Q6P9Q3;Rn:D3ZG35	Dr:A2BF92	-	-
Q9HCK0	U3KQU4	57684	-	ZBTB26	-	chromatin immunoprecipitation assay	27924024	Homo sapiens	GTRD	No	Mm:Q6P9Q3;Rn:D3ZG35	Dr:A2BF92	-	-
Q9HCK0	P20591	57684	4599	ZBTB26	MX1	chromatin immunoprecipitation assay	27924024	Homo sapiens	GTRD	No	Mm:Q6P9Q3;Rn:D3ZG35	Dr:A2BF92	Dr:B8JKI4;Mm:Q9WVP9;Rn:Q499Q3	-
Q9HCK0	Q8WUY3	57684	158471	ZBTB26	PRUNE2	chromatin immunoprecipitation assay	27924024	Homo sapiens	GTRD	No	Mm:Q6P9Q3;Rn:D3ZG35	Dr:A2BF92	Mm:Q52KR3	-
Q9HCK0	Q9Y5J3	57684	23462	ZBTB26	HEY1	chromatin immunoprecipitation assay	27924024	Homo sapiens	GTRD	No	Mm:Q6P9Q3;Rn:D3ZG35	Dr:A2BF92	Dr:Q8AXV6;Rn:D3ZNI5	Mm:Q9QUM5
Q9HCK0	Q13547	57684	3065	ZBTB26	HDAC1	chromatin immunoprecipitation assay	27924024	Homo sapiens	GTRD	No	Mm:Q6P9Q3;Rn:D3ZG35	Dr:A2BF92	Mm:O09106;Rn:Q4QQW4	-
Q9HCK0	P0C2W1	57684	200933	ZBTB26	FBXO45	chromatin immunoprecipitation assay	27924024	Homo sapiens	GTRD	No	Mm:Q6P9Q3;Rn:D3ZG35	Dr:A2BF92	Ce:Q18223;Dm:Q9V6L9;Mm:Q8K3B1;Rn:A0A0G2JWY6	Dr:F1QLI9
Q9HCK0	P23527	57684	8348	ZBTB26	H2BC17	chromatin immunoprecipitation assay	27924024	Homo sapiens	GTRD	No	Mm:Q6P9Q3;Rn:D3ZG35	Dr:A2BF92	-	-
Q9HCK0	A0A075B6T7	57684	-	ZBTB26	TRAV6	chromatin immunoprecipitation assay	27924024	Homo sapiens	GTRD	No	Mm:Q6P9Q3;Rn:D3ZG35	Dr:A2BF92	-	-
Q9HCK0	Q8N999	57684	91298	ZBTB26	C12orf29	chromatin immunoprecipitation assay	27924024	Homo sapiens	GTRD	No	Mm:Q6P9Q3;Rn:D3ZG35	Dr:A2BF92	Dr:Q5PR55;Mm:Q8BHN7;Rn:Q6AXM9	-
Q9HCK0	Q9NYF8	57684	9774	ZBTB26	BCLAF1	chromatin immunoprecipitation assay	27924024	Homo sapiens	GTRD	No	Mm:Q6P9Q3;Rn:D3ZG35	Dr:A2BF92	Mm:Q8K019	Rn:B1WC16
Q9HCK0	Q9HBH0	57684	54509	ZBTB26	RHOF	chromatin immunoprecipitation assay	27924024	Homo sapiens	GTRD	No	Mm:Q6P9Q3;Rn:D3ZG35	Dr:A2BF92	Dr:Q1LY78;Mm:Q8BYP3;Rn:D3ZRB3	-
Q9HCK0	Q8IWZ8	57684	57794	ZBTB26	SUGP1	chromatin immunoprecipitation assay	27924024	Homo sapiens	GTRD	No	Mm:Q6P9Q3;Rn:D3ZG35	Dr:A2BF92	Mm:Q8CH02;Rn:Q68FU8	-
Q9HCK0	Q96A37	57684	115992	ZBTB26	RNF166	chromatin immunoprecipitation assay	27924024	Homo sapiens	GTRD	No	Mm:Q6P9Q3;Rn:D3ZG35	Dr:A2BF92	Dr:E7FEA4;Mm:Q3U9F6;Rn:Q6J1I7	-
Q9HCK0	O95983	57684	53615	ZBTB26	MBD3	chromatin immunoprecipitation assay	27924024	Homo sapiens	GTRD	No	Mm:Q6P9Q3;Rn:D3ZG35	Dr:A2BF92	Mm:Q9Z2D8;Rn:F7EY92	Dm:Q9V424;Dr:F1QL92;Dr:Q7ZTV2
Q9HCK0	A5PLN7	57684	25854	ZBTB26	FAM149A	chromatin immunoprecipitation assay	27924024	Homo sapiens	GTRD	No	Mm:Q6P9Q3;Rn:D3ZG35	Dr:A2BF92	Dr:E9QBP7;Mm:Q8CFV2;Rn:F1LUX5	-
Q9HCK0	Q6ZN55	57684	64763	ZBTB26	ZNF574	chromatin immunoprecipitation assay	27924024	Homo sapiens	GTRD	No	Mm:Q6P9Q3;Rn:D3ZG35	Dr:A2BF92	Mm:Q8BY46;Rn:Q504L7	-
Q9HCK0	P61165	57684	746	ZBTB26	TMEM258	chromatin immunoprecipitation assay	27924024	Homo sapiens	GTRD	No	Mm:Q6P9Q3;Rn:D3ZG35	Dr:A2BF92	Ce:Q965T1;Dm:Q9VVA8;Mm:P61166	Dr:Q6PBS6;Rn:D3ZS52
Q9HCK0	Q9BUH8	57684	57596	ZBTB26	BEGAIN	chromatin immunoprecipitation assay	27924024	Homo sapiens	GTRD	No	Mm:Q6P9Q3;Rn:D3ZG35	Dr:A2BF92	-	-
Q9HCK0	O43805	57684	8636	ZBTB26	SSNA1	chromatin immunoprecipitation assay	27924024	Homo sapiens	GTRD	No	Mm:Q6P9Q3;Rn:D3ZG35	Dr:A2BF92	Dr:B8JLK1;Mm:Q9JJ94;Rn:B2RZ20	-
Q9HCK0	Q99798	57684	50	ZBTB26	ACO2	chromatin immunoprecipitation assay	27924024	Homo sapiens	GTRD	No	Mm:Q6P9Q3;Rn:D3ZG35	Dr:A2BF92	-	-
Q9HCK0	Q9Y698	57684	10369	ZBTB26	CACNG2	chromatin immunoprecipitation assay	27924024	Homo sapiens	GTRD	No	Mm:Q6P9Q3;Rn:D3ZG35	Dr:A2BF92	Dr:Q6PFS3;Mm:O88602;Rn:Q71RJ2	Dr:A0A0R4INZ4
Q9HCK0	P30050	57684	6136	ZBTB26	RPL12	chromatin immunoprecipitation assay	27924024	Homo sapiens	GTRD	No	Mm:Q6P9Q3;Rn:D3ZG35	Dr:A2BF92	Ce:P61866;Dm:Q9W1B9;Dr:Q6DRE6;Mm:P35979;Rn:A0A140TAC5;Sc:P0CX53	Rn:M0R4B6;Rn:P23358
Q9HCK0	Q06330	57684	3516	ZBTB26	RBPJ	chromatin immunoprecipitation assay	27924024	Homo sapiens	GTRD	No	Mm:Q6P9Q3;Rn:D3ZG35	Dr:A2BF92	Dm:P28159;Dr:A4FTT3;Mm:P31266;Rn:M0R7Q3	-
Q9HCK0	Q96DE5	57684	119504	ZBTB26	ANAPC16	chromatin immunoprecipitation assay	27924024	Homo sapiens	GTRD	No	Mm:Q6P9Q3;Rn:D3ZG35	Dr:A2BF92	Dr:Q561X1;Rn:D3ZDN9	-
Q9HCK0	O95759	57684	11138	ZBTB26	TBC1D8	chromatin immunoprecipitation assay	27924024	Homo sapiens	GTRD	No	Mm:Q6P9Q3;Rn:D3ZG35	Dr:A2BF92	-	-
Q9HCK0	Q658N2	57684	23302	ZBTB26	WSCD1	chromatin immunoprecipitation assay	27924024	Homo sapiens	GTRD	No	Mm:Q6P9Q3;Rn:D3ZG35	Dr:A2BF92	Mm:Q80XH4;Rn:Q505J3	Dr:E7F3K8
Q9HCK0	Q9BQ69	57684	28992	ZBTB26	MACROD1	chromatin immunoprecipitation assay	27924024	Homo sapiens	GTRD	No	Mm:Q6P9Q3;Rn:D3ZG35	Dr:A2BF92	Dr:F6PBM1;Mm:Q922B1	Rn:A0A0G2K5F1
Q9HCK0	E9PRG8	57684	102288414	ZBTB26	C11orf98	chromatin immunoprecipitation assay	27924024	Homo sapiens	GTRD	No	Mm:Q6P9Q3;Rn:D3ZG35	Dr:A2BF92	-	-
Q9HCK0	Q9NRE2	57684	128553	ZBTB26	TSHZ2	chromatin immunoprecipitation assay	27924024	Homo sapiens	GTRD	No	Mm:Q6P9Q3;Rn:D3ZG35	Dr:A2BF92	Mm:Q68FE9	Rn:M0R6R4
Q9HCK0	Q9Y2G8	57684	23341	ZBTB26	DNAJC16	chromatin immunoprecipitation assay	27924024	Homo sapiens	GTRD	No	Mm:Q6P9Q3;Rn:D3ZG35	Dr:A2BF92	Ce:Q95QQ1;Dm:Q7PLG1;Dr:F1Q755;Mm:Q80TN4;Rn:Q5FVM7	-
Q9HCK0	Q92598	57684	10808	ZBTB26	HSPH1	chromatin immunoprecipitation assay	27924024	Homo sapiens	GTRD	No	Mm:Q6P9Q3;Rn:D3ZG35	Dr:A2BF92	Mm:Q61699;Rn:Q66HA8	-
Q9HCK0	P15170	57684	2935	ZBTB26	GSPT1	chromatin immunoprecipitation assay	27924024	Homo sapiens	GTRD	No	Mm:Q6P9Q3;Rn:D3ZG35	Dr:A2BF92	Mm:Q8R050	Rn:Q6AYD5
Q9HCK0	P05386	57684	6176	ZBTB26	RPLP1	chromatin immunoprecipitation assay	27924024	Homo sapiens	GTRD	No	Mm:Q6P9Q3;Rn:D3ZG35	Dr:A2BF92	Ce:P91913;Dm:P08570;Dr:Q6P5K5;Mm:P47955;Rn:P19944;Sc:P10622;Sc:P05318	Rn:A0A0H2UHJ3
Q9HCK0	Q86VQ1	57684	113263	ZBTB26	GLCCI1	chromatin immunoprecipitation assay	27924024	Homo sapiens	GTRD	No	Mm:Q6P9Q3;Rn:D3ZG35	Dr:A2BF92	Dr:A5PMY2;Rn:B2RYK0	Mm:E9QKK4
Q9HCK0	Q8N0U8	57684	154807	ZBTB26	VKORC1L1	chromatin immunoprecipitation assay	27924024	Homo sapiens	GTRD	No	Mm:Q6P9Q3;Rn:D3ZG35	Dr:A2BF92	Dr:Q502B2;Mm:Q6TEK5;Rn:Q6TEK3	-
Q9HCK0	Q9NYI0	57684	23362	ZBTB26	PSD3	chromatin immunoprecipitation assay	27924024	Homo sapiens	GTRD	No	Mm:Q6P9Q3;Rn:D3ZG35	Dr:A2BF92	-	-
Q9HCK0	Q15365	57684	5093	ZBTB26	PCBP1	chromatin immunoprecipitation assay	27924024	Homo sapiens	GTRD	No	Mm:Q6P9Q3;Rn:D3ZG35	Dr:A2BF92	Mm:P60335	-
Q9HCK0	Q9NPB8	57684	56261	ZBTB26	GPCPD1	chromatin immunoprecipitation assay	27924024	Homo sapiens	GTRD	No	Mm:Q6P9Q3;Rn:D3ZG35	Dr:A2BF92	Ce:Q10003;Dm:Q9VQU3;Dr:Q1LVM1;Mm:Q8C0L9;Rn:A0A0G2K9B2	-
Q9HCK0	Q96M89	57684	165055	ZBTB26	CCDC138	chromatin immunoprecipitation assay	27924024	Homo sapiens	GTRD	No	Mm:Q6P9Q3;Rn:D3ZG35	Dr:A2BF92	Mm:Q0VF22;Rn:D3ZGR6	-
Q9HCK0	Q96G74	57684	55593	ZBTB26	OTUD5	chromatin immunoprecipitation assay	27924024	Homo sapiens	GTRD	No	Mm:Q6P9Q3;Rn:D3ZG35	Dr:A2BF92	Mm:Q3U2S4;Rn:A0A0H2UHD0	Dr:Z4YIP7
Q9HCK0	O75084	57684	8324	ZBTB26	FZD7	chromatin immunoprecipitation assay	27924024	Homo sapiens	GTRD	No	Mm:Q6P9Q3;Rn:D3ZG35	Dr:A2BF92	Dr:Q8QFM3;Dr:Q6NV44;Mm:Q61090;Rn:D4ACM8	-
Q9HCK0	A0A0D9SF12	57684	-	ZBTB26	CCDC163	chromatin immunoprecipitation assay	27924024	Homo sapiens	GTRD	No	Mm:Q6P9Q3;Rn:D3ZG35	Dr:A2BF92	-	-
Q9HCK0	P57723	57684	57060	ZBTB26	PCBP4	chromatin immunoprecipitation assay	27924024	Homo sapiens	GTRD	No	Mm:Q6P9Q3;Rn:D3ZG35	Dr:A2BF92	Mm:A0A0R4J044;Rn:D3ZCS3;Sc:P38151	-
Q9HCK0	Q9Y597	57684	51133	ZBTB26	KCTD3	chromatin immunoprecipitation assay	27924024	Homo sapiens	GTRD	No	Mm:Q6P9Q3;Rn:D3ZG35	Dr:A2BF92	Mm:Q8BFX3;Rn:D3ZNX0	Dr:F1Q6W0
Q9HCK0	Q99697	57684	5308	ZBTB26	PITX2	chromatin immunoprecipitation assay	27924024	Homo sapiens	GTRD	No	Mm:Q6P9Q3;Rn:D3ZG35	Dr:A2BF92	Dr:Q9W5Z2;Mm:P97474;Rn:Q9R0W1	-
Q9HCK0	Q1L6U9	57684	692094	ZBTB26	MSMP	chromatin immunoprecipitation assay	27924024	Homo sapiens	GTRD	No	Mm:Q6P9Q3;Rn:D3ZG35	Dr:A2BF92	Mm:B1AWI6	Rn:D3Z9Y1
Q9HCK0	P62942	57684	2280	ZBTB26	FKBP1A	chromatin immunoprecipitation assay	27924024	Homo sapiens	GTRD	No	Mm:Q6P9Q3;Rn:D3ZG35	Dr:A2BF92	Dm:P48375	-
Q9HCK0	Q9BUK0	57684	79145	ZBTB26	CHCHD7	chromatin immunoprecipitation assay	27924024	Homo sapiens	GTRD	No	Mm:Q6P9Q3;Rn:D3ZG35	Dr:A2BF92	Dm:Q9VPC2;Dr:F1QKA5;Mm:Q8K2Q5	Rn:D4AC73
Q9HCK0	Q01664	57684	7023	ZBTB26	TFAP4	chromatin immunoprecipitation assay	27924024	Homo sapiens	GTRD	No	Mm:Q6P9Q3;Rn:D3ZG35	Dr:A2BF92	Mm:Q9JIZ5;Rn:D3ZJT6	Dr:A0A0R4IRV6
Q9HCK0	Q9UKA2	57684	26235	ZBTB26	FBXL4	chromatin immunoprecipitation assay	27924024	Homo sapiens	GTRD	No	Mm:Q6P9Q3;Rn:D3ZG35	Dr:A2BF92	Dm:Q9VY46;Dr:F1QWZ2;Mm:Q8BH70;Rn:B1WBR8	-
Q9HCK0	O60503	57684	115	ZBTB26	ADCY9	chromatin immunoprecipitation assay	27924024	Homo sapiens	GTRD	No	Mm:Q6P9Q3;Rn:D3ZG35	Dr:A2BF92	Ce:Q19523;Mm:P51830;Rn:M0R5U4	-
Q9HCK0	O94901	57684	23353	ZBTB26	SUN1	chromatin immunoprecipitation assay	27924024	Homo sapiens	GTRD	No	Mm:Q6P9Q3;Rn:D3ZG35	Dr:A2BF92	Mm:Q9D666;Rn:A0A0G2K016	-
Q9HCK0	Q9UBZ9	57684	51455	ZBTB26	REV1	chromatin immunoprecipitation assay	27924024	Homo sapiens	GTRD	No	Mm:Q6P9Q3;Rn:D3ZG35	Dr:A2BF92	Mm:Q920Q2;Rn:D3ZRU9	-
Q9HCK0	Q86UQ0	57684	51385	ZBTB26	ZNF589	chromatin immunoprecipitation assay	27924024	Homo sapiens	GTRD	No	Mm:Q6P9Q3;Rn:D3ZG35	Dr:A2BF92	-	-
Q9HCK0	Q4ZHG4	57684	84624	ZBTB26	FNDC1	chromatin immunoprecipitation assay	27924024	Homo sapiens	GTRD	No	Mm:Q6P9Q3;Rn:D3ZG35	Dr:A2BF92	Dr:F1R5Z2	Mm:A0A6I8MWX0;Rn:A0A0G2K4G5
Q9HCK0	O15265	57684	6314	ZBTB26	ATXN7	chromatin immunoprecipitation assay	27924024	Homo sapiens	GTRD	No	Mm:Q6P9Q3;Rn:D3ZG35	Dr:A2BF92	Dr:E7F640;Mm:Q8R4I1;Rn:D3ZKZ8	-
Q9HCK0	Q9Y2J0	57684	22895	ZBTB26	RPH3A	chromatin immunoprecipitation assay	27924024	Homo sapiens	GTRD	No	Mm:Q6P9Q3;Rn:D3ZG35	Dr:A2BF92	Ce:P41885;Mm:P47708;Rn:F1LPB9	Dr:A0A140LH42
Q9HCK0	Q8N4J0	57684	138199	ZBTB26	CARNMT1	chromatin immunoprecipitation assay	27924024	Homo sapiens	GTRD	No	Mm:Q6P9Q3;Rn:D3ZG35	Dr:A2BF92	Ce:O62483;Mm:Q80UY1;Rn:A0A0H2UHK4;Sc:P53934	Dr:F1R3E3
Q9HCK0	Q9Y496	57684	11127	ZBTB26	KIF3A	chromatin immunoprecipitation assay	27924024	Homo sapiens	GTRD	No	Mm:Q6P9Q3;Rn:D3ZG35	Dr:A2BF92	-	-
Q9HCK0	Q8TAU3	57684	147687	ZBTB26	ZNF417	chromatin immunoprecipitation assay	27924024	Homo sapiens	GTRD	No	Mm:Q6P9Q3;Rn:D3ZG35	Dr:A2BF92	-	-
Q9HCK0	P62841	57684	6209	ZBTB26	RPS15	chromatin immunoprecipitation assay	27924024	Homo sapiens	GTRD	No	Mm:Q6P9Q3;Rn:D3ZG35	Dr:A2BF92	Ce:Q9XVP0;Dm:Q7JZW2;Dr:Q6Q421;Mm:P62843;Rn:P62845;Sc:Q01855	-
Q9HCK0	Q8N2G6	57684	219654	ZBTB26	ZCCHC24	chromatin immunoprecipitation assay	27924024	Homo sapiens	GTRD	No	Mm:Q6P9Q3;Rn:D3ZG35	Dr:A2BF92	Dr:A5D8K9;Mm:B2RVL6;Rn:D3ZQ09	-
Q9HCK0	Q8NHS1	57684	125875	ZBTB26	CLDND2	chromatin immunoprecipitation assay	27924024	Homo sapiens	GTRD	No	Mm:Q6P9Q3;Rn:D3ZG35	Dr:A2BF92	Mm:Q9D9H2	Rn:D3ZQB5
Q9HCK0	Q562E7	57684	124997	ZBTB26	WDR81	chromatin immunoprecipitation assay	27924024	Homo sapiens	GTRD	No	Mm:Q6P9Q3;Rn:D3ZG35	Dr:A2BF92	Dm:Q9VKD0;Dr:E7FEV0;Mm:Q5ND34;Rn:D4A929	-
Q9HCK0	O15164	57684	8805	ZBTB26	TRIM24	chromatin immunoprecipitation assay	27924024	Homo sapiens	GTRD	No	Mm:Q6P9Q3;Rn:D3ZG35	Dr:A2BF92	Mm:Q64127	-
Q9HCK0	O43502	57684	5889	ZBTB26	RAD51C	chromatin immunoprecipitation assay	27924024	Homo sapiens	GTRD	No	Mm:Q6P9Q3;Rn:D3ZG35	Dr:A2BF92	Mm:Q924H5;Rn:G3V6U0	Dr:F1QQC9
Q9HCK0	Q9NY84	57684	55350	ZBTB26	VNN3	chromatin immunoprecipitation assay	27924024	Homo sapiens	GTRD	No	Mm:Q6P9Q3;Rn:D3ZG35	Dr:A2BF92	-	-
Q9HCK0	Q8TF68	57684	171017	ZBTB26	ZNF384	chromatin immunoprecipitation assay	27924024	Homo sapiens	GTRD	No	Mm:Q6P9Q3;Rn:D3ZG35	Dr:A2BF92	Rn:G3V9M5	Dr:I3ITQ6;Mm:E9Q1A5
Q9HCK0	Q9Y3Y4	57684	26108	ZBTB26	PYGO1	chromatin immunoprecipitation assay	27924024	Homo sapiens	GTRD	No	Mm:Q6P9Q3;Rn:D3ZG35	Dr:A2BF92	Dr:B7ZUU3;Mm:Q9D0P5;Rn:F1M5T3	-
Q9HCK0	P56381	57684	514	ZBTB26	ATP5F1E	chromatin immunoprecipitation assay	27924024	Homo sapiens	GTRD	No	Mm:Q6P9Q3;Rn:D3ZG35	Dr:A2BF92	Dm:Q9VH24;Dm:Q9VXN2;Dr:F8W3H2;Mm:P56382;Rn:M0R601;Rn:P29418	-
Q9HCK0	Q9H9S3	57684	55176	ZBTB26	SEC61A2	chromatin immunoprecipitation assay	27924024	Homo sapiens	GTRD	No	Mm:Q6P9Q3;Rn:D3ZG35	Dr:A2BF92	Mm:Q9JLR1;Rn:D3ZEH3	-
Q9HCK0	O95456	57684	8624	ZBTB26	PSMG1	chromatin immunoprecipitation assay	27924024	Homo sapiens	GTRD	No	Mm:Q6P9Q3;Rn:D3ZG35	Dr:A2BF92	Dr:Q6DG91;Mm:Q9JK23;Rn:D4AAH6	-
Q9HCK0	Q8NFP7	57684	170685	ZBTB26	NUDT10	chromatin immunoprecipitation assay	27924024	Homo sapiens	GTRD	No	Mm:Q6P9Q3;Rn:D3ZG35	Dr:A2BF92	-	-
Q9HCK0	P35318	57684	133	ZBTB26	ADM	chromatin immunoprecipitation assay	27924024	Homo sapiens	GTRD	No	Mm:Q6P9Q3;Rn:D3ZG35	Dr:A2BF92	Mm:P97297;Rn:P43145	Dr:E7F5V1
Q9HCK0	P08243	57684	440	ZBTB26	ASNS	chromatin immunoprecipitation assay	27924024	Homo sapiens	GTRD	No	Mm:Q6P9Q3;Rn:D3ZG35	Dr:A2BF92	Dr:A3KQK2;Mm:Q61024;Rn:P49088;Sc:P49090;Sc:P49089	Ce:O16924
Q9HCK0	Q5VT66	57684	64757	ZBTB26	MTARC1	chromatin immunoprecipitation assay	27924024	Homo sapiens	GTRD	No	Mm:Q6P9Q3;Rn:D3ZG35	Dr:A2BF92	-	-
Q9HCK0	Q96CT7	57684	115098	ZBTB26	CCDC124	chromatin immunoprecipitation assay	27924024	Homo sapiens	GTRD	No	Mm:Q6P9Q3;Rn:D3ZG35	Dr:A2BF92	Ce:Q9GUM1;Dm:Q9VE08;Dr:Q6PHE8;Mm:Q9D8X2;Rn:D3ZUL1	-
Q9HCK0	P04818	57684	7298	ZBTB26	TYMS	chromatin immunoprecipitation assay	27924024	Homo sapiens	GTRD	No	Mm:Q6P9Q3;Rn:D3ZG35	Dr:A2BF92	Ce:Q9N588;Dm:O76511;Dr:Q6P045;Mm:P07607;Rn:P45352;Sc:P06785	-
Q9HCK0	Q9NQT4	57684	56915	ZBTB26	EXOSC5	chromatin immunoprecipitation assay	27924024	Homo sapiens	GTRD	No	Mm:Q6P9Q3;Rn:D3ZG35	Dr:A2BF92	Ce:G5EG59;Dm:Q9VGZ2;Dr:Q1LVM3;Mm:Q9CRA8;Rn:F1LSX7;Sc:P53256	-
Q9HCK0	Q96NJ5	57684	114792	ZBTB26	KLHL32	chromatin immunoprecipitation assay	27924024	Homo sapiens	GTRD	No	Mm:Q6P9Q3;Rn:D3ZG35	Dr:A2BF92	Dr:F1QSX4;Mm:A2AJX0;Rn:F1M9S9	-
Q9HCK0	Q96HI0	57684	205564	ZBTB26	SENP5	chromatin immunoprecipitation assay	27924024	Homo sapiens	GTRD	No	Mm:Q6P9Q3;Rn:D3ZG35	Dr:A2BF92	Mm:Q6NXL6	Rn:A0A0G2JZW2;Rn:D4A2S8
Q9HCK0	Q8NG31	57684	57082	ZBTB26	KNL1	chromatin immunoprecipitation assay	27924024	Homo sapiens	GTRD	No	Mm:Q6P9Q3;Rn:D3ZG35	Dr:A2BF92	-	Mm:A3KGI3;Rn:D3ZNX2;Rn:D3Z896
Q9HCK0	Q9H7P9	57684	64857	ZBTB26	PLEKHG2	chromatin immunoprecipitation assay	27924024	Homo sapiens	GTRD	No	Mm:Q6P9Q3;Rn:D3ZG35	Dr:A2BF92	Mm:D3Z5N8;Rn:G3V9A0	-
Q9HCK0	O15063	57684	9710	ZBTB26	GARRE1	chromatin immunoprecipitation assay	27924024	Homo sapiens	GTRD	No	Mm:Q6P9Q3;Rn:D3ZG35	Dr:A2BF92	Dr:A0A0R4IGD5;Mm:Q8C5X1;Rn:F1M037	-
Q9HCK0	Q13042	57684	8881	ZBTB26	CDC16	chromatin immunoprecipitation assay	27924024	Homo sapiens	GTRD	No	Mm:Q6P9Q3;Rn:D3ZG35	Dr:A2BF92	Dm:Q9VCN6;Dr:B0S729;Mm:Q8R349;Rn:Q4V884;Sc:P09798	-
Q9HCK0	P42680	57684	7006	ZBTB26	TEC	chromatin immunoprecipitation assay	27924024	Homo sapiens	GTRD	No	Mm:Q6P9Q3;Rn:D3ZG35	Dr:A2BF92	Mm:Q3U436	Rn:A0A0G2KA94
Q9HCK0	Q96D71	57684	85021	ZBTB26	REPS1	chromatin immunoprecipitation assay	27924024	Homo sapiens	GTRD	No	Mm:Q6P9Q3;Rn:D3ZG35	Dr:A2BF92	Dm:Q8MQS4;Dr:Q5VSI7;Mm:O54916;Rn:A0A0G2JZY3	-
Q9HCK0	O75396	57684	9554	ZBTB26	SEC22B	chromatin immunoprecipitation assay	27924024	Homo sapiens	GTRD	No	Mm:Q6P9Q3;Rn:D3ZG35	Dr:A2BF92	-	-
Q9HCK0	Q68BL8	57684	25903	ZBTB26	OLFML2B	chromatin immunoprecipitation assay	27924024	Homo sapiens	GTRD	No	Mm:Q6P9Q3;Rn:D3ZG35	Dr:A2BF92	Dr:F1R9Q1;Mm:Q3V1G4;Rn:D4A0J7	-
Q9HCK0	Q8WXI9	57684	57459	ZBTB26	GATAD2B	chromatin immunoprecipitation assay	27924024	Homo sapiens	GTRD	No	Mm:Q6P9Q3;Rn:D3ZG35	Dr:A2BF92	Mm:Q8VHR5;Rn:Q4V8E1	-
Q9HCK0	P30876	57684	5431	ZBTB26	POLR2B	chromatin immunoprecipitation assay	27924024	Homo sapiens	GTRD	No	Mm:Q6P9Q3;Rn:D3ZG35	Dr:A2BF92	Ce:Q10578;Dm:P08266;Mm:Q8CFI7;Rn:G3V8Y5;Sc:P08518	Dr:A0A0R4IXL0
Q9HCK0	Q9Y294	57684	25842	ZBTB26	ASF1A	chromatin immunoprecipitation assay	27924024	Homo sapiens	GTRD	No	Mm:Q6P9Q3;Rn:D3ZG35	Dr:A2BF92	Dm:Q9V464;Dr:Q6NY34;Dr:Q6NYY4;Mm:Q9CQE6;Rn:D3ZFM1	-
Q9HCK0	Q8TAD7	57684	387882	ZBTB26	OCC1	chromatin immunoprecipitation assay	27924024	Homo sapiens	GTRD	No	Mm:Q6P9Q3;Rn:D3ZG35	Dr:A2BF92	Mm:P0C913	-
Q9HCK0	P23760	57684	5077	ZBTB26	PAX3	chromatin immunoprecipitation assay	27924024	Homo sapiens	GTRD	No	Mm:Q6P9Q3;Rn:D3ZG35	Dr:A2BF92	Rn:F1LMV3	Dr:F1R7Y4;Mm:Q8BRF1
Q9HCK0	Q86XR2	57684	199786	ZBTB26	NIBAN3	chromatin immunoprecipitation assay	27924024	Homo sapiens	GTRD	No	Mm:Q6P9Q3;Rn:D3ZG35	Dr:A2BF92	-	-
Q9HCK0	A0PJZ3	57684	727936	ZBTB26	GXYLT2	chromatin immunoprecipitation assay	27924024	Homo sapiens	GTRD	No	Mm:Q6P9Q3;Rn:D3ZG35	Dr:A2BF92	Dr:A4QN62;Mm:Q810K9;Rn:D4A275	-
Q9HCK0	Q9BTZ2	57684	10901	ZBTB26	DHRS4	chromatin immunoprecipitation assay	27924024	Homo sapiens	GTRD	No	Mm:Q6P9Q3;Rn:D3ZG35	Dr:A2BF92	-	-
Q9HCK0	Q9UPQ9	57684	23112	ZBTB26	TNRC6B	chromatin immunoprecipitation assay	27924024	Homo sapiens	GTRD	No	Mm:Q6P9Q3;Rn:D3ZG35	Dr:A2BF92	Dr:U3JAU2;Mm:Q8BKI2;Rn:F1LV37	-
Q9HCK0	Q9P2F9	57684	57567	ZBTB26	ZNF319	chromatin immunoprecipitation assay	27924024	Homo sapiens	GTRD	No	Mm:Q6P9Q3;Rn:D3ZG35	Dr:A2BF92	Mm:Q9ERR8;Rn:D4AEC6	-
Q9HCK0	Q9UJP4	57684	9903	ZBTB26	KLHL21	chromatin immunoprecipitation assay	27924024	Homo sapiens	GTRD	No	Mm:Q6P9Q3;Rn:D3ZG35	Dr:A2BF92	Dr:Q6NYM1;Mm:Q3U410;Rn:D4A2K4	-
Q9HCK0	Q9NW82	57684	55100	ZBTB26	WDR70	chromatin immunoprecipitation assay	27924024	Homo sapiens	GTRD	No	Mm:Q6P9Q3;Rn:D3ZG35	Dr:A2BF92	Ce:O16519;Dm:Q9W1J3;Mm:G3X934;Rn:Q5EB92	-
Q9HCK0	Q8N393	57684	136051	ZBTB26	ZNF786	chromatin immunoprecipitation assay	27924024	Homo sapiens	GTRD	No	Mm:Q6P9Q3;Rn:D3ZG35	Dr:A2BF92	Mm:Q8BV42	Rn:B2GV07
Q9HCK0	P11117	57684	53	ZBTB26	ACP2	chromatin immunoprecipitation assay	27924024	Homo sapiens	GTRD	No	Mm:Q6P9Q3;Rn:D3ZG35	Dr:A2BF92	Ce:Q22525;Dr:A0A1D5NT07;Mm:P24638;Rn:Q642D2	-
Q9HCK0	P18440	57684	9	ZBTB26	NAT1	chromatin immunoprecipitation assay	27924024	Homo sapiens	GTRD	No	Mm:Q6P9Q3;Rn:D3ZG35	Dr:A2BF92	Mm:P50295;Rn:G3V9K9	-
Q9HCK0	Q96A46	57684	81894	ZBTB26	SLC25A28	chromatin immunoprecipitation assay	27924024	Homo sapiens	GTRD	No	Mm:Q6P9Q3;Rn:D3ZG35	Dr:A2BF92	Dr:B8A686;Mm:Q8R0Z5;Rn:G3V865	-
Q9HCK0	Q9NUU7	57684	55308	ZBTB26	DDX19A	chromatin immunoprecipitation assay	27924024	Homo sapiens	GTRD	No	Mm:Q6P9Q3;Rn:D3ZG35	Dr:A2BF92	Mm:Q61655;Rn:Q68FX3	-
Q9HCK0	O95992	57684	9023	ZBTB26	CH25H	chromatin immunoprecipitation assay	27924024	Homo sapiens	GTRD	No	Mm:Q6P9Q3;Rn:D3ZG35	Dr:A2BF92	Ce:Q20027;Dr:Q5PRC0;Mm:Q9Z0F5;Rn:Q4QQV7	-
Q9HCK0	P62314	57684	6632	ZBTB26	SNRPD1	chromatin immunoprecipitation assay	27924024	Homo sapiens	GTRD	No	Mm:Q6P9Q3;Rn:D3ZG35	Dr:A2BF92	Ce:Q10013;Dm:Q9VU02;Mm:P62315;Rn:B2RZB7	Dr:Q8JHH1
Q9HCK0	Q15475	57684	6495	ZBTB26	SIX1	chromatin immunoprecipitation assay	27924024	Homo sapiens	GTRD	No	Mm:Q6P9Q3;Rn:D3ZG35	Dr:A2BF92	Mm:Q62231	Rn:G3V970
Q9HCK0	Q9Y4K1	57684	202	ZBTB26	CRYBG1	chromatin immunoprecipitation assay	27924024	Homo sapiens	GTRD	No	Mm:Q6P9Q3;Rn:D3ZG35	Dr:A2BF92	-	-
Q9HCK0	Q93009	57684	7874	ZBTB26	USP7	chromatin immunoprecipitation assay	27924024	Homo sapiens	GTRD	No	Mm:Q6P9Q3;Rn:D3ZG35	Dr:A2BF92	Dm:Q9VYQ8;Rn:F1LM09	Ce:N1NTD8;Dr:I3ISS5;Mm:F8VPX1
Q9HCK0	P78549	57684	4913	ZBTB26	NTHL1	chromatin immunoprecipitation assay	27924024	Homo sapiens	GTRD	No	Mm:Q6P9Q3;Rn:D3ZG35	Dr:A2BF92	Ce:P54137;Mm:O35980;Rn:D4A4E8	-
Q9HCK0	Q5SRI9	57684	79694	ZBTB26	MANEA	chromatin immunoprecipitation assay	27924024	Homo sapiens	GTRD	No	Mm:Q6P9Q3;Rn:D3ZG35	Dr:A2BF92	Dr:E7EYY9;Mm:Q6NXH2;Rn:Q5GF25	-
Q9HCK0	P23435	57684	869	ZBTB26	CBLN1	chromatin immunoprecipitation assay	27924024	Homo sapiens	GTRD	No	Mm:Q6P9Q3;Rn:D3ZG35	Dr:A2BF92	Dr:Q1L944;Mm:Q9R171;Rn:P63182	-
Q9HCK0	Q8WVI7	57684	151242	ZBTB26	PPP1R1C	chromatin immunoprecipitation assay	27924024	Homo sapiens	GTRD	No	Mm:Q6P9Q3;Rn:D3ZG35	Dr:A2BF92	Mm:Q8BKK4;Rn:D3ZSW2	-
Q9HCK0	Q9NVX0	57684	55142	ZBTB26	HAUS2	chromatin immunoprecipitation assay	27924024	Homo sapiens	GTRD	No	Mm:Q6P9Q3;Rn:D3ZG35	Dr:A2BF92	Dr:F1Q580;Mm:Q9CQS9	Rn:A0A0G2K233
Q9HCK0	Q969P6	57684	116447	ZBTB26	TOP1MT	chromatin immunoprecipitation assay	27924024	Homo sapiens	GTRD	No	Mm:Q6P9Q3;Rn:D3ZG35	Dr:A2BF92	Mm:Q8R4U6;Rn:Q6IM78	-
Q9HCK0	P15056	57684	673	ZBTB26	BRAF	chromatin immunoprecipitation assay	27924024	Homo sapiens	GTRD	No	Mm:Q6P9Q3;Rn:D3ZG35	Dr:A2BF92	-	-
Q9HCK0	Q8N8Z6	57684	285761	ZBTB26	DCBLD1	chromatin immunoprecipitation assay	27924024	Homo sapiens	GTRD	No	Mm:Q6P9Q3;Rn:D3ZG35	Dr:A2BF92	Dr:F1QGI1;Mm:Q9D4J3;Rn:D3ZFM7	-
Q9HCK0	P81133	57684	6492	ZBTB26	SIM1	chromatin immunoprecipitation assay	27924024	Homo sapiens	GTRD	No	Mm:Q6P9Q3;Rn:D3ZG35	Dr:A2BF92	Mm:Q61045;Rn:D3ZMU8	Dr:F1QMF7
Q9HCK0	Q9H6S0	57684	64848	ZBTB26	YTHDC2	chromatin immunoprecipitation assay	27924024	Homo sapiens	GTRD	No	Mm:Q6P9Q3;Rn:D3ZG35	Dr:A2BF92	Ce:Q20644;Mm:B2RR83	Rn:D3ZIV8
Q9HCK0	Q9NXG6	57684	54681	ZBTB26	P4HTM	chromatin immunoprecipitation assay	27924024	Homo sapiens	GTRD	No	Mm:Q6P9Q3;Rn:D3ZG35	Dr:A2BF92	Mm:Q8BG58;Rn:D3ZJG3	Dr:X1WG80
Q9HCK0	O60613	57684	9403	ZBTB26	SELENOF	chromatin immunoprecipitation assay	27924024	Homo sapiens	GTRD	No	Mm:Q6P9Q3;Rn:D3ZG35	Dr:A2BF92	Ce:Q9N4C6;Dm:Q9VVJ7;Dr:Q802F3;Rn:A0A0G2KAY8	Mm:A0A0G2JEF3
Q9HCK0	Q16514	57684	6883	ZBTB26	TAF12	chromatin immunoprecipitation assay	27924024	Homo sapiens	GTRD	No	Mm:Q6P9Q3;Rn:D3ZG35	Dr:A2BF92	Dr:Q6P013;Mm:Q8VE65;Rn:A0A0G2JZ70	-
Q9HCK0	Q86V21	57684	65985	ZBTB26	AACS	chromatin immunoprecipitation assay	27924024	Homo sapiens	GTRD	No	Mm:Q6P9Q3;Rn:D3ZG35	Dr:A2BF92	Ce:Q21166;Dr:A3QK15;Mm:Q9D2R0;Rn:Q9JMI1	-
Q9HCK0	Q9UH03	57684	55964	ZBTB26	SEPTIN3	chromatin immunoprecipitation assay	27924024	Homo sapiens	GTRD	No	Mm:Q6P9Q3;Rn:D3ZG35	Dr:A2BF92	Dr:A2BGU8;Mm:Q9Z1S5	Rn:F1LMH0
Q9HCK0	P52429	57684	8526	ZBTB26	DGKE	chromatin immunoprecipitation assay	27924024	Homo sapiens	GTRD	No	Mm:Q6P9Q3;Rn:D3ZG35	Dr:A2BF92	Ce:H2KYI9;Dm:Q7K579;Mm:Q9R1C6;Rn:A0A096UWG9	Dr:A0A0R4IE50
Q9HCK0	Q9NPC7	57684	55892	ZBTB26	MYNN	chromatin immunoprecipitation assay	27924024	Homo sapiens	GTRD	No	Mm:Q6P9Q3;Rn:D3ZG35	Dr:A2BF92	Mm:Q99MD8;Rn:A0A0G2KAA6	-
Q9HCK0	Q96M98	57684	135138	ZBTB26	PACRG	chromatin immunoprecipitation assay	27924024	Homo sapiens	GTRD	No	Mm:Q6P9Q3;Rn:D3ZG35	Dr:A2BF92	Ce:Q19060;Dm:A1ZBM4;Mm:Q9DAK2	Dr:E7FDS1
Q9HCK0	Q96MY7	57684	145483	ZBTB26	FAM161B	chromatin immunoprecipitation assay	27924024	Homo sapiens	GTRD	No	Mm:Q6P9Q3;Rn:D3ZG35	Dr:A2BF92	Mm:Q8CB59;Rn:D4A7T7	-
Q9HCK0	P61073	57684	7852	ZBTB26	CXCR4	chromatin immunoprecipitation assay	27924024	Homo sapiens	GTRD	No	Mm:Q6P9Q3;Rn:D3ZG35	Dr:A2BF92	Dr:F1QCB2;Mm:A0A0R4J0N8	Rn:O08565
Q9HCK0	Q3L8U1	57684	80205	ZBTB26	CHD9	chromatin immunoprecipitation assay	27924024	Homo sapiens	GTRD	No	Mm:Q6P9Q3;Rn:D3ZG35	Dr:A2BF92	Mm:Q8BYH8	Rn:A0A0G2JXQ2
Q9HCK0	O75093	57684	6585	ZBTB26	SLIT1	chromatin immunoprecipitation assay	27924024	Homo sapiens	GTRD	No	Mm:Q6P9Q3;Rn:D3ZG35	Dr:A2BF92	Dr:B8A498;Mm:Q80TR4;Rn:F1LS74	-
Q9HCK0	Q8N7Z5	57684	256006	ZBTB26	ANKRD31	chromatin immunoprecipitation assay	27924024	Homo sapiens	GTRD	No	Mm:Q6P9Q3;Rn:D3ZG35	Dr:A2BF92	-	-
Q9HCK0	Q8NHQ8	57684	11228	ZBTB26	RASSF8	chromatin immunoprecipitation assay	27924024	Homo sapiens	GTRD	No	Mm:Q6P9Q3;Rn:D3ZG35	Dr:A2BF92	Mm:Q8CJ96;Rn:D4AAU5	Dr:Q5TZF0
Q9HCK0	P42768	57684	7454	ZBTB26	WAS	chromatin immunoprecipitation assay	27924024	Homo sapiens	GTRD	No	Mm:Q6P9Q3;Rn:D3ZG35	Dr:A2BF92	Mm:P70315	Dr:B0S5G8;Rn:M0RBE8
Q9HCK0	Q9UKB1	57684	23291	ZBTB26	FBXW11	chromatin immunoprecipitation assay	27924024	Homo sapiens	GTRD	No	Mm:Q6P9Q3;Rn:D3ZG35	Dr:A2BF92	Mm:Q5SRY7	Dr:E9QCK5;Rn:A0A0G2JVE0
Q9HCK0	O60512	57684	8703	ZBTB26	B4GALT3	chromatin immunoprecipitation assay	27924024	Homo sapiens	GTRD	No	Mm:Q6P9Q3;Rn:D3ZG35	Dr:A2BF92	Dr:E7F264;Mm:Q91YY2;Rn:Q6P768	-
Q9HCK0	O94910	57684	22859	ZBTB26	ADGRL1	chromatin immunoprecipitation assay	27924024	Homo sapiens	GTRD	No	Mm:Q6P9Q3;Rn:D3ZG35	Dr:A2BF92	Mm:Q80TR1	Rn:D4A144
Q9HCK0	Q9NS56	57684	10210	ZBTB26	TOPORS	chromatin immunoprecipitation assay	27924024	Homo sapiens	GTRD	No	Mm:Q6P9Q3;Rn:D3ZG35	Dr:A2BF92	Dr:E7F1A2;Mm:Q80Z37	Rn:D3ZZE0
Q9HCK0	Q96PK6	57684	100526737;10432	ZBTB26	RBM14	chromatin immunoprecipitation assay	27924024	Homo sapiens	GTRD	No	Mm:Q6P9Q3;Rn:D3ZG35	Dr:A2BF92	Dr:F1Q7F8;Mm:Q8C7Q4;Mm:Q8C2Q3;Rn:D4A1W5;Rn:M0R9Q1	-
Q9HCK0	Q04609	57684	2346	ZBTB26	FOLH1	chromatin immunoprecipitation assay	27924024	Homo sapiens	GTRD	No	Mm:Q6P9Q3;Rn:D3ZG35	Dr:A2BF92	Mm:O35409	Rn:G3V7S0
Q9HCK0	Q13868	57684	23404	ZBTB26	EXOSC2	chromatin immunoprecipitation assay	27924024	Homo sapiens	GTRD	No	Mm:Q6P9Q3;Rn:D3ZG35	Dr:A2BF92	Ce:Q95XD0;Dm:Q9W1M9;Dr:F8W3K6;Mm:Q8VBV3;Rn:D3ZBP3	-
Q9HCK0	Q13253	57684	9241	ZBTB26	NOG	chromatin immunoprecipitation assay	27924024	Homo sapiens	GTRD	No	Mm:Q6P9Q3;Rn:D3ZG35	Dr:A2BF92	Dr:E7FFB8;Dr:Q6NV45;Mm:P97466;Rn:G3V8X8	-
Q9HCK0	P61587	57684	390	ZBTB26	RND3	chromatin immunoprecipitation assay	27924024	Homo sapiens	GTRD	No	Mm:Q6P9Q3;Rn:D3ZG35	Dr:A2BF92	Mm:P61588;Rn:Q6SA80	-
Q9HCK0	P78347	57684	2969	ZBTB26	GTF2I	chromatin immunoprecipitation assay	27924024	Homo sapiens	GTRD	No	Mm:Q6P9Q3;Rn:D3ZG35	Dr:A2BF92	-	-
Q9HCK0	Q9NZ94	57684	54413	ZBTB26	NLGN3	chromatin immunoprecipitation assay	27924024	Homo sapiens	GTRD	No	Mm:Q6P9Q3;Rn:D3ZG35	Dr:A2BF92	Dr:A0A0R4IJ74;Mm:Q8BYM5;Rn:F1LPZ8	-
Q9HCK0	Q5W111	57684	57213	ZBTB26	SPRYD7	chromatin immunoprecipitation assay	27924024	Homo sapiens	GTRD	No	Mm:Q6P9Q3;Rn:D3ZG35	Dr:A2BF92	Ce:Q19577;Dm:Q9VED7;Dr:Q8JFT6;Dr:Q7SX89;Mm:Q3TFQ1;Rn:Q5M7T2	-
Q9HCK0	Q8NA03	57684	161835	ZBTB26	FSIP1	chromatin immunoprecipitation assay	27924024	Homo sapiens	GTRD	No	Mm:Q6P9Q3;Rn:D3ZG35	Dr:A2BF92	Mm:Q9D3V5;Rn:Q66H16	-
Q9HCK0	Q15049	57684	23209	ZBTB26	MLC1	chromatin immunoprecipitation assay	27924024	Homo sapiens	GTRD	No	Mm:Q6P9Q3;Rn:D3ZG35	Dr:A2BF92	Rn:D4ABB2	Dr:Q1LUA2
Q9HCK0	P46092	57684	2826	ZBTB26	CCR10	chromatin immunoprecipitation assay	27924024	Homo sapiens	GTRD	No	Mm:Q6P9Q3;Rn:D3ZG35	Dr:A2BF92	Mm:Q9JL21	Rn:D3ZJH1
Q9HCK0	Q13029	57684	7799	ZBTB26	PRDM2	chromatin immunoprecipitation assay	27924024	Homo sapiens	GTRD	No	Mm:Q6P9Q3;Rn:D3ZG35	Dr:A2BF92	Mm:A2A7B5;Rn:F1LQ66	-
Q9HCK0	Q96DU7	57684	80271	ZBTB26	ITPKC	chromatin immunoprecipitation assay	27924024	Homo sapiens	GTRD	No	Mm:Q6P9Q3;Rn:D3ZG35	Dr:A2BF92	Mm:Q7TS72;Rn:Q80ZG2	-
Q9HCK0	Q9H6B4	57684	79827	ZBTB26	CLMP	chromatin immunoprecipitation assay	27924024	Homo sapiens	GTRD	No	Mm:Q6P9Q3;Rn:D3ZG35	Dr:A2BF92	Mm:Q8R373	Rn:Q8K1G0
Q9HCK0	Q9NR55	57684	55509	ZBTB26	BATF3	chromatin immunoprecipitation assay	27924024	Homo sapiens	GTRD	No	Mm:Q6P9Q3;Rn:D3ZG35	Dr:A2BF92	Dr:F1R7I8;Mm:Q9D275;Rn:G3V6G9	-
Q9HCK0	Q9HA82	57684	79603	ZBTB26	CERS4	chromatin immunoprecipitation assay	27924024	Homo sapiens	GTRD	No	Mm:Q6P9Q3;Rn:D3ZG35	Dr:A2BF92	Mm:Q9D6J1	Rn:D3ZU86
Q9HCK0	O14908	57684	10755	ZBTB26	GIPC1	chromatin immunoprecipitation assay	27924024	Homo sapiens	GTRD	No	Mm:Q6P9Q3;Rn:D3ZG35	Dr:A2BF92	Dm:Q7JX82;Dr:Q6B337;Mm:Q9Z0G0;Rn:Q9Z254	-
Q9HCK0	Q562F6	57684	151246	ZBTB26	SGO2	chromatin immunoprecipitation assay	27924024	Homo sapiens	GTRD	No	Mm:Q6P9Q3;Rn:D3ZG35	Dr:A2BF92	Mm:Q7TSY8;Mm:J3QMK1;Rn:D3ZWI4	-
Q9HCK0	O76031	57684	10845	ZBTB26	CLPX	chromatin immunoprecipitation assay	27924024	Homo sapiens	GTRD	No	Mm:Q6P9Q3;Rn:D3ZG35	Dr:A2BF92	Ce:Q65XY4;Ce:P90788;Mm:Q9JHS4;Rn:Q5U2U0;Sc:P38323	Dm:Q9VDS7
Q9HCK0	Q15172	57684	5525	ZBTB26	PPP2R5A	chromatin immunoprecipitation assay	27924024	Homo sapiens	GTRD	No	Mm:Q6P9Q3;Rn:D3ZG35	Dr:A2BF92	Dm:Q9VB23;Dr:Q5RHP3;Mm:Q6PD03;Rn:D3ZDI7	-
Q9HCK0	O15173	57684	10424	ZBTB26	PGRMC2	chromatin immunoprecipitation assay	27924024	Homo sapiens	GTRD	No	Mm:Q6P9Q3;Rn:D3ZG35	Dr:A2BF92	-	-
Q9HCK0	P60606	57684	404217	ZBTB26	CTXN1	chromatin immunoprecipitation assay	27924024	Homo sapiens	GTRD	No	Mm:Q6P9Q3;Rn:D3ZG35	Dr:A2BF92	Dr:A0A0R4IB05;Mm:Q8K129;Rn:P41237	-
Q9HCK0	Q9HCG7	57684	57704	ZBTB26	GBA2	chromatin immunoprecipitation assay	27924024	Homo sapiens	GTRD	No	Mm:Q6P9Q3;Rn:D3ZG35	Dr:A2BF92	Ce:Q8WQB2;Mm:Q69ZF3;Rn:Q5M868	Dm:X2JE45;Dr:F8W624
Q9HCK0	Q9BXJ9	57684	80155	ZBTB26	NAA15	chromatin immunoprecipitation assay	27924024	Homo sapiens	GTRD	No	Mm:Q6P9Q3;Rn:D3ZG35	Dr:A2BF92	Dr:F1QVJ2;Mm:G3X8Y3;Rn:D3ZD89	-
Q9HCK0	Q9NY93	57684	54606	ZBTB26	DDX56	chromatin immunoprecipitation assay	27924024	Homo sapiens	GTRD	No	Mm:Q6P9Q3;Rn:D3ZG35	Dr:A2BF92	Ce:O17157;Dm:Q9VRI0;Dr:Q6DRE7;Mm:Q9D0R4;Rn:A0A0G2K0E0;Sc:Q06218	-
Q9HCK0	Q9Y3Z3	57684	25939	ZBTB26	SAMHD1	chromatin immunoprecipitation assay	27924024	Homo sapiens	GTRD	No	Mm:Q6P9Q3;Rn:D3ZG35	Dr:A2BF92	Mm:Q60710;Rn:D3Z898	Dr:F1R861
Q9HCK0	Q8WUX9	57684	91782	ZBTB26	CHMP7	chromatin immunoprecipitation assay	27924024	Homo sapiens	GTRD	No	Mm:Q6P9Q3;Rn:D3ZG35	Dr:A2BF92	Ce:Q22718;Dm:Q9Y124;Mm:Q8R1T1;Rn:D4A7H9	Dr:Q1LY23
Q9HCK0	Q8TBE7	57684	80723	ZBTB26	SLC35G2	chromatin immunoprecipitation assay	27924024	Homo sapiens	GTRD	No	Mm:Q6P9Q3;Rn:D3ZG35	Dr:A2BF92	Mm:D3YVE8	Dr:Q5BLI7;Dr:B0V0X3;Rn:Q5M7A3
Q9HCK0	P42566	57684	2060	ZBTB26	EPS15	chromatin immunoprecipitation assay	27924024	Homo sapiens	GTRD	No	Mm:Q6P9Q3;Rn:D3ZG35	Dr:A2BF92	Dr:F1QIJ6;Rn:E9PSY8	Mm:H3BK65
Q9HCK0	O60925	57684	5201	ZBTB26	PFDN1	chromatin immunoprecipitation assay	27924024	Homo sapiens	GTRD	No	Mm:Q6P9Q3;Rn:D3ZG35	Dr:A2BF92	Ce:Q17827;Dm:Q9VMH8;Mm:Q9CQF7;Rn:D3ZX38	Dr:Q5D016
Q9HCK0	Q9NWV8	57684	29086	ZBTB26	BABAM1	chromatin immunoprecipitation assay	27924024	Homo sapiens	GTRD	No	Mm:Q6P9Q3;Rn:D3ZG35	Dr:A2BF92	Dr:Q6AXK4;Mm:Q3UI43;Rn:Q5XIJ6	-
Q9HCK0	Q86Y33	57684	166979	ZBTB26	CDC20B	chromatin immunoprecipitation assay	27924024	Homo sapiens	GTRD	No	Mm:Q6P9Q3;Rn:D3ZG35	Dr:A2BF92	Mm:D3Z3I0	-
Q9HCK0	O14807	57684	22808	ZBTB26	MRAS	chromatin immunoprecipitation assay	27924024	Homo sapiens	GTRD	No	Mm:Q6P9Q3;Rn:D3ZG35	Dr:A2BF92	Ce:G5EGA7;Dr:E7F5A7;Mm:O08989;Rn:Q5RKJ7	-
Q9HCK0	Q4AE62	57684	79712	ZBTB26	GTDC1	chromatin immunoprecipitation assay	27924024	Homo sapiens	GTRD	No	Mm:Q6P9Q3;Rn:D3ZG35	Dr:A2BF92	Dm:Q9VXN0;Mm:Q8BW56	Dr:Q568B7;Rn:Q53E76
Q9HCK0	Q6ZVX9	57684	344838	ZBTB26	PAQR9	chromatin immunoprecipitation assay	27924024	Homo sapiens	GTRD	No	Mm:Q6P9Q3;Rn:D3ZG35	Dr:A2BF92	Mm:Q6TCG2;Rn:F1LWK5	-
Q9HCK0	O15072	57684	9508	ZBTB26	ADAMTS3	chromatin immunoprecipitation assay	27924024	Homo sapiens	GTRD	No	Mm:Q6P9Q3;Rn:D3ZG35	Dr:A2BF92	Mm:E9Q287;Rn:D4AD55	-
Q9HCK0	Q9NSD9	57684	10056	ZBTB26	FARSB	chromatin immunoprecipitation assay	27924024	Homo sapiens	GTRD	No	Mm:Q6P9Q3;Rn:D3ZG35	Dr:A2BF92	Ce:Q19713;Dm:Q9VCA5;Dr:F1Q820;Mm:Q9WUA2;Rn:Q68FT7;Sc:P15624	-
Q9HCK0	Q8N8L2	57684	126069	ZBTB26	ZNF491	chromatin immunoprecipitation assay	27924024	Homo sapiens	GTRD	No	Mm:Q6P9Q3;Rn:D3ZG35	Dr:A2BF92	Mm:A0A087WRH0	Rn:F1LSH5
Q9HCK0	Q9BQI3	57684	27102	ZBTB26	EIF2AK1	chromatin immunoprecipitation assay	27924024	Homo sapiens	GTRD	No	Mm:Q6P9Q3;Rn:D3ZG35	Dr:A2BF92	Mm:Q9Z2R9	Dr:F1QQF6;Rn:A0A0G2K9K9
Q9HCK0	Q8TE76	57684	79710	ZBTB26	MORC4	chromatin immunoprecipitation assay	27924024	Homo sapiens	GTRD	No	Mm:Q6P9Q3;Rn:D3ZG35	Dr:A2BF92	Mm:Q8BMD7	Rn:A0A096MK24
Q9HCK0	P35226	57684	100532731;648	ZBTB26	BMI1	chromatin immunoprecipitation assay	27924024	Homo sapiens	GTRD	No	Mm:Q6P9Q3;Rn:D3ZG35	Dr:A2BF92	-	-
Q9HCK0	Q8TAE6	57684	81706	ZBTB26	PPP1R14C	chromatin immunoprecipitation assay	27924024	Homo sapiens	GTRD	No	Mm:Q6P9Q3;Rn:D3ZG35	Dr:A2BF92	Dr:Q4KMJ9;Mm:Q8R4S0;Rn:Q8R4R9	-
Q9HCK0	P08151	57684	2735	ZBTB26	GLI1	chromatin immunoprecipitation assay	27924024	Homo sapiens	GTRD	No	Mm:Q6P9Q3;Rn:D3ZG35	Dr:A2BF92	Mm:P47806;Rn:G3V6X8	-
Q9HCK0	P06746	57684	5423	ZBTB26	POLB	chromatin immunoprecipitation assay	27924024	Homo sapiens	GTRD	No	Mm:Q6P9Q3;Rn:D3ZG35	Dr:A2BF92	Dr:B0R194;Mm:Q8K409;Rn:P06766	-
Q9HCK0	Q96SL8	57684	84922	ZBTB26	FIZ1	chromatin immunoprecipitation assay	27924024	Homo sapiens	GTRD	No	Mm:Q6P9Q3;Rn:D3ZG35	Dr:A2BF92	Mm:Q9WTJ4;Rn:D3ZP93	-
Q9HCK0	Q96MK3	57684	54757	ZBTB26	FAM20A	chromatin immunoprecipitation assay	27924024	Homo sapiens	GTRD	No	Mm:Q6P9Q3;Rn:D3ZG35	Dr:A2BF92	Mm:Q8CID3;Rn:I7LRF5	Dr:F1QIU3
Q9HCK0	Q9UJ14	57684	2686	ZBTB26	GGT7	chromatin immunoprecipitation assay	27924024	Homo sapiens	GTRD	No	Mm:Q6P9Q3;Rn:D3ZG35	Dr:A2BF92	Mm:Q99JP7;Rn:Q99MZ4	-
Q9HCK0	O43924	57684	5147	ZBTB26	PDE6D	chromatin immunoprecipitation assay	27924024	Homo sapiens	GTRD	No	Mm:Q6P9Q3;Rn:D3ZG35	Dr:A2BF92	Ce:Q18268;Dm:Q9VLJ0;Dr:F1QZ52;Mm:O55057;Rn:D3ZRD3	-
Q9HCK0	Q8TDW4	57684	54879	ZBTB26	ST7L	chromatin immunoprecipitation assay	27924024	Homo sapiens	GTRD	No	Mm:Q6P9Q3;Rn:D3ZG35	Dr:A2BF92	Mm:Q8K4P7	Rn:A0A0G2K7G8
Q9HCK0	Q9H741	57684	79794	ZBTB26	SPRING	chromatin immunoprecipitation assay	27924024	Homo sapiens	GTRD	No	Mm:Q6P9Q3;Rn:D3ZG35	Dr:A2BF92	Dr:B8JM65;Mm:Q8BTG6;Rn:D3ZTN6	-
Q9HCK0	Q9H7T0	57684	79820	ZBTB26	CATSPERB	chromatin immunoprecipitation assay	27924024	Homo sapiens	GTRD	No	Mm:Q6P9Q3;Rn:D3ZG35	Dr:A2BF92	Mm:A2RTF1	-
Q9HCK0	Q5U4P2	57684	253982	ZBTB26	ASPHD1	chromatin immunoprecipitation assay	27924024	Homo sapiens	GTRD	No	Mm:Q6P9Q3;Rn:D3ZG35	Dr:A2BF92	Mm:Q2TA57;Rn:D3ZWE1	-
Q9HCK0	Q6F5E8	57684	146206	ZBTB26	CARMIL2	chromatin immunoprecipitation assay	27924024	Homo sapiens	GTRD	No	Mm:Q6P9Q3;Rn:D3ZG35	Dr:A2BF92	-	Mm:S0DHL8;Rn:D3ZC15
Q9HCK0	Q96GV9	57684	90355	ZBTB26	MACIR	chromatin immunoprecipitation assay	27924024	Homo sapiens	GTRD	No	Mm:Q6P9Q3;Rn:D3ZG35	Dr:A2BF92	Dr:B3DHS1;Mm:Q8VEB3;Rn:D3ZPS9	-
Q9HCK0	Q96RL7	57684	23230	ZBTB26	VPS13A	chromatin immunoprecipitation assay	27924024	Homo sapiens	GTRD	No	Mm:Q6P9Q3;Rn:D3ZG35	Dr:A2BF92	Dr:F1QJI4;Mm:Q5H8C4;Rn:D4A899	-
Q9HCK0	Q4ZJI4	57684	150159	ZBTB26	SLC9B1	chromatin immunoprecipitation assay	27924024	Homo sapiens	GTRD	No	Mm:Q6P9Q3;Rn:D3ZG35	Dr:A2BF92	Ce:Q9XU88;Ce:G5EFS0;Ce:Q20273;Mm:G5E8I2	Rn:F1LPN2
Q9HCK0	Q70HW3	57684	115286	ZBTB26	SLC25A26	chromatin immunoprecipitation assay	27924024	Homo sapiens	GTRD	No	Mm:Q6P9Q3;Rn:D3ZG35	Dr:A2BF92	Ce:Q18934;Dm:Q9VBN7;Mm:Q5U680;Rn:D4A6Y6;Sc:P38921	Dr:Q4V9P0
Q9HCK0	Q13464	57684	6093	ZBTB26	ROCK1	chromatin immunoprecipitation assay	27924024	Homo sapiens	GTRD	No	Mm:Q6P9Q3;Rn:D3ZG35	Dr:A2BF92	Mm:P70335;Rn:D4A5S0	-
Q9HCK0	O43823	57684	10270	ZBTB26	AKAP8	chromatin immunoprecipitation assay	27924024	Homo sapiens	GTRD	No	Mm:Q6P9Q3;Rn:D3ZG35	Dr:A2BF92	Mm:Q9DBR0	Rn:Q63014
Q9HCK0	Q969Q5	57684	53917	ZBTB26	RAB24	chromatin immunoprecipitation assay	27924024	Homo sapiens	GTRD	No	Mm:Q6P9Q3;Rn:D3ZG35	Dr:A2BF92	Dr:Q4KME1;Mm:P35290;Rn:A0A096MKB0	-
Q9HCK0	P55822	57684	6450	ZBTB26	SH3BGR	chromatin immunoprecipitation assay	27924024	Homo sapiens	GTRD	No	Mm:Q6P9Q3;Rn:D3ZG35	Dr:A2BF92	Mm:Q9WUZ7	Rn:D3ZU20
Q9HCK0	Q86UP6	57684	50624	ZBTB26	CUZD1	chromatin immunoprecipitation assay	27924024	Homo sapiens	GTRD	No	Mm:Q6P9Q3;Rn:D3ZG35	Dr:A2BF92	Mm:B2RU69	Dr:X1WDY2;Rn:F1M8L3
Q9HCK0	O95777	57684	51691	ZBTB26	LSM8	chromatin immunoprecipitation assay	27924024	Homo sapiens	GTRD	No	Mm:Q6P9Q3;Rn:D3ZG35	Dr:A2BF92	Ce:Q95XD4;Dm:Q9W087;Dr:E7EZ02;Mm:Q6ZWM4;Rn:B2RZB6	-
Q9HCK0	Q6YHK3	57684	135228	ZBTB26	CD109	chromatin immunoprecipitation assay	27924024	Homo sapiens	GTRD	No	Mm:Q6P9Q3;Rn:D3ZG35	Dr:A2BF92	Dm:Q9NFV8;Mm:Q8R422	Ce:Q7YTU0;Dr:I3IS91;Rn:D4A447
Q9HCK0	Q8NI29	57684	126433	ZBTB26	FBXO27	chromatin immunoprecipitation assay	27924024	Homo sapiens	GTRD	No	Mm:Q6P9Q3;Rn:D3ZG35	Dr:A2BF92	Mm:Q6DIA9	Rn:M0RA85
Q9HCK0	Q9NRG0	57684	54108	ZBTB26	CHRAC1	chromatin immunoprecipitation assay	27924024	Homo sapiens	GTRD	No	Mm:Q6P9Q3;Rn:D3ZG35	Dr:A2BF92	Dm:Q9V452;Mm:Q9JKP8;Rn:D3ZAR9	Dr:F6NIX9
Q9HCK0	Q5M7Z0	57684	51136	ZBTB26	RNFT1	chromatin immunoprecipitation assay	27924024	Homo sapiens	GTRD	No	Mm:Q6P9Q3;Rn:D3ZG35	Dr:A2BF92	Dr:Q6NZ21;Mm:Q9DCN7	Rn:D3ZG84
Q9HCK0	P14923	57684	3728	ZBTB26	JUP	chromatin immunoprecipitation assay	27924024	Homo sapiens	GTRD	No	Mm:Q6P9Q3;Rn:D3ZG35	Dr:A2BF92	Mm:Q02257;Rn:Q6P0K8	Dr:F8W4M8
Q9HCK0	P42263	57684	2892	ZBTB26	GRIA3	chromatin immunoprecipitation assay	27924024	Homo sapiens	GTRD	No	Mm:Q6P9Q3;Rn:D3ZG35	Dr:A2BF92	-	Dr:Q71E60;Mm:B0QZW1;Rn:G3V8Y9
Q9HCK0	P62837	57684	7322	ZBTB26	UBE2D2	chromatin immunoprecipitation assay	27924024	Homo sapiens	GTRD	No	Mm:Q6P9Q3;Rn:D3ZG35	Dr:A2BF92	Dr:Q7ZUK1;Mm:P62838	Dr:Q6PBX6
Q9HCK0	Q06124	57684	5781	ZBTB26	PTPN11	chromatin immunoprecipitation assay	27924024	Homo sapiens	GTRD	No	Mm:Q6P9Q3;Rn:D3ZG35	Dr:A2BF92	Dm:P29349;Mm:P35235;Rn:P41499	Dr:F1QZU5
Q9HCK0	Q9UHQ1	57684	26502	ZBTB26	NARF	chromatin immunoprecipitation assay	27924024	Homo sapiens	GTRD	No	Mm:Q6P9Q3;Rn:D3ZG35	Dr:A2BF92	-	-
Q9HCK0	P18124	57684	6129	ZBTB26	RPL7	chromatin immunoprecipitation assay	27924024	Homo sapiens	GTRD	No	Mm:Q6P9Q3;Rn:D3ZG35	Dr:A2BF92	Ce:O01802;Dm:P32100;Dr:Q6Q417;Mm:P14148;Rn:B0K031;Sc:P05737;Sc:Q12213	-
Q9HCK0	Q13363	57684	1487	ZBTB26	CTBP1	chromatin immunoprecipitation assay	27924024	Homo sapiens	GTRD	No	Mm:Q6P9Q3;Rn:D3ZG35	Dr:A2BF92	Dr:Q1RLQ4;Rn:A0A0H2UI20	Mm:A0A0J9YUM4
Q9HCK0	P16104	57684	3014	ZBTB26	H2AX	chromatin immunoprecipitation assay	27924024	Homo sapiens	GTRD	No	Mm:Q6P9Q3;Rn:D3ZG35	Dr:A2BF92	-	-
Q9HCK0	Q8TB73	57684	79625	ZBTB26	NDNF	chromatin immunoprecipitation assay	27924024	Homo sapiens	GTRD	No	Mm:Q6P9Q3;Rn:D3ZG35	Dr:A2BF92	Ce:Q9N397;Mm:Q8C119	Dr:F1QPX0;Rn:D4A6W5
Q9HCK0	P09603	57684	1435	ZBTB26	CSF1	chromatin immunoprecipitation assay	27924024	Homo sapiens	GTRD	No	Mm:Q6P9Q3;Rn:D3ZG35	Dr:A2BF92	Mm:P07141	Rn:A0A0G2K4Q6
Q9HCK0	Q9BPX5	57684	81873	ZBTB26	ARPC5L	chromatin immunoprecipitation assay	27924024	Homo sapiens	GTRD	No	Mm:Q6P9Q3;Rn:D3ZG35	Dr:A2BF92	Dr:Q6P0D3;Mm:Q9D898;Rn:A1L108;Sc:P40518	-
Q9HCK0	C4P0D8	57684	-	ZBTB26	TSNAX-DISC1	chromatin immunoprecipitation assay	27924024	Homo sapiens	GTRD	No	Mm:Q6P9Q3;Rn:D3ZG35	Dr:A2BF92	-	-
Q9HCK0	Q9NSV4	57684	81624	ZBTB26	DIAPH3	chromatin immunoprecipitation assay	27924024	Homo sapiens	GTRD	No	Mm:Q6P9Q3;Rn:D3ZG35	Dr:A2BF92	Mm:Q9Z207	Dr:F1QQU4;Rn:A0A3B4PZE1
Q9HCK0	Q96PL5	57684	114625	ZBTB26	ERMAP	chromatin immunoprecipitation assay	27924024	Homo sapiens	GTRD	No	Mm:Q6P9Q3;Rn:D3ZG35	Dr:A2BF92	Mm:A2A7P7	Rn:D3Z9R6
Q9HCK0	Q7Z695	57684	90956	ZBTB26	ADCK2	chromatin immunoprecipitation assay	27924024	Homo sapiens	GTRD	No	Mm:Q6P9Q3;Rn:D3ZG35	Dr:A2BF92	Dr:E7FCQ2;Mm:A0A0R4J1X6;Rn:D3ZRE6;Sc:Q02981	Ce:Q9N534
Q9HCK0	Q3KNW1	57684	333929	ZBTB26	SNAI3	chromatin immunoprecipitation assay	27924024	Homo sapiens	GTRD	No	Mm:Q6P9Q3;Rn:D3ZG35	Dr:A2BF92	Mm:Q9QY31;Rn:D3ZYQ2	-
Q9HCK0	Q08043	57684	89	ZBTB26	ACTN3	chromatin immunoprecipitation assay	27924024	Homo sapiens	GTRD	No	Mm:Q6P9Q3;Rn:D3ZG35	Dr:A2BF92	Mm:O88990;Rn:Q8R4I6	Dr:D1GJ56;Dr:Q8AX99
Q9HCK0	P58397	57684	81792	ZBTB26	ADAMTS12	chromatin immunoprecipitation assay	27924024	Homo sapiens	GTRD	No	Mm:Q6P9Q3;Rn:D3ZG35	Dr:A2BF92	Ce:P90884;Dr:F1R8A1;Mm:Q811B3;Rn:D3ZTJ3	-
Q9HCK0	P62736	57684	59	ZBTB26	ACTA2	chromatin immunoprecipitation assay	27924024	Homo sapiens	GTRD	No	Mm:Q6P9Q3;Rn:D3ZG35	Dr:A2BF92	Mm:P62737;Rn:A0A0G2K4M6	-
Q9HCK0	Q8NI51	57684	140690	ZBTB26	CTCFL	chromatin immunoprecipitation assay	27924024	Homo sapiens	GTRD	No	Mm:Q6P9Q3;Rn:D3ZG35	Dr:A2BF92	-	-
Q9HCK0	P56377	57684	8905	ZBTB26	AP1S2	chromatin immunoprecipitation assay	27924024	Homo sapiens	GTRD	No	Mm:Q6P9Q3;Rn:D3ZG35	Dr:A2BF92	-	-
Q9HCK0	Q9H9R9	57684	79007	ZBTB26	DBNDD1	chromatin immunoprecipitation assay	27924024	Homo sapiens	GTRD	No	Mm:Q6P9Q3;Rn:D3ZG35	Dr:A2BF92	Mm:H3BKU0	Rn:A0A0A0MXW5
Q9HCK0	Q9UMR5	57684	9374	ZBTB26	PPT2	chromatin immunoprecipitation assay	27924024	Homo sapiens	GTRD	No	Mm:Q6P9Q3;Rn:D3ZG35	Dr:A2BF92	-	-
Q9HCK0	Q5T2E6	57684	79591	ZBTB26	ARMH3	chromatin immunoprecipitation assay	27924024	Homo sapiens	GTRD	No	Mm:Q6P9Q3;Rn:D3ZG35	Dr:A2BF92	Dm:Q7KSU3;Mm:Q6PD19;Rn:D3ZZE3	Dr:Q6PGW3
Q9HCK0	P78356	57684	8396	ZBTB26	PIP4K2B	chromatin immunoprecipitation assay	27924024	Homo sapiens	GTRD	No	Mm:Q6P9Q3;Rn:D3ZG35	Dr:A2BF92	Mm:Q80XI4;Rn:O88377	-
Q9HCK0	P07099	57684	2052	ZBTB26	EPHX1	chromatin immunoprecipitation assay	27924024	Homo sapiens	GTRD	No	Mm:Q6P9Q3;Rn:D3ZG35	Dr:A2BF92	Ce:Q23068;Dm:Q7JRC3;Dm:Q7KB18;Dm:Q7K1W4;Dr:F1QC05;Mm:Q9D379;Rn:P07687	-
Q9HCK0	Q96HH6	57684	55266	ZBTB26	TMEM19	chromatin immunoprecipitation assay	27924024	Homo sapiens	GTRD	No	Mm:Q6P9Q3;Rn:D3ZG35	Dr:A2BF92	Mm:Q91W52	Dm:Q9VU64;Dr:A0A0G2L6U7;Rn:A0A0G2K9P3;Rn:A0A0G2K7B8
Q9HCK0	Q04741	57684	2016	ZBTB26	EMX1	chromatin immunoprecipitation assay	27924024	Homo sapiens	GTRD	No	Mm:Q6P9Q3;Rn:D3ZG35	Dr:A2BF92	-	-
Q9HCK0	Q8NG27	57684	64219	ZBTB26	PJA1	chromatin immunoprecipitation assay	27924024	Homo sapiens	GTRD	No	Mm:Q6P9Q3;Rn:D3ZG35	Dr:A2BF92	Mm:O55176;Rn:Q66HF7	-
Q9HCK0	Q15058	57684	9928	ZBTB26	KIF14	chromatin immunoprecipitation assay	27924024	Homo sapiens	GTRD	No	Mm:Q6P9Q3;Rn:D3ZG35	Dr:A2BF92	Mm:L0N7N1	Dr:Q1LW14;Rn:D3ZE01
Q9HCK0	Q9Y6J9	57684	10629	ZBTB26	TAF6L	chromatin immunoprecipitation assay	27924024	Homo sapiens	GTRD	No	Mm:Q6P9Q3;Rn:D3ZG35	Dr:A2BF92	Dr:E7FEV1;Rn:B5DF37	Mm:H3BK01
Q9HCK0	P50440	57684	2628	ZBTB26	GATM	chromatin immunoprecipitation assay	27924024	Homo sapiens	GTRD	No	Mm:Q6P9Q3;Rn:D3ZG35	Dr:A2BF92	Dr:F1QX52;Mm:Q9D964;Rn:A0A140TA89	-
Q9HCK0	Q01581	57684	3157	ZBTB26	HMGCS1	chromatin immunoprecipitation assay	27924024	Homo sapiens	GTRD	No	Mm:Q6P9Q3;Rn:D3ZG35	Dr:A2BF92	Dm:Q7K4Q9;Dr:A0A0R4IQG1;Mm:Q8JZK9;Rn:P17425	-
Q9HCK0	L0R819	57684	-	ZBTB26	ASDURF	chromatin immunoprecipitation assay	27924024	Homo sapiens	GTRD	No	Mm:Q6P9Q3;Rn:D3ZG35	Dr:A2BF92	-	Mm:A0A494BB10
Q9HCK0	Q15796	57684	4087	ZBTB26	SMAD2	chromatin immunoprecipitation assay	27924024	Homo sapiens	GTRD	No	Mm:Q6P9Q3;Rn:D3ZG35	Dr:A2BF92	Ce:P45896;Mm:Q62432;Rn:O70436	Dr:F1Q5P5
Q9HCK0	O15182	57684	1070	ZBTB26	CETN3	chromatin immunoprecipitation assay	27924024	Homo sapiens	GTRD	No	Mm:Q6P9Q3;Rn:D3ZG35	Dr:A2BF92	Dr:F1QTS7;Mm:O35648	Rn:G3V821;Rn:A0A0G2JTC2
Q9HCK0	Q15181	57684	5464	ZBTB26	PPA1	chromatin immunoprecipitation assay	27924024	Homo sapiens	GTRD	No	Mm:Q6P9Q3;Rn:D3ZG35	Dr:A2BF92	Dr:B7ZD39;Mm:Q9D819	-
Q9HCK0	Q9UL25	57684	23011	ZBTB26	RAB21	chromatin immunoprecipitation assay	27924024	Homo sapiens	GTRD	No	Mm:Q6P9Q3;Rn:D3ZG35	Dr:A2BF92	Dm:Q7PLE9;Dr:Q08BX0;Mm:P35282;Rn:Q6AXT5	Ce:I7F498
Q9HCK0	Q8TDI0	57684	26038	ZBTB26	CHD5	chromatin immunoprecipitation assay	27924024	Homo sapiens	GTRD	No	Mm:Q6P9Q3;Rn:D3ZG35	Dr:A2BF92	Rn:A0A0H2UHP5	Dr:A0A0R4IJ89;Mm:E9PYL1
Q9HCK0	Q05397	57684	5747	ZBTB26	PTK2	chromatin immunoprecipitation assay	27924024	Homo sapiens	GTRD	No	Mm:Q6P9Q3;Rn:D3ZG35	Dr:A2BF92	Mm:P34152	Dm:Q0E917;Rn:A0A0G2KAT5
Q9HCK0	P08138	57684	4804	ZBTB26	NGFR	chromatin immunoprecipitation assay	27924024	Homo sapiens	GTRD	No	Mm:Q6P9Q3;Rn:D3ZG35	Dr:A2BF92	Dr:E7FGW0;Mm:Q9Z0W1;Rn:G3V6P1	Dr:E2DGP8
Q9HCK0	Q8NDC0	57684	93487	ZBTB26	MAPK1IP1L	chromatin immunoprecipitation assay	27924024	Homo sapiens	GTRD	No	Mm:Q6P9Q3;Rn:D3ZG35	Dr:A2BF92	Mm:Q8BH93	Ce:Q564Y7;Rn:B2RZ29
Q9HCK0	Q9P0V9	57684	151011	ZBTB26	SEPTIN10	chromatin immunoprecipitation assay	27924024	Homo sapiens	GTRD	No	Mm:Q6P9Q3;Rn:D3ZG35	Dr:A2BF92	Dr:Q568B3;Rn:A0A0H2UI27	Mm:A0A0R4J233
Q9HCK0	P47755	57684	830	ZBTB26	CAPZA2	chromatin immunoprecipitation assay	27924024	Homo sapiens	GTRD	No	Mm:Q6P9Q3;Rn:D3ZG35	Dr:A2BF92	Mm:P47754;Rn:Q3T1K5	-
Q9HCK0	Q86X19	57684	200728	ZBTB26	TMEM17	chromatin immunoprecipitation assay	27924024	Homo sapiens	GTRD	No	Mm:Q6P9Q3;Rn:D3ZG35	Dr:A2BF92	Dr:A5D6V4;Mm:Q8K0U3;Rn:Q5HZE5	-
Q9HCK0	Q5T8I3	57684	284611	ZBTB26	FAM102B	chromatin immunoprecipitation assay	27924024	Homo sapiens	GTRD	No	Mm:Q6P9Q3;Rn:D3ZG35	Dr:A2BF92	Rn:F1M2P6	Dr:Q5RH77;Dr:F1QH54;Mm:E9Q4R1
Q9HCK0	Q8WUY8	57684	57106	ZBTB26	NAT14	chromatin immunoprecipitation assay	27924024	Homo sapiens	GTRD	No	Mm:Q6P9Q3;Rn:D3ZG35	Dr:A2BF92	Mm:Q8BVG8;Rn:D3ZI74	-
Q9HCK0	P33316	57684	1854	ZBTB26	DUT	chromatin immunoprecipitation assay	27924024	Homo sapiens	GTRD	No	Mm:Q6P9Q3;Rn:D3ZG35	Dr:A2BF92	-	-
Q9HCK0	P42575	57684	835	ZBTB26	CASP2	chromatin immunoprecipitation assay	27924024	Homo sapiens	GTRD	No	Mm:Q6P9Q3;Rn:D3ZG35	Dr:A2BF92	Dm:Q9XYF4;Mm:P29594;Rn:P55215	Dr:A0A288CG41
Q9HCK0	P06241	57684	2534	ZBTB26	FYN	chromatin immunoprecipitation assay	27924024	Homo sapiens	GTRD	No	Mm:Q6P9Q3;Rn:D3ZG35	Dr:A2BF92	Dr:Q6EWH2;Dr:F1RDG9;Mm:P39688;Rn:Q62844	-
Q9HCK0	O60934	57684	4683	ZBTB26	NBN	chromatin immunoprecipitation assay	27924024	Homo sapiens	GTRD	No	Mm:Q6P9Q3;Rn:D3ZG35	Dr:A2BF92	Dr:Q5I2W8;Mm:Q9R207;Rn:G3V766	-
Q9HCK0	Q9NWW7	57684	54980	ZBTB26	C2orf42	chromatin immunoprecipitation assay	27924024	Homo sapiens	GTRD	No	Mm:Q6P9Q3;Rn:D3ZG35	Dr:A2BF92	Mm:Q8R3C1;Rn:B2RYC3	-
Q9HCK0	Q9Y6M1	57684	10644	ZBTB26	IGF2BP2	chromatin immunoprecipitation assay	27924024	Homo sapiens	GTRD	No	Mm:Q6P9Q3;Rn:D3ZG35	Dr:A2BF92	Dr:A0A0R4IVY2;Mm:Q5SF07;Rn:D3ZWZ6	Dr:A9C3V8
Q9HCK0	P27695	57684	328	ZBTB26	APEX1	chromatin immunoprecipitation assay	27924024	Homo sapiens	GTRD	No	Mm:Q6P9Q3;Rn:D3ZG35	Dr:A2BF92	Ce:G5EBR7;Mm:P28352;Rn:P43138	Dr:A0A2R9YJQ0
Q9HCK0	Q86UB2	57684	54841	ZBTB26	BIVM	chromatin immunoprecipitation assay	27924024	Homo sapiens	GTRD	No	Mm:Q6P9Q3;Rn:D3ZG35	Dr:A2BF92	Dr:E9QCS1;Mm:Q8CBX9	Rn:D4A204
Q9HCK0	Q9HBH5	57684	57665	ZBTB26	RDH14	chromatin immunoprecipitation assay	27924024	Homo sapiens	GTRD	No	Mm:Q6P9Q3;Rn:D3ZG35	Dr:A2BF92	Dr:B8JIJ7;Dr:Q5TYR4;Mm:Q9ERI6;Rn:D3ZUY0	-
Q9HCK0	P49674	57684	102800317;1454	ZBTB26	CSNK1E	chromatin immunoprecipitation assay	27924024	Homo sapiens	GTRD	No	Mm:Q6P9Q3;Rn:D3ZG35	Dr:A2BF92	-	-
Q9HCK0	Q8TE85	57684	57822	ZBTB26	GRHL3	chromatin immunoprecipitation assay	27924024	Homo sapiens	GTRD	No	Mm:Q6P9Q3;Rn:D3ZG35	Dr:A2BF92	Dr:E7F6C3;Mm:Q5FWH3	Rn:D4A1E5
Q9HCK0	Q96LI9	57684	254158	ZBTB26	CXorf58	chromatin immunoprecipitation assay	27924024	Homo sapiens	GTRD	No	Mm:Q6P9Q3;Rn:D3ZG35	Dr:A2BF92	-	-
Q9HCK0	O95373	57684	10527	ZBTB26	IPO7	chromatin immunoprecipitation assay	27924024	Homo sapiens	GTRD	No	Mm:Q6P9Q3;Rn:D3ZG35	Dr:A2BF92	Dr:Q6NYN3;Mm:Q9EPL8;Rn:D4AE96	-
Q9HCK0	Q9NZI6	57684	29842	ZBTB26	TFCP2L1	chromatin immunoprecipitation assay	27924024	Homo sapiens	GTRD	No	Mm:Q6P9Q3;Rn:D3ZG35	Dr:A2BF92	Mm:Q3UNW5;Rn:D3ZHA6	-
Q9HCK0	Q8WYN0	57684	115201	ZBTB26	ATG4A	chromatin immunoprecipitation assay	27924024	Homo sapiens	GTRD	No	Mm:Q6P9Q3;Rn:D3ZG35	Dr:A2BF92	Dr:Q4VBK1;Mm:A0A0G2JFS9;Mm:Q8C9S8;Rn:M0R9G9	-
Q9HCK0	Q05D32	57684	51496	ZBTB26	CTDSPL2	chromatin immunoprecipitation assay	27924024	Homo sapiens	GTRD	No	Mm:Q6P9Q3;Rn:D3ZG35	Dr:A2BF92	Mm:Q8BG15;Rn:F1M9C7	Dr:A4QNX6
Q9HCK0	P13994	57684	81576	ZBTB26	CCDC130	chromatin immunoprecipitation assay	27924024	Homo sapiens	GTRD	No	Mm:Q6P9Q3;Rn:D3ZG35	Dr:A2BF92	Dm:Q7JVH0;Mm:Q9D516;Rn:Q32PZ9	-
Q9HCK0	P55809	57684	5019	ZBTB26	OXCT1	chromatin immunoprecipitation assay	27924024	Homo sapiens	GTRD	No	Mm:Q6P9Q3;Rn:D3ZG35	Dr:A2BF92	Ce:Q09450;Dr:Q6AZB2;Mm:Q9D0K2;Rn:B2GV06	Dr:A8KBV1
Q9HCK0	Q7Z392	57684	60684	ZBTB26	TRAPPC11	chromatin immunoprecipitation assay	27924024	Homo sapiens	GTRD	No	Mm:Q6P9Q3;Rn:D3ZG35	Dr:A2BF92	Dr:Q1RLX4;Mm:B2RXC1;Rn:A0A0G2K1K5	-
Q9HCK0	O14715	57684	727851	ZBTB26	RGPD8	chromatin immunoprecipitation assay	27924024	Homo sapiens	GTRD	No	Mm:Q6P9Q3;Rn:D3ZG35	Dr:A2BF92	-	-
Q9HCK0	A0AV96	57684	54502	ZBTB26	RBM47	chromatin immunoprecipitation assay	27924024	Homo sapiens	GTRD	No	Mm:Q6P9Q3;Rn:D3ZG35	Dr:A2BF92	Dr:A2BIC5;Mm:Q91WT8;Rn:Q66H68	-
Q9HCK0	E7ENX8	57684	-	ZBTB26	-	chromatin immunoprecipitation assay	27924024	Homo sapiens	GTRD	No	Mm:Q6P9Q3;Rn:D3ZG35	Dr:A2BF92	-	-
Q9HCK0	Q9UP38	57684	8321	ZBTB26	FZD1	chromatin immunoprecipitation assay	27924024	Homo sapiens	GTRD	No	Mm:Q6P9Q3;Rn:D3ZG35	Dr:A2BF92	Mm:O70421;Rn:G3V833	-
Q9HCK0	O95149	57684	10073	ZBTB26	SNUPN	chromatin immunoprecipitation assay	27924024	Homo sapiens	GTRD	No	Mm:Q6P9Q3;Rn:D3ZG35	Dr:A2BF92	Ce:O17066;Mm:Q80W37;Rn:Q68FP5	Dr:Q6P5J9
Q9HCK0	Q13574	57684	8525	ZBTB26	DGKZ	chromatin immunoprecipitation assay	27924024	Homo sapiens	GTRD	No	Mm:Q6P9Q3;Rn:D3ZG35	Dr:A2BF92	Mm:Q80UP3;Rn:O08560	Dr:A0A1D5NS56
Q9HCK0	Q5HYK7	57684	152503	ZBTB26	SH3D19	chromatin immunoprecipitation assay	27924024	Homo sapiens	GTRD	No	Mm:Q6P9Q3;Rn:D3ZG35	Dr:A2BF92	Dr:B8A480;Rn:D3Z8S0	Mm:A0A571BEF4
Q9HCK0	Q9BVK6	57684	54732	ZBTB26	TMED9	chromatin immunoprecipitation assay	27924024	Homo sapiens	GTRD	No	Mm:Q6P9Q3;Rn:D3ZG35	Dr:A2BF92	Dr:Q561X2;Mm:Q99KF1;Rn:Q5I0E7	-
Q9HCK0	O43933	57684	5189	ZBTB26	PEX1	chromatin immunoprecipitation assay	27924024	Homo sapiens	GTRD	No	Mm:Q6P9Q3;Rn:D3ZG35	Dr:A2BF92	Dr:A0A0R4IPF0;Mm:Q5BL07;Rn:D3ZZB2	-
Q9HCK0	P30793	57684	2643	ZBTB26	GCH1	chromatin immunoprecipitation assay	27924024	Homo sapiens	GTRD	No	Mm:Q6P9Q3;Rn:D3ZG35	Dr:A2BF92	Dm:P48596;Dr:E7FGQ8;Mm:Q05915;Rn:P22288;Sc:P51601	-
Q9HCK0	Q8TD84	57684	57453	ZBTB26	DSCAML1	chromatin immunoprecipitation assay	27924024	Homo sapiens	GTRD	No	Mm:Q6P9Q3;Rn:D3ZG35	Dr:A2BF92	-	-
Q9HCK0	Q86VQ6	57684	114112	ZBTB26	TXNRD3	chromatin immunoprecipitation assay	27924024	Homo sapiens	GTRD	No	Mm:Q6P9Q3;Rn:D3ZG35	Dr:A2BF92	Rn:A0A0G2K0G3	Dr:Q7T2C8
Q9HCK0	Q96EH3	57684	115416	ZBTB26	MALSU1	chromatin immunoprecipitation assay	27924024	Homo sapiens	GTRD	No	Mm:Q6P9Q3;Rn:D3ZG35	Dr:A2BF92	Mm:Q9CWV0;Rn:D3ZZ37	-
Q9HCK0	Q6UX01	57684	55716	ZBTB26	LMBR1L	chromatin immunoprecipitation assay	27924024	Homo sapiens	GTRD	No	Mm:Q6P9Q3;Rn:D3ZG35	Dr:A2BF92	Dr:Q803C7;Mm:Q9D1E5;Rn:A0A0G2JVJ7	-
Q9HCK0	Q8ND24	57684	257160	ZBTB26	RNF214	chromatin immunoprecipitation assay	27924024	Homo sapiens	GTRD	No	Mm:Q6P9Q3;Rn:D3ZG35	Dr:A2BF92	Mm:Q8BFU3;Rn:D4A3V4	Dr:A0A0R4IQ14
Q9HCK0	Q6VVX0	57684	120227	ZBTB26	CYP2R1	chromatin immunoprecipitation assay	27924024	Homo sapiens	GTRD	No	Mm:Q6P9Q3;Rn:D3ZG35	Dr:A2BF92	Dr:F6P2A1;Mm:Q6VVW9;Rn:F7FAJ1	-
Q9HCK0	Q9C0B7	57684	79613	ZBTB26	TANGO6	chromatin immunoprecipitation assay	27924024	Homo sapiens	GTRD	No	Mm:Q6P9Q3;Rn:D3ZG35	Dr:A2BF92	Mm:Q8C3S2;Rn:D4AAU1	Dr:F1QY58
Q9HCK0	Q96G79	57684	113829	ZBTB26	SLC35A4	chromatin immunoprecipitation assay	27924024	Homo sapiens	GTRD	No	Mm:Q6P9Q3;Rn:D3ZG35	Dr:A2BF92	Dr:F1R3E4;Mm:Q9D321;Rn:Q91ZR7	-
Q9HCK0	O43709	57684	114049	ZBTB26	BUD23	chromatin immunoprecipitation assay	27924024	Homo sapiens	GTRD	No	Mm:Q6P9Q3;Rn:D3ZG35	Dr:A2BF92	Dm:Q9VHW6;Dr:A3KNP4;Mm:Q9CY21;Rn:B1H275;Sc:P25627	Ce:Q18257
Q9HCK0	Q8N187	57684	79800	ZBTB26	CARF	chromatin immunoprecipitation assay	27924024	Homo sapiens	GTRD	No	Mm:Q6P9Q3;Rn:D3ZG35	Dr:A2BF92	Mm:Q8VHI4	Dr:F1QN81;Rn:A0A0G2K3E6
Q9HCK0	Q6ZNX1	57684	-	ZBTB26	SHLD3	chromatin immunoprecipitation assay	27924024	Homo sapiens	GTRD	No	Mm:Q6P9Q3;Rn:D3ZG35	Dr:A2BF92	Dr:F1R8A5	Mm:Q9CZV2
Q9HCK0	Q5T4F7	57684	6425	ZBTB26	SFRP5	chromatin immunoprecipitation assay	27924024	Homo sapiens	GTRD	No	Mm:Q6P9Q3;Rn:D3ZG35	Dr:A2BF92	Mm:A0A0R4J001	Rn:D3ZTV6
Q9HCK0	Q02809	57684	5351	ZBTB26	PLOD1	chromatin immunoprecipitation assay	27924024	Homo sapiens	GTRD	No	Mm:Q6P9Q3;Rn:D3ZG35	Dr:A2BF92	Dr:A8WIN7;Mm:Q9R0E2;Rn:D3ZQ74	-
Q9HCK0	O60508	57684	51362	ZBTB26	CDC40	chromatin immunoprecipitation assay	27924024	Homo sapiens	GTRD	No	Mm:Q6P9Q3;Rn:D3ZG35	Dr:A2BF92	Ce:O44729;Dm:Q9VD52;Dr:A5WUR0;Mm:Q9DC48;Sc:P40968	Rn:A0A0G2JW64
Q9HCK0	Q7L2K0	57684	80178	ZBTB26	TEDC2	chromatin immunoprecipitation assay	27924024	Homo sapiens	GTRD	No	Mm:Q6P9Q3;Rn:D3ZG35	Dr:A2BF92	Mm:Q6GQV0;Rn:B2GV34	-
Q9HCK0	O94906	57684	24148	ZBTB26	PRPF6	chromatin immunoprecipitation assay	27924024	Homo sapiens	GTRD	No	Mm:Q6P9Q3;Rn:D3ZG35	Dr:A2BF92	Ce:Q9GRZ2;Dm:Q9VVU6;Dr:A0A2R8PWG5;Mm:Q91YR7;Rn:A1A5S1;Sc:P19735	-
Q9HCK0	Q96JI7	57684	80208	ZBTB26	SPG11	chromatin immunoprecipitation assay	27924024	Homo sapiens	GTRD	No	Mm:Q6P9Q3;Rn:D3ZG35	Dr:A2BF92	Mm:Q3UHA3	Rn:A0A0G2JZP7
Q9HCK0	O95786	57684	23586	ZBTB26	DDX58	chromatin immunoprecipitation assay	27924024	Homo sapiens	GTRD	No	Mm:Q6P9Q3;Rn:D3ZG35	Dr:A2BF92	Mm:Q6Q899;Rn:D4ADT5	-
Q9HCK0	Q8NI38	57684	84807	ZBTB26	NFKBID	chromatin immunoprecipitation assay	27924024	Homo sapiens	GTRD	No	Mm:Q6P9Q3;Rn:D3ZG35	Dr:A2BF92	Rn:F1M2B5	-
Q9HCK0	Q9ULD0	57684	55753	ZBTB26	OGDHL	chromatin immunoprecipitation assay	27924024	Homo sapiens	GTRD	No	Mm:Q6P9Q3;Rn:D3ZG35	Dr:A2BF92	Mm:E9Q7L0	Dr:E7FGK9;Rn:D3ZQD3
Q9HCK0	P23229	57684	3655	ZBTB26	ITGA6	chromatin immunoprecipitation assay	27924024	Homo sapiens	GTRD	No	Mm:Q6P9Q3;Rn:D3ZG35	Dr:A2BF92	Mm:Q61739;Rn:G3V667	Dr:A8WHQ7
Q9HCK0	Q9H425	57684	84886	ZBTB26	C1orf198	chromatin immunoprecipitation assay	27924024	Homo sapiens	GTRD	No	Mm:Q6P9Q3;Rn:D3ZG35	Dr:A2BF92	Dr:F1QWI0;Mm:Q8C3W1;Rn:D3ZY47	-
Q9HCK0	Q15392	57684	1718	ZBTB26	DHCR24	chromatin immunoprecipitation assay	27924024	Homo sapiens	GTRD	No	Mm:Q6P9Q3;Rn:D3ZG35	Dr:A2BF92	-	-
Q9HCK0	Q9UN36	57684	57447	ZBTB26	NDRG2	chromatin immunoprecipitation assay	27924024	Homo sapiens	GTRD	No	Mm:Q6P9Q3;Rn:D3ZG35	Dr:A2BF92	Dr:Q5PR98;Mm:Q9QYG0;Rn:A0A0G2JSV0	-
Q9HCK0	Q53G59	57684	59349	ZBTB26	KLHL12	chromatin immunoprecipitation assay	27924024	Homo sapiens	GTRD	No	Mm:Q6P9Q3;Rn:D3ZG35	Dr:A2BF92	Mm:Q8BZM0	Rn:A0A140TA97
Q9HCK0	O43731	57684	11015	ZBTB26	KDELR3	chromatin immunoprecipitation assay	27924024	Homo sapiens	GTRD	No	Mm:Q6P9Q3;Rn:D3ZG35	Dr:A2BF92	Mm:Q8R1L4	Dr:F1QNR6;Rn:A0A0G2K947
Q9HCK0	Q4LDG9	57684	83544	ZBTB26	DNAL1	chromatin immunoprecipitation assay	27924024	Homo sapiens	GTRD	No	Mm:Q6P9Q3;Rn:D3ZG35	Dr:A2BF92	Dm:A1Z7U2;Dr:Q6DHB1;Mm:Q05A62;Rn:A0A096MJZ0	-
Q9HCK0	O94805	57684	51412	ZBTB26	ACTL6B	chromatin immunoprecipitation assay	27924024	Homo sapiens	GTRD	No	Mm:Q6P9Q3;Rn:D3ZG35	Dr:A2BF92	Dr:F8W3Z2;Mm:Q99MR0;Rn:P86173	-
Q9HCK0	Q96CH1	57684	115330	ZBTB26	GPR146	chromatin immunoprecipitation assay	27924024	Homo sapiens	GTRD	No	Mm:Q6P9Q3;Rn:D3ZG35	Dr:A2BF92	Dr:A0JMI2;Mm:Q99LE2;Rn:D3ZIS6	-
Q9HCK0	O95685	57684	5509	ZBTB26	PPP1R3D	chromatin immunoprecipitation assay	27924024	Homo sapiens	GTRD	No	Mm:Q6P9Q3;Rn:D3ZG35	Dr:A2BF92	Dr:F1QKN1;Mm:A2AJW4;Rn:D3ZZ26	-
Q9HCK0	O95070	57684	10897	ZBTB26	YIF1A	chromatin immunoprecipitation assay	27924024	Homo sapiens	GTRD	No	Mm:Q6P9Q3;Rn:D3ZG35	Dr:A2BF92	Dr:Q6PC24;Mm:Q91XB7;Rn:B0BMV4	-
Q9HCK0	Q53H82	57684	51110	ZBTB26	LACTB2	chromatin immunoprecipitation assay	27924024	Homo sapiens	GTRD	No	Mm:Q6P9Q3;Rn:D3ZG35	Dr:A2BF92	Ce:Q95Q18;Dm:Q9VLS9;Mm:Q99KR3;Rn:Q561R9	-
Q9HCK0	O76027	57684	8416	ZBTB26	ANXA9	chromatin immunoprecipitation assay	27924024	Homo sapiens	GTRD	No	Mm:Q6P9Q3;Rn:D3ZG35	Dr:A2BF92	Mm:Q9JHQ0;Rn:D3ZSA0	Dr:Q5XJM0
Q9HCK0	Q13148	57684	23435	ZBTB26	TARDBP	chromatin immunoprecipitation assay	27924024	Homo sapiens	GTRD	No	Mm:Q6P9Q3;Rn:D3ZG35	Dr:A2BF92	-	-
Q9HCK0	P33527	57684	4363	ZBTB26	ABCC1	chromatin immunoprecipitation assay	27924024	Homo sapiens	GTRD	No	Mm:Q6P9Q3;Rn:D3ZG35	Dr:A2BF92	Ce:Q20943;Ce:Q95QE2;Dr:A0A0R4IC81;Mm:O35379	Rn:E9PT28
Q9HCK0	Q11128	57684	2527	ZBTB26	FUT5	chromatin immunoprecipitation assay	27924024	Homo sapiens	GTRD	No	Mm:Q6P9Q3;Rn:D3ZG35	Dr:A2BF92	-	-
Q9HCK0	P62745	57684	388	ZBTB26	RHOB	chromatin immunoprecipitation assay	27924024	Homo sapiens	GTRD	No	Mm:Q6P9Q3;Rn:D3ZG35	Dr:A2BF92	Mm:P62746;Rn:P62747	-
Q9HCK0	Q8NI60	57684	56997	ZBTB26	COQ8A	chromatin immunoprecipitation assay	27924024	Homo sapiens	GTRD	No	Mm:Q6P9Q3;Rn:D3ZG35	Dr:A2BF92	Dr:Q5RGU1;Mm:Q60936;Rn:Q5BJQ0	-
Q9HCK0	Q96AE7	57684	55761	ZBTB26	TTC17	chromatin immunoprecipitation assay	27924024	Homo sapiens	GTRD	No	Mm:Q6P9Q3;Rn:D3ZG35	Dr:A2BF92	Dr:E7F211;Mm:E9PVB5;Rn:B5DEL3	-
Q9HCK0	Q9H939	57684	9050	ZBTB26	PSTPIP2	chromatin immunoprecipitation assay	27924024	Homo sapiens	GTRD	No	Mm:Q6P9Q3;Rn:D3ZG35	Dr:A2BF92	Mm:Q99M15;Rn:D3ZA66	-
Q9HCK0	Q6ZRY4	57684	348093	ZBTB26	RBPMS2	chromatin immunoprecipitation assay	27924024	Homo sapiens	GTRD	No	Mm:Q6P9Q3;Rn:D3ZG35	Dr:A2BF92	Mm:Q8VC52;Rn:B5DFF2	Dr:Q6DH13;Dr:E9QHK7
Q9HCK0	Q15291	57684	5929	ZBTB26	RBBP5	chromatin immunoprecipitation assay	27924024	Homo sapiens	GTRD	No	Mm:Q6P9Q3;Rn:D3ZG35	Dr:A2BF92	Ce:Q09309;Dm:Q9VPH8;Mm:Q8BX09;Rn:D3ZC01;Sc:P39706	Dr:F1QST7
Q9HCK0	Q9UMS4	57684	27339	ZBTB26	PRPF19	chromatin immunoprecipitation assay	27924024	Homo sapiens	GTRD	No	Mm:Q6P9Q3;Rn:D3ZG35	Dr:A2BF92	Ce:Q10051;Dm:Q7KLW9;Dr:Q7ZV92;Mm:Q99KP6;Rn:Q9JMJ4	-
Q9HCK0	P35670	57684	540	ZBTB26	ATP7B	chromatin immunoprecipitation assay	27924024	Homo sapiens	GTRD	No	Mm:Q6P9Q3;Rn:D3ZG35	Dr:A2BF92	Mm:Q64446;Rn:A0A0G2JWJ5	-
Q9HCK0	Q0P5N6	57684	339231	ZBTB26	ARL16	chromatin immunoprecipitation assay	27924024	Homo sapiens	GTRD	No	Mm:Q6P9Q3;Rn:D3ZG35	Dr:A2BF92	Dr:F1QAH7;Mm:B1ATY8;Rn:M0R4K4	-
Q9HCK0	Q9P1W9	57684	11040	ZBTB26	PIM2	chromatin immunoprecipitation assay	27924024	Homo sapiens	GTRD	No	Mm:Q6P9Q3;Rn:D3ZG35	Dr:A2BF92	Dr:Z4YHY2;Rn:F1M419	Mm:F6WGR1
Q9HCK0	O60306	57684	9716	ZBTB26	AQR	chromatin immunoprecipitation assay	27924024	Homo sapiens	GTRD	No	Mm:Q6P9Q3;Rn:D3ZG35	Dr:A2BF92	Ce:Q9U1Q7;Dm:Q7KSN8;Mm:Q8CFQ3;Rn:A3KNA0	-
Q9HCK0	P38606	57684	523	ZBTB26	ATP6V1A	chromatin immunoprecipitation assay	27924024	Homo sapiens	GTRD	No	Mm:Q6P9Q3;Rn:D3ZG35	Dr:A2BF92	Ce:Q9XW92;Dm:Q27331;Dm:P48602;Dr:E7FCD8;Dr:A2BEN1;Mm:P50516;Rn:D4A133	-
Q9HCK0	Q5VYK3	57684	-	ZBTB26	ECPAS	chromatin immunoprecipitation assay	27924024	Homo sapiens	GTRD	No	Mm:Q6P9Q3;Rn:D3ZG35	Dr:A2BF92	-	-
Q9HCK0	O15068	57684	23263	ZBTB26	MCF2L	chromatin immunoprecipitation assay	27924024	Homo sapiens	GTRD	No	Mm:Q6P9Q3;Rn:D3ZG35	Dr:A2BF92	Mm:E9PXE2	Rn:A0A0G2KA20
Q9HCK0	Q15067	57684	51	ZBTB26	ACOX1	chromatin immunoprecipitation assay	27924024	Homo sapiens	GTRD	No	Mm:Q6P9Q3;Rn:D3ZG35	Dr:A2BF92	Ce:O62140;Ce:O62137;Ce:O62138;Ce:O62139;Ce:P34355;Ce:Q93839;Dm:Q7KML2;Mm:Q9R0H0;Rn:F1LQC1	Dr:F1R3V9
Q9HCK0	Q9Y6K8	57684	26289	ZBTB26	AK5	chromatin immunoprecipitation assay	27924024	Homo sapiens	GTRD	No	Mm:Q6P9Q3;Rn:D3ZG35	Dr:A2BF92	Ce:G5EC85;Mm:Q920P5	Dm:Q9VLG2;Dr:A5PMF1;Rn:M0R7U1
Q9HCK0	P28330	57684	33	ZBTB26	ACADL	chromatin immunoprecipitation assay	27924024	Homo sapiens	GTRD	No	Mm:Q6P9Q3;Rn:D3ZG35	Dr:A2BF92	Mm:A0A0R4J083;Rn:P15650	Dr:A3KQR0
Q9HCK0	Q12905	57684	3608	ZBTB26	ILF2	chromatin immunoprecipitation assay	27924024	Homo sapiens	GTRD	No	Mm:Q6P9Q3;Rn:D3ZG35	Dr:A2BF92	Ce:O62349;Dm:Q9VG73;Dr:Q6NZ06;Mm:Q9CXY6	Rn:B2RZC6
Q9HCK0	Q06546	57684	2551	ZBTB26	GABPA	chromatin immunoprecipitation assay	27924024	Homo sapiens	GTRD	No	Mm:Q6P9Q3;Rn:D3ZG35	Dr:A2BF92	Dm:Q04688;Dr:Q9I9E8;Mm:Q00422	Rn:D4ACQ9
Q9HCK0	Q6ZQY3	57684	339896	ZBTB26	GADL1	chromatin immunoprecipitation assay	27924024	Homo sapiens	GTRD	No	Mm:Q6P9Q3;Rn:D3ZG35	Dr:A2BF92	Mm:E9QP13	-
Q9HCK0	Q9H223	57684	30844	ZBTB26	EHD4	chromatin immunoprecipitation assay	27924024	Homo sapiens	GTRD	No	Mm:Q6P9Q3;Rn:D3ZG35	Dr:A2BF92	Dr:F1QZ37;Mm:Q9EQP2;Rn:Q8R3Z7	-
Q9HCK0	Q53EU6	57684	84803	ZBTB26	GPAT3	chromatin immunoprecipitation assay	27924024	Homo sapiens	GTRD	No	Mm:Q6P9Q3;Rn:D3ZG35	Dr:A2BF92	Dr:Q6DG38;Mm:Q8C0N2;Rn:Q4V8J4	-
Q9HCK0	Q9P0W8	57684	55812	ZBTB26	SPATA7	chromatin immunoprecipitation assay	27924024	Homo sapiens	GTRD	No	Mm:Q6P9Q3;Rn:D3ZG35	Dr:A2BF92	Mm:Q80VP2;Rn:F1LP56	-
Q9HCK0	A6NKL6	57684	645369	ZBTB26	TMEM200C	chromatin immunoprecipitation assay	27924024	Homo sapiens	GTRD	No	Mm:Q6P9Q3;Rn:D3ZG35	Dr:A2BF92	Mm:J3QK46;Rn:M0R5E3	-
Q9HCK0	Q86XR7	57684	100302736;353376	ZBTB26	TICAM2	chromatin immunoprecipitation assay	27924024	Homo sapiens	GTRD	No	Mm:Q6P9Q3;Rn:D3ZG35	Dr:A2BF92	Mm:Q8BJQ4;Rn:D3ZXR7	-
Q9HCK0	Q7KYR7	57684	11120	ZBTB26	BTN2A1	chromatin immunoprecipitation assay	27924024	Homo sapiens	GTRD	No	Mm:Q6P9Q3;Rn:D3ZG35	Dr:A2BF92	-	-
Q9HCK0	Q9NUI1	57684	26063	ZBTB26	DECR2	chromatin immunoprecipitation assay	27924024	Homo sapiens	GTRD	No	Mm:Q6P9Q3;Rn:D3ZG35	Dr:A2BF92	Dr:Q6NV34;Mm:Q9WV68;Rn:Q9Z2M4;Sc:P32573	-
Q9HCK0	Q5U623	57684	80063	ZBTB26	ATF7IP2	chromatin immunoprecipitation assay	27924024	Homo sapiens	GTRD	No	Mm:Q6P9Q3;Rn:D3ZG35	Dr:A2BF92	-	-
Q9HCK0	P06865	57684	3073	ZBTB26	HEXA	chromatin immunoprecipitation assay	27924024	Homo sapiens	GTRD	No	Mm:Q6P9Q3;Rn:D3ZG35	Dr:A2BF92	Dr:F1RDQ5;Mm:P29416;Rn:Q641X3	-
Q9HCK0	Q8N398	57684	90113	ZBTB26	VWA5B2	chromatin immunoprecipitation assay	27924024	Homo sapiens	GTRD	No	Mm:Q6P9Q3;Rn:D3ZG35	Dr:A2BF92	-	Rn:D4A7U5
Q9HCK0	O95259	57684	3756	ZBTB26	KCNH1	chromatin immunoprecipitation assay	27924024	Homo sapiens	GTRD	No	Mm:Q6P9Q3;Rn:D3ZG35	Dr:A2BF92	Dm:Q02280	Mm:A0A1L1M1J8;Rn:A0A096MKB2
Q9HCK0	O15090	57684	9745	ZBTB26	ZNF536	chromatin immunoprecipitation assay	27924024	Homo sapiens	GTRD	No	Mm:Q6P9Q3;Rn:D3ZG35	Dr:A2BF92	Dr:A0A0R4IA51;Mm:Q8K083;Rn:D3ZJS6	-
Q9HCK0	Q9UK33	57684	51157	ZBTB26	ZNF580	chromatin immunoprecipitation assay	27924024	Homo sapiens	GTRD	No	Mm:Q6P9Q3;Rn:D3ZG35	Dr:A2BF92	Mm:Q9DB38	Rn:D4A235
Q9HCK0	Q8N8N0	57684	220441	ZBTB26	RNF152	chromatin immunoprecipitation assay	27924024	Homo sapiens	GTRD	No	Mm:Q6P9Q3;Rn:D3ZG35	Dr:A2BF92	Mm:Q8BG47;Rn:D4A723	Dr:F1Q9Q8
Q9HCK0	Q8IZA0	57684	79932	ZBTB26	KIAA0319L	chromatin immunoprecipitation assay	27924024	Homo sapiens	GTRD	No	Mm:Q6P9Q3;Rn:D3ZG35	Dr:A2BF92	Rn:F1M4J1	Dr:F1QYL7;Mm:Z4YK56
Q9HCK0	P49683	57684	2834	ZBTB26	PRLHR	chromatin immunoprecipitation assay	27924024	Homo sapiens	GTRD	No	Mm:Q6P9Q3;Rn:D3ZG35	Dr:A2BF92	Mm:Q6VMN6;Rn:G3V791	-
Q9HCK0	Q86WR6	57684	124773	ZBTB26	C17orf64	chromatin immunoprecipitation assay	27924024	Homo sapiens	GTRD	No	Mm:Q6P9Q3;Rn:D3ZG35	Dr:A2BF92	Mm:Q9D979;Rn:D4A8L7	-
Q9HCK0	O95997	57684	9232	ZBTB26	PTTG1	chromatin immunoprecipitation assay	27924024	Homo sapiens	GTRD	No	Mm:Q6P9Q3;Rn:D3ZG35	Dr:A2BF92	-	-
Q9HCK0	Q6UY11	57684	65989	ZBTB26	DLK2	chromatin immunoprecipitation assay	27924024	Homo sapiens	GTRD	No	Mm:Q6P9Q3;Rn:D3ZG35	Dr:A2BF92	Mm:Q8K1E3	Dr:F1QL03;Rn:D3ZUK3
Q9HCK0	O95382	57684	9064	ZBTB26	MAP3K6	chromatin immunoprecipitation assay	27924024	Homo sapiens	GTRD	No	Mm:Q6P9Q3;Rn:D3ZG35	Dr:A2BF92	Mm:A0A0A0MQ82;Rn:D3ZFL3	-
Q9HCK0	Q8NES3	57684	3955	ZBTB26	LFNG	chromatin immunoprecipitation assay	27924024	Homo sapiens	GTRD	No	Mm:Q6P9Q3;Rn:D3ZG35	Dr:A2BF92	Dr:Q8JHF2;Mm:O09010;Rn:Q924T4	-
Q9HCK0	Q5QJ74	57684	219899	ZBTB26	TBCEL	chromatin immunoprecipitation assay	27924024	Homo sapiens	GTRD	No	Mm:Q6P9Q3;Rn:D3ZG35	Dr:A2BF92	Ce:H2KYZ5;Dm:Q7K549	-
Q9HCK0	Q9UI09	57684	55967	ZBTB26	NDUFA12	chromatin immunoprecipitation assay	27924024	Homo sapiens	GTRD	No	Mm:Q6P9Q3;Rn:D3ZG35	Dr:A2BF92	Dm:Q9VQD7;Dr:Q5RH31;Rn:F1LXA0	Ce:Q9N2W7;Mm:F6RBR6
Q9HCK0	O43819	57684	9997	ZBTB26	SCO2	chromatin immunoprecipitation assay	27924024	Homo sapiens	GTRD	No	Mm:Q6P9Q3;Rn:D3ZG35	Dr:A2BF92	Dr:Q5RH02;Mm:Q8VCL2	-
Q9HCK0	Q8NAA4	57684	89849	ZBTB26	ATG16L2	chromatin immunoprecipitation assay	27924024	Homo sapiens	GTRD	No	Mm:Q6P9Q3;Rn:D3ZG35	Dr:A2BF92	Mm:Q6KAU8;Rn:D4A9M7	-
Q9HCK0	Q9NP71	57684	51085	ZBTB26	MLXIPL	chromatin immunoprecipitation assay	27924024	Homo sapiens	GTRD	No	Mm:Q6P9Q3;Rn:D3ZG35	Dr:A2BF92	Mm:Q99MZ3	-
Q9HCK0	P49459	57684	7319	ZBTB26	UBE2A	chromatin immunoprecipitation assay	27924024	Homo sapiens	GTRD	No	Mm:Q6P9Q3;Rn:D3ZG35	Dr:A2BF92	Dr:Q789K9;Dr:Q803M4;Mm:Q9Z255;Rn:Q6AXR9	-
Q9HCK0	P01584	57684	3553	ZBTB26	IL1B	chromatin immunoprecipitation assay	27924024	Homo sapiens	GTRD	No	Mm:Q6P9Q3;Rn:D3ZG35	Dr:A2BF92	Dr:A0A0R4IYF1;Mm:P10749	Rn:Q5BKB0
Q9HCK0	Q9UPT6	57684	23162	ZBTB26	MAPK8IP3	chromatin immunoprecipitation assay	27924024	Homo sapiens	GTRD	No	Mm:Q6P9Q3;Rn:D3ZG35	Dr:A2BF92	-	-
Q9HCK0	O95158	57684	11247	ZBTB26	NXPH4	chromatin immunoprecipitation assay	27924024	Homo sapiens	GTRD	No	Mm:Q6P9Q3;Rn:D3ZG35	Dr:A2BF92	Mm:G3X9N5;Rn:A0A0G2JSW7	-
Q9HCK0	P31942	57684	3189	ZBTB26	HNRNPH3	chromatin immunoprecipitation assay	27924024	Homo sapiens	GTRD	No	Mm:Q6P9Q3;Rn:D3ZG35	Dr:A2BF92	Dr:A0A2R8QRA7;Mm:D3Z3N4;Rn:D4ABK7	-
Q9HCK0	Q6ZMV7	57684	-	ZBTB26	LEKR1	chromatin immunoprecipitation assay	27924024	Homo sapiens	GTRD	No	Mm:Q6P9Q3;Rn:D3ZG35	Dr:A2BF92	-	-
Q9HCK0	Q9C0C6	57684	85457	ZBTB26	CIPC	chromatin immunoprecipitation assay	27924024	Homo sapiens	GTRD	No	Mm:Q6P9Q3;Rn:D3ZG35	Dr:A2BF92	Rn:D4A489	-
Q9HCK0	P63098	57684	5534	ZBTB26	PPP3R1	chromatin immunoprecipitation assay	27924024	Homo sapiens	GTRD	No	Mm:Q6P9Q3;Rn:D3ZG35	Dr:A2BF92	Ce:G5EDN6;Dm:Q24214;Dm:P48451;Dr:E9QG20;Mm:Q63810;Rn:A0A0G2K4H3	Dr:Q66HZ0
Q9HCK0	Q96A73	57684	57179	ZBTB26	KIAA1191	chromatin immunoprecipitation assay	27924024	Homo sapiens	GTRD	No	Mm:Q6P9Q3;Rn:D3ZG35	Dr:A2BF92	Dr:A4QNZ7;Mm:Q9DBN4;Rn:Q5U2R6	-
Q9HCK0	O60741	57684	348980	ZBTB26	HCN1	chromatin immunoprecipitation assay	27924024	Homo sapiens	GTRD	No	Mm:Q6P9Q3;Rn:D3ZG35	Dr:A2BF92	Dr:A0A0R4IRW0;Mm:O88704	Rn:F1LSH6
Q9HCK0	P57737	57684	79585	ZBTB26	CORO7	chromatin immunoprecipitation assay	27924024	Homo sapiens	GTRD	No	Mm:Q6P9Q3;Rn:D3ZG35	Dr:A2BF92	-	-
Q9HCK0	Q5W0B1	57684	79596	ZBTB26	OBI1	chromatin immunoprecipitation assay	27924024	Homo sapiens	GTRD	No	Mm:Q6P9Q3;Rn:D3ZG35	Dr:A2BF92	Rn:D3ZAB6	Mm:G3X8V5
Q9HCK0	Q96RN5	57684	51586	ZBTB26	MED15	chromatin immunoprecipitation assay	27924024	Homo sapiens	GTRD	No	Mm:Q6P9Q3;Rn:D3ZG35	Dr:A2BF92	Dm:Q9Y149;Mm:Q924H2;Rn:G3V684	-
Q9HCK0	Q8TB69	57684	162655	ZBTB26	ZNF519	chromatin immunoprecipitation assay	27924024	Homo sapiens	GTRD	No	Mm:Q6P9Q3;Rn:D3ZG35	Dr:A2BF92	-	-
Q9HCK0	Q8N196	57684	147912	ZBTB26	SIX5	chromatin immunoprecipitation assay	27924024	Homo sapiens	GTRD	No	Mm:Q6P9Q3;Rn:D3ZG35	Dr:A2BF92	Mm:P70178;Rn:A0A0G2K7K3	-
Q9HCK0	P56597	57684	8382	ZBTB26	NME5	chromatin immunoprecipitation assay	27924024	Homo sapiens	GTRD	No	Mm:Q6P9Q3;Rn:D3ZG35	Dr:A2BF92	Dr:F1R4T6;Mm:Q99MH5;Rn:D3ZH90	-
Q9HCK0	P62341	57684	51714	ZBTB26	SELENOT	chromatin immunoprecipitation assay	27924024	Homo sapiens	GTRD	No	Mm:Q6P9Q3;Rn:D3ZG35	Dr:A2BF92	Ce:Q19892;Dm:Q9VMV6;Dr:Q802F2;Mm:P62342;Rn:A0A0G2K3B2	Dr:Q6PHY8
Q9HCK0	P54577	57684	8565	ZBTB26	YARS1	chromatin immunoprecipitation assay	27924024	Homo sapiens	GTRD	No	Mm:Q6P9Q3;Rn:D3ZG35	Dr:A2BF92	Dm:Q9VV60;Dr:A0A0R4I9C1;Rn:A0A0H2UHG0	Mm:Q91WQ3
Q9HCK0	P18858	57684	3978	ZBTB26	LIG1	chromatin immunoprecipitation assay	27924024	Homo sapiens	GTRD	No	Mm:Q6P9Q3;Rn:D3ZG35	Dr:A2BF92	Ce:Q27474;Dm:Q9W1H4;Dr:B0S533;Mm:Q3U4X8;Rn:Q566D8;Sc:P04819	Rn:F1M8E6
Q9HCK0	V9GYI7	57684	-	ZBTB26	-	chromatin immunoprecipitation assay	27924024	Homo sapiens	GTRD	No	Mm:Q6P9Q3;Rn:D3ZG35	Dr:A2BF92	-	-
Q9HCK0	O94915	57684	285527	ZBTB26	FRYL	chromatin immunoprecipitation assay	27924024	Homo sapiens	GTRD	No	Mm:Q6P9Q3;Rn:D3ZG35	Dr:A2BF92	Mm:F8VQ05;Rn:D3ZQY4	-
Q9HCK0	Q8TC92	57684	55068	ZBTB26	ENOX1	chromatin immunoprecipitation assay	27924024	Homo sapiens	GTRD	No	Mm:Q6P9Q3;Rn:D3ZG35	Dr:A2BF92	Mm:Q8BHR2	Dr:X1WCA2;Rn:D3ZYM3
Q9HCK0	A6NNM8	57684	-	ZBTB26	TTLL13P	chromatin immunoprecipitation assay	27924024	Homo sapiens	GTRD	No	Mm:Q6P9Q3;Rn:D3ZG35	Dr:A2BF92	Dr:F1Q6Z2;Mm:A4Q9F6;Rn:B5DFD2	-
Q9HCK0	O95180	57684	8912	ZBTB26	CACNA1H	chromatin immunoprecipitation assay	27924024	Homo sapiens	GTRD	No	Mm:Q6P9Q3;Rn:D3ZG35	Dr:A2BF92	Mm:E9Q6P9;Rn:G3V9C6	-
Q9HCK0	P08582	57684	4241	ZBTB26	MELTF	chromatin immunoprecipitation assay	27924024	Homo sapiens	GTRD	No	Mm:Q6P9Q3;Rn:D3ZG35	Dr:A2BF92	Dm:Q9VTZ5;Mm:Q9R0R1;Rn:D4ADK7	Dr:E7F2E3
Q9HCK0	Q8N4K4	57684	388394	ZBTB26	RPRML	chromatin immunoprecipitation assay	27924024	Homo sapiens	GTRD	No	Mm:Q6P9Q3;Rn:D3ZG35	Dr:A2BF92	Mm:Q3URD2;Rn:D3Z960	Dr:F1QS74
Q9HCK0	Q49AM3	57684	64427	ZBTB26	TTC31	chromatin immunoprecipitation assay	27924024	Homo sapiens	GTRD	No	Mm:Q6P9Q3;Rn:D3ZG35	Dr:A2BF92	-	-
Q9HCK0	O43617	57684	27095	ZBTB26	TRAPPC3	chromatin immunoprecipitation assay	27924024	Homo sapiens	GTRD	No	Mm:Q6P9Q3;Rn:D3ZG35	Dr:A2BF92	-	-
Q9HCK0	Q5D0E6	57684	55152	ZBTB26	DALRD3	chromatin immunoprecipitation assay	27924024	Homo sapiens	GTRD	No	Mm:Q6P9Q3;Rn:D3ZG35	Dr:A2BF92	Dr:B0UXP8;Mm:Q6PJN8;Rn:Q641Y9	-
Q9HCK0	P49257	57684	3998	ZBTB26	LMAN1	chromatin immunoprecipitation assay	27924024	Homo sapiens	GTRD	No	Mm:Q6P9Q3;Rn:D3ZG35	Dr:A2BF92	Ce:G5EDE8;Dm:Q9V3A8;Mm:Q9D0F3	Dr:F1R429;Rn:F1LRA1
Q9HCK0	Q9NPF4	57684	55644	ZBTB26	OSGEP	chromatin immunoprecipitation assay	27924024	Homo sapiens	GTRD	No	Mm:Q6P9Q3;Rn:D3ZG35	Dr:A2BF92	Dm:Q9VV41;Mm:A0A0R4J1Y3;Rn:Q9WVS2;Sc:P36132	Ce:Q9BL28;Dr:Q5RHZ6
Q9HCK0	P0CG34	57684	11013;286527	ZBTB26	TMSB15A	chromatin immunoprecipitation assay	27924024	Homo sapiens	GTRD	No	Mm:Q6P9Q3;Rn:D3ZG35	Dr:A2BF92	-	-
Q9HCK0	P05198	57684	1965	ZBTB26	EIF2S1	chromatin immunoprecipitation assay	27924024	Homo sapiens	GTRD	No	Mm:Q6P9Q3;Rn:D3ZG35	Dr:A2BF92	Ce:Q9BKU3;Dm:P41374;Dr:Q7ZWD3;Dr:Q9I9E9;Mm:Q6ZWX6;Rn:P68101;Sc:P20459	-
Q9HCK0	Q9BPZ3	57684	51247	ZBTB26	PAIP2	chromatin immunoprecipitation assay	27924024	Homo sapiens	GTRD	No	Mm:Q6P9Q3;Rn:D3ZG35	Dr:A2BF92	Mm:Q9D6V8	Rn:Q6AXZ0
Q9HCK0	Q9H2P9	57684	51611	ZBTB26	DPH5	chromatin immunoprecipitation assay	27924024	Homo sapiens	GTRD	No	Mm:Q6P9Q3;Rn:D3ZG35	Dr:A2BF92	Dm:Q8IN02;Dr:A0A0R4IU56;Mm:Q9CWQ0;Rn:Q569A7;Sc:P32469	Ce:Q17514
Q9HCK0	P16860	57684	4879	ZBTB26	NPPB	chromatin immunoprecipitation assay	27924024	Homo sapiens	GTRD	No	Mm:Q6P9Q3;Rn:D3ZG35	Dr:A2BF92	Mm:P40753;Rn:P13205	-
Q9HCK0	O15178	57684	6862	ZBTB26	TBXT	chromatin immunoprecipitation assay	27924024	Homo sapiens	GTRD	No	Mm:Q6P9Q3;Rn:D3ZG35	Dr:A2BF92	-	-
Q9HCK0	P35556	57684	2201	ZBTB26	FBN2	chromatin immunoprecipitation assay	27924024	Homo sapiens	GTRD	No	Mm:Q6P9Q3;Rn:D3ZG35	Dr:A2BF92	Mm:Q61555;Rn:F1M5Q4	-
Q9HCK0	Q9H7E2	57684	81550	ZBTB26	TDRD3	chromatin immunoprecipitation assay	27924024	Homo sapiens	GTRD	No	Mm:Q6P9Q3;Rn:D3ZG35	Dr:A2BF92	Ce:Q965Q9;Mm:Q91W18	Dr:X1WG14;Rn:A0A096MIS7
Q9HCK0	Q8NDB6	57684	29057;727866	ZBTB26	FAM156A;FAM156B	chromatin immunoprecipitation assay	27924024	Homo sapiens	GTRD	No	Mm:Q6P9Q3;Rn:D3ZG35	Dr:A2BF92	-	-
Q9HCK0	P04217	57684	1	ZBTB26	A1BG	chromatin immunoprecipitation assay	27924024	Homo sapiens	GTRD	No	Mm:Q6P9Q3;Rn:D3ZG35	Dr:A2BF92	Mm:Q19LI2;Rn:F1LYQ4	Rn:Q9EPH1
Q9HCK0	O60315	57684	9839	ZBTB26	ZEB2	chromatin immunoprecipitation assay	27924024	Homo sapiens	GTRD	No	Mm:Q6P9Q3;Rn:D3ZG35	Dr:A2BF92	Mm:Q9R0G7;Rn:E9PTC3	-
Q9HCK0	Q86YS7	57684	9847	ZBTB26	C2CD5	chromatin immunoprecipitation assay	27924024	Homo sapiens	GTRD	No	Mm:Q6P9Q3;Rn:D3ZG35	Dr:A2BF92	Rn:A0A0G2K543	Dm:Q9VC89;Dr:A0A0H2UKU7;Mm:A0A0N4SW93
Q9HCK0	Q4G0S4	57684	339761	ZBTB26	CYP27C1	chromatin immunoprecipitation assay	27924024	Homo sapiens	GTRD	No	Mm:Q6P9Q3;Rn:D3ZG35	Dr:A2BF92	Dm:Q9VVR9;Dr:A8WGA0	-
Q9HCK0	Q9Y6L7	57684	7093	ZBTB26	TLL2	chromatin immunoprecipitation assay	27924024	Homo sapiens	GTRD	No	Mm:Q6P9Q3;Rn:D3ZG35	Dr:A2BF92	Mm:Q9WVM6;Rn:F1M280	-
Q9HCK0	P42694	57684	9931	ZBTB26	HELZ	chromatin immunoprecipitation assay	27924024	Homo sapiens	GTRD	No	Mm:Q6P9Q3;Rn:D3ZG35	Dr:A2BF92	Mm:Q6DFV5;Rn:D4ADZ6	-
Q9HCK0	Q96DX4	57684	89970	ZBTB26	RSPRY1	chromatin immunoprecipitation assay	27924024	Homo sapiens	GTRD	No	Mm:Q6P9Q3;Rn:D3ZG35	Dr:A2BF92	Ce:P90839;Mm:Q8BVR6;Rn:A0A0G2K1G4	Dr:Q1LX67
Q9HCK0	Q9NR82	57684	56479	ZBTB26	KCNQ5	chromatin immunoprecipitation assay	27924024	Homo sapiens	GTRD	No	Mm:Q6P9Q3;Rn:D3ZG35	Dr:A2BF92	-	-
Q9HCK0	Q14934	57684	4776	ZBTB26	NFATC4	chromatin immunoprecipitation assay	27924024	Homo sapiens	GTRD	No	Mm:Q6P9Q3;Rn:D3ZG35	Dr:A2BF92	Mm:Q8K120;Rn:D3Z9H7	-
Q9HCK0	P83369	57684	134353	ZBTB26	LSM11	chromatin immunoprecipitation assay	27924024	Homo sapiens	GTRD	No	Mm:Q6P9Q3;Rn:D3ZG35	Dr:A2BF92	Dr:E9QIK5;Mm:Q8BUV6;Rn:B0BNI4	-
Q9HCK0	Q13794	57684	5366	ZBTB26	PMAIP1	chromatin immunoprecipitation assay	27924024	Homo sapiens	GTRD	No	Mm:Q6P9Q3;Rn:D3ZG35	Dr:A2BF92	-	-
Q9HCK0	Q9NTG7	57684	23410	ZBTB26	SIRT3	chromatin immunoprecipitation assay	27924024	Homo sapiens	GTRD	No	Mm:Q6P9Q3;Rn:D3ZG35	Dr:A2BF92	Mm:Q8R104;Rn:C6ZII9	-
Q9HCK0	Q7Z7J7	57684	375323	ZBTB26	LHFPL4	chromatin immunoprecipitation assay	27924024	Homo sapiens	GTRD	No	Mm:Q6P9Q3;Rn:D3ZG35	Dr:A2BF92	Mm:Q5U4E0;Rn:Q7TSY2	Dr:A0A2R8RTK1
Q9HCK0	S4R3F8	57684	-	ZBTB26	-	chromatin immunoprecipitation assay	27924024	Homo sapiens	GTRD	No	Mm:Q6P9Q3;Rn:D3ZG35	Dr:A2BF92	-	-
Q9HCK0	P21754	57684	7784	ZBTB26	ZP3	chromatin immunoprecipitation assay	27924024	Homo sapiens	GTRD	No	Mm:Q6P9Q3;Rn:D3ZG35	Dr:A2BF92	Mm:P10761	Dr:F1QIH9;Rn:A1L124
Q9HCK0	Q9NP58	57684	10058	ZBTB26	ABCB6	chromatin immunoprecipitation assay	27924024	Homo sapiens	GTRD	No	Mm:Q6P9Q3;Rn:D3ZG35	Dr:A2BF92	Dm:Q9VF20;Dr:F1QCK2;Mm:Q9DC29;Rn:O70595	Ce:G5EFD4;Dr:B0S6D9
Q9HCK0	Q7Z388	57684	286148	ZBTB26	DPY19L4	chromatin immunoprecipitation assay	27924024	Homo sapiens	GTRD	No	Mm:Q6P9Q3;Rn:D3ZG35	Dr:A2BF92	Mm:A2AJQ3;Rn:D3Z939	-
Q9HCK0	Q9H008	57684	64077	ZBTB26	LHPP	chromatin immunoprecipitation assay	27924024	Homo sapiens	GTRD	No	Mm:Q6P9Q3;Rn:D3ZG35	Dr:A2BF92	Ce:O01926;Dr:A5PLK2;Mm:Q9D7I5;Rn:Q5I0D5	-
Q9HCK0	P35354	57684	5743	ZBTB26	PTGS2	chromatin immunoprecipitation assay	27924024	Homo sapiens	GTRD	No	Mm:Q6P9Q3;Rn:D3ZG35	Dr:A2BF92	Dr:Q5RI06;Mm:Q05769;Rn:P35355	-
Q9HCK0	Q96I99	57684	8801	ZBTB26	SUCLG2	chromatin immunoprecipitation assay	27924024	Homo sapiens	GTRD	No	Mm:Q6P9Q3;Rn:D3ZG35	Dr:A2BF92	Ce:P53589;Dm:Q9V470;Dr:F1R7X5;Mm:Q9Z2I8;Rn:F1LPV8	-
Q9HCK0	P61289	57684	10197	ZBTB26	PSME3	chromatin immunoprecipitation assay	27924024	Homo sapiens	GTRD	No	Mm:Q6P9Q3;Rn:D3ZG35	Dr:A2BF92	Ce:Q95PZ7;Dm:Q9V3P3;Dr:Q7ZU20;Mm:P61290;Rn:Q5FVM2	-
Q9HCK0	Q96CX3	57684	115560	ZBTB26	ZNF501	chromatin immunoprecipitation assay	27924024	Homo sapiens	GTRD	No	Mm:Q6P9Q3;Rn:D3ZG35	Dr:A2BF92	Dm:R9PY35	Dr:H0WEW6;Dr:H0WF72;Dr:E9QE58;Dr:X1WBH9;Dr:A0A0R4IEZ0;Dr:F1R0P2;Dr:A0A0G2KT52;Dr:A0A0R4IK02
Q9HCK0	Q8N3Z6	57684	84186	ZBTB26	ZCCHC7	chromatin immunoprecipitation assay	27924024	Homo sapiens	GTRD	No	Mm:Q6P9Q3;Rn:D3ZG35	Dr:A2BF92	Mm:B1AX39;Rn:F1M989	Dr:F1QLY2
Q9HCK0	Q7Z6J6	57684	84978	ZBTB26	FRMD5	chromatin immunoprecipitation assay	27924024	Homo sapiens	GTRD	No	Mm:Q6P9Q3;Rn:D3ZG35	Dr:A2BF92	Dm:Q9VKY7;Mm:Q6P5H6;Rn:F1LT14	-
Q9HCK0	Q86UD0	57684	89958	ZBTB26	SAPCD2	chromatin immunoprecipitation assay	27924024	Homo sapiens	GTRD	No	Mm:Q6P9Q3;Rn:D3ZG35	Dr:A2BF92	Dm:Q9W115;Mm:Q9D818;Rn:B0BN66	-
Q9HCK0	Q9BWM5	57684	55659	ZBTB26	ZNF416	chromatin immunoprecipitation assay	27924024	Homo sapiens	GTRD	No	Mm:Q6P9Q3;Rn:D3ZG35	Dr:A2BF92	Rn:D3ZVT0	-
Q9HCK0	O95391	57684	10569	ZBTB26	SLU7	chromatin immunoprecipitation assay	27924024	Homo sapiens	GTRD	No	Mm:Q6P9Q3;Rn:D3ZG35	Dr:A2BF92	Ce:Q21278;Dm:Q9VAQ7;Dr:F1RCR0;Mm:Q8BHJ9;Rn:Q80ZG5	-
Q9HCK0	P62328	57684	7114	ZBTB26	TMSB4X	chromatin immunoprecipitation assay	27924024	Homo sapiens	GTRD	No	Mm:Q6P9Q3;Rn:D3ZG35	Dr:A2BF92	-	-
Q9HCK0	Q9Y4L5	57684	27246	ZBTB26	RNF115	chromatin immunoprecipitation assay	27924024	Homo sapiens	GTRD	No	Mm:Q6P9Q3;Rn:D3ZG35	Dr:A2BF92	Dr:A1A601;Mm:Q9D0C1;Rn:D3ZB96	-
Q9HCK0	Q13469	57684	4773	ZBTB26	NFATC2	chromatin immunoprecipitation assay	27924024	Homo sapiens	GTRD	No	Mm:Q6P9Q3;Rn:D3ZG35	Dr:A2BF92	Dr:E7F9Z5;Mm:Q60591;Rn:D4A0I8	-
Q9HCK0	Q9UNF0	57684	11252	ZBTB26	PACSIN2	chromatin immunoprecipitation assay	27924024	Homo sapiens	GTRD	No	Mm:Q6P9Q3;Rn:D3ZG35	Dr:A2BF92	Dr:A0A0R4IHF0;Mm:Q9WVE8;Rn:Q9QY17	-
Q9HCK0	Q6AI39	57684	23506	ZBTB26	BICRAL	chromatin immunoprecipitation assay	27924024	Homo sapiens	GTRD	No	Mm:Q6P9Q3;Rn:D3ZG35	Dr:A2BF92	Dr:E7F8Y0;Mm:Q8CHH5	Rn:D4A240
Q9HCK0	Q9NP80	57684	50640	ZBTB26	PNPLA8	chromatin immunoprecipitation assay	27924024	Homo sapiens	GTRD	No	Mm:Q6P9Q3;Rn:D3ZG35	Dr:A2BF92	Dr:F1RE62;Mm:Q8K1N1;Rn:D3ZRC4	-
Q9HCK0	P55212	57684	839	ZBTB26	CASP6	chromatin immunoprecipitation assay	27924024	Homo sapiens	GTRD	No	Mm:Q6P9Q3;Rn:D3ZG35	Dr:A2BF92	Mm:O08738	Dr:F1RB78;Dr:A0A2U9DQL2;Rn:Q6AZ23
Q9HCK0	O14733	57684	5609	ZBTB26	MAP2K7	chromatin immunoprecipitation assay	27924024	Homo sapiens	GTRD	No	Mm:Q6P9Q3;Rn:D3ZG35	Dr:A2BF92	Ce:Q21307;Dm:Q23977;Mm:Q8CE90	Dr:F6P5Q1;Rn:D3XAM6
Q9HCK0	Q3KQZ1	57684	399512	ZBTB26	SLC25A35	chromatin immunoprecipitation assay	27924024	Homo sapiens	GTRD	No	Mm:Q6P9Q3;Rn:D3ZG35	Dr:A2BF92	Dr:A3KPP4;Mm:Q5SWT3;Rn:B0BNI6	-
Q9HCK0	Q504U0	57684	201725	ZBTB26	C4orf46	chromatin immunoprecipitation assay	27924024	Homo sapiens	GTRD	No	Mm:Q6P9Q3;Rn:D3ZG35	Dr:A2BF92	Mm:Q3UUX7;Rn:B1WC95	-
Q9HCK0	Q9UPU5	57684	23358	ZBTB26	USP24	chromatin immunoprecipitation assay	27924024	Homo sapiens	GTRD	No	Mm:Q6P9Q3;Rn:D3ZG35	Dr:A2BF92	Ce:G5EGM9;Dr:F1Q6K1;Rn:F1LSM0	Mm:E9PV45
Q9HCK0	O95167	57684	4696	ZBTB26	NDUFA3	chromatin immunoprecipitation assay	27924024	Homo sapiens	GTRD	No	Mm:Q6P9Q3;Rn:D3ZG35	Dr:A2BF92	Dr:F1R809;Mm:Q9CQ91;Rn:A0A0G2KAA3	Rn:M0RB63;Rn:D4A1B0
Q9HCK0	P54687	57684	586	ZBTB26	BCAT1	chromatin immunoprecipitation assay	27924024	Homo sapiens	GTRD	No	Mm:Q6P9Q3;Rn:D3ZG35	Dr:A2BF92	Ce:P54688;Dr:Q5RHB8;Mm:P24288;Rn:P54690	-
Q9HCK0	Q9P2J5	57684	51520	ZBTB26	LARS1	chromatin immunoprecipitation assay	27924024	Homo sapiens	GTRD	No	Mm:Q6P9Q3;Rn:D3ZG35	Dr:A2BF92	Ce:Q09996;Dm:Q9VQR8;Mm:Q8BMJ2;Rn:Q5PPJ6;Sc:P26637	Dr:F1QFN3
Q9HCK0	Q9UJT0	57684	51175	ZBTB26	TUBE1	chromatin immunoprecipitation assay	27924024	Homo sapiens	GTRD	No	Mm:Q6P9Q3;Rn:D3ZG35	Dr:A2BF92	Mm:Q9D6T1;Rn:D3ZRL5	Dr:Q5SNS3
Q9HCK0	Q9UJ41	57684	27342	ZBTB26	RABGEF1	chromatin immunoprecipitation assay	27924024	Homo sapiens	GTRD	No	Mm:Q6P9Q3;Rn:D3ZG35	Dr:A2BF92	Ce:Q8I100;Dm:Q9W0H9;Dr:Q6P6Y4;Mm:Q9JM13	Rn:G3V631
Q9HCK0	P16333	57684	4690	ZBTB26	NCK1	chromatin immunoprecipitation assay	27924024	Homo sapiens	GTRD	No	Mm:Q6P9Q3;Rn:D3ZG35	Dr:A2BF92	Dr:E7F6M0;Mm:Q99M51;Rn:G3V7X3	-
Q9HCK0	Q9GZZ9	57684	79876	ZBTB26	UBA5	chromatin immunoprecipitation assay	27924024	Homo sapiens	GTRD	No	Mm:Q6P9Q3;Rn:D3ZG35	Dr:A2BF92	Ce:P91430;Dm:Q9VYY3;Mm:Q8VE47;Rn:Q5M7A4	Dr:E9QDS5
Q9HCK0	Q59EK9	57684	10900	ZBTB26	RUNDC3A	chromatin immunoprecipitation assay	27924024	Homo sapiens	GTRD	No	Mm:Q6P9Q3;Rn:D3ZG35	Dr:A2BF92	Mm:O08576;Rn:F1LRZ9	Dr:F1QAZ4;Dr:F1QCE8
Q9HCK0	Q9BVM4	57684	87769	ZBTB26	GGACT	chromatin immunoprecipitation assay	27924024	Homo sapiens	GTRD	No	Mm:Q6P9Q3;Rn:D3ZG35	Dr:A2BF92	Ce:Q65ZK1;Dm:Q9W0Y1;Mm:Q923B0;Rn:Q4KM86	Dr:A3KNL6;Dr:Q66I06;Dr:F1QN86
Q9HCK0	Q5T1V6	57684	83479	ZBTB26	DDX59	chromatin immunoprecipitation assay	27924024	Homo sapiens	GTRD	No	Mm:Q6P9Q3;Rn:D3ZG35	Dr:A2BF92	Mm:Q9DBN9	Rn:D4A2T7
Q9HCK0	P49591	57684	6301	ZBTB26	SARS1	chromatin immunoprecipitation assay	27924024	Homo sapiens	GTRD	No	Mm:Q6P9Q3;Rn:D3ZG35	Dr:A2BF92	Ce:Q18678;Dm:Q9VQL1;Dr:Q6DRC0;Sc:P07284	Mm:Q8C483;Rn:A0A0G2JZG7
Q9HCK0	Q9HC98	57684	10783	ZBTB26	NEK6	chromatin immunoprecipitation assay	27924024	Homo sapiens	GTRD	No	Mm:Q6P9Q3;Rn:D3ZG35	Dr:A2BF92	-	-
Q9HCK0	Q15388	57684	9804	ZBTB26	TOMM20	chromatin immunoprecipitation assay	27924024	Homo sapiens	GTRD	No	Mm:Q6P9Q3;Rn:D3ZG35	Dr:A2BF92	Ce:Q19766;Dm:Q95RF6;Dr:Q6DH66;Dr:Q6PC05;Mm:Q9DCC8;Rn:Q62760	-
Q9HCK0	Q9C0D5	57684	85461	ZBTB26	TANC1	chromatin immunoprecipitation assay	27924024	Homo sapiens	GTRD	No	Mm:Q6P9Q3;Rn:D3ZG35	Dr:A2BF92	Mm:Q0VGY8;Rn:G3V917	-
Q9HCK0	Q13368	57684	4356	ZBTB26	MPP3	chromatin immunoprecipitation assay	27924024	Homo sapiens	GTRD	No	Mm:Q6P9Q3;Rn:D3ZG35	Dr:A2BF92	Dr:E7F7X1;Dr:X1WFJ8;Mm:Q6XE40;Rn:O88954	-
Q9HCK0	Q96AX1	57684	65082	ZBTB26	VPS33A	chromatin immunoprecipitation assay	27924024	Homo sapiens	GTRD	No	Mm:Q6P9Q3;Rn:D3ZG35	Dr:A2BF92	-	-
Q9HCK0	A5PL33	57684	84626	ZBTB26	KRBA1	chromatin immunoprecipitation assay	27924024	Homo sapiens	GTRD	No	Mm:Q6P9Q3;Rn:D3ZG35	Dr:A2BF92	-	-
Q9HCK0	P43307	57684	6745	ZBTB26	SSR1	chromatin immunoprecipitation assay	27924024	Homo sapiens	GTRD	No	Mm:Q6P9Q3;Rn:D3ZG35	Dr:A2BF92	Ce:Q95XT5;Dm:Q9W335;Dr:A0A0R4IRS8;Mm:Q9CY50	Rn:A0A0G2JXS8
Q9HCK0	Q13491	57684	2824	ZBTB26	GPM6B	chromatin immunoprecipitation assay	27924024	Homo sapiens	GTRD	No	Mm:Q6P9Q3;Rn:D3ZG35	Dr:A2BF92	Dr:Q8UUS8;Mm:P35803	Rn:E9PSV8
Q9HCK0	Q9NWH9	57684	79811	ZBTB26	SLTM	chromatin immunoprecipitation assay	27924024	Homo sapiens	GTRD	No	Mm:Q6P9Q3;Rn:D3ZG35	Dr:A2BF92	Dr:F1Q6F9;Mm:Q8CH25;Rn:A0A0G2K904	-
Q9HCK0	P23471	57684	5803	ZBTB26	PTPRZ1	chromatin immunoprecipitation assay	27924024	Homo sapiens	GTRD	No	Mm:Q6P9Q3;Rn:D3ZG35	Dr:A2BF92	Mm:B9EKR1;Rn:F1LMY3	-
Q9HCK0	Q8IZ13	57684	63920	ZBTB26	ZBED8	chromatin immunoprecipitation assay	27924024	Homo sapiens	GTRD	No	Mm:Q6P9Q3;Rn:D3ZG35	Dr:A2BF92	-	-
Q9HCK0	Q92903	57684	1040	ZBTB26	CDS1	chromatin immunoprecipitation assay	27924024	Homo sapiens	GTRD	No	Mm:Q6P9Q3;Rn:D3ZG35	Dr:A2BF92	Mm:P98191;Rn:O35052	-
Q9HCK0	Q08J23	57684	54888	ZBTB26	NSUN2	chromatin immunoprecipitation assay	27924024	Homo sapiens	GTRD	No	Mm:Q6P9Q3;Rn:D3ZG35	Dr:A2BF92	Dm:Q9W4M9;Dr:A5PMI3;Mm:Q1HFZ0;Rn:D4A3S8;Sc:P38205	Ce:Q9BL15
Q9HCK0	Q15287	57684	10921	ZBTB26	RNPS1	chromatin immunoprecipitation assay	27924024	Homo sapiens	GTRD	No	Mm:Q6P9Q3;Rn:D3ZG35	Dr:A2BF92	Ce:Q21155;Dm:Q9VHC0;Mm:Q99M28;Rn:Q6AYK1	Dr:Q6PG31;Dr:A0A0G2KGY0
Q9HCK0	P55010	57684	1983	ZBTB26	EIF5	chromatin immunoprecipitation assay	27924024	Homo sapiens	GTRD	No	Mm:Q6P9Q3;Rn:D3ZG35	Dr:A2BF92	Ce:Q22918;Dm:Q9VXK6;Dr:Q7ZWA9;Mm:P59325;Rn:Q07205;Sc:P38431	-
Q9HCK0	O14531	57684	10570	ZBTB26	DPYSL4	chromatin immunoprecipitation assay	27924024	Homo sapiens	GTRD	No	Mm:Q6P9Q3;Rn:D3ZG35	Dr:A2BF92	Dr:A0A0R4IYX8;Mm:Q3TMU8;Rn:F1LNT0	-
Q9HCK0	Q8N0Z3	57684	152185	ZBTB26	SPICE1	chromatin immunoprecipitation assay	27924024	Homo sapiens	GTRD	No	Mm:Q6P9Q3;Rn:D3ZG35	Dr:A2BF92	-	-
Q9HCK0	Q9H4T2	57684	80345	ZBTB26	ZSCAN16	chromatin immunoprecipitation assay	27924024	Homo sapiens	GTRD	No	Mm:Q6P9Q3;Rn:D3ZG35	Dr:A2BF92	-	-
Q9HCK0	Q9NPG3	57684	29855	ZBTB26	UBN1	chromatin immunoprecipitation assay	27924024	Homo sapiens	GTRD	No	Mm:Q6P9Q3;Rn:D3ZG35	Dr:A2BF92	Mm:Q4G0F8;Rn:D4A8C6	-
Q9HCK0	Q8N2I9	57684	83931	ZBTB26	STK40	chromatin immunoprecipitation assay	27924024	Homo sapiens	GTRD	No	Mm:Q6P9Q3;Rn:D3ZG35	Dr:A2BF92	Mm:Q7TNL3;Rn:A0A0G2JST8	-
Q9HCK0	Q9P299	57684	51226	ZBTB26	COPZ2	chromatin immunoprecipitation assay	27924024	Homo sapiens	GTRD	No	Mm:Q6P9Q3;Rn:D3ZG35	Dr:A2BF92	Mm:Q9JHH9;Rn:D4ADP9	Dr:Q9IB47
Q9HCK0	Q92802	57684	10443	ZBTB26	N4BP2L2	chromatin immunoprecipitation assay	27924024	Homo sapiens	GTRD	No	Mm:Q6P9Q3;Rn:D3ZG35	Dr:A2BF92	-	-
Q9HCK0	P09630	57684	3223	ZBTB26	HOXC6	chromatin immunoprecipitation assay	27924024	Homo sapiens	GTRD	No	Mm:Q6P9Q3;Rn:D3ZG35	Dr:A2BF92	Mm:P10629;Rn:G3V841	-
Q9HCK0	B0FP48	57684	100134938	ZBTB26	UPK3BL1	chromatin immunoprecipitation assay	27924024	Homo sapiens	GTRD	No	Mm:Q6P9Q3;Rn:D3ZG35	Dr:A2BF92	-	-
Q9HCK0	Q96TA2	57684	10730	ZBTB26	YME1L1	chromatin immunoprecipitation assay	27924024	Homo sapiens	GTRD	No	Mm:Q6P9Q3;Rn:D3ZG35	Dr:A2BF92	Mm:O88967	Rn:G3V886
Q9HCK0	Q96EY4	57684	55319	ZBTB26	TMA16	chromatin immunoprecipitation assay	27924024	Homo sapiens	GTRD	No	Mm:Q6P9Q3;Rn:D3ZG35	Dr:A2BF92	Dm:Q9VXY4;Dr:B8A4V8;Mm:Q9CR02;Rn:D4AAG0	-
Q9HCK0	Q9NSY1	57684	55589	ZBTB26	BMP2K	chromatin immunoprecipitation assay	27924024	Homo sapiens	GTRD	No	Mm:Q6P9Q3;Rn:D3ZG35	Dr:A2BF92	Dr:A0A0R4IUS2;Mm:Q91Z96;Rn:F1M7M4	-
Q9HCK0	O95479	57684	9563	ZBTB26	H6PD	chromatin immunoprecipitation assay	27924024	Homo sapiens	GTRD	No	Mm:Q6P9Q3;Rn:D3ZG35	Dr:A2BF92	-	-
Q9HCK0	P14625	57684	7184	ZBTB26	HSP90B1	chromatin immunoprecipitation assay	27924024	Homo sapiens	GTRD	No	Mm:Q6P9Q3;Rn:D3ZG35	Dr:A2BF92	Ce:Q22235;Dm:Q9VAY2;Dr:Q7T3L3;Mm:P08113;Rn:A0A0A0MY09	-
Q9HCK0	Q9BSM1	57684	84759	ZBTB26	PCGF1	chromatin immunoprecipitation assay	27924024	Homo sapiens	GTRD	No	Mm:Q6P9Q3;Rn:D3ZG35	Dr:A2BF92	Mm:Q8R023	Dr:A0A0R4INL3;Rn:G3V730
Q9HCK0	Q96NL8	57684	157657	ZBTB26	C8orf37	chromatin immunoprecipitation assay	27924024	Homo sapiens	GTRD	No	Mm:Q6P9Q3;Rn:D3ZG35	Dr:A2BF92	Mm:Q3UJP5	Rn:Q6AY71
Q9HCK0	Q86YT6	57684	57534	ZBTB26	MIB1	chromatin immunoprecipitation assay	27924024	Homo sapiens	GTRD	No	Mm:Q6P9Q3;Rn:D3ZG35	Dr:A2BF92	Mm:Q80SY4;Rn:D3ZUV2	Dm:M9PI73;Dr:H9GYU5
Q9HCK0	Q9H1Q7	57684	64773	ZBTB26	PCED1A	chromatin immunoprecipitation assay	27924024	Homo sapiens	GTRD	No	Mm:Q6P9Q3;Rn:D3ZG35	Dr:A2BF92	Mm:Q6P1Z5	Rn:A0A0G2JW48
Q9HCK0	O43424	57684	2895	ZBTB26	GRID2	chromatin immunoprecipitation assay	27924024	Homo sapiens	GTRD	No	Mm:Q6P9Q3;Rn:D3ZG35	Dr:A2BF92	Dr:B0QZN0;Mm:Q61625	Rn:F1LXB6
Q9HCK0	Q8TEX9	57684	79711	ZBTB26	IPO4	chromatin immunoprecipitation assay	27924024	Homo sapiens	GTRD	No	Mm:Q6P9Q3;Rn:D3ZG35	Dr:A2BF92	Dm:M9PFR8;Dr:F1QIP3;Mm:Q8VI75;Rn:D4A2D7;Sc:P40069	Dm:M9PFW8
Q9HCK0	O14944	57684	2069	ZBTB26	EREG	chromatin immunoprecipitation assay	27924024	Homo sapiens	GTRD	No	Mm:Q6P9Q3;Rn:D3ZG35	Dr:A2BF92	Mm:Q61521;Rn:Q9Z0L5	-
Q9HCK0	Q12923	57684	5783	ZBTB26	PTPN13	chromatin immunoprecipitation assay	27924024	Homo sapiens	GTRD	No	Mm:Q6P9Q3;Rn:D3ZG35	Dr:A2BF92	Dr:A0A0R4IPR0;Mm:G5E8B1;Rn:G3V9S3	-
Q9HCK0	P43004	57684	6506	ZBTB26	SLC1A2	chromatin immunoprecipitation assay	27924024	Homo sapiens	GTRD	No	Mm:Q6P9Q3;Rn:D3ZG35	Dr:A2BF92	Ce:Q10901;Mm:P43006	Dr:D7RVR7
Q9HCK0	Q7Z7K6	57684	201161	ZBTB26	CENPV	chromatin immunoprecipitation assay	27924024	Homo sapiens	GTRD	No	Mm:Q6P9Q3;Rn:D3ZG35	Dr:A2BF92	Mm:Q9CXS4;Rn:D4A9A3	-
Q9HCK0	Q6V1X1	57684	54878	ZBTB26	DPP8	chromatin immunoprecipitation assay	27924024	Homo sapiens	GTRD	No	Mm:Q6P9Q3;Rn:D3ZG35	Dr:A2BF92	Mm:Q80YA7;Rn:D3ZHQ1	-
Q9HCK0	Q86VE0	57684	339344	ZBTB26	MYPOP	chromatin immunoprecipitation assay	27924024	Homo sapiens	GTRD	No	Mm:Q6P9Q3;Rn:D3ZG35	Dr:A2BF92	Mm:Q8R4U1;Rn:D4AB13	-
Q9HCK0	O00505	57684	3839	ZBTB26	KPNA3	chromatin immunoprecipitation assay	27924024	Homo sapiens	GTRD	No	Mm:Q6P9Q3;Rn:D3ZG35	Dr:A2BF92	Dr:Q8JFT7;Mm:O35344;Rn:Q56R18	-
Q9HCK0	Q68CQ4	57684	27042	ZBTB26	DIEXF	chromatin immunoprecipitation assay	27924024	Homo sapiens	GTRD	No	Mm:Q6P9Q3;Rn:D3ZG35	Dr:A2BF92	Dm:Q9W1G1;Mm:A0A0R4J114;Rn:Q5M9G7;Sc:P40498	Dr:Q6PEH4
Q9HCK0	A8MQT2	57684	440270	ZBTB26	GOLGA8B	chromatin immunoprecipitation assay	27924024	Homo sapiens	GTRD	No	Mm:Q6P9Q3;Rn:D3ZG35	Dr:A2BF92	-	-
Q9HCK0	Q16739	57684	7357	ZBTB26	UGCG	chromatin immunoprecipitation assay	27924024	Homo sapiens	GTRD	No	Mm:Q6P9Q3;Rn:D3ZG35	Dr:A2BF92	Ce:Q21054;Ce:O18037;Ce:G5EC84;Dm:Q9W297;Dr:F1QNT4;Mm:O88693;Rn:Q9R0E0	-
Q9HCK0	Q92600	57684	9125	ZBTB26	CNOT9	chromatin immunoprecipitation assay	27924024	Homo sapiens	GTRD	No	Mm:Q6P9Q3;Rn:D3ZG35	Dr:A2BF92	Dm:Q7JVP2;Dr:Q6NWL4;Mm:Q9JKY0;Rn:Q5PQL2;Sc:P53829	-
Q9HCK0	Q76N32	57684	23177	ZBTB26	CEP68	chromatin immunoprecipitation assay	27924024	Homo sapiens	GTRD	No	Mm:Q6P9Q3;Rn:D3ZG35	Dr:A2BF92	Mm:Q8C0D9;Rn:D3ZZ61	-
Q9HCK0	Q96IZ7	57684	51319	ZBTB26	RSRC1	chromatin immunoprecipitation assay	27924024	Homo sapiens	GTRD	No	Mm:Q6P9Q3;Rn:D3ZG35	Dr:A2BF92	-	-
Q9HCK0	P31323	57684	5577	ZBTB26	PRKAR2B	chromatin immunoprecipitation assay	27924024	Homo sapiens	GTRD	No	Mm:Q6P9Q3;Rn:D3ZG35	Dr:A2BF92	Mm:P31324;Rn:P12369	-
Q9HCK0	Q9NQ90	57684	57101	ZBTB26	ANO2	chromatin immunoprecipitation assay	27924024	Homo sapiens	GTRD	No	Mm:Q6P9Q3;Rn:D3ZG35	Dr:A2BF92	-	-
Q9HCK0	Q9UKU0	57684	23305	ZBTB26	ACSL6	chromatin immunoprecipitation assay	27924024	Homo sapiens	GTRD	No	Mm:Q6P9Q3;Rn:D3ZG35	Dr:A2BF92	-	-
Q9HCK0	Q7Z6K5	57684	348110	ZBTB26	ARPIN	chromatin immunoprecipitation assay	27924024	Homo sapiens	GTRD	No	Mm:Q6P9Q3;Rn:D3ZG35	Dr:A2BF92	Mm:Q9D0A3;Rn:D4A1B2	Dr:Q1LWJ6
Q9HCK0	Q00403	57684	2959	ZBTB26	GTF2B	chromatin immunoprecipitation assay	27924024	Homo sapiens	GTRD	No	Mm:Q6P9Q3;Rn:D3ZG35	Dr:A2BF92	Ce:O16991;Dm:P29052;Dr:A0A0R4IRB5;Mm:P62915;Rn:A0A0G2JWZ8;Sc:P29055	-
Q9HCK0	Q96AV8	57684	144455	ZBTB26	E2F7	chromatin immunoprecipitation assay	27924024	Homo sapiens	GTRD	No	Mm:Q6P9Q3;Rn:D3ZG35	Dr:A2BF92	Mm:Q6S7F2	-
Q9HCK0	P36402	57684	6932	ZBTB26	TCF7	chromatin immunoprecipitation assay	27924024	Homo sapiens	GTRD	No	Mm:Q6P9Q3;Rn:D3ZG35	Dr:A2BF92	Rn:D3ZLD0	Dr:F8W4S5;Mm:A0A5K1VVQ7
Q9HCK0	Q6QNY0	57684	388552	ZBTB26	BLOC1S3	chromatin immunoprecipitation assay	27924024	Homo sapiens	GTRD	No	Mm:Q6P9Q3;Rn:D3ZG35	Dr:A2BF92	Dr:Q4V924;Mm:Q5U5M8;Rn:D4A3V6	-
Q9HCK0	Q14003	57684	3748	ZBTB26	KCNC3	chromatin immunoprecipitation assay	27924024	Homo sapiens	GTRD	No	Mm:Q6P9Q3;Rn:D3ZG35	Dr:A2BF92	-	Mm:Q63959;Rn:F1LP15
Q9HCK0	Q9NZL3	57684	7767	ZBTB26	ZNF224	chromatin immunoprecipitation assay	27924024	Homo sapiens	GTRD	No	Mm:Q6P9Q3;Rn:D3ZG35	Dr:A2BF92	-	-
Q9HCK0	Q13478	57684	8809	ZBTB26	IL18R1	chromatin immunoprecipitation assay	27924024	Homo sapiens	GTRD	No	Mm:Q6P9Q3;Rn:D3ZG35	Dr:A2BF92	Mm:Q61098;Rn:D3ZRM2	-
Q9HCK0	P16219	57684	35	ZBTB26	ACADS	chromatin immunoprecipitation assay	27924024	Homo sapiens	GTRD	No	Mm:Q6P9Q3;Rn:D3ZG35	Dr:A2BF92	Dm:Q9VDT1;Mm:Q07417;Rn:Q6IMX3	Dr:Q6AXI7
Q9HCK0	P23458	57684	3716	ZBTB26	JAK1	chromatin immunoprecipitation assay	27924024	Homo sapiens	GTRD	No	Mm:Q6P9Q3;Rn:D3ZG35	Dr:A2BF92	Dr:F1R5C7;Mm:B1ASP2;Rn:G3V9W2	-
Q9HCK0	O43837	57684	3420	ZBTB26	IDH3B	chromatin immunoprecipitation assay	27924024	Homo sapiens	GTRD	No	Mm:Q6P9Q3;Rn:D3ZG35	Dr:A2BF92	Ce:Q93353;Dm:Q9VD58;Mm:Q91VA7;Rn:Q68FX0	Dr:F8W2V6
Q9HCK0	Q9NVZ3	57684	55707	ZBTB26	NECAP2	chromatin immunoprecipitation assay	27924024	Homo sapiens	GTRD	No	Mm:Q6P9Q3;Rn:D3ZG35	Dr:A2BF92	Mm:Q9D1J1;Rn:Q6P756	-
Q9HCK0	O75600	57684	23464	ZBTB26	GCAT	chromatin immunoprecipitation assay	27924024	Homo sapiens	GTRD	No	Mm:Q6P9Q3;Rn:D3ZG35	Dr:A2BF92	Dm:Q9VTN9;Dr:F6P2R4;Mm:O88986;Rn:A0A0G2K2Q2	Mm:E9PWY6
Q9HCK0	P53816	57684	11145	ZBTB26	PLAAT3	chromatin immunoprecipitation assay	27924024	Homo sapiens	GTRD	No	Mm:Q6P9Q3;Rn:D3ZG35	Dr:A2BF92	Mm:Q8R3U1;Rn:P53817	-
Q9HCK0	Q9UP65	57684	8605	ZBTB26	PLA2G4C	chromatin immunoprecipitation assay	27924024	Homo sapiens	GTRD	No	Mm:Q6P9Q3;Rn:D3ZG35	Dr:A2BF92	Mm:Q64GA5	Dr:F1QD56;Rn:F1LMQ4
Q9HCK0	O00303	57684	8665	ZBTB26	EIF3F	chromatin immunoprecipitation assay	27924024	Homo sapiens	GTRD	No	Mm:Q6P9Q3;Rn:D3ZG35	Dr:A2BF92	Dm:Q9VN50;Dr:R4GEX4;Mm:Q9DCH4;Rn:D4AC36	Ce:Q18967
Q9HCK0	Q9ULD5	57684	27153	ZBTB26	ZNF777	chromatin immunoprecipitation assay	27924024	Homo sapiens	GTRD	No	Mm:Q6P9Q3;Rn:D3ZG35	Dr:A2BF92	Mm:B9EKF4	Rn:F1LV17
Q9HCK0	Q9UFC0	57684	222229	ZBTB26	LRWD1	chromatin immunoprecipitation assay	27924024	Homo sapiens	GTRD	No	Mm:Q6P9Q3;Rn:D3ZG35	Dr:A2BF92	Mm:Q8BUI3;Rn:A0A140UHX1	-
Q9HCK0	P38936	57684	1026	ZBTB26	CDKN1A	chromatin immunoprecipitation assay	27924024	Homo sapiens	GTRD	No	Mm:Q6P9Q3;Rn:D3ZG35	Dr:A2BF92	Mm:P39689;Rn:Q64315	Dr:A5WWG3
Q9HCK0	Q14517	57684	2195	ZBTB26	FAT1	chromatin immunoprecipitation assay	27924024	Homo sapiens	GTRD	No	Mm:Q6P9Q3;Rn:D3ZG35	Dr:A2BF92	Rn:A0A0G2K5L1	Mm:F2Z4A3
Q9HCK0	Q9NYL2	57684	51776	ZBTB26	MAP3K20	chromatin immunoprecipitation assay	27924024	Homo sapiens	GTRD	No	Mm:Q6P9Q3;Rn:D3ZG35	Dr:A2BF92	Mm:Q9ESL4	Dr:F1QGE4;Rn:D4AE17
Q9HCK0	Q9UHR5	57684	29115	ZBTB26	SAP30BP	chromatin immunoprecipitation assay	27924024	Homo sapiens	GTRD	No	Mm:Q6P9Q3;Rn:D3ZG35	Dr:A2BF92	Mm:Q02614;Rn:B5DFL5	Dr:F1QJR8
Q9HCK0	Q9UBQ0	57684	51699	ZBTB26	VPS29	chromatin immunoprecipitation assay	27924024	Homo sapiens	GTRD	No	Mm:Q6P9Q3;Rn:D3ZG35	Dr:A2BF92	Dm:Q9VPX5;Dr:Q7ZV68;Mm:Q9QZ88	Ce:Q86D99;Rn:A0A0G2JTS3
